,time,time_x,P_Grid,P_BTMS,E_BTMS,P_Charge,P_BTMS_Ch,P_BTMS_DCh,"param: btms size, a,b,c"
0,60.0,60,11.518652822645548,11.518652822645548,1.1294687343061907e-16,0.0,11.518652822505507,1.4003987119390724e-10,194.02022167612165
1,120.0,120,11.518652822645544,11.518652822645544,0.17700329837483547,0.0,11.518652822505503,1.4003990526074173e-10,0.4931506849315068
2,180.0,180,11.518652822645535,11.518652822645535,0.35400659674967083,0.0,11.518652822505496,1.4003997339444432e-10,0.040740740740740744
3,240.0,240,11.518652822645524,11.518652822645524,0.531009895124506,0.0,11.518652822505484,1.4004007559504384e-10,0.12
4,300.0,300,11.518652822645508,11.518652822645508,0.708013193499341,0.0,11.518652822505468,1.4004021186261234e-10,0.0
5,360.0,360,11.518652822645489,11.518652822645489,0.8850164918741759,0.0,11.51865282250545,1.4004038219725067e-10,0.0
6,420.0,420,11.518652822645466,11.518652822645466,1.0620197902490103,0.0,11.518652822505425,1.400405865990309e-10,0.0
7,480.0,480,11.518652822645437,11.518652822645437,1.2390230886238445,0.0,11.518652822505397,1.4004082506811387e-10,0.0
8,540.0,540,11.518652822645407,11.518652822645407,1.4160263869986782,0.0,11.518652822505366,1.4004109760466057e-10,0.0
9,600.0,600,11.518652822645372,11.518652822645372,1.5930296853735115,0.0,11.51865282250533,1.4004140420881986e-10,0.0
10,660.0,660,11.518652822645333,11.518652822645333,1.7700329837483442,0.0,11.518652822505292,1.4004174488081023e-10,0.0
11,720.0,720,11.51865282264529,11.51865282264529,1.9470362821231761,0.0,11.518652822505247,1.400421196208239e-10,0.0
12,780.0,780,11.518652822645244,11.518652822645244,2.1240395804980077,0.0,11.5186528225052,1.4004252842912497e-10,0.0
13,840.0,840,11.518652822645192,11.518652822645192,2.3010428788728383,0.0,11.51865282250515,1.4004297130595361e-10,0.0
14,900.0,900,11.518652822645137,11.518652822645137,2.478046177247668,0.0,11.518652822505095,1.4004344825162443e-10,0.0
15,960.0,960,11.51865282264508,11.51865282264508,2.6550494756224974,0.0,11.518652822505036,1.4004395926639918e-10,0.0
16,1020.0,1020,11.518652822645018,11.518652822645018,2.8320527739973254,0.0,11.518652822504974,1.4004450435065014e-10,0.0
17,1080.0,1080,11.51865282264495,11.51865282264495,3.009056072372153,0.0,11.518652822504906,1.4004508350469426e-10,0.0
18,1140.0,1140,11.518652822644881,11.518652822644881,3.1860593707469795,0.0,11.518652822504835,1.400456967289278e-10,0.0
19,1200.0,1200,11.518652822644807,11.518652822644807,3.3630626691218044,0.0,11.51865282250476,1.4004634402373267e-10,0.0
20,1260.0,1260,11.518652822644729,11.518652822644729,3.5400659674966293,0.0,11.518652822504682,1.4004702538950746e-10,0.0
21,1320.0,1320,11.518652822644647,11.518652822644647,3.717069265871452,0.0,11.518652822504599,1.4004774082668687e-10,0.0
22,1380.0,1380,11.518652822644562,11.518652822644562,3.8940725642462732,0.0,11.518652822504514,1.4004849033576082e-10,0.0
23,1440.0,1440,11.518652822644471,11.518652822644471,4.071075862621094,0.0,11.518652822504423,1.400492739171832e-10,0.0
24,1500.0,1500,11.518652822644379,11.518652822644379,4.248079160995912,0.0,11.518652822504327,1.4005009157146313e-10,0.0
25,1560.0,1560,11.518652822644281,11.518652822644281,4.42508245937073,0.0,11.51865282250423,1.4005094329911454e-10,0.0
26,1620.0,1620,11.51865282264418,11.51865282264418,4.602085757745546,0.0,11.518652822504128,1.40051829100697e-10,0.0
27,1680.0,1680,11.518652822644073,11.518652822644073,4.779089056120361,0.0,11.518652822504022,1.4005274897677003e-10,0.0
28,1740.0,1740,11.518652822643965,11.518652822643965,4.956092354495174,0.0,11.518652822503912,1.4005370292791247e-10,0.0
29,1800.0,1800,11.518652822643853,11.518652822643853,5.133095652869985,0.0,11.518652822503798,1.4005469095474626e-10,0.0
30,1860.0,1860,11.518652822643734,11.518652822643734,5.310098951244794,0.0,11.518652822503679,1.4005571305789582e-10,0.0
31,1920.0,1920,11.518652822643613,11.518652822643613,5.487102249619602,0.0,11.518652822503558,1.4005676923800478e-10,0.0
32,1980.0,1980,11.51865282264349,11.51865282264349,5.664105547994407,0.0,11.518652822503432,1.4005785949576477e-10,0.0
33,2040.0,2040,11.51865282264336,11.51865282264336,5.8411088463692105,0.0,11.518652822503302,1.400589838318506e-10,0.0
34,2100.0,2100,11.518652822643228,11.518652822643228,6.018112144744013,0.0,11.518652822503169,1.400601422469972e-10,0.0
35,2160.0,2160,11.518652822643093,11.518652822643093,6.195115443118813,0.0,11.51865282250303,1.4006133474193457e-10,0.0
36,2220.0,2220,11.518652822642952,11.518652822642952,6.372118741493609,0.0,11.51865282250289,1.4006256131743607e-10,0.0
37,2280.0,2280,11.518652822642808,11.518652822642808,6.549122039868405,0.0,11.518652822502744,1.4006382197427254e-10,0.0
38,2340.0,2340,11.51865282264266,11.51865282264266,6.726125338243199,0.0,11.518652822502595,1.4006511671323414e-10,0.0
39,2400.0,2400,11.518652822642508,11.518652822642508,6.90312863661799,0.0,11.51865282250244,1.4006644553517337e-10,0.0
40,2460.0,2460,11.518652822642352,11.518652822642352,7.080131934992779,0.0,11.518652822502284,1.400678084409164e-10,0.0
41,2520.0,2520,11.518652822642192,11.518652822642192,7.257135233367564,0.0,11.518652822502123,1.4006920543133732e-10,0.0
42,2580.0,2580,11.518652822642029,11.518652822642029,7.434138531742348,0.0,11.518652822501958,1.400706365073152e-10,0.0
43,2640.0,2640,11.518652822641862,11.518652822641862,7.611141830117129,0.0,11.518652822501789,1.4007210166977215e-10,0.0
44,2700.0,2700,11.51865282264169,11.51865282264169,7.788145128491908,0.0,11.518652822501616,1.4007360091963518e-10,0.0
45,2760.0,2760,11.518652822641515,11.518652822641515,7.965148426866684,0.0,11.518652822501439,1.4007513425785775e-10,0.0
46,2820.0,2820,11.518652822641336,11.518652822641336,8.142151725241458,0.0,11.51865282250126,1.4007670168541483e-10,0.0
47,2880.0,2880,11.518652822641153,11.518652822641153,8.31915502361623,0.0,11.518652822501075,1.400783032033055e-10,0.0
48,2940.0,2940,11.518652822640965,11.518652822640965,8.496158321990995,0.0,11.518652822500886,1.4007993881252876e-10,0.0
49,3000.0,3000,11.518652822640775,11.518652822640775,8.67316162036576,0.0,11.518652822500693,1.400816085141293e-10,0.0
50,3060.0,3060,11.518652822640579,11.518652822640579,8.850164918740523,0.0,11.518652822500497,1.4008331230918543e-10,0.0
51,3120.0,3120,11.518652822640382,11.518652822640382,9.027168217115282,0.0,11.518652822500297,1.4008505019876582e-10,0.0
52,3180.0,3180,11.51865282264018,11.51865282264018,9.204171515490039,0.0,11.518652822500092,1.4008682218395356e-10,0.0
53,3240.0,3240,11.518652822639973,11.518652822639973,9.381174813864792,0.0,11.518652822499885,1.400886282658918e-10,0.0
54,3300.0,3300,11.518652822639762,11.518652822639762,9.558178112239542,0.0,11.518652822499671,1.4009046844572365e-10,0.0
55,3360.0,3360,11.518652822639549,11.518652822639549,9.735181410614288,0.0,11.518652822499456,1.4009234272459468e-10,0.0
56,3420.0,3420,11.51865282263933,11.51865282263933,9.912184708989031,0.0,11.518652822499236,1.4009425110373445e-10,0.0
57,3480.0,3480,11.518652822639108,11.518652822639108,10.089188007363772,0.0,11.518652822499012,1.400961935842789e-10,0.0
58,3540.0,3540,11.518652822638883,11.518652822638883,10.266191305738507,0.0,11.518652822498785,1.4009817016753207e-10,0.0
59,3600.0,3600,11.518652822638654,11.518652822638654,10.443194604113241,0.0,11.518652822498552,1.4010018085468273e-10,0.0
60,3660.0,3660,11.518652822638419,11.518652822638419,10.62019790248797,0.0,11.518652822498318,1.4010222564702768e-10,0.0
61,3720.0,3720,11.518652822638181,11.518652822638181,10.797201200862697,0.0,11.518652822498078,1.401043045458638e-10,0.0
62,3780.0,3780,11.518652822637941,11.518652822637941,10.97420449923742,0.0,11.518652822497835,1.4010641755247586e-10,0.0
63,3840.0,3840,11.518652822637696,11.518652822637696,11.151207797612138,0.0,11.518652822497586,1.4010856466821836e-10,0.0
64,3900.0,3900,11.518652822637447,11.518652822637447,11.328211095986854,0.0,11.518652822497337,1.4011074589444097e-10,0.0
65,3960.0,3960,11.518652822637193,11.518652822637193,11.505214394361564,0.0,11.518652822497081,1.4011296123251017e-10,0.0
66,4020.0,4020,11.518652822636938,11.518652822636938,11.68221769273627,0.0,11.518652822496822,1.4011521068382366e-10,0.0
67,4080.0,4080,11.518652822636676,11.518652822636676,11.859220991110973,0.0,11.51865282249656,1.401174942497887e-10,0.0
68,4140.0,4140,11.518652822636412,11.518652822636412,12.036224289485672,0.0,11.518652822496293,1.401198119318487e-10,0.0
69,4200.0,4200,11.518652822636144,11.518652822636144,12.213227587860368,0.0,11.518652822496021,1.401221637314565e-10,0.0
70,4260.0,4260,11.518652822635872,11.518652822635872,12.390230886235058,0.0,11.518652822495747,1.401245496500819e-10,0.0
71,4320.0,4320,11.518652822635595,11.518652822635595,12.567234184609745,0.0,11.518652822495469,1.4012696968924025e-10,0.0
72,4380.0,4380,11.518652822635316,11.518652822635316,12.744237482984428,0.0,11.518652822495186,1.4012942385042531e-10,0.0
73,4440.0,4440,11.51865282263503,11.518652822635032,12.921240781359106,0.0,11.5186528224949,1.401319121352029e-10,0.0
74,4500.0,4500,11.518652822634744,11.518652822634744,13.098244079733782,0.0,11.51865282249461,1.4013443454510763e-10,0.0
75,4560.0,4560,11.518652822634452,11.518652822634452,13.275247378108451,0.0,11.518652822494314,1.4013699108173645e-10,0.0
76,4620.0,4620,11.518652822634156,11.518652822634156,13.452250676483116,0.0,11.518652822494017,1.4013958174667203e-10,0.0
77,4680.0,4680,11.518652822633857,11.518652822633857,13.629253974857775,0.0,11.518652822493715,1.4014220654152582e-10,0.0
78,4740.0,4740,11.518652822633554,11.518652822633554,13.806257273232433,0.0,11.51865282249341,1.4014486546796443e-10,0.0
79,4800.0,4800,11.518652822633246,11.518652822633246,13.983260571607083,0.0,11.518652822493099,1.4014755852763297e-10,0.0
80,4860.0,4860,11.518652822632935,11.518652822632935,14.16026386998173,0.0,11.518652822492784,1.401502857222197e-10,0.0
81,4920.0,4920,11.518652822632621,11.518652822632621,14.337267168356371,0.0,11.518652822492468,1.401530470534129e-10,0.0
82,4980.0,4980,11.518652822632303,11.518652822632303,14.514270466731007,0.0,11.518652822492147,1.4015584252293449e-10,0.0
83,5040.0,5040,11.51865282263198,11.51865282263198,14.69127376510564,0.0,11.518652822491822,1.4015867213252317e-10,0.0
84,5100.0,5100,11.518652822631655,11.518652822631655,14.868277063480267,0.0,11.518652822491491,1.4016153588395128e-10,0.0
85,5160.0,5160,11.518652822631324,11.518652822631324,15.045280361854891,0.0,11.518652822491159,1.401644337789888e-10,0.0
86,5220.0,5220,11.518652822630989,11.518652822630989,15.222283660229508,0.0,11.518652822490822,1.40167365819432e-10,0.0
87,5280.0,5280,11.518652822630651,11.518652822630651,15.39928695860412,0.0,11.51865282249048,1.401703320071085e-10,0.0
88,5340.0,5340,11.51865282263031,11.51865282263031,15.576290256978728,0.0,11.518652822490136,1.4017333234385312e-10,0.0
89,5400.0,5400,11.518652822629964,11.518652822629964,15.75329355535333,0.0,11.518652822489788,1.4017636683153418e-10,0.0
90,5460.0,5460,11.518652822629614,11.518652822629614,15.930296853727926,0.0,11.518652822489434,1.4017943547202975e-10,0.0
91,5520.0,5520,11.51865282262926,11.51865282262926,16.107300152102514,0.0,11.518652822489079,1.4018253826721778e-10,0.0
92,5580.0,5580,11.518652822628903,11.518652822628903,16.2843034504771,0.0,11.518652822488718,1.4018567521903637e-10,0.0
93,5640.0,5640,11.518652822628543,11.518652822628543,16.461306748851683,0.0,11.518652822488354,1.4018884632942111e-10,0.0
94,5700.0,5700,11.518652822628178,11.518652822628178,16.638310047226256,0.0,11.518652822487985,1.401920516003149e-10,0.0
95,5760.0,5760,11.518652822627809,11.518652822627809,16.815313345600824,0.0,11.518652822487613,1.4019529103373017e-10,0.0
96,5820.0,5820,11.518652822627436,11.518652822627436,16.99231664397539,0.0,11.518652822487237,1.4019856463162182e-10,0.0
97,5880.0,5880,11.51865282262706,11.51865282262706,17.169319942349947,0.0,11.518652822486857,1.4020187239602395e-10,0.0
98,5940.0,5940,11.518652822626679,11.518652822626679,17.346323240724498,0.0,11.518652822486475,1.4020521432898027e-10,0.0
99,6000.0,6000,11.518652822626295,11.518652822626295,17.523326539099045,0.0,11.518652822486086,1.4020859043252967e-10,0.0
100,6060.0,6060,11.518652822625908,11.518652822625908,17.700329837473586,0.0,11.518652822485695,1.402120007087279e-10,0.0
101,6120.0,6120,11.518652822625516,11.518652822625516,17.87733313584812,0.0,11.518652822485299,1.402154451597147e-10,0.0
102,6180.0,6180,11.51865282262512,11.51865282262512,18.054336434222645,0.0,11.5186528224849,1.4021892378756744e-10,0.0
103,6240.0,6240,11.51865282262472,11.51865282262472,18.231339732597167,0.0,11.518652822484498,1.4022243659442108e-10,0.0
104,6300.0,6300,11.518652822624317,11.518652822624317,18.408343030971682,0.0,11.518652822484091,1.40225983582449e-10,0.0
105,6360.0,6360,11.51865282262391,11.51865282262391,18.58534632934619,0.0,11.518652822483679,1.4022956475378136e-10,0.0
106,6420.0,6420,11.518652822623498,11.518652822623498,18.762349627720695,0.0,11.518652822483265,1.4023318011064682e-10,0.0
107,6480.0,6480,11.518652822623082,11.518652822623082,18.939352926095193,0.0,11.518652822482846,1.4023682965520917e-10,0.0
108,6540.0,6540,11.518652822622665,11.518652822622665,19.116356224469683,0.0,11.518652822482423,1.402405133897234e-10,0.0
109,6600.0,6600,11.518652822622242,11.518652822622242,19.293359522844167,0.0,11.518652822481998,1.4024423131642062e-10,0.0
110,6660.0,6660,11.518652822621815,11.518652822621815,19.470362821218643,0.0,11.518652822481567,1.4024798343757985e-10,0.0
111,6720.0,6720,11.518652822621384,11.518652822621384,19.647366119593116,0.0,11.518652822481133,1.4025176975544414e-10,0.0
112,6780.0,6780,11.518652822620952,11.518652822620952,19.824369417967578,0.0,11.518652822480695,1.402555902723406e-10,0.0
113,6840.0,6840,11.518652822620513,11.518652822620513,20.001372716342036,0.0,11.518652822480254,1.4025944499059147e-10,0.0
114,6900.0,6900,11.518652822620071,11.518652822620071,20.178376014716488,0.0,11.518652822479808,1.402633339125191e-10,0.0
115,6960.0,6960,11.518652822619625,11.518652822619625,20.355379313090932,0.0,11.518652822479359,1.4026725704049376e-10,0.0
116,7020.0,7020,11.518652822619176,11.518652822619176,20.53238261146537,0.0,11.518652822478904,1.402712143768714e-10,0.0
117,7080.0,7080,11.518652822618723,11.518652822618723,20.7093859098398,0.0,11.518652822478447,1.4027520592404155e-10,0.0
118,7140.0,7140,11.518652822618266,11.518652822618266,20.886389208214226,0.0,11.518652822477987,1.4027923168442975e-10,0.0
119,7200.0,7200,11.518652822617804,11.518652822617804,21.06339250658864,0.0,11.51865282247752,1.4028329166045678e-10,0.0
120,7260.0,7260,11.518652822617339,11.518652822617339,21.24039580496305,0.0,11.518652822477053,1.4028738585455775e-10,0.0
121,7320.0,7320,11.518652822616872,11.518652822616872,21.417399103337452,0.0,11.51865282247658,1.4029151426920872e-10,0.0
122,7380.0,7380,11.5186528226164,11.5186528226164,21.594402401711847,0.0,11.518652822476104,1.4029567690689764e-10,0.0
123,7440.0,7440,11.518652822615923,11.518652822615923,21.771405700086238,0.0,11.518652822475623,1.4029987377010292e-10,0.0
124,7500.0,7500,11.518652822615444,11.518652822615444,21.948408998460618,0.0,11.518652822475138,1.4030410486134856e-10,0.0
125,7560.0,7560,11.51865282261496,11.51865282261496,22.12541229683499,0.0,11.518652822474651,1.4030837018317543e-10,0.0
126,7620.0,7620,11.518652822614472,11.518652822614472,22.302415595209357,0.0,11.51865282247416,1.4031266973812672e-10,0.0
127,7680.0,7680,11.51865282261398,11.51865282261398,22.479418893583713,0.0,11.518652822473664,1.4031700352878172e-10,0.0
128,7740.0,7740,11.518652822613484,11.518652822613484,22.656422191958065,0.0,11.518652822473163,1.4032137155773166e-10,0.0
129,7800.0,7800,11.518652822612985,11.518652822612985,22.83342549033241,0.0,11.51865282247266,1.40325773827551e-10,0.0
130,7860.0,7860,11.518652822612482,11.518652822612482,23.010428788706744,0.0,11.518652822472152,1.4033021034089827e-10,0.0
131,7920.0,7920,11.518652822611976,11.518652822611976,23.187432087081074,0.0,11.518652822471642,1.4033468110039354e-10,0.0
132,7980.0,7980,11.518652822611466,11.518652822611466,23.364435385455394,0.0,11.518652822471127,1.4033918610869294e-10,0.0
133,8040.0,8040,11.518652822610951,11.518652822610951,23.541438683829703,0.0,11.518652822470608,1.4034372536848133e-10,0.0
134,8100.0,8100,11.518652822610433,11.518652822610433,23.718441982204006,0.0,11.518652822470086,1.4034829888243167e-10,0.0
135,8160.0,8160,11.518652822609912,11.518652822609912,23.895445280578308,0.0,11.518652822469559,1.4035290665327452e-10,0.0
136,8220.0,8220,11.518652822609386,11.518652822609386,24.072448578952592,0.0,11.51865282246903,1.40357548683714e-10,0.0
137,8280.0,8280,11.518652822608857,11.518652822608857,24.249451877326873,0.0,11.518652822468495,1.4036222497650229e-10,0.0
138,8340.0,8340,11.518652822608324,11.518652822608324,24.426455175701147,0.0,11.518652822467956,1.403669355343939e-10,0.0
139,8400.0,8400,11.518652822607786,11.518652822607786,24.603458474075406,0.0,11.518652822467415,1.4037168036017712e-10,0.0
140,8460.0,8460,11.518652822607246,11.518652822607246,24.780461772449662,0.0,11.51865282246687,1.4037645945662806e-10,0.0
141,8520.0,8520,11.5186528226067,11.5186528226067,24.95746507082391,0.0,11.51865282246632,1.4038127282655896e-10,0.0
142,8580.0,8580,11.518652822606153,11.518652822606153,25.13446836919815,0.0,11.518652822465766,1.4038612047276037e-10,0.0
143,8640.0,8640,11.518652822605599,11.518652822605599,25.31147166757238,0.0,11.51865282246521,1.403910023981574e-10,0.0
144,8700.0,8700,11.518652822605043,11.518652822605043,25.488474965946605,0.0,11.518652822464647,1.4039591860552623e-10,0.0
145,8760.0,8760,11.518652822604484,11.518652822604484,25.665478264320818,0.0,11.518652822464082,1.4040086909778234e-10,0.0
146,8820.0,8820,11.51865282260392,11.51865282260392,25.84248156269502,0.0,11.518652822463514,1.4040585387780276e-10,0.0
147,8880.0,8880,11.518652822603354,11.518652822603354,26.019484861069216,0.0,11.518652822462942,1.4041087294849334e-10,0.0
148,8940.0,8940,11.518652822602782,11.518652822602782,26.196488159443405,0.0,11.518652822462364,1.404159263127792e-10,0.0
149,9000.0,9000,11.518652822602208,11.518652822602208,26.373491457817583,0.0,11.518652822461787,1.404210139735974e-10,0.0
150,9060.0,9060,11.518652822601629,11.518652822601629,26.550494756191753,0.0,11.518652822461203,1.4042613593388983e-10,0.0
151,9120.0,9120,11.518652822601046,11.518652822601046,26.727498054565917,0.0,11.518652822460615,1.4043129219666322e-10,0.0
152,9180.0,9180,11.518652822600458,11.518652822600458,26.90450135294007,0.0,11.518652822460023,1.4043648276485228e-10,0.0
153,9240.0,9240,11.51865282259987,11.51865282259987,27.08150465131421,0.0,11.518652822459426,1.404417076414853e-10,0.0
154,9300.0,9300,11.518652822599275,11.518652822599275,27.25850794968834,0.0,11.51865282245883,1.4044696682960266e-10,0.0
155,9360.0,9360,11.518652822598677,11.518652822598677,27.435511248062472,0.0,11.518652822458225,1.404522603321823e-10,0.0
156,9420.0,9420,11.518652822598076,11.518652822598076,27.612514546436586,0.0,11.51865282245762,1.4045758815230776e-10,0.0
157,9480.0,9480,11.518652822597472,11.518652822597472,27.789517844810693,0.0,11.518652822457009,1.4046295029303862e-10,0.0
158,9540.0,9540,11.518652822596861,11.518652822596861,27.966521143184792,0.0,11.518652822456394,1.4046834675743445e-10,0.0
159,9600.0,9600,11.518652822596248,11.518652822596248,28.14352444155888,0.0,11.518652822455776,1.4047377754861483e-10,0.0
160,9660.0,9660,11.518652822595634,11.518652822595634,28.32052773993296,0.0,11.518652822455154,1.4047924266965376e-10,0.0
161,9720.0,9720,11.518652822595012,11.518652822595012,28.49753103830703,0.0,11.518652822454527,1.4048474212371163e-10,0.0
162,9780.0,9780,11.518652822594388,11.518652822594388,28.674534336681095,0.0,11.518652822453898,1.404902759139129e-10,0.0
163,9840.0,9840,11.518652822593761,11.518652822593761,28.85153763505514,0.0,11.518652822453266,1.4049584404339877e-10,0.0
164,9900.0,9900,11.518652822593129,11.518652822593129,29.028540933429184,0.0,11.518652822452628,1.4050144651534164e-10,0.0
165,9960.0,9960,11.518652822592495,11.518652822592495,29.205544231803216,0.0,11.518652822451987,1.4050708333293559e-10,0.0
166,10020.0,10020,11.518652822591855,11.518652822591855,29.382547530177234,0.0,11.518652822451342,1.4051275449934106e-10,0.0
167,10080.0,10080,11.518652822591212,11.518652822591212,29.55955082855125,0.0,11.518652822450694,1.405184600178121e-10,0.0
168,10140.0,10140,11.518652822590566,11.518652822590566,29.736554126925245,0.0,11.518652822450042,1.4052419989157163e-10,0.0
169,10200.0,10200,11.518652822589916,11.518652822589916,29.913557425299235,0.0,11.518652822449386,1.4052997412382568e-10,0.0
170,10260.0,10260,11.518652822589262,11.518652822589262,30.090560723673217,0.0,11.518652822448725,1.4053578271784992e-10,0.0
171,10320.0,10320,11.518652822588603,11.518652822588603,30.26756402204719,0.0,11.518652822448061,1.405416256768985e-10,0.0
172,10380.0,10380,11.518652822587942,11.518652822587942,30.44456732042115,0.0,11.518652822447395,1.4054750300426151e-10,0.0
173,10440.0,10440,11.518652822587276,11.518652822587276,30.6215706187951,0.0,11.518652822446724,1.4055341470324105e-10,0.0
174,10500.0,10500,11.518652822586608,11.518652822586608,30.79857391716904,0.0,11.518652822446048,1.4055936077714647e-10,0.0
175,10560.0,10560,11.518652822585935,11.518652822585935,30.97557721554297,0.0,11.51865282244537,1.405653412292871e-10,0.0
176,10620.0,10620,11.51865282258526,11.51865282258526,31.152580513916895,0.0,11.518652822444688,1.4057135606301066e-10,0.0
177,10680.0,10680,11.518652822584578,11.518652822584578,31.329583812290803,0.0,11.518652822444002,1.405774052816673e-10,0.0
178,10740.0,10740,11.518652822583896,11.518652822583896,31.506587110664704,0.0,11.518652822443311,1.405834888886072e-10,0.0
179,10800.0,10800,11.518652822583206,11.518652822583206,31.68359040903859,0.0,11.518652822442618,1.405896068872141e-10,0.0
180,10860.0,10860,11.518652822582515,11.518652822582515,31.86059370741247,0.0,11.518652822441918,1.4059575928088861e-10,0.0
181,10920.0,10920,11.51865282258182,11.51865282258182,32.03759700578634,0.0,11.518652822441219,1.406019460730289e-10,0.0
182,10980.0,10980,11.51865282258112,11.51865282258112,32.21460030416019,0.0,11.518652822440513,1.4060816726704996e-10,0.0
183,11040.0,11040,11.51865282258042,11.51865282258042,32.39160360253403,0.0,11.518652822439805,1.40614422866374e-10,0.0
184,11100.0,11100,11.518652822579712,11.518652822579712,32.568606900907874,0.0,11.518652822439092,1.4062071287444243e-10,0.0
185,11160.0,11160,11.518652822579003,11.518652822579003,32.74561019928169,0.0,11.518652822438376,1.4062703729473505e-10,0.0
186,11220.0,11220,11.51865282257829,11.51865282257829,32.922613497655504,0.0,11.518652822437655,1.406333961306717e-10,0.0
187,11280.0,11280,11.518652822577572,11.518652822577572,33.09961679602931,0.0,11.518652822436932,1.4063978938578741e-10,0.0
188,11340.0,11340,11.51865282257685,11.51865282257685,33.2766200944031,0.0,11.518652822436204,1.4064621706352603e-10,0.0
189,11400.0,11400,11.518652822576126,11.518652822576126,33.45362339277688,0.0,11.518652822435472,1.4065267916742257e-10,0.0
190,11460.0,11460,11.518652822575397,11.518652822575397,33.63062669115065,0.0,11.518652822434738,1.4065917570099538e-10,0.0
191,11520.0,11520,11.518652822574666,11.518652822574666,33.807629989524415,0.0,11.518652822434,1.4066570666776262e-10,0.0
192,11580.0,11580,11.518652822573928,11.518652822573928,33.98463328789816,0.0,11.518652822433257,1.4067227207125224e-10,0.0
193,11640.0,11640,11.518652822573188,11.518652822573188,34.1616365862719,0.0,11.518652822432509,1.4067887191505927e-10,0.0
194,11700.0,11700,11.518652822572445,11.518652822572445,34.338639884645616,0.0,11.51865282243176,1.4068550620267803e-10,0.0
195,11760.0,11760,11.518652822571697,11.518652822571697,34.51564318301933,0.0,11.518652822431006,1.406921749377468e-10,0.0
196,11820.0,11820,11.518652822570948,11.518652822570948,34.692646481393034,0.0,11.518652822430248,1.406988781238487e-10,0.0
197,11880.0,11880,11.518652822570193,11.518652822570193,34.869649779766725,0.0,11.518652822429488,1.407056157645524e-10,0.0
198,11940.0,11940,11.518652822569436,11.518652822569436,35.0466530781404,0.0,11.518652822428722,1.4071238786349148e-10,0.0
199,12000.0,12000,11.518652822568674,11.518652822568674,35.22365637651407,0.0,11.518652822427953,1.407191944242946e-10,0.0
200,12060.0,12060,11.518652822567907,11.518652822567907,35.40065967488773,0.0,11.518652822427182,1.4072603545056896e-10,0.0
201,12120.0,12120,11.518652822567137,11.518652822567137,35.57766297326137,0.0,11.518652822426406,1.4073291094597686e-10,0.0
202,12180.0,12180,11.518652822566365,11.518652822566365,35.754666271634996,0.0,11.518652822425624,1.4073982091417584e-10,0.0
203,12240.0,12240,11.518652822565588,11.518652822565588,35.93166957000862,0.0,11.518652822424842,1.407467653588331e-10,0.0
204,12300.0,12300,11.518652822564809,11.518652822564809,36.10867286838222,0.0,11.518652822424054,1.4075374428360132e-10,0.0
205,12360.0,12360,11.518652822564023,11.518652822564023,36.28567616675583,0.0,11.518652822423263,1.4076075769221974e-10,0.0
206,12420.0,12420,11.518652822563237,11.518652822563237,36.462679465129405,0.0,11.51865282242247,1.407678055883363e-10,0.0
207,12480.0,12480,11.518652822562444,11.518652822562444,36.639682763502975,0.0,11.51865282242167,1.40774887975683e-10,0.0
208,12540.0,12540,11.51865282256165,11.51865282256165,36.81668606187654,0.0,11.518652822420869,1.4078200485798223e-10,0.0
209,12600.0,12600,11.51865282256085,11.51865282256085,36.99368936025008,0.0,11.518652822420062,1.4078915623893956e-10,0.0
210,12660.0,12660,11.51865282256005,11.51865282256005,37.170692658623615,0.0,11.518652822419252,1.407963421223254e-10,0.0
211,12720.0,12720,11.518652822559243,11.518652822559243,37.347695956997136,0.0,11.518652822418439,1.4080356251189097e-10,0.0
212,12780.0,12780,11.518652822558433,11.518652822558433,37.52469925537065,0.0,11.518652822417621,1.4081081741136346e-10,0.0
213,12840.0,12840,11.51865282255762,11.51865282255762,37.70170255374415,0.0,11.518652822416803,1.4081810682453251e-10,0.0
214,12900.0,12900,11.518652822556803,11.518652822556803,37.878705852117626,0.0,11.518652822415977,1.4082543075519016e-10,0.0
215,12960.0,12960,11.518652822555982,11.518652822555982,38.055709150491104,0.0,11.518652822415149,1.408327892070948e-10,0.0
216,13020.0,13020,11.518652822555158,11.518652822555158,38.23271244886457,0.0,11.518652822414317,1.408401821840697e-10,0.0
217,13080.0,13080,11.51865282255433,11.51865282255433,38.40971574723801,0.0,11.518652822413483,1.408476096899069e-10,0.0
218,13140.0,13140,11.518652822553499,11.518652822553499,38.586719045611446,0.0,11.518652822412642,1.4085507172844644e-10,0.0
219,13200.0,13200,11.518652822552662,11.518652822552662,38.76372234398487,0.0,11.518652822411799,1.4086256830347078e-10,0.0
220,13260.0,13260,11.518652822551823,11.518652822551823,38.94072564235828,0.0,11.518652822410953,1.4087009941886318e-10,0.0
221,13320.0,13320,11.518652822550981,11.518652822550981,39.11772894073167,0.0,11.518652822410102,1.4087766507843492e-10,0.0
222,13380.0,13380,11.518652822550134,11.518652822550134,39.29473223910505,0.0,11.51865282240925,1.4088526528604766e-10,0.0
223,13440.0,13440,11.518652822549285,11.518652822549285,39.47173553747843,0.0,11.518652822408392,1.408929000455679e-10,0.0
224,13500.0,13500,11.51865282254843,11.51865282254843,39.64873883585179,0.0,11.51865282240753,1.4090056936085967e-10,0.0
225,13560.0,13560,11.518652822547574,11.518652822547574,39.82574213422512,0.0,11.518652822406665,1.4090827323582794e-10,0.0
226,13620.0,13620,11.518652822546713,11.518652822546713,40.00274543259846,0.0,11.518652822405796,1.4091601167429835e-10,0.0
227,13680.0,13680,11.518652822545848,11.518652822545848,40.17974873097178,0.0,11.518652822404924,1.4092378468020698e-10,0.0
228,13740.0,13740,11.518652822544981,11.518652822544981,40.35675202934508,0.0,11.51865282240405,1.409315922574612e-10,0.0
229,13800.0,13800,11.518652822544109,11.518652822544109,40.53375532771837,0.0,11.518652822403169,1.4093943440994668e-10,0.0
230,13860.0,13860,11.518652822543233,11.518652822543233,40.710758626091646,0.0,11.518652822402286,1.4094731114160194e-10,0.0
231,13920.0,13920,11.518652822542354,11.518652822542354,40.88776192446491,0.0,11.5186528224014,1.4095522245634628e-10,0.0
232,13980.0,13980,11.51865282254147,11.51865282254147,41.06476522283816,0.0,11.518652822400508,1.4096316835810628e-10,0.0
233,14040.0,14040,11.518652822540586,11.518652822540586,41.241768521211405,0.0,11.518652822399615,1.4097114885083e-10,0.0
234,14100.0,14100,11.518652822539696,11.518652822539696,41.41877181958463,0.0,11.518652822398717,1.4097916393846086e-10,0.0
235,14160.0,14160,11.518652822538803,11.518652822538803,41.59577511795784,0.0,11.518652822397815,1.4098721362497092e-10,0.0
236,14220.0,14220,11.518652822537906,11.518652822537906,41.77277841633104,0.0,11.518652822396911,1.4099529791429878e-10,0.0
237,14280.0,14280,11.518652822537005,11.518652822537005,41.949781714704216,0.0,11.518652822396001,1.4100341681041652e-10,0.0
238,14340.0,14340,11.5186528225361,11.5186528225361,42.12678501307738,0.0,11.518652822395088,1.4101157031731796e-10,0.0
239,14400.0,14400,11.518652822535191,11.518652822535191,42.30378831145054,0.0,11.518652822394174,1.4101975843897043e-10,0.0
240,14460.0,14460,11.51865282253428,11.51865282253428,42.48079160982368,0.0,11.518652822393253,1.410279811793629e-10,0.0
241,14520.0,14520,11.518652822533365,11.518652822533365,42.65779490819681,0.0,11.51865282239233,1.4103623854250113e-10,0.0
242,14580.0,14580,11.518652822532447,11.518652822532447,42.83479820656993,0.0,11.518652822391402,1.4104453053238128e-10,0.0
243,14640.0,14640,11.518652822531525,11.518652822531525,43.01180150494302,0.0,11.518652822390472,1.410528571529995e-10,0.0
244,14700.0,14700,11.518652822530598,11.518652822530598,43.18880480331611,0.0,11.518652822389537,1.4106121840840003e-10,0.0
245,14760.0,14760,11.518652822529669,11.518652822529669,43.365808101689176,0.0,11.5186528223886,1.410696143025766e-10,0.0
246,14820.0,14820,11.518652822528736,11.518652822528736,43.542811400062234,0.0,11.518652822387658,1.4107804483956863e-10,0.0
247,14880.0,14880,11.5186528225278,11.5186528225278,43.71981469843528,0.0,11.518652822386713,1.410865100233891e-10,0.0
248,14940.0,14940,11.51865282252686,11.51865282252686,43.89681799680831,0.0,11.518652822385764,1.4109500985809415e-10,0.0
249,15000.0,15000,11.518652822525915,11.518652822525915,44.07382129518132,0.0,11.518652822384812,1.4110354434771363e-10,0.0
250,15060.0,15060,11.518652822524968,11.518652822524968,44.25082459355431,0.0,11.518652822383856,1.4111211349631575e-10,0.0
251,15120.0,15120,11.518652822524018,11.518652822524018,44.4278278919273,0.0,11.518652822382897,1.4112071730793987e-10,0.0
252,15180.0,15180,11.518652822523062,11.518652822523062,44.604831190300274,0.0,11.518652822381934,1.411293557866326e-10,0.0
253,15240.0,15240,11.518652822522105,11.518652822522105,44.781834488673226,0.0,11.518652822380966,1.4113802893646458e-10,0.0
254,15300.0,15300,11.518652822521142,11.518652822521142,44.958837787046164,0.0,11.518652822379996,1.411467367615208e-10,0.0
255,15360.0,15360,11.518652822520178,11.518652822520178,45.13584108541909,0.0,11.518652822379023,1.4115547926582864e-10,0.0
256,15420.0,15420,11.518652822519208,11.518652822519208,45.312844383792,0.0,11.518652822378044,1.411642564535332e-10,0.0
257,15480.0,15480,11.518652822518236,11.518652822518236,45.48984768216489,0.0,11.518652822377062,1.4117306832865463e-10,0.0
258,15540.0,15540,11.51865282251726,11.51865282251726,45.666850980537774,0.0,11.51865282237608,1.4118191489528276e-10,0.0
259,15600.0,15600,11.51865282251628,11.51865282251628,45.84385427891064,0.0,11.51865282237509,1.4119079615754826e-10,0.0
260,15660.0,15660,11.518652822515298,11.518652822515298,46.02085757728349,0.0,11.518652822374099,1.411997121195217e-10,0.0
261,15720.0,15720,11.51865282251431,11.51865282251431,46.19786087565633,0.0,11.518652822373102,1.4120866278528095e-10,0.0
262,15780.0,15780,11.518652822513321,11.518652822513321,46.37486417402915,0.0,11.518652822372104,1.4121764815893742e-10,0.0
263,15840.0,15840,11.518652822512328,11.518652822512328,46.55186747240195,0.0,11.5186528223711,1.4122666824461936e-10,0.0
264,15900.0,15900,11.51865282251133,11.51865282251133,46.72887077077475,0.0,11.518652822370093,1.41235723046395e-10,0.0
265,15960.0,15960,11.51865282251033,11.51865282251033,46.90587406914752,0.0,11.518652822369084,1.4124481256840937e-10,0.0
266,16020.0,16020,11.518652822509324,11.518652822509324,47.082877367520275,0.0,11.518652822368072,1.4125393681474752e-10,0.0
267,16080.0,16080,11.518652822508317,11.518652822508317,47.25988066589302,0.0,11.518652822367054,1.4126309578953528e-10,0.0
268,16140.0,16140,11.518652822507306,11.518652822507306,47.43688396426574,0.0,11.518652822366034,1.4127228949691773e-10,0.0
269,16200.0,16200,11.51865282250629,11.51865282250629,47.61388726263846,0.0,11.51865282236501,1.4128151794097507e-10,0.0
270,16260.0,16260,11.518652822505272,11.518652822505272,47.79089056101115,0.0,11.51865282236398,1.412907811258524e-10,0.0
271,16320.0,16320,11.51865282250425,11.51865282250425,47.96789385938383,0.0,11.51865282236295,1.413000790556899e-10,0.0
272,16380.0,16380,11.518652822503224,11.518652822503224,48.144897157756496,0.0,11.518652822361915,1.4130941173459189e-10,0.0
273,16440.0,16440,11.518652822502196,11.518652822502196,48.32190045612915,0.0,11.518652822360876,1.413187791666986e-10,0.0
274,16500.0,16500,11.518652822501164,11.518652822501164,48.49890375450178,0.0,11.518652822359835,1.4132818135614305e-10,0.0
275,16560.0,16560,11.518652822500126,11.518652822500126,48.6759070528744,0.0,11.518652822358789,1.4133761830707993e-10,0.0
276,16620.0,16620,11.518652822499087,11.518652822499087,48.852910351247,0.0,11.51865282235774,1.4134709002361587e-10,0.0
277,16680.0,16680,11.518652822498044,11.518652822498044,49.02991364961959,0.0,11.518652822356687,1.4135659650990317e-10,0.0
278,16740.0,16740,11.518652822496998,11.518652822496998,49.206916947992156,0.0,11.518652822355632,1.4136613777005563e-10,0.0
279,16800.0,16800,11.518652822495946,11.518652822495946,49.383920246364724,0.0,11.518652822354571,1.4137571380827835e-10,0.0
280,16860.0,16860,11.518652822494893,11.518652822494893,49.56092354473725,0.0,11.518652822353507,1.4138532462865399e-10,0.0
281,16920.0,16920,11.518652822493836,11.518652822493836,49.737926843109776,0.0,11.518652822352442,1.4139497023534199e-10,0.0
282,16980.0,16980,11.518652822492776,11.518652822492776,49.91493014148229,0.0,11.518652822351372,1.414046506324922e-10,0.0
283,17040.0,17040,11.518652822491712,11.518652822491712,50.09193343985478,0.0,11.518652822350298,1.4141436582423532e-10,0.0
284,17100.0,17100,11.518652822490644,11.518652822490644,50.268936738227254,0.0,11.51865282234922,1.414241158147332e-10,0.0
285,17160.0,17160,11.518652822489573,11.518652822489573,50.44594003659971,0.0,11.51865282234814,1.4143390060813086e-10,0.0
286,17220.0,17220,11.518652822488498,11.518652822488498,50.622943334972156,0.0,11.518652822347056,1.414437202085614e-10,0.0
287,17280.0,17280,11.51865282248742,11.51865282248742,50.79994663334458,0.0,11.518652822345967,1.4145357462016747e-10,0.0
288,17340.0,17340,11.518652822486338,11.518652822486338,50.97694993171698,0.0,11.518652822344874,1.4146346384710373e-10,0.0
289,17400.0,17400,11.518652822485253,11.518652822485253,51.15395323008938,0.0,11.51865282234378,1.4147338789351523e-10,0.0
290,17460.0,17460,11.518652822484166,11.518652822484166,51.33095652846175,0.0,11.518652822342682,1.4148334676355426e-10,0.0
291,17520.0,17520,11.518652822483073,11.518652822483073,51.507959826834096,0.0,11.51865282234158,1.4149334046135387e-10,0.0
292,17580.0,17580,11.518652822481977,11.518652822481977,51.684963125206444,0.0,11.518652822340474,1.415033689910591e-10,0.0
293,17640.0,17640,11.51865282248088,11.51865282248088,51.861966423578764,0.0,11.518652822339366,1.4151343235681266e-10,0.0
294,17700.0,17700,11.518652822479776,11.518652822479776,52.03896972195107,0.0,11.518652822338252,1.4152353056275235e-10,0.0
295,17760.0,17760,11.51865282247867,11.51865282247867,52.21597302032336,0.0,11.518652822337136,1.4153366361303043e-10,0.0
296,17820.0,17820,11.518652822477561,11.518652822477561,52.39297631869563,0.0,11.518652822336017,1.4154383151178e-10,0.0
297,17880.0,17880,11.518652822476449,11.518652822476449,52.56997961706789,0.0,11.518652822334895,1.415540342631365e-10,0.0
298,17940.0,17940,11.518652822475332,11.518652822475332,52.74698291544013,0.0,11.518652822333767,1.4156427187123777e-10,0.0
299,18000.0,18000,11.518652822474213,11.518652822474213,52.923986213812356,0.0,11.518652822332637,1.4157454434021928e-10,0.0
300,18060.0,18060,11.518652822473088,11.518652822473088,53.10098951218456,0.0,11.518652822331504,1.4158485167420688e-10,0.0
301,18120.0,18120,11.518652822471962,11.518652822471962,53.277992810556746,0.0,11.518652822330367,1.415951938773384e-10,0.0
302,18180.0,18180,11.518652822470832,11.518652822470832,53.45499610892892,0.0,11.518652822329226,1.4160557095374933e-10,0.0
303,18240.0,18240,11.518652822469699,11.518652822469699,53.63199940730106,0.0,11.518652822328082,1.416159829075367e-10,0.0
304,18300.0,18300,11.518652822468562,11.518652822468562,53.809002705673194,0.0,11.518652822326935,1.4162642974285995e-10,0.0
305,18360.0,18360,11.518652822467422,11.518652822467422,53.98600600404532,0.0,11.518652822325786,1.4163691146382573e-10,0.0
306,18420.0,18420,11.518652822466278,11.518652822466278,54.163009302417414,0.0,11.51865282232463,1.4164742807453105e-10,0.0
307,18480.0,18480,11.51865282246513,11.51865282246513,54.3400126007895,0.0,11.518652822323473,1.4165797957912583e-10,0.0
308,18540.0,18540,11.518652822463979,11.518652822463979,54.517015899161564,0.0,11.518652822322311,1.4166856598169744e-10,0.0
309,18600.0,18600,11.518652822462826,11.518652822462826,54.6940191975336,0.0,11.518652822321146,1.4167918728636695e-10,0.0
310,18660.0,18660,11.51865282246167,11.51865282246167,54.871022495905635,0.0,11.518652822319979,1.4168984349722178e-10,0.0
311,18720.0,18720,11.518652822460508,11.518652822460508,55.04802579427765,0.0,11.518652822318808,1.4170053461838058e-10,0.0
312,18780.0,18780,11.518652822459343,11.518652822459343,55.22502909264965,0.0,11.518652822317632,1.4171126065394038e-10,0.0
313,18840.0,18840,11.518652822458176,11.518652822458176,55.40203239102161,0.0,11.518652822316453,1.4172202160797175e-10,0.0
314,18900.0,18900,11.518652822457005,11.518652822457005,55.57903568939358,0.0,11.518652822315271,1.41732817484591e-10,0.0
315,18960.0,18960,11.518652822455829,11.518652822455829,55.756038987765514,0.0,11.518652822314086,1.4174364828788554e-10,0.0
316,19020.0,19020,11.518652822454651,11.518652822454651,55.933042286137436,0.0,11.518652822312896,1.417545140218971e-10,0.0
317,19080.0,19080,11.51865282245347,11.51865282245347,56.11004558450934,0.0,11.518652822311704,1.417654146907396e-10,0.0
318,19140.0,19140,11.518652822452285,11.518652822452285,56.28704888288124,0.0,11.518652822310509,1.4177635029845959e-10,0.0
319,19200.0,19200,11.518652822451099,11.518652822451099,56.46405218125311,0.0,11.51865282230931,1.417873208491397e-10,0.0
320,19260.0,19260,11.518652822449907,11.518652822449907,56.64105547962495,0.0,11.518652822308107,1.4179832634683377e-10,0.0
321,19320.0,19320,11.518652822448711,11.518652822448711,56.81805877799679,0.0,11.518652822306901,1.418093667956172e-10,0.0
322,19380.0,19380,11.518652822447512,11.518652822447512,56.99506207636859,0.0,11.518652822305693,1.418204421994885e-10,0.0
323,19440.0,19440,11.518652822446311,11.518652822446311,57.1720653747404,0.0,11.51865282230448,1.4183155256255675e-10,0.0
324,19500.0,19500,11.518652822445107,11.518652822445107,57.34906867311217,0.0,11.518652822303263,1.4184269788881335e-10,0.0
325,19560.0,19560,11.518652822443897,11.518652822443897,57.52607197148394,0.0,11.518652822302043,1.4185387818230723e-10,0.0
326,19620.0,19620,11.518652822442686,11.518652822442686,57.70307526985568,0.0,11.51865282230082,1.4186509344706582e-10,0.0
327,19680.0,19680,11.51865282244147,11.51865282244147,57.880078568227404,0.0,11.518652822299593,1.418763436871213e-10,0.0
328,19740.0,19740,11.518652822440252,11.518652822440252,58.057081866599106,0.0,11.518652822298364,1.41887628906465e-10,0.0
329,19800.0,19800,11.51865282243903,11.51865282243903,58.234085164970786,0.0,11.518652822297131,1.4189894910909797e-10,0.0
330,19860.0,19860,11.518652822437804,11.518652822437804,58.41108846334246,0.0,11.518652822295893,1.4191030429905472e-10,0.0
331,19920.0,19920,11.518652822436577,11.518652822436577,58.588091761714104,0.0,11.518652822294655,1.419216944803074e-10,0.0
332,19980.0,19980,11.518652822435344,11.518652822435344,58.76509506008573,0.0,11.51865282229341,1.4193311965684744e-10,0.0
333,20040.0,20040,11.518652822434108,11.518652822434108,58.942098358457336,0.0,11.518652822292164,1.4194457983264933e-10,0.0
334,20100.0,20100,11.51865282243287,11.51865282243287,59.119101656828924,0.0,11.518652822290912,1.4195607501167564e-10,0.0
335,20160.0,20160,11.518652822431628,11.518652822431628,59.29610495520049,0.0,11.51865282228966,1.4196760519792254e-10,0.0
336,20220.0,20220,11.518652822430383,11.518652822430383,59.47310825357205,0.0,11.518652822288402,1.4197917039531893e-10,0.0
337,20280.0,20280,11.518652822429132,11.518652822429132,59.650111551943574,0.0,11.518652822287143,1.4199077060781537e-10,0.0
338,20340.0,20340,11.518652822427882,11.518652822427882,59.82711485031509,0.0,11.518652822285878,1.4200240583936236e-10,0.0
339,20400.0,20400,11.518652822426626,11.518652822426626,60.00411814868658,0.0,11.518652822284611,1.4201407609388648e-10,0.0
340,20460.0,20460,11.518652822425366,11.518652822425366,60.18112144705804,0.0,11.518652822283341,1.420257813752998e-10,0.0
341,20520.0,20520,11.518652822424105,11.518652822424105,60.35812474542951,0.0,11.518652822282068,1.4203752168754324e-10,0.0
342,20580.0,20580,11.51865282242284,11.51865282242284,60.53512804380094,0.0,11.51865282228079,1.4204929703451452e-10,0.0
343,20640.0,20640,11.51865282242157,11.51865282242157,60.71213134217235,0.0,11.51865282227951,1.4206110742007773e-10,0.0
344,20700.0,20700,11.518652822420298,11.518652822420298,60.889134640543745,0.0,11.518652822278225,1.4207295284817136e-10,0.0
345,20760.0,20760,11.518652822419023,11.518652822419023,61.066137938915126,0.0,11.518652822276938,1.4208483332263793e-10,0.0
346,20820.0,20820,11.518652822417744,11.518652822417744,61.24314123728649,0.0,11.518652822275648,1.420967488473583e-10,0.0
347,20880.0,20880,11.518652822416463,11.518652822416463,61.42014453565782,0.0,11.518652822274355,1.4210869942619415e-10,0.0
348,20940.0,20940,11.518652822415177,11.518652822415177,61.59714783402914,0.0,11.518652822273056,1.4212068506299277e-10,0.0
349,21000.0,21000,11.518652822413888,11.518652822413888,61.77415113240044,0.0,11.518652822271756,1.421327057615846e-10,0.0
350,21060.0,21060,11.518652822412596,11.518652822412596,61.951154430771716,0.0,11.518652822270452,1.421447615258001e-10,0.0
351,21120.0,21120,11.518652822411301,11.518652822411301,62.12815772914298,0.0,11.518652822269145,1.4215685235946493e-10,0.0
352,21180.0,21180,11.518652822410003,11.518652822410003,62.30516102751421,0.0,11.518652822267834,1.4216897826638313e-10,0.0
353,21240.0,21240,11.5186528224087,11.5186528224087,62.48216432588544,0.0,11.518652822266521,1.4218113925037076e-10,0.0
354,21300.0,21300,11.518652822407397,11.518652822407397,62.65916762425664,0.0,11.518652822265203,1.421933353151742e-10,0.0
355,21360.0,21360,11.518652822406088,11.518652822406088,62.836170922627815,0.0,11.518652822263883,1.422055664645999e-10,0.0
356,21420.0,21420,11.518652822404775,11.518652822404775,63.01317422099897,0.0,11.518652822262558,1.422178327023943e-10,0.0
357,21480.0,21480,11.518652822403462,11.518652822403462,63.19017751937011,0.0,11.518652822261231,1.422301340323326e-10,0.0
358,21540.0,21540,11.518652822402142,11.518652822402142,63.367180817741236,0.0,11.5186528222599,1.4224247045812755e-10,0.0
359,21600.0,21600,11.51865282240082,11.51865282240082,63.54418411611233,0.0,11.518652822258566,1.422548419835304e-10,0.0
360,21660.0,21660,11.518652822399497,11.518652822399497,63.72118741448341,0.0,11.518652822257229,1.4226724861224913e-10,0.0
361,21720.0,21720,11.518652822398169,11.518652822398169,63.89819071285447,0.0,11.51865282225589,1.422796903479677e-10,0.0
362,21780.0,21780,11.518652822396836,11.518652822396836,64.0751940112255,0.0,11.518652822254545,1.422921671944157e-10,0.0
363,21840.0,21840,11.518652822395502,11.518652822395502,64.25219730959653,0.0,11.518652822253198,1.4230467915524586e-10,0.0
364,21900.0,21900,11.518652822394165,11.518652822394165,64.42920060796753,0.0,11.518652822251847,1.4231722623414458e-10,0.0
365,21960.0,21960,11.518652822392824,11.518652822392824,64.6062039063385,0.0,11.518652822250493,1.4232980843473574e-10,0.0
366,22020.0,22020,11.518652822391479,11.518652822391479,64.78320720470946,0.0,11.518652822249136,1.4234242576069134e-10,0.0
367,22080.0,22080,11.51865282239013,11.51865282239013,64.96021050308039,0.0,11.518652822247777,1.4235507821561608e-10,0.0
368,22140.0,22140,11.51865282238878,11.51865282238878,65.13721380145131,0.0,11.518652822246413,1.423677658031483e-10,0.0
369,22200.0,22200,11.518652822387427,11.518652822387427,65.31421709982219,0.0,11.518652822245045,1.4238048852686388e-10,0.0
370,22260.0,22260,11.518652822386068,11.518652822386068,65.49122039819306,0.0,11.518652822243677,1.4239324639035554e-10,0.0
371,22320.0,22320,11.518652822384709,11.518652822384709,65.66822369656393,0.0,11.518652822242304,1.4240603939720636e-10,0.0
372,22380.0,22380,11.518652822383345,11.518652822383345,65.84522699493476,0.0,11.518652822240925,1.4241886755097067e-10,0.0
373,22440.0,22440,11.518652822381977,11.518652822381977,66.02223029330557,0.0,11.518652822239547,1.4243173085516907e-10,0.0
374,22500.0,22500,11.518652822380608,11.518652822380608,66.19923359167636,0.0,11.518652822238163,1.424446293133655e-10,0.0
375,22560.0,22560,11.518652822379234,11.518652822379234,66.37623689004712,0.0,11.518652822236776,1.4245756292905175e-10,0.0
376,22620.0,22620,11.518652822377858,11.518652822377858,66.55324018841787,0.0,11.518652822235387,1.424705317057293e-10,0.0
377,22680.0,22680,11.518652822376477,11.518652822376477,66.73024348678861,0.0,11.518652822233994,1.4248353564689e-10,0.0
378,22740.0,22740,11.518652822375094,11.518652822375094,66.9072467851593,0.0,11.518652822232598,1.4249657475600167e-10,0.0
379,22800.0,22800,11.518652822373708,11.518652822373708,67.08425008352998,0.0,11.518652822231198,1.425096490365105e-10,0.0
380,22860.0,22860,11.518652822372317,11.518652822372317,67.26125338190066,0.0,11.518652822229795,1.425227584918459e-10,0.0
381,22920.0,22920,11.518652822370925,11.518652822370925,67.4382566802713,0.0,11.51865282222839,1.425359031254493e-10,0.0
382,22980.0,22980,11.518652822369528,11.518652822369528,67.61525997864192,0.0,11.518652822226981,1.425490829407357e-10,0.0
383,23040.0,23040,11.51865282236813,11.51865282236813,67.79226327701251,0.0,11.518652822225567,1.425622979410552e-10,0.0
384,23100.0,23100,11.518652822366729,11.518652822366729,67.96926657538309,0.0,11.518652822224151,1.4257554812982763e-10,0.0
385,23160.0,23160,11.518652822365322,11.518652822365322,68.14626987375365,0.0,11.518652822222734,1.425888335103575e-10,0.0
386,23220.0,23220,11.518652822363913,11.518652822363913,68.32327317212419,0.0,11.518652822221311,1.4260215408600698e-10,0.0
387,23280.0,23280,11.518652822362503,11.518652822362503,68.5002764704947,0.0,11.518652822219886,1.42615509860107e-10,0.0
388,23340.0,23340,11.518652822361087,11.518652822361087,68.67727976886519,0.0,11.518652822218458,1.4262890083596691e-10,0.0
389,23400.0,23400,11.518652822359668,11.518652822359668,68.85428306723566,0.0,11.518652822217026,1.4264232701685757e-10,0.0
390,23460.0,23460,11.518652822358247,11.518652822358247,69.0312863656061,0.0,11.518652822215591,1.426557884060403e-10,0.0
391,23520.0,23520,11.518652822356822,11.518652822356822,69.20828966397653,0.0,11.518652822214154,1.4266928500679077e-10,0.0
392,23580.0,23580,11.518652822355394,11.518652822355394,69.38529296234692,0.0,11.518652822212712,1.426828168223343e-10,0.0
393,23640.0,23640,11.518652822353964,11.518652822353964,69.5622962607173,0.0,11.518652822211267,1.4269638385587452e-10,0.0
394,23700.0,23700,11.518652822352529,11.518652822352529,69.73929955908766,0.0,11.51865282220982,1.4270998611063667e-10,0.0
395,23760.0,23760,11.518652822351093,11.518652822351093,69.91630285745799,0.0,11.51865282220837,1.4272362358974762e-10,0.0
396,23820.0,23820,11.518652822349651,11.518652822349651,70.09330615582832,0.0,11.518652822206915,1.427372962964326e-10,0.0
397,23880.0,23880,11.518652822348209,11.518652822348209,70.2703094541986,0.0,11.518652822205457,1.4275100423379922e-10,0.0
398,23940.0,23940,11.518652822346763,11.518652822346763,70.44731275256886,0.0,11.518652822203997,1.4276474740494786e-10,0.0
399,24000.0,24000,11.518652822345311,11.518652822345311,70.62431605093913,0.0,11.518652822202535,1.4277852581302695e-10,0.0
400,24060.0,24060,11.518652822343858,11.518652822343858,70.80131934930934,0.0,11.518652822201068,1.4279233946109122e-10,0.0
401,24120.0,24120,11.518652822342403,11.518652822342403,70.97832264767955,0.0,11.518652822199597,1.428061883522051e-10,0.0
402,24180.0,24180,11.518652822340943,11.518652822340943,71.15532594604973,0.0,11.518652822198124,1.428200724894041e-10,0.0
403,24240.0,24240,11.518652822339481,11.518652822339481,71.33232924441988,0.0,11.518652822196646,1.4283399187574296e-10,0.0
404,24300.0,24300,11.518652822338016,11.518652822338016,71.50933254279,0.0,11.518652822195168,1.4284794651417562e-10,0.0
405,24360.0,24360,11.518652822336547,11.518652822336547,71.68633584116013,0.0,11.518652822193685,1.4286193640772078e-10,0.0
406,24420.0,24420,11.518652822335074,11.518652822335074,71.86333913953021,0.0,11.518652822192198,1.4287596155934198e-10,0.0
407,24480.0,24480,11.518652822333602,11.518652822333602,72.04034243790029,0.0,11.51865282219071,1.4289002197196187e-10,0.0
408,24540.0,24540,11.518652822332122,11.518652822332122,72.21734573627035,0.0,11.518652822189217,1.4290411764850072e-10,0.0
409,24600.0,24600,11.51865282233064,11.51865282233064,72.39434903464036,0.0,11.518652822187722,1.4291824859185482e-10,0.0
410,24660.0,24660,11.518652822329157,11.518652822329157,72.57135233301037,0.0,11.518652822186224,1.429324148049108e-10,0.0
411,24720.0,24720,11.51865282232767,11.51865282232767,72.74835563138033,0.0,11.518652822184723,1.4294661629050965e-10,0.0
412,24780.0,24780,11.51865282232618,11.51865282232618,72.9253589297503,0.0,11.518652822183219,1.4296085305150209e-10,0.0
413,24840.0,24840,11.518652822324686,11.518652822324686,73.10236222812024,0.0,11.51865282218171,1.4297512509068343e-10,0.0
414,24900.0,24900,11.51865282232319,11.51865282232319,73.27936552649014,0.0,11.518652822180199,1.429894324108515e-10,0.0
415,24960.0,24960,11.51865282232169,11.51865282232169,73.45636882486004,0.0,11.518652822178685,1.4300377501475609e-10,0.0
416,25020.0,25020,11.518652822320187,11.518652822320187,73.63337212322989,0.0,11.518652822177168,1.4301815290515413e-10,0.0
417,25080.0,25080,11.51865282231868,11.51865282231868,73.81037542159973,0.0,11.518652822175648,1.4303256608475935e-10,0.0
418,25140.0,25140,11.518652822317172,11.518652822317172,73.98737871996956,0.0,11.518652822174126,1.4304701455624953e-10,0.0
419,25200.0,25200,11.51865282231566,11.51865282231566,74.16438201833935,0.0,11.518652822172598,1.4306149832234315e-10,0.0
420,25260.0,25260,11.518652822314145,11.518652822314145,74.34138531670912,0.0,11.518652822171068,1.4307601738565795e-10,0.0
421,25320.0,25320,11.518652822312626,11.518652822312626,74.51838861507888,0.0,11.518652822169535,1.430905717488356e-10,0.0
422,25380.0,25380,11.518652822311106,11.518652822311106,74.6953919134486,0.0,11.518652822167999,1.4310516141446011e-10,0.0
423,25440.0,25440,11.518652822309582,11.518652822309582,74.8723952118183,0.0,11.518652822166462,1.4311978638511083e-10,0.0
424,25500.0,25500,11.518652822308054,11.518652822308054,75.04939851018797,0.0,11.518652822164919,1.4313444666335733e-10,0.0
425,25560.0,25560,11.518652822306523,11.518652822306523,75.22640180855763,0.0,11.518652822163373,1.4314914225171406e-10,0.0
426,25620.0,25620,11.51865282230499,11.51865282230499,75.40340510692725,0.0,11.518652822161824,1.431638731526858e-10,0.0
427,25680.0,25680,11.518652822303453,11.518652822303453,75.58040840529686,0.0,11.518652822160274,1.431786393687486e-10,0.0
428,25740.0,25740,11.518652822301913,11.518652822301913,75.75741170366643,0.0,11.518652822158721,1.43193440902376e-10,0.0
429,25800.0,25800,11.518652822300371,11.518652822300371,75.934415002036,0.0,11.518652822157163,1.4320827775597915e-10,0.0
430,25860.0,25860,11.518652822298826,11.518652822298826,76.11141830040555,0.0,11.518652822155602,1.432231499319596e-10,0.0
431,25920.0,25920,11.518652822297277,11.518652822297277,76.28842159877506,0.0,11.518652822154039,1.432380574327093e-10,0.0
432,25980.0,25980,11.518652822295724,11.518652822295724,76.46542489714454,0.0,11.518652822152472,1.4325300026057693e-10,0.0
433,26040.0,26040,11.51865282229417,11.51865282229417,76.64242819551401,0.0,11.518652822150901,1.4326797841786078e-10,0.0
434,26100.0,26100,11.518652822292612,11.518652822292612,76.81943149388344,0.0,11.51865282214933,1.4328299190688794e-10,0.0
435,26160.0,26160,11.51865282229105,11.51865282229105,76.99643479225287,0.0,11.518652822147754,1.4329804072990866e-10,0.0
436,26220.0,26220,11.518652822289488,11.518652822289488,77.17343809062227,0.0,11.518652822146175,1.433131248891924e-10,0.0
437,26280.0,26280,11.51865282228792,11.51865282228792,77.35044138899163,0.0,11.518652822144592,1.4332824438694377e-10,0.0
438,26340.0,26340,11.518652822286352,11.518652822286352,77.52744468736098,0.0,11.518652822143007,1.4334339922535776e-10,0.0
439,26400.0,26400,11.518652822284778,11.518652822284778,77.7044479857303,0.0,11.51865282214142,1.4335858940657898e-10,0.0
440,26460.0,26460,11.518652822283201,11.518652822283201,77.8814512840996,0.0,11.518652822139828,1.43373814932776e-10,0.0
441,26520.0,26520,11.518652822281624,11.518652822281624,78.05845458246887,0.0,11.518652822138234,1.4338907580601414e-10,0.0
442,26580.0,26580,11.51865282228004,11.51865282228004,78.23545788083811,0.0,11.518652822136637,1.434043720284092e-10,0.0
443,26640.0,26640,11.518652822278456,11.518652822278456,78.41246117920734,0.0,11.518652822135037,1.4341970360199765e-10,0.0
444,26700.0,26700,11.518652822276868,11.518652822276868,78.58946447757654,0.0,11.518652822133433,1.434350705288112e-10,0.0
445,26760.0,26760,11.518652822275277,11.518652822275277,78.76646777594573,0.0,11.518652822131829,1.434504728108359e-10,0.0
446,26820.0,26820,11.518652822273683,11.518652822273683,78.94347107431487,0.0,11.518652822130218,1.434659104500483e-10,0.0
447,26880.0,26880,11.518652822272088,11.518652822272088,79.12047437268399,0.0,11.518652822128606,1.4348138344834552e-10,0.0
448,26940.0,26940,11.518652822270488,11.518652822270488,79.29747767105309,0.0,11.51865282212699,1.4349689180769688e-10,0.0
449,27000.0,27000,11.518652822268885,11.518652822268885,79.47448096942216,0.0,11.518652822125372,1.4351243552992035e-10,0.0
450,27060.0,27060,11.518652822267278,11.518652822267278,79.65148426779122,0.0,11.518652822123752,1.4352801461690592e-10,0.0
451,27120.0,27120,11.51865282226567,11.51865282226567,79.82848756616025,0.0,11.518652822122126,1.4354362907044515e-10,0.0
452,27180.0,27180,11.518652822264059,11.518652822264059,80.00549086452925,0.0,11.5186528221205,1.4355927889232479e-10,0.0
453,27240.0,27240,11.518652822262444,11.518652822262444,80.18249416289822,0.0,11.518652822118868,1.4357496408431956e-10,0.0
454,27300.0,27300,11.518652822260826,11.518652822260826,80.35949746126718,0.0,11.518652822117236,1.4359068464815619e-10,0.0
455,27360.0,27360,11.518652822259206,11.518652822259206,80.53650075963611,0.0,11.5186528221156,1.4360644058551336e-10,0.0
456,27420.0,27420,11.518652822257582,11.518652822257582,80.71350405800501,0.0,11.51865282211396,1.4362223189807453e-10,0.0
457,27480.0,27480,11.518652822255955,11.518652822255955,80.89050735637389,0.0,11.518652822112317,1.4363805858744396e-10,0.0
458,27540.0,27540,11.518652822254328,11.518652822254328,81.06751065474275,0.0,11.518652822110672,1.4365392065524027e-10,0.0
459,27600.0,27600,11.518652822252696,11.518652822252696,81.24451395311156,0.0,11.518652822109026,1.4366981810304847e-10,0.0
460,27660.0,27660,11.51865282225106,11.51865282225106,81.42151725148037,0.0,11.518652822107374,1.4368575093238634e-10,0.0
461,27720.0,27720,11.518652822249422,11.518652822249422,81.59852054984914,0.0,11.51865282210572,1.4370171914477167e-10,0.0
462,27780.0,27780,11.51865282224778,11.51865282224778,81.77552384821792,0.0,11.518652822104062,1.4371772274167179e-10,0.0
463,27840.0,27840,11.518652822246136,11.518652822246136,81.95252714658663,0.0,11.518652822102402,1.437337617245228e-10,0.0
464,27900.0,27900,11.518652822244489,11.518652822244489,82.12953044495534,0.0,11.51865282210074,1.4374983609474643e-10,0.0
465,27960.0,27960,11.518652822242839,11.518652822242839,82.30653374332402,0.0,11.518652822099073,1.437659458537188e-10,0.0
466,28020.0,28020,11.518652822241187,11.518652822241187,82.48353704169267,0.0,11.518652822097405,1.437820910027607e-10,0.0
467,28080.0,28080,11.518652822239531,11.518652822239531,82.66054034006129,0.0,11.518652822095731,1.4379827154321703e-10,0.0
468,28140.0,28140,11.518652822237872,11.518652822237872,82.83754363842989,0.0,11.518652822094058,1.4381448747632697e-10,0.0
469,28200.0,28200,11.518652822236211,11.518652822236211,83.01454693679847,0.0,11.51865282209238,1.4383073880335376e-10,0.0
470,28260.0,28260,11.518652822234547,11.518652822234547,83.19155023516703,0.0,11.5186528220907,1.438470255255005e-10,0.0
471,28320.0,28320,11.51865282223288,11.51865282223288,83.36855353353555,0.0,11.518652822089017,1.4386334764392483e-10,0.0
472,28380.0,28380,11.518652822231209,11.518652822231209,83.54555683190405,0.0,11.51865282208733,1.4387970515979623e-10,0.0
473,28440.0,28440,11.518652822229535,11.518652822229535,83.72256013027251,0.0,11.51865282208564,1.43896098074205e-10,0.0
474,28500.0,28500,11.51865282222786,11.51865282222786,83.89956342864096,0.0,11.518652822083947,1.439125263882151e-10,0.0
475,28560.0,28560,11.518652822226182,11.518652822226182,84.07656672700938,0.0,11.518652822082252,1.4392899010285188e-10,0.0
476,28620.0,28620,11.5186528222245,11.5186528222245,84.25357002537777,0.0,11.518652822080554,1.4394548921915768e-10,0.0
477,28680.0,28680,11.518652822222816,11.518652822222816,84.43057332374615,0.0,11.518652822078852,1.4396202373805707e-10,0.0
478,28740.0,28740,11.518652822221128,11.518652822221128,84.60757662211448,0.0,11.518652822077149,1.4397859366046025e-10,0.0
479,28800.0,28800,11.518652822219437,11.518652822219437,84.78457992048281,0.0,11.518652822075442,1.4399519898732782e-10,0.0
480,28860.0,28860,11.518652822217744,11.518652822217744,84.9615832188511,0.0,11.518652822073733,1.440118397194451e-10,0.0
481,28920.0,28920,11.51865282221605,11.51865282221605,85.13858651721937,0.0,11.518652822072019,1.4402851585766702e-10,0.0
482,28980.0,28980,11.51865282221435,11.51865282221435,85.31558981558761,0.0,11.518652822070305,1.4404522740278368e-10,0.0
483,29040.0,29040,11.518652822212648,11.518652822212648,85.49259311395582,0.0,11.518652822068585,1.4406197435550838e-10,0.0
484,29100.0,29100,11.518652822210942,11.518652822210942,85.66959641232401,0.0,11.518652822066864,1.4407875671658557e-10,0.0
485,29160.0,29160,11.518652822209235,11.518652822209235,85.84659971069217,0.0,11.51865282206514,1.4409557448666126e-10,0.0
486,29220.0,29220,11.518652822207525,11.518652822207525,86.02360300906031,0.0,11.518652822063412,1.4411242766638388e-10,0.0
487,29280.0,29280,11.518652822205812,11.518652822205812,86.20060630742842,0.0,11.518652822061682,1.441293162563346e-10,0.0
488,29340.0,29340,11.518652822204096,11.518652822204096,86.37760960579651,0.0,11.51865282205995,1.4414624025709457e-10,0.0
489,29400.0,29400,11.518652822202379,11.518652822202379,86.55461290416457,0.0,11.518652822058215,1.4416319966918256e-10,0.0
490,29460.0,29460,11.518652822200655,11.518652822200655,86.73161620253259,0.0,11.518652822056476,1.4418019449304044e-10,0.0
491,29520.0,29520,11.518652822198932,11.518652822198932,86.9086195009006,0.0,11.518652822054735,1.4419722472917491e-10,0.0
492,29580.0,29580,11.518652822197204,11.518652822197204,87.08562279926858,0.0,11.51865282205299,1.4421429037793905e-10,0.0
493,29640.0,29640,11.518652822195474,11.518652822195474,87.26262609763653,0.0,11.518652822051243,1.4423139143971705e-10,0.0
494,29700.0,29700,11.51865282219374,11.51865282219374,87.43962939600445,0.0,11.518652822049493,1.4424852791484276e-10,0.0
495,29760.0,29760,11.518652822192006,11.518652822192006,87.61663269437236,0.0,11.51865282204774,1.4426569980359714e-10,0.0
496,29820.0,29820,11.518652822190267,11.518652822190267,87.79363599274022,0.0,11.518652822045985,1.4428290710619634e-10,0.0
497,29880.0,29880,11.518652822188526,11.518652822188526,87.97063929110807,0.0,11.518652822044226,1.4430014982292615e-10,0.0
498,29940.0,29940,11.518652822186782,11.518652822186782,88.14764258947588,0.0,11.518652822042464,1.4431742795387541e-10,0.0
499,30000.0,30000,11.518652822185036,11.518652822185036,88.32464588784369,0.0,11.5186528220407,1.4433474149922185e-10,0.0
500,30060.0,30060,11.518652822183286,11.518652822183286,88.50164918621145,0.0,11.518652822038934,1.443520904590135e-10,0.0
501,30120.0,30120,11.518652822181533,11.518652822181533,88.67865248457919,0.0,11.518652822037163,1.443694748333272e-10,0.0
502,30180.0,30180,11.518652822179778,11.518652822179778,88.8556557829469,0.0,11.51865282203539,1.4438689462215333e-10,0.0
503,30240.0,30240,11.518652822178021,11.518652822178021,89.03265908131459,0.0,11.518652822033616,1.4440434982545112e-10,0.0
504,30300.0,30300,11.518652822176259,11.518652822176259,89.20966237968224,0.0,11.518652822031838,1.4442184044315804e-10,0.0
505,30360.0,30360,11.518652822174495,11.518652822174495,89.38666567804988,0.0,11.518652822030056,1.444393664751493e-10,0.0
506,30420.0,30420,11.51865282217273,11.51865282217273,89.56366897641747,0.0,11.518652822028272,1.4445692792125434e-10,0.0
507,30480.0,30480,11.51865282217096,11.51865282217096,89.74067227478506,0.0,11.518652822026485,1.4447452478127381e-10,0.0
508,30540.0,30540,11.518652822169189,11.518652822169189,89.91767557315261,0.0,11.518652822024697,1.4449215705497004e-10,0.0
509,30600.0,30600,11.518652822167413,11.518652822167413,90.09467887152013,0.0,11.518652822022904,1.4450982474204036e-10,0.0
510,30660.0,30660,11.518652822165636,11.518652822165636,90.27168216988763,0.0,11.518652822021108,1.445275278421726e-10,0.0
511,30720.0,30720,11.518652822163856,11.518652822163856,90.44868546825508,0.0,11.51865282201931,1.445452663549705e-10,0.0
512,30780.0,30780,11.518652822162075,11.518652822162075,90.62568876662252,0.0,11.518652822017511,1.445630402800234e-10,0.0
513,30840.0,30840,11.518652822160288,11.518652822160288,90.80269206498993,0.0,11.518652822015707,1.4458084961690143e-10,0.0
514,30900.0,30900,11.5186528221585,11.5186528221585,90.97969536335732,0.0,11.5186528220139,1.4459869436504742e-10,0.0
515,30960.0,30960,11.518652822156708,11.518652822156708,91.15669866172468,0.0,11.518652822012092,1.4461657452396186e-10,0.0
516,31020.0,31020,11.518652822154914,11.518652822154914,91.333701960092,0.0,11.51865282201028,1.4463449009302992e-10,0.0
517,31080.0,31080,11.518652822153118,11.518652822153118,91.5107052584593,0.0,11.518652822008466,1.4465244107161284e-10,0.0
518,31140.0,31140,11.518652822151319,11.518652822151319,91.68770855682658,0.0,11.518652822006649,1.4467042745903095e-10,0.0
519,31200.0,31200,11.518652822149518,11.518652822149518,91.86471185519383,0.0,11.518652822004828,1.4468844925456623e-10,0.0
520,31260.0,31260,11.518652822147713,11.518652822147713,92.04171515356104,0.0,11.518652822003006,1.4470650645743573e-10,0.0
521,31320.0,31320,11.518652822145905,11.518652822145905,92.21871845192824,0.0,11.51865282200118,1.4472459906683494e-10,0.0
522,31380.0,31380,11.518652822144094,11.518652822144094,92.3957217502954,0.0,11.518652821999352,1.4474272708189935e-10,0.0
523,31440.0,31440,11.51865282214228,11.51865282214228,92.57272504866255,0.0,11.51865282199752,1.447608905017115e-10,0.0
524,31500.0,31500,11.518652822140467,11.518652822140467,92.74972834702965,0.0,11.518652821995687,1.4477908932533244e-10,0.0
525,31560.0,31560,11.518652822138648,11.518652822138648,92.92673164539671,0.0,11.51865282199385,1.4479732355176793e-10,0.0
526,31620.0,31620,11.518652822136827,11.518652822136827,93.10373494376377,0.0,11.518652821992012,1.4481559317995405e-10,0.0
527,31680.0,31680,11.518652822135003,11.518652822135003,93.28073824213081,0.0,11.51865282199017,1.4483389820881737e-10,0.0
528,31740.0,31740,11.518652822133177,11.518652822133177,93.4577415404978,0.0,11.518652821988326,1.448522386371979e-10,0.0
529,31800.0,31800,11.518652822131349,11.518652822131349,93.63474483886476,0.0,11.518652821986478,1.4487061446393088e-10,0.0
530,31860.0,31860,11.518652822129516,11.518652822129516,93.81174813723172,0.0,11.518652821984627,1.4488902568776754e-10,0.0
531,31920.0,31920,11.518652822127683,11.518652822127683,93.98875143559864,0.0,11.518652821982775,1.4490747230745187e-10,0.0
532,31980.0,31980,11.518652822125846,11.518652822125846,94.16575473396553,0.0,11.51865282198092,1.449259543216294e-10,0.0
533,32040.0,32040,11.518652822124006,11.518652822124006,94.34275803233237,0.0,11.518652821979062,1.4494447172893125e-10,0.0
534,32100.0,32100,11.518652822122164,11.518652822122164,94.5197613306992,0.0,11.5186528219772,1.449630245279429e-10,0.0
535,32160.0,32160,11.518652822120318,11.518652822120318,94.696764629066,0.0,11.518652821975337,1.449816127171826e-10,0.0
536,32220.0,32220,11.51865282211847,11.51865282211847,94.87376792743278,0.0,11.51865282197347,1.45000236295135e-10,0.0
537,32280.0,32280,11.51865282211662,11.51865282211662,95.05077122579954,0.0,11.518652821971601,1.4501889526024149e-10,0.0
538,32340.0,32340,11.518652822114767,11.518652822114767,95.22777452416624,0.0,11.518652821969729,1.4503758961085938e-10,0.0
539,32400.0,32400,11.518652822112912,11.518652822112912,95.40477782253294,0.0,11.518652821967855,1.4505631934532205e-10,0.0
540,32460.0,32460,11.518652822111052,11.518652822111052,95.58178112089958,0.0,11.51865282196598,1.4507508446194838e-10,0.0
541,32520.0,32520,11.518652822109193,11.518652822109193,95.7587844192662,0.0,11.5186528219641,1.4509388495893485e-10,0.0
542,32580.0,32580,11.51865282210733,11.51865282210733,95.9357877176328,0.0,11.518652821962217,1.4511272083447309e-10,0.0
543,32640.0,32640,11.518652822105462,11.518652822105462,96.11279101599938,0.0,11.518652821960332,1.451315920867115e-10,0.0
544,32700.0,32700,11.518652822103594,11.518652822103594,96.28979431436592,0.0,11.518652821958444,1.4515049871371682e-10,0.0
545,32760.0,32760,11.518652822101723,11.518652822101723,96.46679761273244,0.0,11.518652821956552,1.4516944071353904e-10,0.0
546,32820.0,32820,11.518652822099849,11.518652822099849,96.64380091109892,0.0,11.51865282195466,1.451884180841248e-10,0.0
547,32880.0,32880,11.518652822097971,11.518652822097971,96.82080420946535,0.0,11.518652821952765,1.4520743082344006e-10,0.0
548,32940.0,32940,11.518652822096094,11.518652822096094,96.99780750783178,0.0,11.518652821950868,1.4522647892934977e-10,0.0
549,33000.0,33000,11.51865282209421,11.51865282209421,97.17481080619818,0.0,11.518652821948965,1.4524556239968297e-10,0.0
550,33060.0,33060,11.518652822092328,11.518652822092328,97.35181410456457,0.0,11.518652821947063,1.4526468123223507e-10,0.0
551,33120.0,33120,11.51865282209044,11.51865282209044,97.5288174029309,0.0,11.518652821945155,1.4528383542469333e-10,0.0
552,33180.0,33180,11.51865282208855,11.51865282208855,97.7058207012972,0.0,11.518652821943247,1.4530302497475953e-10,0.0
553,33240.0,33240,11.518652822086658,11.518652822086658,97.88282399966349,0.0,11.518652821941336,1.453222498800297e-10,0.0
554,33300.0,33300,11.518652822084762,11.518652822084762,98.05982729802973,0.0,11.51865282193942,1.453415101381047e-10,0.0
555,33360.0,33360,11.518652822082865,11.518652822082865,98.23683059639596,0.0,11.518652821937504,1.4536080574647252e-10,0.0
556,33420.0,33420,11.518652822080966,11.518652822080966,98.41383389476216,0.0,11.518652821935584,1.4538013670258513e-10,0.0
557,33480.0,33480,11.518652822079062,11.518652822079062,98.59083719312832,0.0,11.518652821933664,1.4539950300388968e-10,0.0
558,33540.0,33540,11.518652822077158,11.518652822077158,98.76784049149447,0.0,11.518652821931738,1.4541890464771565e-10,0.0
559,33600.0,33600,11.51865282207525,11.51865282207525,98.94484378986058,0.0,11.51865282192981,1.4543834163136854e-10,0.0
560,33660.0,33660,11.518652822073339,11.518652822073339,99.12184708822667,0.0,11.518652821927882,1.4545781395208176e-10,0.0
561,33720.0,33720,11.518652822071425,11.518652822071425,99.29885038659273,0.0,11.518652821925949,1.454773216070671e-10,0.0
562,33780.0,33780,11.51865282206951,11.51865282206951,99.47585368495875,0.0,11.518652821924015,1.4549686459345713e-10,0.0
563,33840.0,33840,11.518652822067592,11.518652822067592,99.65285698332475,0.0,11.518652821922077,1.4551644290835082e-10,0.0
564,33900.0,33900,11.518652822065674,11.518652822065674,99.8298602816907,0.0,11.518652821920137,1.4553605654876058e-10,0.0
565,33960.0,33960,11.51865282206375,11.51865282206375,100.00686358005665,0.0,11.518652821918193,1.4555570551166535e-10,0.0
566,34020.0,34020,11.518652822061823,11.518652822061823,100.18386687842255,0.0,11.518652821916248,1.455753897939815e-10,0.0
567,34080.0,34080,11.518652822059895,11.518652822059895,100.36087017678841,0.0,11.518652821914301,1.4559510939256064e-10,0.0
568,34140.0,34140,11.518652822057964,11.518652822057964,100.53787347515426,0.0,11.51865282191235,1.456148643042327e-10,0.0
569,34200.0,34200,11.518652822056032,11.518652822056032,100.71487677352007,0.0,11.518652821910397,1.4563465452574124e-10,0.0
570,34260.0,34260,11.518652822054095,11.518652822054095,100.89188007188586,0.0,11.518652821908441,1.4565448005379368e-10,0.0
571,34320.0,34320,11.518652822052157,11.518652822052157,101.06888337025161,0.0,11.518652821906484,1.456743408849967e-10,0.0
572,34380.0,34380,11.518652822050216,11.518652822050216,101.24588666861735,0.0,11.518652821904523,1.456942370159785e-10,0.0
573,34440.0,34440,11.518652822048274,11.518652822048274,101.42288996698304,0.0,11.51865282190256,1.4571416844323285e-10,0.0
574,34500.0,34500,11.518652822046327,11.518652822046327,101.5998932653487,0.0,11.518652821900593,1.4573413516322948e-10,0.0
575,34560.0,34560,11.518652822044379,11.518652822044379,101.77689656371435,0.0,11.518652821898625,1.4575413717240446e-10,0.0
576,34620.0,34620,11.518652822042428,11.518652822042428,101.95389986207995,0.0,11.518652821896653,1.457741744670859e-10,0.0
577,34680.0,34680,11.518652822040474,11.518652822040474,102.13090316044554,0.0,11.51865282189468,1.4579424704358021e-10,0.0
578,34740.0,34740,11.518652822038518,11.518652822038518,102.30790645881109,0.0,11.518652821892704,1.4581435489813374e-10,0.0
579,34800.0,34800,11.518652822036561,11.518652822036561,102.48490975717661,0.0,11.518652821890726,1.458344980269137e-10,0.0
580,34860.0,34860,11.5186528220346,11.5186528220346,102.66191305554207,0.0,11.518652821888745,1.4585467642605592e-10,0.0
581,34920.0,34920,11.518652822032635,11.518652822032635,102.83891635390754,0.0,11.51865282188676,1.4587489009161953e-10,0.0
582,34980.0,34980,11.518652822030669,11.518652822030669,103.01591965227297,0.0,11.518652821884775,1.4589513901961798e-10,0.0
583,35040.0,35040,11.518652822028702,11.518652822028702,103.19292295063838,0.0,11.518652821882785,1.4591542320596621e-10,0.0
584,35100.0,35100,11.51865282202673,11.51865282202673,103.36992624900373,0.0,11.518652821880796,1.459357426465744e-10,0.0
585,35160.0,35160,11.518652822024757,11.518652822024757,103.54692954736906,0.0,11.518652821878803,1.459560973372711e-10,0.0
586,35220.0,35220,11.518652822022782,11.518652822022782,103.72393284573437,0.0,11.518652821876804,1.4597648727382477e-10,0.0
587,35280.0,35280,11.518652822020803,11.518652822020803,103.90093614409965,0.0,11.518652821874806,1.4599691245192947e-10,0.0
588,35340.0,35340,11.518652822018822,11.518652822018822,104.07793944246487,0.0,11.518652821872806,1.4601737286724077e-10,0.0
589,35400.0,35400,11.518652822016838,11.518652822016838,104.25494274083009,0.0,11.518652821870802,1.4603786851535188e-10,0.0
590,35460.0,35460,11.518652822014854,11.518652822014854,104.43194603919527,0.0,11.518652821868795,1.4605839939176708e-10,0.0
591,35520.0,35520,11.518652822012864,11.518652822012864,104.60894933756042,0.0,11.518652821866787,1.460789654919859e-10,0.0
592,35580.0,35580,11.518652822010875,11.518652822010875,104.78595263592554,0.0,11.518652821864775,1.460995668113758e-10,0.0
593,35640.0,35640,11.518652822008882,11.518652822008882,104.96295593429063,0.0,11.518652821862762,1.4612020334531133e-10,0.0
594,35700.0,35700,11.518652824292518,-288.48134717570747,105.13995923265568,300.0,5.113359473246801e-11,-288.4813471757586,0.0
595,35760.0,35760,11.518652824292525,-288.48134717570747,100.33193677972717,300.0,5.113789401881647e-11,-288.4813471757586,0.0
596,35820.0,35820,11.518652824292534,-288.48134717570747,95.52391432679863,300.0,5.114199149435162e-11,-288.4813471757586,0.0
597,35880.0,35880,11.518652824292541,-288.48134717570747,90.71589187387012,300.0,5.1145887140591814e-11,-288.48134717575863,0.0
598,35940.0,35940,11.518652824292548,-288.48134717570747,85.9078694209416,300.0,5.1149580940058605e-11,-288.48134717575863,0.0
599,36000.0,36000,11.518652824292554,-288.4813471757074,81.09984696801307,300.0,5.115307287611353e-11,-288.4813471757586,0.0
600,36060.0,36060,11.51865282429256,-288.48134717570747,76.29182451508454,300.0,5.11563629330535e-11,-288.48134717575863,0.0
601,36120.0,36120,11.518652824292566,-288.4813471757074,71.48380206215602,300.0,5.115945109618229e-11,-288.48134717575863,0.0
602,36180.0,36180,11.518652824292573,-288.4813471757074,66.67577960922749,300.0,5.116233735167661e-11,-288.48134717575863,0.0
603,36240.0,36240,11.518652824292579,-288.4813471757074,61.86775715629897,300.0,5.1165021686609576e-11,-288.48134717575863,0.0
604,36300.0,36300,11.518652824292582,-288.4813471757074,57.05973470337045,300.0,5.1167504089068336e-11,-288.4813471757586,0.0
605,36360.0,36360,11.518652824302096,-298.4813471756978,52.251712250441926,309.9999999999999,5.328039129935775e-11,-298.48134717575107,0.0
606,36420.0,36420,11.518652824292591,-288.4813471757074,47.27702313084689,300.0,5.117185557674838e-11,-288.4813471757586,0.0
607,36480.0,36480,11.518652824292593,-288.4813471757074,42.469000677918366,300.0,5.1173724642541796e-11,-288.4813471757586,0.0
608,36540.0,36540,11.518652824292596,-288.4813471757074,37.66097822498984,300.0,5.117539173714755e-11,-288.4813471757586,0.0
609,36600.0,36600,11.518652820402668,-588.4813471795973,32.85295577206132,600.0,3.91205339513703e-09,-588.4813471835095,0.0
610,36660.0,36660,11.518652820402757,-588.4813471795973,23.044933319062945,600.0,3.912027575245746e-09,-588.4813471835093,0.0
611,36720.0,36720,11.518652820402812,-588.4813471795973,13.236910866064575,600.0,3.91201196630817e-09,-588.4813471835092,0.0
612,36780.0,36780,11.518652820402831,-588.4813471795973,3.4288884130662023,600.0,3.9120065659273744e-09,-588.4813471835091,0.0
613,36840.0,36840,11.518652820402817,-588.4813471795973,-6.379134039932169,600.0,3.912011373507467e-09,-588.4813471835092,0.0
614,36900.0,36900,11.51865282040277,-588.4813471795973,-16.18715649293054,600.0,3.912026390258133e-09,-588.4813471835093,0.0
615,36960.0,36960,11.518652820402686,-588.4813471795974,-25.995178945928913,600.0,3.912051619191176e-09,-588.4813471835095,0.0
616,37020.0,37020,11.518652824311634,-488.4813471756884,-35.803201398927285,500.0000000000001,7.910043388330181e-11,-488.4813471757676,0.0
617,37080.0,37080,11.518652824292596,-288.4813471757074,-43.94455718518886,300.0,5.1171928217200346e-11,-288.4813471757586,0.0
618,37140.0,37140,11.518652824239771,-83.48134717576039,-48.75257963811739,95.00000000000014,9.932848226890875e-11,-83.48134717585971,0.0
619,37200.0,37200,11.518652821991777,11.518652821991777,-50.14393542438019,0.0,11.518652821845473,1.4630434708866545e-10,0.0
620,37260.0,37260,11.518652821992799,11.518652821992799,-49.96693212601539,0.0,11.518652821846505,1.4629369825322857e-10,0.0
621,37320.0,37320,11.518652821993818,11.518652821993818,-49.78992882765058,0.0,11.518652821847535,1.4628308322036054e-10,0.0
622,37380.0,37380,11.518652821994834,11.518652821994834,-49.61292552928575,0.0,11.51865282184856,1.4627250198987163e-10,0.0
623,37440.0,37440,11.518652821995847,11.518652821995847,-49.43592223092091,0.0,11.518652821849585,1.4626195456154567e-10,0.0
624,37500.0,37500,11.518652821996856,11.518652821996856,-49.25891893255605,0.0,11.518652821850605,1.4625144093521458e-10,0.0
625,37560.0,37560,11.518652821997861,11.518652821997861,-49.081915634191176,0.0,11.51865282185162,1.4624096111067184e-10,0.0
626,37620.0,37620,11.518652821998865,11.518652821998865,-48.90491233582628,0.0,11.518652821852633,1.462305150876893e-10,0.0
627,37680.0,37680,11.518652821999863,11.518652821999863,-48.72790903746137,0.0,11.518652821853644,1.462201028660724e-10,0.0
628,37740.0,37740,11.51865282200086,11.51865282200086,-48.55090573909645,0.0,11.51865282185465,1.4620972444562905e-10,0.0
629,37800.0,37800,11.518652822001853,11.518652822001853,-48.373902440731506,0.0,11.518652821855653,1.461993798261455e-10,0.0
630,37860.0,37860,11.518652822002844,11.518652822002844,-48.19689914236656,0.0,11.518652821856653,1.4618906900741284e-10,0.0
631,37920.0,37920,11.51865282200383,11.51865282200383,-48.019895844001596,0.0,11.51865282185765,1.461787919892245e-10,0.0
632,37980.0,37980,11.518652822004812,11.518652822004812,-47.84289254563661,0.0,11.518652821858645,1.4616854877140518e-10,0.0
633,38040.0,38040,11.518652822005793,11.518652822005793,-47.66588924727161,0.0,11.518652821859634,1.4615833935369314e-10,0.0
634,38100.0,38100,11.51865282200677,11.51865282200677,-47.48888594890659,0.0,11.518652821860622,1.4614816373592022e-10,0.0
635,38160.0,38160,11.518652822007743,11.518652822007743,-47.31188265054157,0.0,11.518652821861606,1.461380219178583e-10,0.0
636,38220.0,38220,11.518652822008713,11.518652822008713,-47.134879352176526,0.0,11.518652821862585,1.4612791389931768e-10,0.0
637,38280.0,38280,11.518652822009681,11.518652822009681,-46.95787605381146,0.0,11.518652821863562,1.4611783968006782e-10,0.0
638,38340.0,38340,11.518652822010644,11.518652822010644,-46.780872755446396,0.0,11.518652821864535,1.4610779925991173e-10,0.0
639,38400.0,38400,11.518652822011605,11.518652822011605,-46.6038694570813,0.0,11.518652821865507,1.4609779263866694e-10,0.0
640,38460.0,38460,11.51865282201256,11.51865282201256,-46.4268661587162,0.0,11.518652821866473,1.4608781981609326e-10,0.0
641,38520.0,38520,11.518652822013514,11.518652822013514,-46.24986286035109,0.0,11.518652821867436,1.4607788079201062e-10,0.0
642,38580.0,38580,11.518652822014465,11.518652822014465,-46.072859561985965,0.0,11.518652821868397,1.4606797556618845e-10,0.0
643,38640.0,38640,11.518652822015413,11.518652822015413,-45.895856263620814,0.0,11.518652821869354,1.4605810413843703e-10,0.0
644,38700.0,38700,11.518652822016357,11.518652822016357,-45.71885296525565,0.0,11.51865282187031,1.4604826650857385e-10,0.0
645,38760.0,38760,11.518652822017298,11.518652822017298,-45.54184966689048,0.0,11.518652821871258,1.4603846267637793e-10,0.0
646,38820.0,38820,11.518652822018234,11.518652822018234,-45.36484636852529,0.0,11.518652821872205,1.460286926416524e-10,0.0
647,38880.0,38880,11.518652822019169,11.518652822019169,-45.187843070160085,0.0,11.51865282187315,1.460189564042027e-10,0.0
648,38940.0,38940,11.5186528220201,11.5186528220201,-45.01083977179487,0.0,11.51865282187409,1.4600925396383914e-10,0.0
649,39000.0,39000,11.518652822021028,11.518652822021028,-44.833836473429635,0.0,11.518652821875028,1.4599958532035033e-10,0.0
650,39060.0,39060,11.518652822021952,11.518652822021952,-44.65683317506439,0.0,11.518652821875962,1.4598995047357542e-10,0.0
651,39120.0,39120,11.518652822022872,11.518652822022872,-44.47982987669913,0.0,11.518652821876893,1.4598034942329103e-10,0.0
652,39180.0,39180,11.51865282202379,11.51865282202379,-44.30282657833385,0.0,11.518652821877819,1.4597078216933148e-10,0.0
653,39240.0,39240,11.518652822024706,11.518652822024706,-44.125823279968564,0.0,11.518652821878744,1.4596124871151184e-10,0.0
654,39300.0,39300,11.518652822025615,11.518652822025615,-43.94881998160326,0.0,11.518652821879664,1.4595174904963998e-10,0.0
655,39360.0,39360,11.518652822026523,11.518652822026523,-43.771816683237944,0.0,11.51865282188058,1.459422831835382e-10,0.0
656,39420.0,39420,11.518652824229349,-138.48134717577065,-43.594813384872616,150.0,1.2888727004206505e-10,-138.48134717589954,0.0
657,39480.0,39480,11.518652824229328,-138.48134717577068,-45.90283583780229,150.0,1.288837075898641e-10,-138.48134717589957,0.0
658,39540.0,39540,11.518652824229305,-138.4813471757707,-48.21085829073197,150.0,1.288800142989814e-10,-138.48134717589957,0.0
659,39600.0,39600,11.51865282422928,-138.48134717577074,-50.518880743661654,150.0,1.2887619015672e-10,-138.4813471758996,0.0
660,39660.0,39660,11.518652824229255,-138.48134717577074,-52.82690319659133,150.0,1.2887223514964568e-10,-138.4813471758996,0.0
661,39720.0,39720,11.518652824229228,-138.4813471757708,-55.13492564952101,150.0,1.288681492638391e-10,-138.48134717589966,0.0
662,39780.0,39780,11.5186528242292,-138.4813471757708,-57.4429481024507,150.0,1.28863932484795e-10,-138.48134717589969,0.0
663,39840.0,39840,11.518652824229171,-138.48134717577085,-59.75097055538038,150.0,1.288595847974244e-10,-138.4813471758997,0.0
664,39900.0,39900,11.518652824229141,-138.48134717577088,-62.058993008310054,150.0,1.2885510618599248e-10,-138.4813471758997,0.0
665,39960.0,39960,11.518652824229111,-138.48134717577088,-64.36701546123975,150.0,1.2885049663428398e-10,-138.48134717589977,0.0
666,40020.0,40020,11.518652824229079,-138.48134717577094,-66.67503791416942,150.0,1.2884575612551453e-10,-138.48134717589977,0.0
667,40080.0,40080,11.518652824229045,-138.48134717577096,-68.9830603670991,150.0,1.2884088464217454e-10,-138.4813471758998,0.0
668,40140.0,40140,11.51865282422901,-138.48134717577102,-71.29108282002879,150.0,1.2883588216635805e-10,-138.48134717589983,0.0
669,40200.0,40200,11.518652824228976,-138.48134717577102,-73.59910527295848,150.0,1.2883074867942674e-10,-138.48134717589983,0.0
670,40260.0,40260,11.518652824228939,-138.48134717577108,-75.90712772588816,150.0,1.2882548416228111e-10,-138.48134717589988,0.0
671,40320.0,40320,11.518652824228901,-138.4813471757711,-78.21515017881784,150.0,1.2882008859516852e-10,-138.4813471758999,0.0
672,40380.0,40380,11.518652824228862,-138.48134717577116,-80.52317263174753,150.0,1.288145619577551e-10,-138.48134717589997,0.0
673,40440.0,40440,11.518652824228822,-138.4813471757712,-82.83119508467722,150.0,1.288089042291402e-10,-138.4813471759,0.0
674,40500.0,40500,11.51865282422878,-138.48134717577125,-85.13921753760691,150.0,1.288031153878397e-10,-138.48134717590005,0.0
675,40560.0,40560,11.518652824244896,-85.9813471757551,-87.44723999053659,97.5,9.785871736012996e-11,-85.98134717585297,0.0
676,40620.0,40620,11.518652822054134,11.518652822054134,-88.88026244346597,0.0,11.51865282190848,1.4565377023464886e-10,0.0
677,40680.0,40680,11.518652822055845,11.518652822055845,-88.70325914510022,0.0,11.518652821910209,1.4563582765341194e-10,0.0
678,40740.0,40740,11.518652822057552,11.518652822057552,-88.52625584673443,0.0,11.518652821911935,1.4561791937957432e-10,0.0
679,40800.0,40800,11.518652822059257,11.518652822059257,-88.34925254836863,0.0,11.518652821913657,1.4560004541546554e-10,0.0
680,40860.0,40860,11.51865282206096,11.51865282206096,-88.17224925000279,0.0,11.518652821915378,1.4558220576343909e-10,0.0
681,40920.0,40920,11.51865282206266,11.51865282206266,-87.99524595163693,0.0,11.518652821917094,1.455644004257644e-10,0.0
682,40980.0,40980,11.518652822064356,11.518652822064356,-87.81824265327104,0.0,11.51865282191881,1.4554662940466533e-10,0.0
683,41040.0,41040,11.51865282206605,11.51865282206605,-87.64123935490512,0.0,11.51865282192052,1.455288927023705e-10,0.0
684,41100.0,41100,11.518652822067741,11.518652822067741,-87.46423605653919,0.0,11.51865282192223,1.4551119032104852e-10,0.0
685,41160.0,41160,11.518652822069429,11.518652822069429,-87.28723275817322,0.0,11.518652821923936,1.4549352226283913e-10,0.0
686,41220.0,41220,11.518652822071115,11.518652822071115,-87.11022945980723,0.0,11.518652821925638,1.454758885298293e-10,0.0
687,41280.0,41280,11.518652822072799,11.518652822072799,-86.93322616144121,0.0,11.51865282192734,1.4545828912412036e-10,0.0
688,41340.0,41340,11.518652822074477,11.518652822074477,-86.75622286307517,0.0,11.518652821929038,1.454407240476936e-10,0.0
689,41400.0,41400,11.518652822076156,11.518652822076156,-86.5792195647091,0.0,11.518652821930731,1.454231933026095e-10,0.0
690,41460.0,41460,11.51865282207783,11.51865282207783,-86.40221626634302,0.0,11.518652821932424,1.4540569689076533e-10,0.0
691,41520.0,41520,11.5186528220795,11.5186528220795,-86.2252129679769,0.0,11.518652821934113,1.4538823481412073e-10,0.0
692,41580.0,41580,11.518652822081169,11.518652822081169,-86.04820966961076,0.0,11.518652821935799,1.453708070745537e-10,0.0
693,41640.0,41640,11.518652822082835,11.518652822082835,-85.87120637124458,0.0,11.518652821937483,1.4535341367395186e-10,0.0
694,41700.0,41700,11.518652822084498,11.518652822084498,-85.69420307287838,0.0,11.518652821939163,1.4533605461411393e-10,0.0
695,41760.0,41760,11.518652822086159,11.518652822086159,-85.51719977451216,0.0,11.51865282194084,1.4531872989684352e-10,0.0
696,41820.0,41820,11.518652822087818,11.518652822087818,-85.34019647614592,0.0,11.518652821942515,1.4530143952388894e-10,0.0
697,41880.0,41880,11.518652822089471,11.518652822089471,-85.16319317777963,0.0,11.518652821944187,1.4528418349699367e-10,0.0
698,41940.0,41940,11.518652822091124,11.518652822091124,-84.98618987941336,0.0,11.518652821945857,1.4526696181781003e-10,0.0
699,42000.0,42000,11.518652822092772,11.518652822092772,-84.80918658104703,0.0,11.518652821947523,1.4524977448802384e-10,0.0
700,42060.0,42060,11.518652822094419,11.518652822094419,-84.63218328268067,0.0,11.518652821949185,1.452326215092634e-10,0.0
701,42120.0,42120,11.518652822096062,11.518652822096062,-84.45517998431431,0.0,11.518652821950846,1.452155028831209e-10,0.0
702,42180.0,42180,11.518652822097701,11.518652822097701,-84.27817668594791,0.0,11.518652821952504,1.4519841861115255e-10,0.0
703,42240.0,42240,11.51865282209934,11.51865282209934,-84.10117338758148,0.0,11.51865282195416,1.4518136869488093e-10,0.0
704,42300.0,42300,11.518652822100975,11.518652822100975,-83.92417008921504,0.0,11.51865282195581,1.451643531358022e-10,0.0
705,42360.0,42360,11.518652822102606,11.518652822102606,-83.74716679084857,0.0,11.51865282195746,1.451473719354125e-10,0.0
706,42420.0,42420,11.518652822104235,11.518652822104235,-83.57016349248205,0.0,11.518652821959105,1.4513042509509752e-10,0.0
707,42480.0,42480,11.51865282210586,11.51865282210586,-83.39316019411554,0.0,11.518652821960748,1.4511351261629582e-10,0.0
708,42540.0,42540,11.518652822107484,11.518652822107484,-83.216156895749,0.0,11.51865282196239,1.4509663450037386e-10,0.0
709,42600.0,42600,11.518652822109106,11.518652822109106,-83.03915359738241,0.0,11.518652821964025,1.450797907486741e-10,0.0
710,42660.0,42660,11.518652822110724,11.518652822110724,-82.86215029901582,0.0,11.51865282196566,1.4506298136248615e-10,0.0
711,42720.0,42720,11.518652822112337,11.518652822112337,-82.6851470006492,0.0,11.518652821967292,1.4504620634311408e-10,0.0
712,42780.0,42780,11.51865282211395,11.51865282211395,-82.50814370228255,0.0,11.51865282196892,1.4502946569179946e-10,0.0
713,42840.0,42840,11.518652822115557,11.518652822115557,-82.33114040391588,0.0,11.518652821970546,1.450127594097695e-10,0.0
714,42900.0,42900,11.518652822117165,11.518652822117165,-82.15413710554918,0.0,11.518652821972168,1.4499608749818414e-10,0.0
715,42960.0,42960,11.518652822118767,11.518652822118767,-81.97713380718247,0.0,11.518652821973788,1.4497944995825132e-10,0.0
716,43020.0,43020,11.518652822120368,11.518652822120368,-81.80013050881571,0.0,11.518652821975405,1.449628467910614e-10,0.0
717,43080.0,43080,11.518652822121965,11.518652822121965,-81.62312721044894,0.0,11.518652821977017,1.4494627799774545e-10,0.0
718,43140.0,43140,11.51865282212356,11.51865282212356,-81.44612391208216,0.0,11.51865282197863,1.4492974357936738e-10,0.0
719,43200.0,43200,11.51865282212515,11.51865282212515,-81.26912061371533,0.0,11.518652821980238,1.4491324353695986e-10,0.0
720,43260.0,43260,11.51865282212674,11.51865282212674,-81.09211731534849,0.0,11.518652821981842,1.4489677787156036e-10,0.0
721,43320.0,43320,11.518652822128324,11.518652822128324,-80.9151140169816,0.0,11.518652821983444,1.4488034658413424e-10,0.0
722,43380.0,43380,11.518652822129908,11.518652822129908,-80.73811071861472,0.0,11.518652821985045,1.4486394967567822e-10,0.0
723,43440.0,43440,11.518652822131488,11.518652822131488,-80.5611074202478,0.0,11.51865282198664,1.4484758714709286e-10,0.0
724,43500.0,43500,11.518652822133065,11.518652822133065,-80.38410412188085,0.0,11.518652821988233,1.4483125899927388e-10,0.0
725,43560.0,43560,11.518652822134639,11.518652822134639,-80.20710082351388,0.0,11.518652821989823,1.4481496523312913e-10,0.0
726,43620.0,43620,11.51865282213621,11.51865282213621,-80.0300975251469,0.0,11.518652821991411,1.4479870584948469e-10,0.0
727,43680.0,43680,11.518652822137778,11.518652822137778,-79.85309422677989,0.0,11.518652821992996,1.4478248084917873e-10,0.0
728,43740.0,43740,11.518652822139343,11.518652822139343,-79.67609092841285,0.0,11.518652821994577,1.4476629023298935e-10,0.0
729,43800.0,43800,11.518652822140904,11.518652822140904,-79.49908763004578,0.0,11.518652821996156,1.4475013400171625e-10,0.0
730,43860.0,43860,11.518652822142466,11.518652822142466,-79.3220843316787,0.0,11.518652821997732,1.4473401215604627e-10,0.0
731,43920.0,43920,11.518652822144022,11.518652822144022,-79.14508103331158,0.0,11.518652821999304,1.447179246967407e-10,0.0
732,43980.0,43980,11.518652822145574,11.518652822145574,-78.96807773494446,0.0,11.518652822000872,1.4470187162448399e-10,0.0
733,44040.0,44040,11.518652822147125,11.518652822147125,-78.79107443657729,0.0,11.518652822002439,1.4468585293994614e-10,0.0
734,44100.0,44100,11.518652822148672,11.518652822148672,-78.61407113821011,0.0,11.518652822004002,1.4466986864374918e-10,0.0
735,44160.0,44160,11.518652822150218,11.518652822150218,-78.43706783984291,0.0,11.518652822005562,1.446539187364935e-10,0.0
736,44220.0,44220,11.518652822151758,11.518652822151758,-78.26006454147567,0.0,11.51865282200712,1.446380032187915e-10,0.0
737,44280.0,44280,11.518652822153298,11.518652822153298,-78.08306124310842,0.0,11.518652822008676,1.4462212209120988e-10,0.0
738,44340.0,44340,11.518652822154833,11.518652822154833,-77.90605794474114,0.0,11.518652822010226,1.4460627535427223e-10,0.0
739,44400.0,44400,11.518652822156366,11.518652822156366,-77.72905464637384,0.0,11.518652822011774,1.445904630084949e-10,0.0
740,44460.0,44460,11.518652822157895,11.518652822157895,-77.55205134800651,0.0,11.51865282201332,1.4457468505434373e-10,0.0
741,44520.0,44520,11.518652822159423,11.518652822159423,-77.37504804963916,0.0,11.518652822014863,1.445589414923351e-10,0.0
742,44580.0,44580,11.518652822160945,11.518652822160945,-77.1980447512718,0.0,11.518652822016401,1.4454323232287003e-10,0.0
743,44640.0,44640,11.518652822162466,11.518652822162466,-77.02104145290441,0.0,11.51865282201794,1.4452755754637122e-10,0.0
744,44700.0,44700,11.518652822163984,11.518652822163984,-76.84403815453699,0.0,11.518652822019472,1.4451191716323253e-10,0.0
745,44760.0,44760,11.518652822165498,11.518652822165498,-76.66703485616955,0.0,11.518652822021002,1.4449631117383577e-10,0.0
746,44820.0,44820,11.518652822167011,11.518652822167011,-76.49003155780208,0.0,11.51865282202253,1.444807395785196e-10,0.0
747,44880.0,44880,11.51865282216852,11.51865282216852,-76.3130282594346,0.0,11.518652822024054,1.4446520237757455e-10,0.0
748,44940.0,44940,11.518652822170026,11.518652822170026,-76.13602496106708,0.0,11.518652822025576,1.444496995713585e-10,0.0
749,45000.0,45000,11.518652822171527,11.518652822171527,-75.95902166269956,0.0,11.518652822027095,1.444342311601164e-10,0.0
750,45060.0,45060,11.518652822173028,11.518652822173028,-75.78201836433199,0.0,11.518652822028608,1.444187971441004e-10,0.0
751,45120.0,45120,11.518652822174523,11.518652822174523,-75.60501506596442,0.0,11.518652822030122,1.4440339752354102e-10,0.0
752,45180.0,45180,11.518652822176017,11.518652822176017,-75.42801176759681,0.0,11.51865282203163,1.4438803229867127e-10,0.0
753,45240.0,45240,11.518652822177508,11.518652822177508,-75.25100846922919,0.0,11.518652822033136,1.443727014696592e-10,0.0
754,45300.0,45300,11.518652822178996,11.518652822178996,-75.07400517086154,0.0,11.518652822034639,1.4435740503667298e-10,0.0
755,45360.0,45360,11.51865282218048,11.51865282218048,-74.89700187249386,0.0,11.518652822036138,1.4434214299987106e-10,0.0
756,45420.0,45420,11.518652822181961,11.518652822181961,-74.71999857412617,0.0,11.518652822037636,1.4432691535936393e-10,0.0
757,45480.0,45480,11.51865282218344,11.51865282218344,-74.54299527575846,0.0,11.51865282203913,1.4431172211526445e-10,0.0
758,45540.0,45540,11.518652822184917,11.518652822184917,-74.3659919773907,0.0,11.51865282204062,1.442965632676399e-10,0.0
759,45600.0,45600,11.51865282218639,11.51865282218639,-74.18898867902296,0.0,11.518652822042107,1.4428143881656466e-10,0.0
760,45660.0,45660,11.518652822187859,11.518652822187859,-74.01198538065516,0.0,11.518652822043592,1.4426634876208682e-10,0.0
761,45720.0,45720,11.518652822189326,11.518652822189326,-73.83498208228735,0.0,11.518652822045073,1.4425129310420158e-10,0.0
762,45780.0,45780,11.518652822190788,11.518652822190788,-73.65797878391952,0.0,11.518652822046551,1.442362718429473e-10,0.0
763,45840.0,45840,11.518652822192248,11.518652822192248,-73.48097548555167,0.0,11.518652822048027,1.4422128497824482e-10,0.0
764,45900.0,45900,11.518652822193706,11.518652822193706,-73.3039721871838,0.0,11.5186528220495,1.4420633251011808e-10,0.0
765,45960.0,45960,11.51865282219516,11.51865282219516,-73.1269688888159,0.0,11.518652822050969,1.4419141443846626e-10,0.0
766,46020.0,46020,11.51865282219661,11.51865282219661,-72.94996559044799,0.0,11.518652822052434,1.441765307632221e-10,0.0
767,46080.0,46080,11.518652822198058,11.518652822198058,-72.77296229208005,0.0,11.518652822053898,1.4416168148430872e-10,0.0
768,46140.0,46140,11.518652822199504,11.518652822199504,-72.59595899371207,0.0,11.518652822055357,1.4414686660158207e-10,0.0
769,46200.0,46200,11.518652822200945,11.518652822200945,-72.4189556953441,0.0,11.518652822056815,1.4413208611491488e-10,0.0
770,46260.0,46260,11.518652822202384,11.518652822202384,-72.24195239697609,0.0,11.518652822058268,1.4411734002415342e-10,0.0
771,46320.0,46320,11.51865282220382,11.51865282220382,-72.06494909860805,0.0,11.518652822059718,1.4410262832913198e-10,0.0
772,46380.0,46380,11.518652822205253,11.518652822205253,-71.88794580024,0.0,11.518652822061163,1.4408795102964884e-10,0.0
773,46440.0,46440,11.518652822206683,11.518652822206683,-71.71094250187193,0.0,11.51865282206261,1.440733081255071e-10,0.0
774,46500.0,46500,11.518652822208109,11.518652822208109,-71.53393920350383,0.0,11.51865282206405,1.4405869961645694e-10,0.0
775,46560.0,46560,11.518652822209532,11.518652822209532,-71.35693590513571,0.0,11.518652822065489,1.440441255022871e-10,0.0
776,46620.0,46620,11.518652822210951,11.518652822210951,-71.17993260676758,0.0,11.518652822066922,1.4402958578272853e-10,0.0
777,46680.0,46680,11.518652822212369,11.518652822212369,-71.00292930839942,0.0,11.518652822068354,1.440150804574715e-10,0.0
778,46740.0,46740,11.518652822213783,11.518652822213783,-70.82592601003124,0.0,11.518652822069784,1.4400060952624218e-10,0.0
779,46800.0,46800,11.518652822215193,11.518652822215193,-70.64892271166303,0.0,11.518652822071209,1.439861729887356e-10,0.0
780,46860.0,46860,11.518652822216602,11.518652822216602,-70.4719194132948,0.0,11.51865282207263,1.4397177084461316e-10,0.0
781,46920.0,46920,11.518652822218007,11.518652822218007,-70.29491611492655,0.0,11.51865282207405,1.4395740309351457e-10,0.0
782,46980.0,46980,11.518652822219408,11.518652822219408,-70.11791281655829,0.0,11.518652822075465,1.4394306973512048e-10,0.0
783,47040.0,47040,11.518652822220808,11.518652822220808,-69.94090951819,0.0,11.518652822076879,1.439287707689938e-10,0.0
784,47100.0,47100,11.518652822222203,11.518652822222203,-69.76390621982168,0.0,11.518652822078288,1.439145061947815e-10,0.0
785,47160.0,47160,11.518652822223595,11.518652822223595,-69.58690292145334,0.0,11.518652822079694,1.439002760120585e-10,0.0
786,47220.0,47220,11.518652822224984,11.518652822224984,-69.40989962308498,0.0,11.518652822081098,1.4388608022040452e-10,0.0
787,47280.0,47280,11.51865282222637,11.51865282222637,-69.2328963247166,0.0,11.5186528220825,1.438719188193777e-10,0.0
788,47340.0,47340,11.518652822227754,11.518652822227754,-69.05589302634822,0.0,11.518652822083896,1.4385779180853615e-10,0.0
789,47400.0,47400,11.518652822229132,11.518652822229132,-68.87888972797978,0.0,11.518652822085288,1.4384369918736113e-10,0.0
790,47460.0,47460,11.518652822230509,11.518652822230509,-68.70188642961135,0.0,11.518652822086679,1.4382964095538912e-10,0.0
791,47520.0,47520,11.518652822231882,11.518652822231882,-68.52488313124289,0.0,11.518652822088066,1.4381561711215426e-10,0.0
792,47580.0,47580,11.518652822233253,11.518652822233253,-68.3478798328744,0.0,11.51865282208945,1.438016276570922e-10,0.0
793,47640.0,47640,11.51865282223462,11.51865282223462,-68.1708765345059,0.0,11.518652822090832,1.4378767258971298e-10,0.0
794,47700.0,47700,11.518652822235984,11.518652822235984,-67.99387323613738,0.0,11.518652822092209,1.4377375190942342e-10,0.0
795,47760.0,47760,11.518652822237344,11.518652822237344,-67.81686993776883,0.0,11.518652822093584,1.4375986561570723e-10,0.0
796,47820.0,47820,11.518652822238701,11.518652822238701,-67.63986663940025,0.0,11.518652822094955,1.437460137079664e-10,0.0
797,47880.0,47880,11.518652822240057,11.518652822240057,-67.46286334103168,0.0,11.518652822096325,1.4373219618564617e-10,0.0
798,47940.0,47940,11.518652822241409,11.518652822241409,-67.28586004266306,0.0,11.518652822097689,1.4371841304812457e-10,0.0
799,48000.0,48000,11.518652822242755,11.518652822242755,-67.10885674429444,0.0,11.518652822099051,1.4370466429479157e-10,0.0
800,48060.0,48060,11.518652822244102,11.518652822244102,-66.93185344592578,0.0,11.51865282210041,1.4369094992502038e-10,0.0
801,48120.0,48120,11.518652822245443,11.518652822245443,-66.75485014755711,0.0,11.518652822101766,1.436772699381818e-10,0.0
802,48180.0,48180,11.518652822246782,11.518652822246782,-66.57784684918842,0.0,11.51865282210312,1.43663624333613e-10,0.0
803,48240.0,48240,11.518652822248116,11.518652822248116,-66.4008435508197,0.0,11.518652822104468,1.4365001311067518e-10,0.0
804,48300.0,48300,11.51865282224945,11.51865282224945,-66.22384025245097,0.0,11.518652822105814,1.4363643626865988e-10,0.0
805,48360.0,48360,11.518652822250777,11.518652822250777,-66.04683695408222,0.0,11.518652822107155,1.4362289380689706e-10,0.0
806,48420.0,48420,11.518652822252104,11.518652822252104,-65.86983365571345,0.0,11.518652822108495,1.4360938572471432e-10,0.0
807,48480.0,48480,11.518652822253427,11.518652822253427,-65.69283035734465,0.0,11.51865282210983,1.4359591202134074e-10,0.0
808,48540.0,48540,11.518652822254746,11.518652822254746,-65.51582705897583,0.0,11.518652822111164,1.4358247269609427e-10,0.0
809,48600.0,48600,11.518652822256064,11.518652822256064,-65.338823760607,0.0,11.518652822112493,1.4356906774822804e-10,0.0
810,48660.0,48660,11.518652822257375,11.518652822257375,-65.16182046223814,0.0,11.51865282211382,1.4355569717699278e-10,0.0
811,48720.0,48720,11.518652822258685,11.518652822258685,-64.98481716386927,0.0,11.518652822115143,1.4354236098164162e-10,0.0
812,48780.0,48780,11.518652822259993,11.518652822259993,-64.80781386550038,0.0,11.518652822116463,1.4352905916141804e-10,0.0
813,48840.0,48840,11.518652822261297,11.518652822261297,-64.63081056713146,0.0,11.51865282211778,1.4351579171551515e-10,0.0
814,48900.0,48900,11.518652822262595,11.518652822262595,-64.45380726876253,0.0,11.518652822119094,1.4350255864314284e-10,0.0
815,48960.0,48960,11.518652822263892,11.518652822263892,-64.27680397039357,0.0,11.518652822120403,1.43489359943547e-10,0.0
816,49020.0,49020,11.518652822265187,11.518652822265187,-64.09980067202459,0.0,11.51865282212171,1.434761956158655e-10,0.0
817,49080.0,49080,11.518652822266478,11.518652822266478,-63.922797373655605,0.0,11.518652822123014,1.4346306565931544e-10,0.0
818,49140.0,49140,11.518652822267764,11.518652822267764,-63.7457940752866,0.0,11.518652822124315,1.4344997007304189e-10,0.0
819,49200.0,49200,11.518652822269049,11.518652822269049,-63.56879077691755,0.0,11.518652822125611,1.4343690885623548e-10,0.0
820,49260.0,49260,11.51865282227033,11.51865282227033,-63.3917874785485,0.0,11.518652822126905,1.4342388200800526e-10,0.0
821,49320.0,49320,11.518652822271607,11.518652822271607,-63.21478418017942,0.0,11.518652822128196,1.434108895275323e-10,0.0
822,49380.0,49380,11.518652822272882,11.518652822272882,-63.03778088181033,0.0,11.518652822129484,1.4339793141392086e-10,0.0
823,49440.0,49440,11.518652822274154,11.518652822274154,-62.86077758344121,0.0,11.518652822130768,1.4338500766633036e-10,0.0
824,49500.0,49500,11.51865282227542,11.51865282227542,-62.68377428507208,0.0,11.518652822132049,1.433721182838386e-10,0.0
825,49560.0,49560,11.518652822276685,11.518652822276685,-62.506770986702925,0.0,11.518652822133326,1.4335926326556908e-10,0.0
826,49620.0,49620,11.518652822277947,11.518652822277947,-62.32976768833375,0.0,11.5186528221346,1.4334644261063797e-10,0.0
827,49680.0,49680,11.518652822279204,11.518652822279204,-62.15276438996456,0.0,11.518652822135872,1.4333365631809908e-10,0.0
828,49740.0,49740,11.518652822280458,11.518652822280458,-61.97576109159534,0.0,11.518652822137138,1.4332090438704945e-10,0.0
829,49800.0,49800,11.51865282228171,11.51865282228171,-61.798757793226116,0.0,11.518652822138403,1.4330818681656685e-10,0.0
830,49860.0,49860,11.51865282228296,11.51865282228296,-61.621754494856866,0.0,11.518652822139664,1.4329550360571712e-10,0.0
831,49920.0,49920,11.518652822284205,11.518652822284205,-61.44475119648759,0.0,11.518652822140922,1.4328285475355402e-10,0.0
832,49980.0,49980,11.518652822285446,11.518652822285446,-61.26774789811831,0.0,11.518652822142176,1.4327024025912658e-10,0.0
833,50040.0,50040,11.518652822286684,11.518652822286684,-61.090744599749016,0.0,11.518652822143428,1.4325766012150533e-10,0.0
834,50100.0,50100,11.51865282228792,11.51865282228792,-60.91374130137968,0.0,11.518652822144675,1.432451143396841e-10,0.0
835,50160.0,50160,11.518652822289152,11.518652822289152,-60.73673800301033,0.0,11.51865282214592,1.4323260291269746e-10,0.0
836,50220.0,50220,11.518652822290381,11.518652822290381,-60.55973470464098,0.0,11.51865282214716,1.4322012583961116e-10,0.0
837,50280.0,50280,11.518652822291607,11.518652822291607,-60.38273140627159,0.0,11.518652822148399,1.43207683119395e-10,0.0
838,50340.0,50340,11.518652822292829,11.518652822292829,-60.20572810790219,0.0,11.518652822149633,1.431952747510763e-10,0.0
839,50400.0,50400,11.518652822294047,11.518652822294047,-60.028724809532775,0.0,11.518652822150864,1.4318290073365847e-10,0.0
840,50460.0,50460,11.518652822295262,11.518652822295262,-59.85172151116335,0.0,11.518652822152092,1.4317056106614962e-10,0.0
841,50520.0,50520,11.518652822296476,11.518652822296476,-59.674718212793884,0.0,11.518652822153317,1.4315825574752434e-10,0.0
842,50580.0,50580,11.518652822297684,11.518652822297684,-59.49771491442442,0.0,11.518652822154538,1.4314598477677396e-10,0.0
843,50640.0,50640,11.51865282229889,11.51865282229889,-59.32071161605492,0.0,11.518652822155756,1.4313374815286584e-10,0.0
844,50700.0,50700,11.518652822300092,11.518652822300092,-59.14370831768541,0.0,11.518652822156971,1.431215458747913e-10,0.0
845,50760.0,50760,11.518652822301291,11.518652822301291,-58.96670501931588,0.0,11.518652822158181,1.431093779415369e-10,0.0
846,50820.0,50820,11.518652822302487,11.518652822302487,-58.789701720946326,0.0,11.518652822159389,1.4309724435200752e-10,0.0
847,50880.0,50880,11.51865282230368,11.51865282230368,-58.61269842257676,0.0,11.518652822160593,1.4308514510520898e-10,0.0
848,50940.0,50940,11.518652822304869,11.518652822304869,-58.43569512420717,0.0,11.518652822161796,1.4307308020009413e-10,0.0
849,51000.0,51000,11.518652822306056,11.518652822306056,-58.258691825837566,0.0,11.518652822162993,1.4306104963559917e-10,0.0
850,51060.0,51060,11.518652822307237,11.518652822307237,-58.08168852746794,0.0,11.518652822164187,1.4304905341065534e-10,0.0
851,51120.0,51120,11.518652822308415,11.518652822308415,-57.9046852290983,0.0,11.518652822165379,1.4303709152423723e-10,0.0
852,51180.0,51180,11.51865282230959,11.51865282230959,-57.727681930728636,0.0,11.518652822166565,1.430251639752521e-10,0.0
853,51240.0,51240,11.518652822310765,11.518652822310765,-57.55067863235896,0.0,11.51865282216775,1.430132707626457e-10,0.0
854,51300.0,51300,11.518652822311934,11.518652822311934,-57.373675333989254,0.0,11.518652822168931,1.4300141188535174e-10,0.0
855,51360.0,51360,11.518652822313099,11.518652822313099,-57.19667203561954,0.0,11.51865282217011,1.4298958734228474e-10,0.0
856,51420.0,51420,11.51865282231426,11.51865282231426,-57.019668737249816,0.0,11.518652822171283,1.4297779713236637e-10,0.0
857,51480.0,51480,11.51865282231542,11.51865282231542,-56.84266543888006,0.0,11.518652822172454,1.4296604125450634e-10,0.0
858,51540.0,51540,11.518652822316577,11.518652822316577,-56.6656621405103,0.0,11.518652822173623,1.4295431970764081e-10,0.0
859,51600.0,51600,11.518652822317728,11.518652822317728,-56.48865884214052,0.0,11.518652822174785,1.4294263249066503e-10,0.0
860,51660.0,51660,11.518652822318879,11.518652822318879,-56.31165554377071,0.0,11.518652822175946,1.429309796025055e-10,0.0
861,51720.0,51720,11.518652822320023,11.518652822320023,-56.134652245400886,0.0,11.518652822177103,1.4291936104204313e-10,0.0
862,51780.0,51780,11.518652822321165,11.518652822321165,-55.95764894703105,0.0,11.518652822178257,1.4290777680818522e-10,0.0
863,51840.0,51840,11.518652822322306,11.518652822322306,-55.7806456486612,0.0,11.518652822179408,1.4289622689983904e-10,0.0
864,51900.0,51900,11.518652822323439,11.518652822323439,-55.60364235029133,0.0,11.518652822180556,1.4288471131591433e-10,0.0
865,51960.0,51960,11.518652822324572,11.518652822324572,-55.426639051921434,0.0,11.5186528221817,1.4287323005529432e-10,0.0
866,52020.0,52020,11.518652822325702,11.518652822325702,-55.24963575355153,0.0,11.51865282218284,1.4286178311686236e-10,0.0
867,52080.0,52080,11.518652822326827,11.518652822326827,-55.0726324551816,0.0,11.518652822183977,1.4285037049954008e-10,0.0
868,52140.0,52140,11.51865282232795,11.51865282232795,-54.89562915681166,0.0,11.51865282218511,1.4283899220218203e-10,0.0
869,52200.0,52200,11.518652822329068,11.518652822329068,-54.718625858441705,0.0,11.51865282218624,1.4282764822370743e-10,0.0
870,52260.0,52260,11.518652822330184,11.518652822330184,-54.54162256007172,0.0,11.518652822187368,1.4281633856298522e-10,0.0
871,52320.0,52320,11.518652822331296,11.518652822331296,-54.36461926170173,0.0,11.518652822188491,1.4280506321892508e-10,0.0
872,52380.0,52380,11.518652822332404,11.518652822332404,-54.18761596333172,0.0,11.51865282218961,1.4279382219037187e-10,0.0
873,52440.0,52440,11.51865282233351,11.51865282233351,-54.01061266496169,0.0,11.518652822190727,1.4278261547625928e-10,0.0
874,52500.0,52500,11.518652822334612,11.518652822334612,-53.83360936659165,0.0,11.518652822191841,1.427714430754346e-10,0.0
875,52560.0,52560,11.51865282233571,11.51865282233571,-53.65660606822159,0.0,11.51865282219295,1.4276030498678832e-10,0.0
876,52620.0,52620,11.518652822336804,11.518652822336804,-53.47960276985152,0.0,11.518652822194056,1.4274920120921328e-10,0.0
877,52680.0,52680,11.518652822337897,11.518652822337897,-53.302599471481415,0.0,11.518652822195158,1.4273813174157843e-10,0.0
878,52740.0,52740,11.518652822338986,11.518652822338986,-53.1255961731113,0.0,11.518652822196257,1.427270965827766e-10,0.0
879,52800.0,52800,11.51865282234007,11.51865282234007,-52.94859287474118,0.0,11.518652822197353,1.427160957316815e-10,0.0
880,52860.0,52860,11.518652822341151,11.518652822341151,-52.771589576371035,0.0,11.518652822198446,1.42705129187186e-10,0.0
881,52920.0,52920,11.51865282234223,11.51865282234223,-52.59458627800087,0.0,11.518652822199535,1.4269419694815898e-10,0.0
882,52980.0,52980,11.518652822343304,11.518652822343304,-52.417582979630694,0.0,11.51865282220062,1.4268329901348373e-10,0.0
883,53040.0,53040,11.518652822344375,11.518652822344375,-52.240579681260506,0.0,11.518652822201702,1.4267243538205552e-10,0.0
884,53100.0,53100,11.518652822345443,11.518652822345443,-52.06357638289029,0.0,11.518652822202782,1.4266160605274324e-10,0.0
885,53160.0,53160,11.518652822346507,11.518652822346507,-51.886573084520066,0.0,11.518652822203856,1.426508110244446e-10,0.0
886,53220.0,53220,11.518652822347569,11.518652822347569,-51.709569786149814,0.0,11.518652822204928,1.4264005029605247e-10,0.0
887,53280.0,53280,11.518652822348626,11.518652822348626,-51.53256648777955,0.0,11.518652822205997,1.426293238664285e-10,0.0
888,53340.0,53340,11.51865282234968,11.51865282234968,-51.35556318940928,0.0,11.518652822207063,1.42618631734468e-10,0.0
889,53400.0,53400,11.518652822350731,11.518652822350731,-51.17855989103898,0.0,11.518652822208123,1.4260797389907587e-10,0.0
890,53460.0,53460,11.518652822351777,11.518652822351777,-51.00155659266867,0.0,11.51865282220918,1.425973503591186e-10,0.0
891,53520.0,53520,11.518652822352822,11.518652822352822,-50.82455329429834,0.0,11.518652822210235,1.4258676111351305e-10,0.0
892,53580.0,53580,11.518652822353863,11.518652822353863,-50.647549995928,0.0,11.518652822211285,1.4257620616113774e-10,0.0
893,53640.0,53640,11.5186528223549,11.5186528223549,-50.47054669755765,0.0,11.518652822212335,1.4256568550089993e-10,0.0
894,53700.0,53700,11.518652822355934,11.518652822355934,-50.29354339918727,0.0,11.518652822213378,1.4255519913167575e-10,0.0
895,53760.0,53760,11.518652822356964,11.518652822356964,-50.116540100816884,0.0,11.518652822214419,1.4254474705240366e-10,0.0
896,53820.0,53820,11.51865282235799,11.51865282235799,-49.93953680244648,0.0,11.518652822215456,1.4253432926195257e-10,0.0
897,53880.0,53880,11.518652822359014,11.518652822359014,-49.76253350407606,0.0,11.51865282221649,1.425239457592394e-10,0.0
898,53940.0,53940,11.518652822360034,11.518652822360034,-49.58553020570563,0.0,11.51865282221752,1.4251359654316902e-10,0.0
899,54000.0,54000,11.51865282236105,11.51865282236105,-49.40852690733517,0.0,11.518652822218547,1.4250328161266554e-10,0.0
900,54060.0,54060,11.518652822362062,11.518652822362062,-49.231523608964714,0.0,11.518652822219568,1.4249300096664106e-10,0.0
901,54120.0,54120,11.518652822363073,11.518652822363073,-49.05452031059423,0.0,11.518652822220588,1.4248275460398126e-10,0.0
902,54180.0,54180,11.518652822364079,11.518652822364079,-48.877517012223734,0.0,11.518652822221604,1.424725425236463e-10,0.0
903,54240.0,54240,11.51865282236508,11.51865282236508,-48.70051371385322,0.0,11.518652822222618,1.4246236472453384e-10,0.0
904,54300.0,54300,11.518652822366079,11.518652822366079,-48.52351041548269,0.0,11.518652822223627,1.4245222120558485e-10,0.0
905,54360.0,54360,11.518652822367073,11.518652822367073,-48.34650711711215,0.0,11.518652822224633,1.424421119657354e-10,0.0
906,54420.0,54420,11.518652822368066,11.518652822368066,-48.169503818741575,0.0,11.518652822225635,1.4243203700389276e-10,0.0
907,54480.0,54480,11.518652822369054,11.518652822369054,-47.992500520370996,0.0,11.518652822226633,1.4242199631902195e-10,0.0
908,54540.0,54540,11.51865282237004,11.51865282237004,-47.81549722200041,0.0,11.518652822227628,1.4241198991005184e-10,0.0
909,54600.0,54600,11.518652822371022,11.518652822371022,-47.6384939236298,0.0,11.518652822228619,1.4240201777592572e-10,0.0
910,54660.0,54660,11.518652822372,11.518652822372,-47.46149062525918,0.0,11.518652822229608,1.4239207991560617e-10,0.0
911,54720.0,54720,11.518652822372974,11.518652822372974,-47.284487326888545,0.0,11.518652822230592,1.4238217632804372e-10,0.0
912,54780.0,54780,11.518652822373946,11.518652822373946,-47.107484028517895,0.0,11.518652822231573,1.4237230701219604e-10,0.0
913,54840.0,54840,11.518652822374913,11.518652822374913,-46.93048073014723,0.0,11.51865282223255,1.4236247196703054e-10,0.0
914,54900.0,54900,11.518652822375877,11.518652822375877,-46.75347743177655,0.0,11.518652822233525,1.4235267119150733e-10,0.0
915,54960.0,54960,11.518652822376838,11.518652822376838,-46.57647413340586,0.0,11.518652822234497,1.4234290468460812e-10,0.0
916,55020.0,55020,11.518652822377796,11.518652822377796,-46.39947083503515,0.0,11.518652822235461,1.423331724453051e-10,0.0
917,55080.0,55080,11.51865282237875,11.51865282237875,-46.222467536664425,0.0,11.518652822236426,1.423234744725896e-10,0.0
918,55140.0,55140,11.5186528223797,11.5186528223797,-46.04546423829369,0.0,11.518652822237385,1.4231381076544095e-10,0.0
919,55200.0,55200,11.518652822380647,11.518652822380647,-45.86846093992293,0.0,11.518652822238343,1.4230418132287454e-10,0.0
920,55260.0,55260,11.51865282238159,11.51865282238159,-45.69145764155216,0.0,11.518652822239295,1.422945861438625e-10,0.0
921,55320.0,55320,11.51865282238253,11.51865282238253,-45.514454343181384,0.0,11.518652822240243,1.4228502522743463e-10,0.0
922,55380.0,55380,11.518652822383466,11.518652822383466,-45.337451044810585,0.0,11.51865282224119,1.4227549857259665e-10,0.0
923,55440.0,55440,11.518652822384398,11.518652822384398,-45.16044774643978,0.0,11.518652822242132,1.4226600617836154e-10,0.0
924,55500.0,55500,11.518652822385327,11.518652822385327,-44.98344444806895,0.0,11.518652822243071,1.422565480437519e-10,0.0
925,55560.0,55560,11.518652822386253,11.518652822386253,-44.80644114969811,0.0,11.518652822244006,1.422471241678047e-10,0.0
926,55620.0,55620,11.518652822387175,11.518652822387175,-44.62943785132726,0.0,11.518652822244936,1.422377345495545e-10,0.0
927,55680.0,55680,11.518652822388095,11.518652822388095,-44.4524345529564,0.0,11.518652822245866,1.4222837918803827e-10,0.0
928,55740.0,55740,11.51865282238901,11.51865282238901,-44.275431254585506,0.0,11.51865282224679,1.4221905808233147e-10,0.0
929,55800.0,55800,11.518652822389921,11.518652822389921,-44.098427956214614,0.0,11.518652822247711,1.4220977123142303e-10,0.0
930,55860.0,55860,11.518652822390829,11.518652822390829,-43.9214246578437,0.0,11.518652822248628,1.4220051863445799e-10,0.0
931,55920.0,55920,11.518652822391733,11.518652822391733,-43.744421359472774,0.0,11.51865282224954,1.421913002904517e-10,0.0
932,55980.0,55980,11.518652822392633,11.518652822392633,-43.56741806110183,0.0,11.518652822250452,1.4218211619851562e-10,0.0
933,56040.0,56040,11.51865282239353,11.51865282239353,-43.390414762730884,0.0,11.518652822251358,1.4217296635769394e-10,0.0
934,56100.0,56100,11.518652822394426,11.518652822394426,-43.213411464359915,0.0,11.518652822252262,1.4216385076712688e-10,0.0
935,56160.0,56160,11.518652822395316,11.518652822395316,-43.03640816598894,0.0,11.518652822253161,1.4215476942586107e-10,0.0
936,56220.0,56220,11.518652822396202,11.518652822396202,-42.85940486761795,0.0,11.518652822254056,1.4214572233305832e-10,0.0
937,56280.0,56280,11.518652822397085,11.518652822397085,-42.68240156924694,0.0,11.518652822254948,1.4213670948777723e-10,0.0
938,56340.0,56340,11.518652822397964,11.518652822397964,-42.50539827087592,0.0,11.518652822255838,1.4212773088917493e-10,0.0
939,56400.0,56400,11.518652822398842,11.518652822398842,-42.32839497250488,0.0,11.518652822256723,1.4211878653636036e-10,0.0
940,56460.0,56460,11.518652822399714,11.518652822399714,-42.15139167413384,0.0,11.518652822257605,1.4210987642849783e-10,0.0
941,56520.0,56520,11.518652822400584,11.518652822400584,-41.97438837576278,0.0,11.518652822258483,1.4210100056471798e-10,0.0
942,56580.0,56580,11.51865282240145,11.51865282240145,-41.79738507739171,0.0,11.518652822259357,1.4209215894417307e-10,0.0
943,56640.0,56640,11.518652822402311,11.518652822402311,-41.62038177902062,0.0,11.518652822260227,1.4208335156602492e-10,0.0
944,56700.0,56700,11.51865282240317,11.51865282240317,-41.443378480649514,0.0,11.518652822261094,1.4207457842944025e-10,0.0
945,56760.0,56760,11.518652822404025,11.518652822404025,-41.2663751822784,0.0,11.51865282226196,1.420658395336073e-10,0.0
946,56820.0,56820,11.518652822404876,11.518652822404876,-41.089371883907276,0.0,11.518652822262819,1.4205713487771198e-10,0.0
947,56880.0,56880,11.518652822405723,11.518652822405723,-40.912368585536136,0.0,11.518652822263675,1.4204846446094012e-10,0.0
948,56940.0,56940,11.518652822406567,11.518652822406567,-40.73536528716499,0.0,11.518652822264528,1.420398282825209e-10,0.0
949,57000.0,57000,11.518652822407407,11.518652822407407,-40.55836198879382,0.0,11.518652822265377,1.420312263416377e-10,0.0
950,57060.0,57060,11.518652822408244,11.518652822408244,-40.381358690422644,0.0,11.518652822266223,1.4202265863756294e-10,0.0
951,57120.0,57120,11.518652822409079,11.518652822409079,-40.204355392051454,0.0,11.518652822267065,1.4201412516947044e-10,0.0
952,57180.0,57180,11.518652822409909,11.518652822409909,-40.02735209368024,0.0,11.518652822267903,1.4200562593663975e-10,0.0
953,57240.0,57240,11.518652822410735,11.518652822410735,-39.85034879530903,0.0,11.518652822268738,1.419971609383168e-10,0.0
954,57300.0,57300,11.518652822411557,11.518652822411557,-39.6733454969378,0.0,11.518652822269567,1.4198873017374988e-10,0.0
955,57360.0,57360,11.518652822412378,11.518652822412378,-39.49634219856656,0.0,11.518652822270395,1.4198033364222573e-10,0.0
956,57420.0,57420,11.518652822413191,11.518652822413191,-39.3193389001953,0.0,11.51865282227122,1.419719713430167e-10,0.0
957,57480.0,57480,11.518652822414005,11.518652822414005,-39.14233560182403,0.0,11.51865282227204,1.4196364327541677e-10,0.0
958,57540.0,57540,11.518652822414813,11.518652822414813,-38.96533230345275,0.0,11.518652822272857,1.4195534943874626e-10,0.0
959,57600.0,57600,11.518652822415618,11.518652822415618,-38.78832900508146,0.0,11.518652822273669,1.419470898322871e-10,0.0
960,57660.0,57660,11.518652822416417,11.518652822416417,-38.61132570671015,0.0,11.518652822274479,1.4193886445535966e-10,0.0
961,57720.0,57720,11.518652822417216,11.518652822417216,-38.43432240833883,0.0,11.518652822275286,1.4193067330731077e-10,0.0
962,57780.0,57780,11.51865282241801,11.51865282241801,-38.2573191099675,0.0,11.518652822276087,1.4192251638748474e-10,0.0
963,57840.0,57840,11.518652822418801,11.518652822418801,-38.08031581159616,0.0,11.518652822276886,1.419143936952284e-10,0.0
964,57900.0,57900,11.518652822419586,11.518652822419586,-37.9033125132248,0.0,11.51865282227768,1.4190630522988852e-10,0.0
965,57960.0,57960,11.518652822420371,11.518652822420371,-37.72630921485343,0.0,11.518652822278472,1.418982509908647e-10,0.0
966,58020.0,58020,11.51865282242115,11.51865282242115,-37.549305916482055,0.0,11.51865282227926,1.4189023097754933e-10,0.0
967,58080.0,58080,11.518652822421926,11.518652822421926,-37.372302618110666,0.0,11.518652822280044,1.4188224518929886e-10,0.0
968,58140.0,58140,11.518652822422698,11.518652822422698,-37.19529931973927,0.0,11.518652822280824,1.4187429362554649e-10,0.0
969,58200.0,58200,11.518652822423466,11.518652822423466,-37.01829602136785,0.0,11.5186528222816,1.4186637628571583e-10,0.0
970,58260.0,58260,11.518652822424233,11.518652822424233,-36.84129272299643,0.0,11.518652822282373,1.418584931691921e-10,0.0
971,58320.0,58320,11.518652822424993,11.518652822424993,-36.664289424625,0.0,11.518652822283144,1.4185064427549743e-10,0.0
972,58380.0,58380,11.518652822425752,11.518652822425752,-36.487286126253544,0.0,11.518652822283908,1.4184282960400498e-10,0.0
973,58440.0,58440,11.518652822426505,11.518652822426505,-36.310282827882084,0.0,11.51865282228467,1.4183504915421521e-10,0.0
974,58500.0,58500,11.518652822427256,11.518652822427256,-36.13327952951062,0.0,11.51865282228543,1.4182730292560463e-10,0.0
975,58560.0,58560,11.518652822428004,11.518652822428004,-35.956276231139135,0.0,11.518652822286183,1.4181959091766648e-10,0.0
976,58620.0,58620,11.518652822428747,11.518652822428747,-35.77927293276764,0.0,11.518652822286935,1.4181191312986044e-10,0.0
977,58680.0,58680,11.518652822429486,11.518652822429486,-35.60226963439613,0.0,11.518652822287683,1.4180426956173982e-10,0.0
978,58740.0,58740,11.518652822430223,11.518652822430223,-35.42526633602461,0.0,11.518652822288425,1.417966602128051e-10,0.0
979,58800.0,58800,11.518652822430955,11.518652822430955,-35.24826303765308,0.0,11.518652822289166,1.4178908508259754e-10,0.0
980,58860.0,58860,11.518652822431685,11.518652822431685,-35.071259739281544,0.0,11.518652822289901,1.417815441706705e-10,0.0
981,58920.0,58920,11.51865282243241,11.51865282243241,-34.89425644090999,0.0,11.518652822290635,1.4177403747657728e-10,0.0
982,58980.0,58980,11.51865282243313,11.51865282243313,-34.71725314253844,0.0,11.518652822291363,1.417665649998856e-10,0.0
983,59040.0,59040,11.518652822433848,11.518652822433848,-34.54024984416686,0.0,11.51865282229209,1.4175912674019444e-10,0.0
984,59100.0,59100,11.518652822434564,11.518652822434564,-34.36324654579528,0.0,11.518652822292813,1.4175172269708108e-10,0.0
985,59160.0,59160,11.518652822435275,11.518652822435275,-34.18624324742368,0.0,11.51865282229353,1.4174435287016128e-10,0.0
986,59220.0,59220,11.518652822435982,11.518652822435982,-34.00923994905208,0.0,11.518652822294245,1.41737017259082e-10,0.0
987,59280.0,59280,11.518652822436685,11.518652822436685,-33.83223665068046,0.0,11.518652822294955,1.4172971586344466e-10,0.0
988,59340.0,59340,11.518652822437385,11.518652822437385,-33.655233352308834,0.0,11.518652822295662,1.4172244868291297e-10,0.0
989,59400.0,59400,11.518652822438082,11.518652822438082,-33.478230053937196,0.0,11.518652822296366,1.4171521571715552e-10,0.0
990,59460.0,59460,11.518652822438773,11.518652822438773,-33.301226755565544,0.0,11.518652822297065,1.4170801696585053e-10,0.0
991,59520.0,59520,11.518652822439462,11.518652822439462,-33.124223457193885,0.0,11.518652822297762,1.4170085242865697e-10,0.0
992,59580.0,59580,11.518652822440147,11.518652822440147,-32.94722015882221,0.0,11.518652822298453,1.416937221052987e-10,0.0
993,59640.0,59640,11.518652822440828,11.518652822440828,-32.77021686045053,0.0,11.518652822299142,1.4168662599548505e-10,0.0
994,59700.0,59700,11.518652822441506,11.518652822441506,-32.59321356207884,0.0,11.518652822299828,1.4167956409894711e-10,0.0
995,59760.0,59760,11.518652822442181,11.518652822442181,-32.416210263707136,0.0,11.518652822300508,1.4167253641544472e-10,0.0
996,59820.0,59820,11.518652822442851,11.518652822442851,-32.23920696533543,0.0,11.518652822301187,1.416655429447041e-10,0.0
997,59880.0,59880,11.518652822443517,11.518652822443517,-32.062203666963704,0.0,11.51865282230186,1.416585836865043e-10,0.0
998,59940.0,59940,11.518652822444182,11.518652822444182,-31.88520036859197,0.0,11.51865282230253,1.4165165864062198e-10,0.0
999,60000.0,60000,11.51865282244484,11.51865282244484,-31.708197070220226,0.0,11.518652822303196,1.4164476780687222e-10,0.0
1000,60060.0,60060,11.518652822445498,11.518652822445498,-31.531193771848475,0.0,11.518652822303858,1.416379111850653e-10,0.0
1001,60120.0,60120,11.51865282244615,11.51865282244615,-31.354190473476717,0.0,11.518652822304517,1.4163108877502112e-10,0.0
1002,60180.0,60180,11.518652822446798,11.518652822446798,-31.17718717510494,0.0,11.518652822305173,1.4162430057655714e-10,0.0
1003,60240.0,60240,11.518652822447443,11.518652822447443,-31.000183876733157,0.0,11.518652822305825,1.416175465895653e-10,0.0
1004,60300.0,60300,11.518652822448084,11.518652822448084,-30.823180578361363,0.0,11.518652822306473,1.4161082681387026e-10,0.0
1005,60360.0,60360,11.518652822448722,11.518652822448722,-30.64617727998956,0.0,11.518652822307118,1.4160414124940962e-10,0.0
1006,60420.0,60420,11.518652822449354,11.518652822449354,-30.469173981617747,0.0,11.518652822307757,1.415974898960393e-10,0.0
1007,60480.0,60480,11.518652822449985,11.518652822449985,-30.29217068324592,0.0,11.518652822308395,1.415908727536848e-10,0.0
1008,60540.0,60540,11.518652822450612,11.518652822450612,-30.11516738487409,0.0,11.518652822309027,1.415842898222813e-10,0.0
1009,60600.0,60600,11.518652822451234,11.518652822451234,-29.93816408650225,0.0,11.518652822309656,1.4157774110175436e-10,0.0
1010,60660.0,60660,11.518652822451854,11.518652822451854,-29.761160788130397,0.0,11.518652822310282,1.4157122659206554e-10,0.0
1011,60720.0,60720,11.51865282245247,11.51865282245247,-29.584157489758535,0.0,11.518652822310903,1.4156474629319565e-10,0.0
1012,60780.0,60780,11.518652822453081,11.518652822453081,-29.40715419138667,0.0,11.518652822311523,1.4155830020511587e-10,0.0
1013,60840.0,60840,11.518652822453689,11.518652822453689,-29.230150893014788,0.0,11.518652822312138,1.41551888327843e-10,0.0
1014,60900.0,60900,11.518652822454293,11.518652822454293,-29.053147594642894,0.0,11.518652822312747,1.4154551066137463e-10,0.0
1015,60960.0,60960,11.518652822454893,11.518652822454893,-28.876144296270997,0.0,11.518652822313355,1.415391672057588e-10,0.0
1016,61020.0,61020,11.51865282245549,11.51865282245549,-28.69914099789909,0.0,11.518652822313959,1.4153285796103396e-10,0.0
1017,61080.0,61080,11.518652822456085,11.518652822456085,-28.52213769952717,0.0,11.518652822314557,1.415265829272817e-10,0.0
1018,61140.0,61140,11.518652822456675,11.518652822456675,-28.345134401155246,0.0,11.518652822315154,1.4152034210455252e-10,0.0
1019,61200.0,61200,11.518652822457259,11.518652822457259,-28.168131102783313,0.0,11.518652822315746,1.4151413549295684e-10,0.0
1020,61260.0,61260,11.518652822457842,11.518652822457842,-27.99112780441137,0.0,11.518652822316334,1.4150796309260755e-10,0.0
1021,61320.0,61320,11.51865282245842,11.51865282245842,-27.81412450603942,0.0,11.518652822316918,1.4150182490361995e-10,0.0
1022,61380.0,61380,11.518652822458995,11.518652822458995,-27.63712120766746,0.0,11.5186528223175,1.414957209261189e-10,0.0
1023,61440.0,61440,11.518652822459567,11.518652822459567,-27.460117909295484,0.0,11.518652822318076,1.414896511602869e-10,0.0
1024,61500.0,61500,11.518652822460133,11.518652822460133,-27.283114610923505,0.0,11.51865282231865,1.4148361560629447e-10,0.0
1025,61560.0,61560,11.518652822460698,11.518652822460698,-27.10611131255152,0.0,11.51865282231922,1.4147761426431692e-10,0.0
1026,61620.0,61620,11.518652822461258,11.518652822461258,-26.929108014179523,0.0,11.518652822319787,1.414716471345752e-10,0.0
1027,61680.0,61680,11.518652822461814,11.518652822461814,-26.752104715807516,0.0,11.518652822320348,1.4146571421727106e-10,0.0
1028,61740.0,61740,11.518652822462366,11.518652822462366,-26.5751014174355,0.0,11.518652822320906,1.4145981551265663e-10,0.0
1029,61800.0,61800,11.518652822462915,11.518652822462915,-26.39809811906348,0.0,11.51865282232146,1.4145395102096008e-10,0.0
1030,61860.0,61860,11.51865282246346,11.51865282246346,-26.221094820691448,0.0,11.518652822322013,1.4144812074249597e-10,0.0
1031,61920.0,61920,11.518652822464002,11.518652822464002,-26.04409152231941,0.0,11.51865282232256,1.414423246775165e-10,0.0
1032,61980.0,61980,11.518652822464539,11.518652822464539,-25.867088223947363,0.0,11.518652822323102,1.4143656282632668e-10,0.0
1033,62040.0,62040,11.518652822465073,11.518652822465073,-25.690084925575306,0.0,11.518652822323642,1.4143083518925067e-10,0.0
1034,62100.0,62100,11.518652822465604,11.518652822465604,-25.513081627203242,0.0,11.518652822324178,1.4142514176662952e-10,0.0
1035,62160.0,62160,11.51865282246613,11.51865282246613,-25.336078328831167,0.0,11.51865282232471,1.4141948255879942e-10,0.0
1036,62220.0,62220,11.518652822466654,11.518652822466654,-25.159075030459086,0.0,11.518652822325238,1.4141385756614705e-10,0.0
1037,62280.0,62280,11.518652822467171,11.518652822467171,-24.982071732087,0.0,11.518652822325762,1.4140826678904464e-10,0.0
1038,62340.0,62340,11.518652822467688,11.518652822467688,-24.805068433714904,0.0,11.518652822326285,1.4140271022790046e-10,0.0
1039,62400.0,62400,11.5186528224682,11.5186528224682,-24.628065135342798,0.0,11.518652822326802,1.4139718788313714e-10,0.0
1040,62460.0,62460,11.518652822468708,11.518652822468708,-24.451061836970688,0.0,11.518652822327315,1.413916997551822e-10,0.0
1041,62520.0,62520,11.518652822469212,11.518652822469212,-24.27405853859857,0.0,11.518652822327825,1.4138624584450153e-10,0.0
1042,62580.0,62580,11.518652822469711,11.518652822469711,-24.097055240226446,0.0,11.518652822328331,1.413808261515514e-10,0.0
1043,62640.0,62640,11.518652822470209,11.518652822470209,-23.920051941854304,0.0,11.518652822328834,1.4137544067682656e-10,0.0
1044,62700.0,62700,11.5186528224707,11.5186528224707,-23.743048643482165,0.0,11.518652822329331,1.413700894208337e-10,0.0
1045,62760.0,62760,11.518652822471191,11.518652822471191,-23.566045345110012,0.0,11.518652822329825,1.413647723840844e-10,0.0
1046,62820.0,62820,11.518652822471676,11.518652822471676,-23.389042046737853,0.0,11.518652822330315,1.4135948956712855e-10,0.0
1047,62880.0,62880,11.518652822472157,11.518652822472157,-23.212038748365693,0.0,11.518652822330804,1.4135424097055218e-10,0.0
1048,62940.0,62940,11.518652822472635,11.518652822472635,-23.035035449993522,0.0,11.518652822331287,1.4134902659487878e-10,0.0
1049,63000.0,63000,11.51865282247311,11.51865282247311,-22.85803215162134,0.0,11.518652822331767,1.4134384644070636e-10,0.0
1050,63060.0,63060,11.51865282247358,11.51865282247358,-22.681028853249156,0.0,11.518652822332243,1.4133870050866652e-10,0.0
1051,63120.0,63120,11.518652822474047,11.518652822474047,-22.50402555487696,0.0,11.518652822332713,1.4133358879938848e-10,0.0
1052,63180.0,63180,11.518652822474511,11.518652822474511,-22.32702225650476,0.0,11.518652822333182,1.4132851131350863e-10,0.0
1053,63240.0,63240,11.51865282247497,11.51865282247497,-22.15001895813255,0.0,11.518652822333646,1.413234680516586e-10,0.0
1054,63300.0,63300,11.518652824289816,-288.4813471757102,-21.973015659760335,300.0,5.014974216504486e-11,-288.4813471757604,0.0
1055,63360.0,63360,11.518652824289813,-288.4813471757102,-26.7810381126889,300.0,5.0148670453195485e-11,-288.48134717576033,0.0
1056,63420.0,63420,11.518652824289807,-288.4813471757102,-31.58906056561747,300.0,5.0147398398153966e-11,-288.48134717576033,0.0
1057,63480.0,63480,11.518652824289802,-288.4813471757102,-36.39708301854604,300.0,5.0145926006045433e-11,-288.4813471757604,0.0
1058,63540.0,63540,11.518652824289795,-288.48134717571025,-41.20510547147461,300.0,5.014425328401747e-11,-288.4813471757604,0.0
1059,63600.0,63600,11.51865282428979,-288.48134717571025,-46.01312792440318,300.0,5.0142380240048613e-11,-288.48134717576033,0.0
1060,63660.0,63660,11.51865282428978,-288.48134717571025,-50.82115037733175,300.0,5.0140306883112216e-11,-288.4813471757604,0.0
1061,63720.0,63720,11.518652824289772,-288.48134717571025,-55.62917283026031,300.0,5.0138033223087014e-11,-288.4813471757604,0.0
1062,63780.0,63780,11.518652824289763,-288.48134717571025,-60.43719528318888,300.0,5.013555927077935e-11,-288.4813471757604,0.0
1063,63840.0,63840,11.51865282421267,-78.48134717578733,-65.24521773611745,90.0,1.0325290499671947e-10,-78.48134717589059,0.0
1064,63900.0,63900,11.518652822485503,11.518652822485503,-66.55324018904737,0.0,11.518652822344281,1.4122165542768744e-10,0.0
1065,63960.0,63960,11.518652822486898,11.518652822486898,-66.37623689067499,0.0,11.51865282234569,1.4120859473706363e-10,0.0
1066,64020.0,64020,11.51865282248829,11.51865282248829,-66.19923359230259,0.0,11.518652822347095,1.4119556954052974e-10,0.0
1067,64080.0,64080,11.51865282248968,11.51865282248968,-66.02223029393016,0.0,11.518652822348496,1.411825798345051e-10,0.0
1068,64140.0,64140,11.518652822491065,11.518652822491065,-65.84522699555774,0.0,11.518652822349894,1.4116962561546903e-10,0.0
1069,64200.0,64200,11.518652822492447,11.518652822492447,-65.66822369718527,0.0,11.518652822351289,1.411567068798024e-10,0.0
1070,64260.0,64260,11.518652822493825,11.518652822493825,-65.49122039881279,0.0,11.51865282235268,1.4114382362395576e-10,0.0
1071,64320.0,64320,11.5186528224952,11.5186528224952,-65.31421710044027,0.0,11.518652822354069,1.4113097584427392e-10,0.0
1072,64380.0,64380,11.518652822496572,11.518652822496572,-65.13721380206775,0.0,11.518652822355454,1.4111816353721946e-10,0.0
1073,64440.0,64440,11.518652822497941,11.518652822497941,-64.96021050369521,0.0,11.518652822356836,1.4110538669908916e-10,0.0
1074,64500.0,64500,11.518652822499307,11.518652822499307,-64.78320720532264,0.0,11.518652822358215,1.4109264532628552e-10,0.0
1075,64560.0,64560,11.518652822500668,11.518652822500668,-64.60620390695006,0.0,11.518652822359588,1.4107993941514141e-10,0.0
1076,64620.0,64620,11.518652822502027,11.518652822502027,-64.42920060857745,0.0,11.518652822360961,1.4106726896198966e-10,0.0
1077,64680.0,64680,11.518652822503384,11.518652822503384,-64.25219731020482,0.0,11.518652822362329,1.410546339631463e-10,0.0
1078,64740.0,64740,11.518652822504734,11.518652822504734,-64.07519401183215,0.0,11.518652822363693,1.4104203441492257e-10,0.0
1079,64800.0,64800,11.518652822506084,11.518652822506084,-63.898190713459485,0.0,11.518652822365055,1.410294703136177e-10,0.0
1080,64860.0,64860,11.518652822507429,11.518652822507429,-63.721187415086796,0.0,11.518652822366413,1.4101694165549727e-10,0.0
1081,64920.0,64920,11.518652822508772,11.518652822508772,-63.54418411671408,0.0,11.518652822367768,1.410044484368581e-10,0.0
1082,64980.0,64980,11.518652822510111,11.518652822510111,-63.36718081834134,0.0,11.51865282236912,1.4099199065396103e-10,0.0
1083,65040.0,65040,11.518652822511447,11.518652822511447,-63.190177519968586,0.0,11.518652822370468,1.4097956830303082e-10,0.0
1084,65100.0,65100,11.518652822512779,11.518652822512779,-63.01317422159581,0.0,11.518652822371811,1.4096718138032583e-10,0.0
1085,65160.0,65160,11.518652822514108,11.518652822514108,-62.836170923223015,0.0,11.518652822373154,1.4095482988205888e-10,0.0
1086,65220.0,65220,11.518652822515433,11.518652822515433,-62.6591676248502,0.0,11.518652822374492,1.409425138044571e-10,0.0
1087,65280.0,65280,11.518652822516756,11.518652822516756,-62.48216432647736,0.0,11.518652822375826,1.4093023314371653e-10,0.0
1088,65340.0,65340,11.518652822518074,11.518652822518074,-62.30516102810451,0.0,11.518652822377156,1.4091798789603303e-10,0.0
1089,65400.0,65400,11.51865282251939,11.51865282251939,-62.12815772973162,0.0,11.518652822378485,1.4090577805761462e-10,0.0
1090,65460.0,65460,11.518652822520703,11.518652822520703,-61.95115443135872,0.0,11.518652822379808,1.408936036246044e-10,0.0
1091,65520.0,65520,11.51865282252201,11.51865282252201,-61.7741511329858,0.0,11.51865282238113,1.4088146459316954e-10,0.0
1092,65580.0,65580,11.518652822523318,11.518652822523318,-61.59714783461286,0.0,11.518652822382448,1.4086936095946995e-10,0.0
1093,65640.0,65640,11.51865282252462,11.51865282252462,-61.420144536239896,0.0,11.518652822383762,1.4085729271967038e-10,0.0
1094,65700.0,65700,11.518652822525919,11.518652822525919,-61.24314123786693,0.0,11.518652822385073,1.408452598698731e-10,0.0
1095,65760.0,65760,11.518652822527214,11.518652822527214,-61.06613793949393,0.0,11.51865282238638,1.4083326240621886e-10,0.0
1096,65820.0,65820,11.518652822528505,11.518652822528505,-60.889134641120904,0.0,11.518652822387685,1.4082130032484358e-10,0.0
1097,65880.0,65880,11.518652822529795,11.518652822529795,-60.71213134274786,0.0,11.518652822388985,1.4080937362181596e-10,0.0
1098,65940.0,65940,11.518652822531081,11.518652822531081,-60.53512804437481,0.0,11.518652822390283,1.4079748229324783e-10,0.0
1099,66000.0,66000,11.518652822532362,11.518652822532362,-60.358124746001735,0.0,11.518652822391577,1.4078562633525597e-10,0.0
1100,66060.0,66060,11.51865282253364,11.51865282253364,-60.18112144762864,0.0,11.518652822392868,1.4077380574390181e-10,0.0
1101,66120.0,66120,11.518652822534916,11.518652822534916,-60.004118149255525,0.0,11.518652822394154,1.4076202051524203e-10,0.0
1102,66180.0,66180,11.518652822536188,11.518652822536188,-59.82711485088238,0.0,11.518652822395438,1.4075027064539094e-10,0.0
1103,66240.0,66240,11.518652822537456,11.518652822537456,-59.65011155250924,0.0,11.518652822396719,1.4073855613034758e-10,0.0
1104,66300.0,66300,11.518652822538721,11.518652822538721,-59.47310825413606,0.0,11.518652822397994,1.4072687696619503e-10,0.0
1105,66360.0,66360,11.518652822539984,11.518652822539984,-59.29610495576286,0.0,11.518652822399268,1.4071523314898512e-10,0.0
1106,66420.0,66420,11.518652822541242,11.518652822541242,-59.11910165738965,0.0,11.518652822400538,1.4070362467473134e-10,0.0
1107,66480.0,66480,11.518652822542496,11.518652822542496,-58.94209835901641,0.0,11.518652822401805,1.4069205153945432e-10,0.0
1108,66540.0,66540,11.518652822543748,11.518652822543748,-58.765095060643155,0.0,11.518652822403066,1.406805137392011e-10,0.0
1109,66600.0,66600,11.518652822544997,11.518652822544997,-58.58809176226988,0.0,11.518652822404327,1.4066901126997314e-10,0.0
1110,66660.0,66660,11.51865282254624,11.51865282254624,-58.411088463896604,0.0,11.518652822405583,1.4065754412778388e-10,0.0
1111,66720.0,66720,11.518652822547482,11.518652822547482,-58.2340851655233,0.0,11.518652822406835,1.4064611230860832e-10,0.0
1112,66780.0,66780,11.51865282254872,11.51865282254872,-58.05708186714996,0.0,11.518652822408084,1.406347158084767e-10,0.0
1113,66840.0,66840,11.518652822549953,11.518652822549953,-57.88007856877661,0.0,11.518652822409331,1.4062335462334008e-10,0.0
1114,66900.0,66900,11.518652822551186,11.518652822551186,-57.70307527040324,0.0,11.518652822410573,1.4061202874920703e-10,0.0
1115,66960.0,66960,11.518652822552413,11.518652822552413,-57.52607197202985,0.0,11.518652822411813,1.406007381820382e-10,0.0
1116,67020.0,67020,11.518652822553637,11.518652822553637,-57.34906867365644,0.0,11.518652822413047,1.405894829178134e-10,0.0
1117,67080.0,67080,11.518652822554857,11.518652822554857,-57.17206537528302,0.0,11.51865282241428,1.405782629524884e-10,0.0
1118,67140.0,67140,11.518652822556076,11.518652822556076,-56.99506207690957,0.0,11.518652822415508,1.4056707828203107e-10,0.0
1119,67200.0,67200,11.51865282255729,11.51865282255729,-56.81805877853611,0.0,11.518652822416731,1.4055592890239716e-10,0.0
1120,67260.0,67260,11.518652822558499,11.518652822558499,-56.64105548016264,0.0,11.518652822417955,1.4054481480951608e-10,0.0
1121,67320.0,67320,11.518652822559707,11.518652822559707,-56.46405218178914,0.0,11.518652822419172,1.4053373599935567e-10,0.0
1122,67380.0,67380,11.51865282256091,11.51865282256091,-56.28704888341563,0.0,11.518652822420387,1.4052269246782844e-10,0.0
1123,67440.0,67440,11.518652822562109,11.518652822562109,-56.11004558504209,0.0,11.518652822421599,1.4051168421088306e-10,0.0
1124,67500.0,67500,11.518652822563306,11.518652822563306,-55.93304228666854,0.0,11.518652822422807,1.4050071122446087e-10,0.0
1125,67560.0,67560,11.5186528225645,11.5186528225645,-55.756038988294975,0.0,11.51865282242401,1.4048977350447206e-10,0.0
1126,67620.0,67620,11.51865282256569,11.51865282256569,-55.57903568992138,0.0,11.51865282242521,1.4047887104683403e-10,0.0
1127,67680.0,67680,11.518652822566876,11.518652822566876,-55.40203239154777,0.0,11.518652822426407,1.4046800384746895e-10,0.0
1128,67740.0,67740,11.518652822568058,11.518652822568058,-55.22502909317414,0.0,11.518652822427601,1.404571719022894e-10,0.0
1129,67800.0,67800,11.518652822569239,11.518652822569239,-55.0480257948005,0.0,11.518652822428791,1.404463752072055e-10,0.0
1130,67860.0,67860,11.518652822570413,11.518652822570413,-54.87102249642684,0.0,11.518652822429978,1.4043561375812512e-10,0.0
1131,67920.0,67920,11.518652822571585,11.518652822571585,-54.694019198053155,0.0,11.51865282243116,1.4042488755096317e-10,0.0
1132,67980.0,67980,11.518652822572756,11.518652822572756,-54.51701589967946,0.0,11.51865282243234,1.404141965816034e-10,0.0
1133,68040.0,68040,11.51865282257392,11.51865282257392,-54.34001260130574,0.0,11.518652822433516,1.4040354084593683e-10,0.0
1134,68100.0,68100,11.518652822575083,11.518652822575083,-54.163009302932004,0.0,11.518652822434689,1.403929203398568e-10,0.0
1135,68160.0,68160,11.51865282257624,11.51865282257624,-53.986006004558256,0.0,11.518652822435858,1.4038233505928305e-10,0.0
1136,68220.0,68220,11.518652822577396,11.518652822577396,-53.809002706184486,0.0,11.518652822437023,1.4037178500007777e-10,0.0
1137,68280.0,68280,11.518652822578547,11.518652822578547,-53.63199940781069,0.0,11.518652822438185,1.4036127015814152e-10,0.0
1138,68340.0,68340,11.518652822579694,11.518652822579694,-53.454996109436884,0.0,11.518652822439345,1.4035079052933163e-10,0.0
1139,68400.0,68400,11.518652822580838,11.518652822580838,-53.27799281106307,0.0,11.5186528224405,1.403403461095535e-10,0.0
1140,68460.0,68460,11.51865282258198,11.51865282258198,-53.10098951268923,0.0,11.51865282244165,1.4032993689467641e-10,0.0
1141,68520.0,68520,11.518652822583118,11.518652822583118,-52.92398621431538,0.0,11.518652822442798,1.403195628806034e-10,0.0
1142,68580.0,68580,11.518652822584253,11.518652822584253,-52.746982915941494,0.0,11.518652822443942,1.4030922406316534e-10,0.0
1143,68640.0,68640,11.518652822585382,11.518652822585382,-52.5699796175676,0.0,11.518652822445084,1.4029892043828208e-10,0.0
1144,68700.0,68700,11.51865282258651,11.51865282258651,-52.39297631919368,0.0,11.51865282244622,1.402886520017989e-10,0.0
1145,68760.0,68760,11.518652822587633,11.518652822587633,-52.21597302081976,0.0,11.518652822447354,1.4027841874958514e-10,0.0
1146,68820.0,68820,11.518652822588754,11.518652822588754,-52.038969722445806,0.0,11.518652822448484,1.4026822067752937e-10,0.0
1147,68880.0,68880,11.518652822589868,11.518652822589868,-51.861966424071845,0.0,11.518652822449612,1.4025805778151298e-10,0.0
1148,68940.0,68940,11.518652822590983,11.518652822590983,-51.68496312569787,0.0,11.518652822450735,1.4024793005736688e-10,0.0
1149,69000.0,69000,11.518652822592092,11.518652822592092,-51.507959827323866,0.0,11.518652822451854,1.402378375009796e-10,0.0
1150,69060.0,69060,11.518652822593197,11.518652822593197,-51.330956528949855,0.0,11.51865282245297,1.402277801082397e-10,0.0
1151,69120.0,69120,11.5186528225943,11.5186528225943,-51.15395323057582,0.0,11.518652822454081,1.4021775787497818e-10,0.0
1152,69180.0,69180,11.518652822595397,11.518652822595397,-50.97694993220177,0.0,11.51865282245519,1.4020777079708832e-10,0.0
1153,69240.0,69240,11.518652822596493,11.518652822596493,-50.799946633827716,0.0,11.518652822456295,1.4019781887042746e-10,0.0
1154,69300.0,69300,11.518652822597584,11.518652822597584,-50.62294333545363,0.0,11.518652822457398,1.4018790209086982e-10,0.0
1155,69360.0,69360,11.518652822598673,11.518652822598673,-50.445940037079524,0.0,11.518652822458495,1.401780204542727e-10,0.0
1156,69420.0,69420,11.518652822599757,11.518652822599757,-50.268936738705406,0.0,11.51865282245959,1.4016817395652704e-10,0.0
1157,69480.0,69480,11.518652822600838,11.518652822600838,-50.09193344033128,0.0,11.51865282246068,1.40158362593483e-10,0.0
1158,69540.0,69540,11.518652822601917,11.518652822601917,-49.914930141957136,0.0,11.518652822461767,1.4014858636100033e-10,0.0
1159,69600.0,69600,11.518652822602991,11.518652822602991,-49.737926843582976,0.0,11.518652822462851,1.401388452549916e-10,0.0
1160,69660.0,69660,11.51865282260406,11.51865282260406,-49.560923545208794,0.0,11.518652822463931,1.4012913927128772e-10,0.0
1161,69720.0,69720,11.518652822605127,11.518652822605127,-49.38392024683459,0.0,11.518652822465008,1.4011946840576767e-10,0.0
1162,69780.0,69780,11.51865282260619,11.51865282260619,-49.20691694846038,0.0,11.51865282246608,1.4010983265432957e-10,0.0
1163,69840.0,69840,11.518652822607251,11.518652822607251,-49.02991365008616,0.0,11.518652822467152,1.4010023201284523e-10,0.0
1164,69900.0,69900,11.518652822608306,11.518652822608306,-48.852910351711905,0.0,11.518652822468216,1.4009066647716714e-10,0.0
1165,69960.0,69960,11.51865282260936,11.51865282260936,-48.675907053337646,0.0,11.518652822469278,1.400811360431887e-10,0.0
1166,70020.0,70020,11.518652822610408,11.518652822610408,-48.498903754963365,0.0,11.518652822470337,1.4007164070679844e-10,0.0
1167,70080.0,70080,11.518652822611454,11.518652822611454,-48.32190045658906,0.0,11.518652822471392,1.4006218046388736e-10,0.0
1168,70140.0,70140,11.518652822612497,11.518652822612497,-48.14489715821476,0.0,11.518652822472443,1.4005275531030315e-10,0.0
1169,70200.0,70200,11.518652822613534,11.518652822613534,-47.96789385984043,0.0,11.518652822473491,1.400433652419704e-10,0.0
1170,70260.0,70260,11.51865282261457,11.51865282261457,-47.79089056146609,0.0,11.518652822474534,1.4003401025474649e-10,0.0
1171,70320.0,70320,11.5186528226156,11.5186528226156,-47.61388726309173,0.0,11.518652822475575,1.4002469034457036e-10,0.0
1172,70380.0,70380,11.518652822616628,11.518652822616628,-47.43688396471736,0.0,11.518652822476612,1.40015405507297e-10,0.0
1173,70440.0,70440,11.518652822617652,11.518652822617652,-47.25988066634297,0.0,11.518652822477646,1.4000615573883416e-10,0.0
1174,70500.0,70500,11.518652822618671,11.518652822618671,-47.082877367968564,0.0,11.518652822478675,1.39996941035092e-10,0.0
1175,70560.0,70560,11.51865282261969,11.51865282261969,-46.90587406959414,0.0,11.518652822479702,1.3998776139197348e-10,0.0
1176,70620.0,70620,11.518652822620702,11.518652822620702,-46.728870771219704,0.0,11.518652822480723,1.3997861680537202e-10,0.0
1177,70680.0,70680,11.518652822621712,11.518652822621712,-46.55186747284525,0.0,11.518652822481743,1.3996950727121938e-10,0.0
1178,70740.0,70740,11.518652822622718,11.518652822622718,-46.37486417447078,0.0,11.518652822482757,1.3996043278540648e-10,0.0
1179,70800.0,70800,11.51865282262372,11.51865282262372,-46.1978608760963,0.0,11.51865282248377,1.39951393343882e-10,0.0
1180,70860.0,70860,11.518652822624718,11.518652822624718,-46.02085757772179,0.0,11.518652822484777,1.3994238894253684e-10,0.0
1181,70920.0,70920,11.518652822625715,11.518652822625715,-45.84385427934728,0.0,11.51865282248578,1.399334195773124e-10,0.0
1182,70980.0,70980,11.518652822626706,11.518652822626706,-45.66685098097275,0.0,11.51865282248678,1.399244852441453e-10,0.0
1183,71040.0,71040,11.518652822627693,11.518652822627693,-45.4898476825982,0.0,11.518652822487777,1.399155859389601e-10,0.0
1184,71100.0,71100,11.518652822628678,11.518652822628678,-45.312844384223645,0.0,11.51865282248877,1.399067216576694e-10,0.0
1185,71160.0,71160,11.518652822629658,11.518652822629658,-45.135841085849066,0.0,11.518652822489761,1.398978923962722e-10,0.0
1186,71220.0,71220,11.518652822630635,11.518652822630635,-44.95883778747448,0.0,11.518652822490747,1.398890981506739e-10,0.0
1187,71280.0,71280,11.518652822631609,11.518652822631609,-44.78183448909988,0.0,11.518652822491728,1.398803389168423e-10,0.0
1188,71340.0,71340,11.518652822632578,11.518652822632578,-44.60483119072526,0.0,11.518652822492706,1.3987161469073318e-10,0.0
1189,71400.0,71400,11.518652822633545,11.518652822633545,-44.42782789235062,0.0,11.518652822493683,1.398629254683096e-10,0.0
1190,71460.0,71460,11.518652822634508,11.518652822634508,-44.25082459397597,0.0,11.518652822494653,1.3985427124552732e-10,0.0
1191,71520.0,71520,11.518652822635467,11.518652822635467,-44.073821295601306,0.0,11.518652822495621,1.3984565201836856e-10,0.0
1192,71580.0,71580,11.518652822636422,11.518652822636422,-43.89681799722662,0.0,11.518652822496584,1.3983706778280837e-10,0.0
1193,71640.0,71640,11.518652822637373,11.518652822637373,-43.71981469885193,0.0,11.518652822497545,1.3982851853484576e-10,0.0
1194,71700.0,71700,11.518652822638321,11.518652822638321,-43.54281140047721,0.0,11.5186528224985,1.3982000427044615e-10,0.0
1195,71760.0,71760,11.518652822639266,11.518652822639266,-43.36580810210249,0.0,11.518652822499453,1.3981152498560856e-10,0.0
1196,71820.0,71820,11.518652822640206,11.518652822640206,-43.188804803727756,0.0,11.518652822500403,1.3980308067634882e-10,0.0
1197,71880.0,71880,11.518652822641144,11.518652822641144,-43.011801505353006,0.0,11.518652822501348,1.397946713386636e-10,0.0
1198,71940.0,71940,11.518652822642077,11.518652822642077,-42.834798206978235,0.0,11.51865282250229,1.3978629696855188e-10,0.0
1199,72000.0,72000,11.518652822643006,11.518652822643006,-42.65779490860346,0.0,11.51865282250323,1.3977795756206797e-10,0.0
1200,72060.0,72060,11.518652822643933,11.518652822643933,-42.48079161022866,0.0,11.518652822504164,1.397696531152109e-10,0.0
1201,72120.0,72120,11.518652822644855,11.518652822644855,-42.30378831185384,0.0,11.518652822505095,1.397613836240037e-10,0.0
1202,72180.0,72180,11.518652822645775,11.518652822645775,-42.126785013479015,0.0,11.518652822506022,1.3975314908450543e-10,0.0
1203,72240.0,72240,11.518652822646688,11.518652822646688,-41.94978171510419,0.0,11.518652822506944,1.3974494949275597e-10,0.0
1204,72300.0,72300,11.518652822647601,11.518652822647601,-41.77277841672933,0.0,11.518652822507864,1.3973678484481678e-10,0.0
1205,72360.0,72360,11.518652822648507,11.518652822648507,-41.59577511835447,0.0,11.518652822508779,1.3972865513672292e-10,0.0
1206,72420.0,72420,11.518652822649413,11.518652822649413,-41.41877181997959,0.0,11.518652822509692,1.3972056036455268e-10,0.0
1207,72480.0,72480,11.518652822650314,11.518652822650314,-41.2417685216047,0.0,11.5186528225106,1.3971250052438432e-10,0.0
1208,72540.0,72540,11.51865282265121,11.51865282265121,-41.064765223229784,0.0,11.518652822511505,1.3970447561230333e-10,0.0
1209,72600.0,72600,11.518652822652102,11.518652822652102,-40.887761924854864,0.0,11.518652822512406,1.3969648562438082e-10,0.0
1210,72660.0,72660,11.518652822652992,11.518652822652992,-40.71075862647993,0.0,11.518652822513303,1.3968853055673826e-10,0.0
1211,72720.0,72720,11.518652822653879,11.518652822653879,-40.53375532810498,0.0,11.518652822514197,1.3968061040543475e-10,0.0
1212,72780.0,72780,11.51865282265476,11.51865282265476,-40.35675202973001,0.0,11.518652822515087,1.3967272516663022e-10,0.0
1213,72840.0,72840,11.518652822655637,11.518652822655637,-40.17974873135503,0.0,11.518652822515973,1.3966487483642453e-10,0.0
1214,72900.0,72900,11.518652822656513,11.518652822656513,-40.00274543298005,0.0,11.518652822516856,1.3965705941093684e-10,0.0
1215,72960.0,72960,11.518652822657383,11.518652822657383,-39.82574213460504,0.0,11.518652822517735,1.3964927888631985e-10,0.0
1216,73020.0,73020,11.518652822658252,11.518652822658252,-39.648738836230024,0.0,11.51865282251861,1.3964153325869988e-10,0.0
1217,73080.0,73080,11.518652822659115,11.518652822659115,-39.471735537855,0.0,11.518652822519481,1.3963382252422965e-10,0.0
1218,73140.0,73140,11.518652822659975,11.518652822659975,-39.29473223947995,0.0,11.518652822520348,1.3962614667911476e-10,0.0
1219,73200.0,73200,11.518652822660831,11.518652822660831,-39.117728941104886,0.0,11.518652822521211,1.3961850571947186e-10,0.0
1220,73260.0,73260,11.518652822661684,11.518652822661684,-38.94072564272982,0.0,11.518652822522073,1.3961089964148976e-10,0.0
1221,73320.0,73320,11.518652822662531,11.518652822662531,-38.76372234435474,0.0,11.518652822522927,1.39603328441374e-10,0.0
1222,73380.0,73380,11.518652822663377,11.518652822663377,-38.58671904597964,0.0,11.518652822523782,1.395957921152989e-10,0.0
1223,73440.0,73440,11.518652822664219,11.518652822664219,-38.40971574760454,0.0,11.518652822524631,1.395882906594941e-10,0.0
1224,73500.0,73500,11.518652822665056,11.518652822665056,-38.23271244922942,0.0,11.518652822525475,1.3958082407014588e-10,0.0
1225,73560.0,73560,11.51865282266589,11.51865282266589,-38.055709150854284,0.0,11.518652822526317,1.395733923435175e-10,0.0
1226,73620.0,73620,11.51865282266672,11.51865282266672,-37.878705852479136,0.0,11.518652822527155,1.395659954758001e-10,0.0
1227,73680.0,73680,11.518652822667548,11.518652822667548,-37.701702554103974,0.0,11.518652822527988,1.3955863346326885e-10,0.0
1228,73740.0,73740,11.51865282266837,11.51865282266837,-37.524699255728805,0.0,11.518652822528818,1.3955130630216056e-10,0.0
1229,73800.0,73800,11.518652822669189,11.518652822669189,-37.347695957353615,0.0,11.518652822529644,1.3954401398874326e-10,0.0
1230,73860.0,73860,11.518652822670003,11.518652822670003,-37.17069265897842,0.0,11.518652822530466,1.3953675651927292e-10,0.0
1231,73920.0,73920,11.518652822670816,11.518652822670816,-36.993689360603206,0.0,11.518652822531285,1.3952953389005597e-10,0.0
1232,73980.0,73980,11.518652822671623,11.518652822671623,-36.81668606222798,0.0,11.5186528225321,1.3952234609737482e-10,0.0
1233,74040.0,74040,11.518652822672427,11.518652822672427,-36.639682763852754,0.0,11.518652822532912,1.3951519313754792e-10,0.0
1234,74100.0,74100,11.518652822673229,11.518652822673229,-36.46267946547751,0.0,11.51865282253372,1.395080750068673e-10,0.0
1235,74160.0,74160,11.518652822674024,11.518652822674024,-36.285676167102245,0.0,11.518652822534523,1.3950099170163454e-10,0.0
1236,74220.0,74220,11.518652822674818,11.518652822674818,-36.10867286872697,0.0,11.518652822535325,1.3949394321824978e-10,0.0
1237,74280.0,74280,11.518652822675607,11.518652822675607,-35.93166957035169,0.0,11.518652822536119,1.394869295529954e-10,0.0
1238,74340.0,74340,11.518652822676392,11.518652822676392,-35.75466627197639,0.0,11.518652822536913,1.394799507022739e-10,0.0
1239,74400.0,74400,11.518652822677174,11.518652822677174,-35.577662973601086,0.0,11.5186528225377,1.3947300666241091e-10,0.0
1240,74460.0,74460,11.518652822677952,11.51865282267795,-35.40065967522577,0.0,11.518652822538485,1.3946609742981618e-10,0.0
1241,74520.0,74520,11.518652822678726,11.518652822678726,-35.22365637685043,0.0,11.518652822539266,1.394592230008513e-10,0.0
1242,74580.0,74580,11.518652822679497,11.518652822679497,-35.04665307847509,0.0,11.518652822540044,1.394523833719476e-10,0.0
1243,74640.0,74640,11.518652822680263,11.518652822680263,-34.86964978009973,0.0,11.518652822540817,1.3944557853947638e-10,0.0
1244,74700.0,74700,11.518652822681025,11.518652822681025,-34.69264648172436,0.0,11.518652822541588,1.3943880849988814e-10,0.0
1245,74760.0,74760,11.518652822681785,11.518652822681785,-34.51564318334898,0.0,11.518652822542354,1.3943207324961662e-10,0.0
1246,74820.0,74820,11.51865282268254,11.51865282268254,-34.33863988497359,0.0,11.518652822543116,1.3942537278510268e-10,0.0
1247,74880.0,74880,11.518652822683292,11.518652822683292,-34.161636586598185,0.0,11.518652822543872,1.3941870710279687e-10,0.0
1248,74940.0,74940,11.51865282268404,11.51865282268404,-33.98463328822277,0.0,11.518652822544627,1.3941207619916893e-10,0.0
1249,75000.0,75000,11.518652822684784,11.518652822684784,-33.80762998984734,0.0,11.518652822545377,1.3940548007071499e-10,0.0
1250,75060.0,75060,11.518652822685524,11.518652822685524,-33.6306266914719,0.0,11.518652822546125,1.39398918713888e-10,0.0
1251,75120.0,75120,11.51865282268626,11.51865282268626,-33.45362339309646,0.0,11.51865282254687,1.3939239212526335e-10,0.0
1252,75180.0,75180,11.518652822686994,11.518652822686994,-33.276620094721,0.0,11.518652822547606,1.3938590030129158e-10,0.0
1253,75240.0,75240,11.518652822687722,11.518652822687722,-33.09961679634553,0.0,11.518652822548344,1.3937944323850722e-10,0.0
1254,75300.0,75300,11.518652822688448,11.518652822688448,-32.92261349797005,0.0,11.518652822549074,1.393730209334953e-10,0.0
1255,75360.0,75360,11.51865282268917,11.51865282268917,-32.74561019959456,0.0,11.518652822549802,1.393666333827688e-10,0.0
1256,75420.0,75420,11.518652822689887,11.518652822689887,-32.56860690121905,0.0,11.518652822550527,1.3936028058291992e-10,0.0
1257,75480.0,75480,11.518652822690601,11.518652822690601,-32.39160360284353,0.0,11.518652822551246,1.3935396253052644e-10,0.0
1258,75540.0,75540,11.51865282269131,11.51865282269131,-32.21460030446801,0.0,11.518652822551964,1.39347679222171e-10,0.0
1259,75600.0,75600,11.518652822692017,11.518652822692017,-32.037597006092476,0.0,11.518652822552676,1.3934143065445542e-10,0.0
1260,75660.0,75660,11.51865282269272,11.51865282269272,-31.86059370771692,0.0,11.518652822553385,1.393352168239935e-10,0.0
1261,75720.0,75720,11.518652822693419,11.518652822693419,-31.68359040934136,0.0,11.51865282255409,1.3932903772743507e-10,0.0
1262,75780.0,75780,11.518652822694113,11.518652822694113,-31.50658711096579,0.0,11.518652822554792,1.3932289336141563e-10,0.0
1263,75840.0,75840,11.518652822694804,11.518652822694804,-31.329583812590215,0.0,11.518652822555488,1.393167837225778e-10,0.0
1264,75900.0,75900,11.518652822695492,11.518652822695492,-31.15258051421462,0.0,11.51865282255618,1.3931070880762185e-10,0.0
1265,75960.0,75960,11.518652822696177,11.518652822696177,-30.975577215839017,0.0,11.51865282255687,1.3930466861321924e-10,0.0
1266,76020.0,76020,11.518652822696856,11.518652822696856,-30.798573917463408,0.0,11.518652822557558,1.3929866313605587e-10,0.0
1267,76080.0,76080,11.51865282269753,11.51865282269753,-30.621570619087784,0.0,11.51865282255824,1.39292692372844e-10,0.0
1268,76140.0,76140,11.518652822698204,11.518652822698204,-30.444567320712153,0.0,11.518652822558916,1.3928675632030794e-10,0.0
1269,76200.0,76200,11.518652822698872,11.518652822698872,-30.267564022336508,0.0,11.518652822559591,1.3928085497522963e-10,0.0
1270,76260.0,76260,11.518652822699536,11.518652822699536,-30.090560723960856,0.0,11.518652822560261,1.3927498833431175e-10,0.0
1271,76320.0,76320,11.518652822700197,11.518652822700197,-29.913557425585186,0.0,11.518652822560929,1.392691563943266e-10,0.0
1272,76380.0,76380,11.518652822700856,11.518652822700856,-29.736554127209512,0.0,11.518652822561592,1.3926335915206576e-10,0.0
1273,76440.0,76440,11.518652822701508,11.518652822701508,-29.559550828833824,0.0,11.51865282256225,1.3925759660431355e-10,0.0
1274,76500.0,76500,11.518652822702158,11.518652822702158,-29.382547530458133,0.0,11.518652822562906,1.3925186874789515e-10,0.0
1275,76560.0,76560,11.518652822702803,11.518652822702803,-29.205544232082424,0.0,11.518652822563558,1.3924617557962847e-10,0.0
1276,76620.0,76620,11.518652822703444,11.518652822703444,-29.028540933706715,0.0,11.518652822564205,1.3924051709635794e-10,0.0
1277,76680.0,76680,11.518652822704082,11.518652822704082,-28.85153763533099,0.0,11.518652822564848,1.3923489329492788e-10,0.0
1278,76740.0,76740,11.518652822704716,11.518652822704716,-28.674534336955258,0.0,11.518652822565487,1.392293041721731e-10,0.0
1279,76800.0,76800,11.518652822705347,11.518652822705347,-28.497531038579513,0.0,11.518652822566123,1.3922374972502443e-10,0.0
1280,76860.0,76860,11.518652822705974,11.518652822705974,-28.320527740203758,0.0,11.518652822566755,1.3921822995035984e-10,0.0
1281,76920.0,76920,11.518652822706596,11.518652822706596,-28.143524441828,0.0,11.518652822567384,1.3921274484507655e-10,0.0
1282,76980.0,76980,11.518652822707214,11.518652822707214,-27.966521143452226,0.0,11.518652822568008,1.392072944061294e-10,0.0
1283,77040.0,77040,11.51865282270783,11.51865282270783,-27.789517845076446,0.0,11.518652822568628,1.392018786304324e-10,0.0
1284,77100.0,77100,11.518652822708441,11.518652822708441,-27.612514546700655,0.0,11.518652822569244,1.3919649751495003e-10,0.0
1285,77160.0,77160,11.518652822709047,11.518652822709047,-27.435511248324854,0.0,11.518652822569857,1.3919115105666594e-10,0.0
1286,77220.0,77220,11.518652822709653,11.518652822709653,-27.258507949949045,0.0,11.518652822570466,1.391858392525566e-10,0.0
1287,77280.0,77280,11.518652822710251,11.518652822710251,-27.08150465157323,0.0,11.518652822571072,1.3918056209961284e-10,0.0
1288,77340.0,77340,11.518652822710848,11.518652822710848,-26.9045013531974,0.0,11.518652822571672,1.391753195948496e-10,0.0
1289,77400.0,77400,11.51865282271144,11.51865282271144,-26.727498054821563,0.0,11.51865282257227,1.3917011173533693e-10,0.0
1290,77460.0,77460,11.518652822712028,11.518652822712028,-26.55049475644572,0.0,11.518652822572863,1.3916493851806335e-10,0.0
1291,77520.0,77520,11.518652822712612,11.518652822712612,-26.37349145806986,0.0,11.518652822573452,1.391597999401518e-10,0.0
1292,77580.0,77580,11.518652822713191,11.518652822713191,-26.196488159693992,0.0,11.518652822574039,1.391546959986556e-10,0.0
1293,77640.0,77640,11.518652822713769,11.518652822713769,-26.019484861318123,0.0,11.51865282257462,1.3914962669066405e-10,0.0
1294,77700.0,77700,11.518652822714342,11.518652822714342,-25.84248156294224,0.0,11.518652822575197,1.3914459201329053e-10,0.0
1295,77760.0,77760,11.51865282271491,11.51865282271491,-25.66547826456635,0.0,11.51865282257577,1.3913959196366518e-10,0.0
1296,77820.0,77820,11.518652822715476,11.518652822715476,-25.488474966190445,0.0,11.51865282257634,1.3913462653893736e-10,0.0
1297,77880.0,77880,11.518652822716037,11.518652822716037,-25.311471667814534,0.0,11.518652822576907,1.3912969573626126e-10,0.0
1298,77940.0,77940,11.518652822716595,11.518652822716595,-25.13446836943862,0.0,11.518652822577469,1.3912479955278626e-10,0.0
1299,78000.0,78000,11.518652822717147,11.518652822717147,-24.95746507106269,0.0,11.518652822578026,1.3911993798575536e-10,0.0
1300,78060.0,78060,11.518652822717698,11.518652822717698,-24.780461772686753,0.0,11.518652822578582,1.3911511103233476e-10,0.0
1301,78120.0,78120,11.518652822718243,11.518652822718243,-24.60345847431081,0.0,11.518652822579131,1.391103186897651e-10,0.0
1302,78180.0,78180,11.518652822718785,11.518652822718785,-24.426455175934855,0.0,11.51865282257968,1.3910556095527976e-10,0.0
1303,78240.0,78240,11.518652822719323,11.518652822719323,-24.249451877558897,0.0,11.518652822580224,1.3910083782614343e-10,0.0
1304,78300.0,78300,11.518652822719858,11.518652822719858,-24.072448579182932,0.0,11.518652822580762,1.3909614929963034e-10,0.0
1305,78360.0,78360,11.518652822720387,11.518652822720387,-23.895445280806953,0.0,11.518652822581295,1.3909149537301474e-10,0.0
1306,78420.0,78420,11.518652822720915,11.518652822720915,-23.718441982430967,0.0,11.518652822581826,1.3908687604363095e-10,0.0
1307,78480.0,78480,11.518652822721437,11.518652822721437,-23.541438684054977,0.0,11.518652822582354,1.3908229130879398e-10,0.0
1308,78540.0,78540,11.518652822721956,11.518652822721956,-23.364435385678977,0.0,11.518652822582878,1.3907774116580697e-10,0.0
1309,78600.0,78600,11.518652822722471,11.518652822722471,-23.187432087302966,0.0,11.518652822583398,1.3907322561209541e-10,0.0
1310,78660.0,78660,11.51865282272298,11.51865282272298,-23.01042878892695,0.0,11.518652822583913,1.390687446449792e-10,0.0
1311,78720.0,78720,11.518652822723489,11.518652822723489,-22.833425490550926,0.0,11.518652822584425,1.3906429826185749e-10,0.0
1312,78780.0,78780,11.518652822723991,11.518652822723991,-22.656422192174894,0.0,11.518652822584933,1.3905988646018462e-10,0.0
1313,78840.0,78840,11.51865282272449,11.51865282272449,-22.479418893798854,0.0,11.518652822585436,1.3905550923732372e-10,0.0
1314,78900.0,78900,11.518652822724988,11.518652822724988,-22.302415595422808,0.0,11.518652822585937,1.3905116659074834e-10,0.0
1315,78960.0,78960,11.518652822725478,11.518652822725478,-22.125412297046754,0.0,11.518652822586432,1.390468585179297e-10,0.0
1316,79020.0,79020,11.518652822725967,11.518652822725967,-21.94840899867069,0.0,11.518652822586924,1.390425850163341e-10,0.0
1317,79080.0,79080,11.518652822726452,11.518652822726452,-21.771405700294622,0.0,11.518652822587413,1.390383460834472e-10,0.0
1318,79140.0,79140,11.518652822726931,11.518652822726931,-21.594402401918543,0.0,11.518652822587898,1.390341417168218e-10,0.0
1319,79200.0,79200,11.518652822727406,11.518652822727406,-21.41739910354246,0.0,11.518652822588377,1.390299719139363e-10,0.0
1320,79260.0,79260,11.51865282272788,11.51865282272788,-21.24039580516637,0.0,11.518652822588853,1.390258366723699e-10,0.0
1321,79320.0,79320,11.518652822728347,11.518652822728347,-21.06339250679027,0.0,11.518652822589326,1.3902173598967546e-10,0.0
1322,79380.0,79380,11.518652822728813,11.518652822728813,-20.886389208414162,0.0,11.518652822589793,1.3901766986345144e-10,0.0
1323,79440.0,79440,11.518652822729273,11.518652822729273,-20.709385910038048,0.0,11.518652822590258,1.390136382912987e-10,0.0
1324,79500.0,79500,11.51865282272973,11.51865282272973,-20.53238261166193,0.0,11.518652822590719,1.3900964127081088e-10,0.0
1325,79560.0,79560,11.518652822730182,11.518652822730182,-20.355379313285802,0.0,11.518652822591177,1.390056787996729e-10,0.0
1326,79620.0,79620,11.518652822730632,11.518652822730632,-20.178376014909666,0.0,11.51865282259163,1.3900175087550244e-10,0.0
1327,79680.0,79680,11.518652822731076,11.518652822731076,-20.001372716533528,0.0,11.518652822592077,1.38997857495982e-10,0.0
1328,79740.0,79740,11.518652822731516,11.518652822731516,-19.824369418157378,0.0,11.518652822592523,1.3899399865881813e-10,0.0
1329,79800.0,79800,11.518652822731955,11.518652822731955,-19.64736611978122,0.0,11.518652822592964,1.3899017436169813e-10,0.0
1330,79860.0,79860,11.518652822732388,11.518652822732388,-19.47036282140506,0.0,11.5186528225934,1.3898638460237172e-10,0.0
1331,79920.0,79920,11.518652822732818,11.518652822732818,-19.293359523028894,0.0,11.518652822593834,1.389826293785719e-10,0.0
1332,79980.0,79980,11.518652822733243,11.518652822733243,-19.11635622465272,0.0,11.518652822594264,1.3897890868807966e-10,0.0
1333,80040.0,80040,11.518652822733666,11.518652822733666,-18.939352926276538,0.0,11.518652822594689,1.389752225286639e-10,0.0
1334,80100.0,80100,11.518652822734083,11.518652822734083,-18.76234962790035,0.0,11.518652822595111,1.3897157089812244e-10,0.0
1335,80160.0,80160,11.518652822734497,11.518652822734497,-18.585346329524153,0.0,11.518652822595529,1.389679537943035e-10,0.0
1336,80220.0,80220,11.518652822734907,11.518652822734907,-18.40834303114795,0.0,11.518652822595943,1.3896437121503367e-10,0.0
1337,80280.0,80280,11.518652822735312,11.518652822735312,-18.231339732771744,0.0,11.518652822596351,1.38960823158154e-10,0.0
1338,80340.0,80340,11.518652822735715,11.518652822735715,-18.05433643439553,0.0,11.518652822596756,1.3895730962157272e-10,0.0
1339,80400.0,80400,11.518652822736113,11.518652822736113,-17.87733313601931,0.0,11.51865282259716,1.3895383060315725e-10,0.0
1340,80460.0,80460,11.518652822736508,11.518652822736508,-17.700329837643086,0.0,11.518652822597556,1.3895038610084229e-10,0.0
1341,80520.0,80520,11.518652822736899,11.518652822736899,-17.523326539266854,0.0,11.518652822597952,1.3894697611256008e-10,0.0
1342,80580.0,80580,11.518652822737284,11.518652822737284,-17.346323240890616,0.0,11.518652822598341,1.3894360063625014e-10,0.0
1343,80640.0,80640,11.518652822737666,11.518652822737666,-17.169319942514374,0.0,11.518652822598726,1.3894025966988313e-10,0.0
1344,80700.0,80700,11.518652822738046,11.518652822738046,-16.992316644138125,0.0,11.518652822599108,1.389369532114586e-10,0.0
1345,80760.0,80760,11.51865282273842,11.51865282273842,-16.81531334576187,0.0,11.518652822599487,1.3893368125899286e-10,0.0
1346,80820.0,80820,11.51865282273879,11.51865282273879,-16.638310047385605,0.0,11.518652822599861,1.3893044381051182e-10,0.0
1347,80880.0,80880,11.518652822739158,11.518652822739158,-16.46130674900934,0.0,11.518652822600231,1.3892724086404866e-10,0.0
1348,80940.0,80940,11.51865282273952,11.51865282273952,-16.284303450633068,0.0,11.518652822600597,1.3892407241768932e-10,0.0
1349,81000.0,81000,11.518652822739881,11.518652822739881,-16.107300152256787,0.0,11.51865282260096,1.3892093846950778e-10,0.0
1350,81060.0,81060,11.518652822740236,11.518652822740236,-15.930296853880506,0.0,11.518652822601318,1.3891783901761881e-10,0.0
1351,81120.0,81120,11.518652822740586,11.518652822740586,-15.753293555504214,0.0,11.518652822601672,1.3891477406015642e-10,0.0
1352,81180.0,81180,11.518652822740934,11.518652822740934,-15.576290257127921,0.0,11.518652822602023,1.3891174359524503e-10,0.0
1353,81240.0,81240,11.518652822741279,11.518652822741279,-15.39928695875162,0.0,11.51865282260237,1.3890874762105945e-10,0.0
1354,81300.0,81300,11.518652822741617,11.518652822741617,-15.222283660375316,0.0,11.51865282260271,1.3890578613577448e-10,0.0
1355,81360.0,81360,11.518652822741954,11.518652822741954,-15.045280361999009,0.0,11.51865282260305,1.3890285913761303e-10,0.0
1356,81420.0,81420,11.518652822742284,11.518652822742284,-14.868277063622694,0.0,11.518652822603384,1.3889996662477631e-10,0.0
1357,81480.0,81480,11.518652822742613,11.518652822742613,-14.691273765246372,0.0,11.518652822603716,1.3889710859552322e-10,0.0
1358,81540.0,81540,11.518652822742936,11.518652822742936,-14.514270466870048,0.0,11.518652822604041,1.3889428504811263e-10,0.0
1359,81600.0,81600,11.518652822743256,11.518652822743256,-14.337267168493717,0.0,11.518652822604366,1.3889149598082025e-10,0.0
1360,81660.0,81660,11.518652822743572,11.518652822743572,-14.160263870117381,0.0,11.518652822604684,1.3888874139195058e-10,0.0
1361,81720.0,81720,11.518652822743885,11.518652822743885,-13.983260571741042,0.0,11.518652822604999,1.3888602127983695e-10,0.0
1362,81780.0,81780,11.518652822744194,11.518652822744194,-13.806257273364695,0.0,11.51865282260531,1.3888333564279348e-10,0.0
1363,81840.0,81840,11.518652822744498,11.518652822744498,-13.629253974988345,0.0,11.518652822605617,1.3888068447922553e-10,0.0
1364,81900.0,81900,11.518652822744798,11.518652822744798,-13.45225067661199,0.0,11.518652822605919,1.3887806778747369e-10,0.0
1365,81960.0,81960,11.518652822745093,11.518652822745093,-13.275247378235632,0.0,11.518652822606219,1.3887548556597206e-10,0.0
1366,82020.0,82020,11.518652822745386,11.518652822745386,-13.098244079859267,0.0,11.518652822606514,1.388729378131165e-10,0.0
1367,82080.0,82080,11.518652822745675,11.518652822745675,-12.9212407814829,0.0,11.518652822606805,1.3887042452735077e-10,0.0
1368,82140.0,82140,11.51865282274596,11.51865282274596,-12.744237483106527,0.0,11.518652822607091,1.388679457071715e-10,0.0
1369,82200.0,82200,11.518652822746239,11.518652822746239,-12.56723418473015,0.0,11.518652822607375,1.3886550135101292e-10,0.0
1370,82260.0,82260,11.518652822746517,11.518652822746517,-12.390230886353768,0.0,11.518652822607653,1.3886309145739563e-10,0.0
1371,82320.0,82320,11.51865282274679,11.51865282274679,-12.213227587977384,0.0,11.51865282260793,1.3886071602487154e-10,0.0
1372,82380.0,82380,11.518652822747057,11.518652822747057,-12.036224289600991,0.0,11.5186528226082,1.3885837505193484e-10,0.0
1373,82440.0,82440,11.518652822747324,11.518652822747324,-11.859220991224598,0.0,11.518652822608466,1.388560685371735e-10,0.0
1374,82500.0,82500,11.518652822747585,11.518652822747585,-11.682217692848202,0.0,11.518652822608729,1.3885379647916814e-10,0.0
1375,82560.0,82560,11.51865282274784,11.51865282274784,-11.5052143944718,0.0,11.518652822608988,1.3885155887652346e-10,0.0
1376,82620.0,82620,11.518652822748095,11.518652822748095,-11.328211096095393,0.0,11.518652822609244,1.3884935572786583e-10,0.0
1377,82680.0,82680,11.518652822748344,11.518652822748344,-11.151207797718984,0.0,11.518652822609496,1.3884718703183356e-10,0.0
1378,82740.0,82740,11.518652822748589,11.518652822748589,-10.974204499342571,0.0,11.518652822609743,1.3884505278710578e-10,0.0
1379,82800.0,82800,11.51865282274883,11.51865282274883,-10.797201200966153,0.0,11.518652822609987,1.3884295299235685e-10,0.0
1380,82860.0,82860,11.518652822749067,11.518652822749067,-10.620197902589732,0.0,11.518652822610226,1.3884088764628514e-10,0.0
1381,82920.0,82920,11.518652822749301,11.518652822749301,-10.443194604213309,0.0,11.518652822610461,1.3883885674764184e-10,0.0
1382,82980.0,82980,11.51865282274953,11.51865282274953,-10.26619130583688,0.0,11.518652822610694,1.3883686029514932e-10,0.0
1383,83040.0,83040,11.518652822749756,11.518652822749756,-10.08918800746045,0.0,11.518652822610921,1.3883489828758523e-10,0.0
1384,83100.0,83100,11.518652822749978,11.518652822749978,-9.912184709084015,0.0,11.518652822611143,1.3883297072375837e-10,0.0
1385,83160.0,83160,11.518652822750195,11.518652822750195,-9.735181410707577,0.0,11.518652822611363,1.388310776024464e-10,0.0
1386,83220.0,83220,11.518652822750408,11.518652822750408,-9.558178112331136,0.0,11.51865282261158,1.388292189224773e-10,0.0
1387,83280.0,83280,11.518652822750617,11.518652822750617,-9.38117481395469,0.0,11.518652822611791,1.38827394682744e-10,0.0
1388,83340.0,83340,11.518652822750823,11.518652822750823,-9.204171515578242,0.0,11.518652822611998,1.3882560488207937e-10,0.0
1389,83400.0,83400,11.518652822751026,11.518652822751026,-9.027168217201789,0.0,11.518652822612202,1.3882384951938586e-10,0.0
1390,83460.0,83460,11.518652822751225,11.518652822751225,-8.850164918825335,0.0,11.518652822612403,1.3882212859358042e-10,0.0
1391,83520.0,83520,11.518652822751417,11.518652822751417,-8.673161620448877,0.0,11.518652822612596,1.3882044210359913e-10,0.0
1392,83580.0,83580,11.518652822751607,11.518652822751607,-8.496158322072418,0.0,11.518652822612788,1.388187900483829e-10,0.0
1393,83640.0,83640,11.518652822751793,11.518652822751793,-8.319155023695954,0.0,11.518652822612976,1.3881717242693996e-10,0.0
1394,83700.0,83700,11.518652822751976,11.518652822751976,-8.142151725319486,0.0,11.51865282261316,1.3881558923822318e-10,0.0
1395,83760.0,83760,11.518652822752154,11.518652822752154,-7.965148426943019,0.0,11.518652822613339,1.3881404048129115e-10,0.0
1396,83820.0,83820,11.518652822752328,11.518652822752328,-7.788145128566547,0.0,11.518652822613516,1.388125261551593e-10,0.0
1397,83880.0,83880,11.518652822752498,11.518652822752498,-7.611141830190071,0.0,11.518652822613687,1.3881104625889815e-10,0.0
1398,83940.0,83940,11.518652822752664,11.518652822752664,-7.434138531813596,0.0,11.518652822613856,1.3880960079156155e-10,0.0
1399,84000.0,84000,11.518652822752827,11.518652822752827,-7.257135233437116,0.0,11.518652822614019,1.3880818975229936e-10,0.0
1400,84060.0,84060,11.518652822752985,11.518652822752985,-7.080131935060634,0.0,11.518652822614179,1.3880681314020135e-10,0.0
1401,84120.0,84120,11.51865282275314,11.51865282275314,-6.903128636684149,0.0,11.518652822614333,1.3880547095442942e-10,0.0
1402,84180.0,84180,11.518652822753289,11.518652822753289,-6.7261253383076625,0.0,11.518652822614486,1.3880416319414062e-10,0.0
1403,84240.0,84240,11.518652822753436,11.518652822753436,-6.5491220399311745,0.0,11.518652822614634,1.38802889858516e-10,0.0
1404,84300.0,84300,11.518652822753578,11.518652822753578,-6.372118741554683,0.0,11.518652822614778,1.3880165094675108e-10,0.0
1405,84360.0,84360,11.518652822753717,11.518652822753717,-6.195115443178189,0.0,11.518652822614918,1.3880044645812298e-10,0.0
1406,84420.0,84420,11.518652822753852,11.518652822753852,-6.018112144801692,0.0,11.518652822615053,1.3879927639182718e-10,0.0
1407,84480.0,84480,11.518652822753984,11.518652822753984,-5.841108846425194,0.0,11.518652822615184,1.3879814074717202e-10,0.0
1408,84540.0,84540,11.51865282275411,11.51865282275411,-5.664105548048694,0.0,11.518652822615312,1.387970395234275e-10,0.0
1409,84600.0,84600,11.518652822754232,11.518652822754232,-5.4871022496721915,0.0,11.518652822615435,1.3879597271991628e-10,0.0
1410,84660.0,84660,11.518652822754351,11.518652822754351,-5.3100989512956875,0.0,11.518652822615556,1.3879494033598283e-10,0.0
1411,84720.0,84720,11.518652822754465,11.518652822754465,-5.133095652919183,0.0,11.518652822615671,1.3879394237097146e-10,0.0
1412,84780.0,84780,11.518652822754577,11.518652822754577,-4.956092354542675,0.0,11.518652822615783,1.3879297882425784e-10,0.0
1413,84840.0,84840,11.518652822754683,11.518652822754683,-4.779089056166166,0.0,11.518652822615891,1.3879204969525353e-10,0.0
1414,84900.0,84900,11.518652822754786,11.518652822754786,-4.602085757789655,0.0,11.518652822615994,1.3879115498335097e-10,0.0
1415,84960.0,84960,11.518652822754886,11.518652822754886,-4.425082459413143,0.0,11.518652822616096,1.3879029468803864e-10,0.0
1416,85020.0,85020,11.518652822754982,11.518652822754982,-4.248079161036629,0.0,11.518652822616192,1.3878946880874014e-10,0.0
1417,85080.0,85080,11.51865282275507,11.51865282275507,-4.071075862660114,0.0,11.518652822616282,1.3878867734495357e-10,0.0
1418,85140.0,85140,11.51865282275516,11.51865282275516,-3.8940725642835967,0.0,11.518652822616371,1.38787920296189e-10,0.0
1419,85200.0,85200,11.518652822755243,11.518652822755243,-3.717069265907079,0.0,11.518652822616456,1.3878719766196136e-10,0.0
1420,85260.0,85260,11.518652822755321,11.518652822755321,-3.54006596753056,0.0,11.518652822616536,1.387865094418239e-10,0.0
1421,85320.0,85320,11.518652822755396,11.518652822755396,-3.3630626691540395,0.0,11.51865282261661,1.387858556353732e-10,0.0
1422,85380.0,85380,11.518652822755469,11.518652822755469,-3.186059370777518,0.0,11.518652822616682,1.3878523624215778e-10,0.0
1423,85440.0,85440,11.518652822755536,11.518652822755536,-3.0090560724009947,0.0,11.518652822616751,1.3878465126181258e-10,0.0
1424,85500.0,85500,11.518652822755598,11.518652822755598,-2.832052774024471,0.0,11.518652822616815,1.3878410069396535e-10,0.0
1425,85560.0,85560,11.518652822755659,11.518652822755659,-2.655049475647947,0.0,11.518652822616874,1.3878358453828472e-10,0.0
1426,85620.0,85620,11.518652822755714,11.518652822755714,-2.478046177271421,0.0,11.51865282261693,1.3878310279443445e-10,0.0
1427,85680.0,85680,11.518652822755765,11.518652822755765,-2.3010428788948945,0.0,11.518652822616982,1.3878265546211194e-10,0.0
1428,85740.0,85740,11.518652822755813,11.518652822755813,-2.124039580518367,0.0,11.51865282261703,1.3878224254105302e-10,0.0
1429,85800.0,85800,11.518652822755856,11.518652822755856,-1.947036282141839,0.0,11.518652822617074,1.3878186403098153e-10,0.0
1430,85860.0,85860,11.518652822755897,11.518652822755897,-1.7700329837653104,0.0,11.518652822617113,1.387815199316717e-10,0.0
1431,85920.0,85920,11.51865282275593,11.51865282275593,-1.5930296853887809,0.0,11.51865282261715,1.3878121024291704e-10,0.0
1432,85980.0,85980,11.518652822755964,11.518652822755964,-1.4160263870122514,0.0,11.518652822617183,1.3878093496450616e-10,0.0
1433,86040.0,86040,11.51865282275599,11.51865282275599,-1.239023088635721,0.0,11.51865282261721,1.387806940962686e-10,0.0
1434,86100.0,86100,11.518652822756016,11.518652822756016,-1.0620197902591901,0.0,11.518652822617234,1.3878048763806504e-10,0.0
1435,86160.0,86160,11.518652822756035,11.518652822756035,-0.8850164918826589,0.0,11.518652822617256,1.387803155897586e-10,0.0
1436,86220.0,86220,11.51865282275605,11.51865282275605,-0.7080131935061275,0.0,11.51865282261727,1.387801779512316e-10,0.0
1437,86280.0,86280,11.518652822756064,11.518652822756064,-0.5310098951295958,0.0,11.518652822617282,1.387800747224192e-10,0.0
1438,86340.0,86340,11.51865282275607,11.51865282275607,-0.3540065967530639,0.0,11.51865282261729,1.3878000590323734e-10,0.0
1439,86400.0,86400,11.518652822756074,11.518652822756074,-0.17700329837653195,0.0,11.518652822617295,1.3877997149366684e-10,0.0
1440,,86460,,,,,,,
