,time,time_x,P_Grid,P_BTMS,E_BTMS,P_Charge,P_BTMS_Ch,P_BTMS_DCh,"param: btms size, a,b_sys,b_cap,b_loan,c,d_wait_cost",E_Shift,P_Shift
0,60.0,60,28.575703494777883,28.575703494779926,81.53756304669731,0.0,28.575703869301343,3.7452141496887974e-07,98.88163670947212,2.9422691093455125e-14,2.0466826938427764e-12
1,120.0,120,27.766168391264625,27.766168391263555,81.942385511937,0.0,27.766168765786652,3.7452309633335014e-07,0.1643835616438356,8.61850789094913e-14,-1.0673784651830392e-12
2,180.0,180,26.96159249601141,26.96159249601018,82.33573956321021,0.0,26.9615928705351,3.7452491693435997e-07,0.04323985936321764,8.974654299781523e-14,-1.2260690635076125e-12
3,240.0,240,26.16749985479036,26.167499854789163,82.71769545596732,0.0,26.167500229316026,3.745268612441532e-07,0.023148148148148147,8.99043660217903e-14,-1.1978194519331527e-12
4,300.0,300,25.384308733100262,25.384308733099104,83.08840170297378,0.0,25.384309107628017,3.7452891361851556e-07,0.009341992564003648,8.987759465913835e-14,-1.1587841714541316e-12
5,360.0,360,24.61477788853842,24.614777888537294,83.44801274242299,0.0,24.614778263068356,3.745310624324201e-07,0.12,8.990396455775771e-14,-1.1240563007458734e-12
6,420.0,420,23.8617746380398,23.86177463803871,83.79672209490754,0.0,23.861775012572004,3.745332975142558e-07,1000000.0,8.99462178442391e-14,-1.0922163146368762e-12
7,480.0,480,23.127681883487075,23.127681883486012,84.13476390134335,0.0,23.127682258021622,3.745356096258761e-07,0.0,8.998283945363247e-14,-1.0619353963036943e-12
8,540.0,540,22.414483663370802,22.414483663369772,84.462406060423,0.0,22.414484037907762,3.7453799029843536e-07,0.0,9.001115433572982e-14,-1.0328265882651354e-12
9,600.0,600,21.723891880999318,21.72389188099831,84.77994457805102,0.0,21.72389225553874,3.7454043161219115e-07,0.0,9.003287568211506e-14,-1.0047303328931598e-12
10,660.0,660,21.057401563284568,21.05740156328359,85.08769971209541,0.0,21.057401937826516,3.745429259568465e-07,0.0,9.005031999133386e-14,-9.775914101633908e-13
11,720.0,720,20.416304589789437,20.416304589788485,85.3860128999722,0.0,20.416304964333953,3.745454658215873e-07,0.0,9.006495515843315e-14,-9.513276414418638e-13
12,780.0,780,19.801688975763167,19.80168897576224,85.67524388072445,0.0,19.801689350310284,3.7454804363196326e-07,0.0,9.007791309365195e-14,-9.258888967439955e-13
13,840.0,840,19.214435354378836,19.21443535437793,85.95576780694466,0.0,19.214435728928578,3.745506516381799e-07,0.0,9.00897868749412e-14,-9.012217351175648e-13
14,900.0,900,18.655214274214764,18.655214274213886,86.22797230686191,0.0,18.655214648767167,3.745532818576917e-07,0.0,9.010089298515693e-14,-8.772666206966276e-13
15,960.0,960,18.124482820857086,18.124482820856233,86.49225450814352,0.0,18.124483195412157,3.7455592607676197e-07,0.0,9.011154659816328e-14,-8.539986835595023e-13
16,1020.0,1020,17.622473814054317,17.62247381405349,86.74901801383587,0.0,17.622474188612063,3.745585759232642e-07,0.0,9.012174228446817e-14,-8.313638285547286e-13
17,1080.0,1080,17.14916644234562,17.14916644234481,86.99866972526519,0.0,17.14916681690603,3.74561223033546e-07,0.0,9.01317613429116e-14,-8.093587446573144e-13
18,1140.0,1140,16.704229003132884,16.70422900313209,87.24161624892862,0.0,16.70422937769595,3.74563859338923e-07,0.0,9.014155089991794e-14,-7.879619910647115e-13
19,1200.0,1200,16.286940171594917,16.28694017159415,87.47825949220321,0.0,16.28694054616063,3.7456647747054197e-07,0.0,9.015101332941342e-14,-7.671398249002923e-13
20,1260.0,1260,15.896126180069066,15.896126180068318,87.70899114369765,0.0,15.896126554637389,3.74569071204759e-07,0.0,9.016024426154272e-14,-7.468872601525295e-13
21,1320.0,1320,15.530177897480446,15.530177897479719,87.9341862636455,0.0,15.530178272051355,3.745716357709474e-07,0.0,9.016907860108028e-14,-7.271733663287683e-13
22,1380.0,1380,15.187195126678967,15.187195126678258,88.15419711625665,0.0,15.187195501252427,3.745741678244917e-07,0.0,9.01774096595254e-14,-7.07957958786718e-13
23,1440.0,1440,14.865228886059795,14.865228886059105,88.36934904628146,0.0,14.86522926063577,3.74576665042377e-07,0.0,9.018525220034945e-14,-6.892036923464949e-13
24,1500.0,1500,14.562509979353964,14.562509979353292,88.57993978789747,0.0,14.562510353932417,3.74579125555677e-07,0.0,9.019272304935361e-14,-6.708910329348228e-13
25,1560.0,1560,14.277552026667628,14.277552026666974,88.78624201166849,0.0,14.277552401248522,3.7458154754906085e-07,0.0,9.019983641867355e-14,-6.529919510754797e-13
26,1620.0,1620,14.009109876382654,14.009109876382018,88.98850733110977,0.0,14.009110250965948,3.7458392919660267e-07,0.0,9.020676568697504e-14,-6.355088086908381e-13
27,1680.0,1680,13.756067667583567,13.756067667582947,89.18696972008868,0.0,13.756068042169215,3.745862688387072e-07,0.0,9.021341735943228e-14,-6.18410882036154e-13
28,1740.0,1740,13.517345088668831,13.51734508866823,89.38184734444293,0.0,13.517345463256795,3.7458856518385957e-07,0.0,9.021992709130863e-14,-6.017008177181481e-13
29,1800.0,1800,13.2918617527917,13.291861752791114,89.57334306559589,0.0,13.291862127381933,3.7459081739106566e-07,0.0,9.022624224044159e-14,-5.853652654561471e-13
30,1860.0,1860,13.078550055090595,13.078550055090025,89.7616444394906,0.0,13.07855042968305,3.74593025017241e-07,0.0,9.023230620971347e-14,-5.693866033983308e-13
31,1920.0,1920,12.876388335602417,12.876388335601861,89.94692389766784,0.0,12.87638871019705,3.7459518788754266e-07,0.0,9.023813934154363e-14,-5.537491674767924e-13
32,1980.0,1980,12.684431722985106,12.684431722984566,90.12933939815235,0.0,12.68443209758187,3.745973059535421e-07,0.0,9.024379696268594e-14,-5.384487440273766e-13
33,2040.0,2040,12.501830455440556,12.501830455440032,90.30903551329143,0.0,12.50183083003941,3.745993791788526e-07,0.0,9.024926598087848e-14,-5.234700284367134e-13
34,2100.0,2100,12.327834865041988,12.32783486504148,90.48614477714031,0.0,12.327835239642885,3.746014074645632e-07,0.0,9.025454066703748e-14,-5.088000950529927e-13
35,2160.0,2160,12.161790594776766,12.161790594776273,90.66078910345853,0.0,12.161790969379663,3.7460339061047316e-07,0.0,9.025970696275184e-14,-4.944336393447242e-13
36,2220.0,2220,12.003128446476369,12.00312844647589,90.83308113594796,0.0,12.003128821081217,3.746053283013772e-07,0.0,9.026480446020204e-14,-4.803703383479965e-13
37,2280.0,2280,11.851352395010402,11.851352395009933,91.00312545466983,0.0,11.851352769617153,3.7460722010789163e-07,0.0,9.026981525814466e-14,-4.666017291666252e-13
38,2340.0,2340,11.706028005732477,11.706028005732025,91.17101961266258,0.0,11.70602838034109,3.7460906549319837e-07,0.0,9.027478188477325e-14,-4.531288298077641e-13
39,2400.0,2400,11.566772365155726,11.566772365155286,91.33685500847388,0.0,11.566772739766149,3.746108638206933e-07,0.0,9.027969032138845e-14,-4.3994214540798546e-13
40,2460.0,2460,11.433245865313532,11.433245865313106,91.50071761604369,0.0,11.43324623992572,3.746126143599255e-07,0.0,9.02846323687884e-14,-4.270539949366008e-13
41,2520.0,2520,11.305145748178713,11.3051457481783,91.66268859819905,0.0,11.305146122792616,3.746143162895235e-07,0.0,9.0289531905501e-14,-4.1445368054371793e-13
42,2580.0,2580,11.182201125534764,11.18220112553436,91.82284482869501,0.0,11.18220150015033,3.7461596869748085e-07,0.0,9.029445347267965e-14,-4.0214639782302946e-13
43,2640.0,2640,11.06416914659968,11.064169146599289,91.98125934370353,0.0,11.06416952121686,3.746175705790103e-07,0.0,9.02994003020753e-14,-3.901301121940827e-13
44,2700.0,2700,10.950832017889887,10.950832017889509,92.13800173901045,0.0,10.95083239250863,3.746191208323619e-07,0.0,9.030443799224744e-14,-3.7842055724749155e-13
45,2760.0,2760,10.841994640411112,10.841994640410746,92.29313852499396,0.0,10.841995015031367,3.746206182533771e-07,0.0,9.030946355474689e-14,-3.6700503378855154e-13
46,2820.0,2820,10.737482692619706,10.737482692619349,92.44673344812986,0.0,10.73748306724141,3.7462206152883974e-07,0.0,9.031457544675635e-14,-3.5589798444917335e-13
47,2880.0,2880,10.637141041785735,10.63714104178539,92.5988477853387,0.0,10.63714141640884,3.746234492289798e-07,0.0,9.031972012095e-14,-3.4508918486440737e-13
48,2940.0,2940,10.540832407870822,10.540832407870488,92.74954061582743,0.0,10.540832782495267,3.7462477979907397e-07,0.0,9.03250492461746e-14,-3.3460788721690876e-13
49,3000.0,3000,10.448436233580649,10.448436233580324,92.89886907400235,0.0,10.448436608206377,3.7462605155015985e-07,0.0,9.033041191346854e-14,-3.24440238990448e-13
50,3060.0,3060,10.359847733955363,10.359847733955048,93.04688858637479,0.0,10.35984810858231,3.7462726264880144e-07,0.0,9.033592349618132e-14,-3.146036053237858e-13
51,3120.0,3120,10.274977111546841,10.274977111546537,93.19365309500256,0.0,10.274977486174947,3.746284111055589e-07,0.0,9.034155890789822e-14,-3.051012277483672e-13
52,3180.0,3180,10.193748931182235,10.193748931181936,93.33921526981288,0.0,10.193749305811432,3.746294947621031e-07,0.0,9.034733159306204e-14,-2.959438150820416e-13
53,3240.0,3240,10.1161016533769,10.116101653376612,93.48362671206803,0.0,10.116102028007125,3.746305112766965e-07,0.0,9.035327912379419e-14,-2.871424585219587e-13
54,3300.0,3300,10.041987328982653,10.041987328982376,93.62693815122093,0.0,10.041987703613833,3.7463145810748537e-07,0.0,9.035939767261781e-14,-2.7870646702297044e-13
55,3360.0,3360,9.971371460683809,9.971371460683539,93.76919963744491,0.0,9.971371835315871,3.746323324937032e-07,0.0,9.036569914963001e-14,-2.7064476300491235e-13
56,3420.0,3420,9.904233039910654,9.904233039910391,93.91046073220132,0.0,9.904233414543523,3.7463313143384206e-07,0.0,9.037223130533431e-14,-2.629760797812601e-13
57,3480.0,3480,9.840564771395565,9.840564771395309,94.0507706993301,0.0,9.840565146029162,3.7463385166081377e-07,0.0,9.037896105274883e-14,-2.5569979735302244e-13
58,3540.0,3540,9.780373501958207,9.780373501957959,94.19017869932159,0.0,9.780373876592448,3.746344896130417e-07,0.0,9.038606432077693e-14,-2.488604240525551e-13
59,3600.0,3600,9.723680875858168,9.723680875857925,94.32873398966274,0.0,9.723681250492966,3.7463504140113033e-07,0.0,9.039335168389302e-14,-2.4244573743993596e-13
60,3660.0,3660,9.670524246196916,9.67052424619668,94.46648613446742,0.0,9.670524620832182,3.746355027691955e-07,0.0,9.040102358582432e-14,-2.3649348542005367e-13
61,3720.0,3720,9.620957881263898,9.620957881263667,94.60348522701861,0.0,9.620958255899536,3.74635869049513e-07,0.0,9.040900787046334e-14,-2.310237344816541e-13
62,3780.0,3780,9.575054516585492,9.575054516585267,94.7397821293999,0.0,9.5750548912214,3.7463613510967185e-07,0.0,9.041728071143801e-14,-2.2603239841201007e-13
63,3840.0,3840,9.532907319148245,9.532907319148025,94.8754287341149,0.0,9.532907693784319,3.746362952902718e-07,0.0,9.042614879229559e-14,-2.2158868489780772e-13
64,3900.0,3900,9.494632350555005,9.494632350554786,95.0104782535329,0.0,9.49463272519113,3.746363433311377e-07,0.0,9.04353702069105e-14,-2.1768948976676812e-13
65,3960.0,3960,9.46037164301061,9.460371643010397,95.14498554422913,0.0,9.46037201764667,3.7463627228374386e-07,0.0,9.044512021665834e-14,-2.1437283216121025e-13
66,4020.0,4020,9.430297038274997,9.430297038274785,95.27900747490185,0.0,9.430297412910859,3.7463607440621564e-07,0.0,9.045548511489243e-14,-2.1168304554989031e-13
67,4080.0,4080,9.404614988921677,9.404614988921468,95.41260334867411,0.0,9.404615363557207,3.746357410368509e-07,0.0,9.046644717060122e-14,-2.0964812807595017e-13
68,4140.0,4140,9.383572588955426,9.383572588955216,95.54583539341387,0.0,9.38357296359048,3.7463526244049863e-07,0.0,9.047814503909144e-14,-2.0831956527432022e-13
69,4200.0,4200,9.367465195293631,9.367465195293422,95.67876933748745,0.0,9.367465569928049,3.7463462762064e-07,0.0,9.049062984444073e-14,-2.0774337502986798e-13
70,4260.0,4260,9.356646135310962,9.356646135310752,95.81147509348418,0.0,9.356646509944577,3.746338240871421e-07,0.0,9.050401558046627e-14,-2.0797439441604454e-13
71,4320.0,4320,9.351539188153321,9.351539188153113,95.94402757946446,0.0,9.351539562785948,3.7463283756672754e-07,0.0,9.051845981885108e-14,-2.0908175448191725e-13
72,4380.0,4380,9.352654809370494,9.352654809370282,96.07650771702671,0.0,9.352655184001934,3.7463165163787327e-07,0.0,9.053409874220561e-14,-2.111423654420353e-13
73,4440.0,4440,9.360611489612923,9.360611489612708,96.20900365922284,0.0,9.360611864242955,3.7463024726499384e-07,0.0,9.055103954059334e-14,-2.1423140927282024e-13
74,4500.0,4500,9.376164280737305,9.376164280737086,96.34161232105576,0.0,9.376164655365688,3.746286021962899e-07,0.0,9.056961750160422e-14,-2.184623168401292e-13
75,4560.0,4560,9.400243527599315,9.400243527599091,96.47444131409628,0.0,9.40024390222578,3.7462669017367047e-07,0.0,9.058998936191823e-14,-2.2393709348438315e-13
76,4620.0,4620,9.4340084582551,9.434008458254869,96.60761142980067,0.0,9.43400883287935,3.746244798785211e-07,0.0,9.061263432594222e-14,-2.3080129576131145e-13
77,4680.0,4680,9.478922959700295,9.478922959700055,96.74125988202269,0.0,9.478923334321989,3.7462193349869364e-07,0.0,9.063802789896886e-14,-2.392240845209101e-13
78,4740.0,4740,9.53686545416844,9.536865454168192,96.8755446230152,0.0,9.536865828787196,3.746190047373764e-07,0.0,9.066675436508493e-14,-2.4938316105726746e-13
79,4800.0,4800,9.610292981259006,9.610292981258745,97.01065021601269,0.0,9.61029335587438,3.746156359776798e-07,0.0,9.069991606388979e-14,-2.6154321801896046e-13
80,4860.0,4860,9.702494899003392,9.702494899003117,97.14679603231062,0.0,9.702495273614872,3.746117541244666e-07,0.0,9.073867070349405e-14,-2.7599779894353903e-13
81,4920.0,4920,9.818001788975458,9.818001788975165,97.28424804244328,0.0,9.81800216358243,3.7460726429435466e-07,0.0,9.078480083211335e-14,-2.9312556915446466e-13
82,4980.0,4980,9.963278409439807,9.963278409439495,97.42333640018387,0.0,9.963278784041533,3.7460203983642525e-07,0.0,9.084095805976551e-14,-3.1342761325698925e-13
83,5040.0,5040,10.147972077304173,10.147972077303834,97.56448284338106,0.0,10.147972451899738,3.7459590574100634e-07,0.0,9.091100890884593e-14,-3.3751432247280744e-13
84,5100.0,5100,10.387336814010004,10.387336814009638,97.70824578020635,0.0,10.387337188598247,3.745886093001786e-07,0.0,9.100183731439368e-14,-3.659594175409836e-13
85,5160.0,5160,10.707386477828877,10.707386477828479,97.85539971746834,0.0,10.707386852408243,3.7457976410472737e-07,0.0,9.113006382400571e-14,-3.985407740054258e-13
86,5220.0,5220,11.156967966142679,11.156967966142245,98.00708769163441,0.0,11.156968340710977,3.745687328188664e-07,0.0,9.134498394933228e-14,-4.3480511186045807e-13
87,5280.0,5280,11.83663071893819,11.836630718937771,98.16514473688498,0.0,11.836631093492128,3.7455435861468944e-07,0.0,9.174679062791249e-14,-4.176902639602567e-13
88,5340.0,5340,12.932903256937244,12.932903256940495,98.33283033780019,0.0,12.932903631474815,3.74534321070286e-07,0.0,9.348178567968884e-14,3.2497580083815236e-12
89,5400.0,5400,39.413732410373015,-110.58626758963582,98.51604646633712,150.0,3.744780318760301e-07,110.58626796411386,0.0,1.5901624250957021e-13,-8.845263396133654e-12
90,5460.0,5460,39.41373241037617,-110.58626758962886,96.67294200557363,150.0,3.744775562686604e-07,110.58626796410641,0.0,9.228507691450817e-14,-5.040495321396297e-12
91,5520.0,5520,39.41373241037528,-110.58626758962967,94.82983754481023,150.0,3.7447769058223254e-07,110.58626796410735,0.0,9.050922313564611e-14,-4.94350448220469e-12
92,5580.0,5580,39.41373241037292,-110.586267589632,92.98673308404685,150.0,3.744780468779334e-07,110.58626796411006,0.0,9.019937979967148e-14,-4.91343468898623e-12
93,5640.0,5640,39.41373241036979,-110.5862675896351,91.14362862328339,150.0,3.74478518784536e-07,110.58626796411362,0.0,9.005920535564473e-14,-4.8838966110980115e-12
94,5700.0,5700,39.413732410366194,-110.58626758963865,89.3005241625199,150.0,3.744790622036888e-07,110.58626796411771,0.0,8.99912699737885e-14,-4.853452615384673e-12
95,5760.0,5760,39.413732410362265,-110.58626758964255,87.45741970175635,150.0,3.744796546134981e-07,110.5862679641222,0.0,8.995036572711593e-14,-4.821329395557563e-12
96,5820.0,5820,39.4137324103581,-110.58626758964668,85.61431524099274,150.0,3.7448028296498686e-07,110.58626796412696,0.0,8.992087508761215e-14,-4.787503734017414e-12
97,5880.0,5880,39.41373241035375,-110.586267589651,83.77121078022904,150.0,3.744809390321188e-07,110.58626796413195,0.0,8.989779764655068e-14,-4.7522056741710995e-12
98,5940.0,5940,39.41373241034926,-110.58626758965545,81.92810631946529,150.0,3.7448161730392044e-07,110.58626796413706,0.0,8.98789471114674e-14,-4.7156308541341565e-12
99,6000.0,6000,39.41373241034463,-110.58626758966004,80.08500185870146,150.0,3.7448231391377414e-07,110.58626796414237,0.0,8.986318337553578e-14,-4.677962433525566e-12
100,6060.0,6060,39.41373241033991,-110.58626758966474,78.24189739793754,150.0,3.7448302604950613e-07,110.58626796414777,0.0,8.984951827637912e-14,-4.639319434040866e-12
101,6120.0,6120,39.4137324103351,-110.5862675896695,76.39879293717355,150.0,3.7448375160672864e-07,110.58626796415325,0.0,8.983717528573702e-14,-4.59981285320344e-12
102,6180.0,6180,39.41373241033021,-110.58626758967436,74.55568847640947,150.0,3.744844889745324e-07,110.58626796415884,0.0,8.98252874992039e-14,-4.559521926021384e-12
103,6240.0,6240,39.413732410325245,-110.58626758967927,72.71258401564533,150.0,3.7448523689619764e-07,110.5862679641645,0.0,8.981310579837307e-14,-4.518516864799193e-12
104,6300.0,6300,39.41373241032023,-110.58626758968424,70.8694795548811,150.0,3.7448599437389685e-07,110.58626796417023,0.0,8.98000067738079e-14,-4.476772529072291e-12
105,6360.0,6360,39.41373241031515,-110.5862675896893,69.02637509411676,150.0,3.744867606003827e-07,110.58626796417606,0.0,8.978685640025801e-14,-4.434215688772906e-12
106,6420.0,6420,39.41373241031001,-110.58626758969439,67.18327063335235,150.0,3.7448753490957793e-07,110.58626796418191,0.0,8.977660753027368e-14,-4.3906452624452374e-12
107,6480.0,6480,39.41373241030482,-110.5862675896995,65.34016617258786,150.0,3.744883167462137e-07,110.58626796418783,0.0,8.977568639933702e-14,-4.34583940325067e-12
108,6540.0,6540,39.41373241029958,-110.5862675897047,63.49706171182328,150.0,3.744891056636905e-07,110.58626796419382,0.0,8.979300893836843e-14,-4.300482976000292e-12
109,6600.0,6600,39.4137324102943,-110.58626758970996,61.65395725105861,150.0,3.744899013797805e-07,110.58626796419986,0.0,8.982281764811249e-14,-4.25939518596297e-12
110,6660.0,6660,39.41373241028897,-110.58626758971528,59.81085279029385,150.0,3.744907038583087e-07,110.58626796420599,0.0,8.977506152293388e-14,-4.259558426973854e-12
111,6720.0,6720,39.41373241028054,-85.58626758972498,57.96774832952901,125.00000000000014,3.744946137018932e-07,85.58626796421959,0.0,8.894383968078442e-14,-5.381001910214694e-12
112,6780.0,6780,37.37031457731377,37.37031457731228,56.541310535430654,0.0,37.37031495192778,3.7461550729111263e-07,0.0,6.789183412423697e-14,-1.4874373453839166e-12
113,6840.0,6840,37.34386069265451,37.34386069265183,57.07072332433935,0.0,37.3438610672684,3.746165690983024e-07,0.0,8.933178302452866e-14,-2.675551127202647e-12
114,6900.0,6900,37.316338806485625,37.31633880648297,57.59976134988201,0.0,37.316339181100595,3.7461762388075937e-07,0.0,8.979609680236197e-14,-2.656924411125891e-12
115,6960.0,6960,37.287592674173816,37.287592674171215,58.128409482037284,0.0,37.28759304878987,3.7461866710034316e-07,0.0,8.97803732485224e-14,-2.611701292237485e-12
116,7020.0,7020,37.25742619641903,37.25742619641646,58.65665037731812,0.0,37.25742657103615,3.7461969323755357e-07,0.0,8.973250715965781e-14,-2.56335179679481e-12
117,7080.0,7080,37.225624391945786,37.22562439194327,59.18446391416412,0.0,37.22562476656397,3.7462069716326167e-07,0.0,8.970350826409791e-14,-2.5148718945280315e-12
118,7140.0,7140,37.19193853350505,37.19193853350259,59.711826925446736,0.0,37.19193890812426,3.7462167350853956e-07,0.0,8.96871014567676e-14,-2.4661754454375937e-12
119,7200.0,7200,37.156080596232236,37.15608059622982,60.238712720401445,0.0,37.156080970852436,3.7462261664797387e-07,0.0,8.967345930897608e-14,-2.4167675942096297e-12
120,7260.0,7260,37.117728419383916,37.11772841938155,60.76509052791145,0.0,37.11772879400507,3.746235211921917e-07,0.0,8.965769788422617e-14,-2.3662994000621627e-12
121,7320.0,7320,37.076546847805474,37.07654684780316,61.290925012916105,0.0,37.07654722242754,3.746243830318153e-07,0.0,8.963855082855753e-14,-2.314526300919709e-12
122,7380.0,7380,37.03223275883398,37.03223275883172,61.816176092323396,0.0,37.03223313345691,3.746252010102995e-07,0.0,8.961734900674913e-14,-2.2613451167931512e-12
123,7440.0,7440,36.984590779471866,36.984590779469656,62.34079938880358,0.0,36.98459115409563,3.7462597915592663e-07,0.0,8.959676897709335e-14,-2.206786470970908e-12
124,7500.0,7500,36.93364032078008,36.933640320777926,62.86474775724281,0.0,36.933640695404655,3.746267291213294e-07,0.0,8.958058429851541e-14,-2.1511008033973823e-12
125,7560.0,7560,36.879740316563165,36.87974031656107,63.38797432751724,0.0,36.879740691188545,3.7462747208848996e-07,0.0,8.957309845504246e-14,-2.094801540938647e-12
126,7620.0,7620,36.82369435991923,36.82369435991719,63.91043731439861,0.0,36.82369473454543,3.746282390180536e-07,0.0,8.95785972197526e-14,-2.0387059240780014e-12
127,7680.0,7680,36.76677279911177,36.76677279910979,64.43210631689418,0.0,36.766773173738855,3.7462906804759777e-07,0.0,8.960045622366808e-14,-1.983936758618925e-12
128,7740.0,7740,36.710580993620496,36.71058099361857,64.95296893061163,0.0,36.71058136824857,3.746299984564329e-07,0.0,8.963923648344001e-14,-1.9317037945460857e-12
129,7800.0,7800,36.65674116638033,36.656741166378445,65.4730354937513,0.0,36.6567415410095,3.7463106199512316e-07,0.0,8.969195380272508e-14,-1.8830465484332506e-12
130,7860.0,7860,36.606442917994,36.60644291799216,65.99233932600507,0.0,36.606443292624434,3.746322739445245e-07,0.0,8.975186662422396e-14,-1.8385566342030187e-12
131,7920.0,7920,36.560010865607445,36.56001086560565,66.51093059974002,0.0,36.56001124023928,3.746336270177118e-07,0.0,8.980940731033633e-14,-1.7980976043988128e-12
132,7980.0,7980,36.516665856255074,36.51666585625331,67.02886408606618,0.0,36.516666230888404,3.7463509053087854e-07,0.0,8.985472009959241e-14,-1.760811139383844e-12
133,8040.0,8040,36.47458304138202,36.47458304138029,67.54618351809316,0.0,36.474583416016905,3.7463661543494467e-07,0.0,8.98799286522136e-14,-1.7252502876971704e-12
134,8100.0,8100,36.431215730368535,36.43121573036684,68.06290677690943,0.0,36.431216105004985,3.7463814370820045e-07,0.0,8.98811178040114e-14,-1.6897041191152632e-12
135,8160.0,8160,36.38373633063009,36.38373633062844,68.57901566548635,0.0,36.383736705268056,3.746396190082459e-07,0.0,8.985885060659713e-14,-1.652567053342263e-12
136,8220.0,8220,36.329390141498756,36.32939014149714,69.09445192923366,0.0,36.32939051613813,3.7464099469948857e-07,0.0,8.981700077959781e-14,-1.6126104773129121e-12
137,8280.0,8280,36.26557207335277,36.26557207335121,69.6091182886349,0.0,36.265572447993435,3.746422359081393e-07,0.0,8.976035775760368e-14,-1.5690509843715983e-12
138,8340.0,8340,36.18956155330499,36.18956155330346,70.12288055873744,0.0,36.189561927946784,3.746433153882782e-07,0.0,8.969200517235792e-14,-1.521270244848134e-12
139,8400.0,8400,36.098184053441074,36.0981840534396,70.63556601313925,0.0,36.09818442808381,3.7464420953858055e-07,0.0,8.961365695321232e-14,-1.4684682008657654e-12
140,8460.0,8460,35.98816971157925,35.98816971157784,71.1469569529597,0.0,35.988170086222745,3.7464490708992767e-07,0.0,8.953036933571645e-14,-1.4096111465759773e-12
141,8520.0,8520,35.858096338973304,35.85809633897196,71.65678935627044,0.0,35.85809671361739,3.746454371928113e-07,0.0,8.945958701425114e-14,-1.3447400516220804e-12
142,8580.0,8580,35.71159628292632,35.711596282925036,72.16477905346926,0.0,35.711596657570944,3.7464589837523743e-07,0.0,8.943057572466378e-14,-1.2767224645187608e-12
143,8640.0,8640,35.55881312600001,35.5588131259988,72.6706933332074,0.0,35.55881350064525,3.7464644455105925e-07,0.0,8.946657626198617e-14,-1.2115888253123427e-12
144,8700.0,8700,35.41141449061363,35.41141449061247,73.17444318488909,0.0,35.41141486525967,3.7464720063553755e-07,0.0,8.955542400630843e-14,-1.1550699672652553e-12
145,8760.0,8760,35.27198907596934,35.27198907596823,73.67610488923614,0.0,35.27198945061639,3.746481610439125e-07,0.0,8.964227650249678e-14,-1.10722328248512e-12
146,8820.0,8820,35.1287353545931,35.12873535459203,74.17579140020906,0.0,35.128735729241214,3.746491822517501e-07,0.0,8.966935782810865e-14,-1.0618392082991655e-12
147,8880.0,8880,34.96218572171703,34.962185721716025,74.6734484834625,0.0,34.96218609636612,3.7465008777599376e-07,0.0,8.962262907235889e-14,-1.0119847171513693e-12
148,8940.0,8940,34.75448842392755,34.754488423926595,75.16874611358351,0.0,34.75448879857736,3.746507669717025e-07,0.0,8.95298041842345e-14,-9.543676908705205e-13
149,9000.0,9000,34.49251391930207,34.49251391930118,75.66110136531918,0.0,34.492514293952375,3.746511951821691e-07,0.0,8.942738079014272e-14,-8.88309508904027e-13
150,9060.0,9060,34.17145235432075,34.17145235431993,76.14974531157263,0.0,34.17145272897137,3.746514379512146e-07,0.0,8.935357759672599e-14,-8.155404132300127e-13
151,9120.0,9120,33.80268502493999,33.80268502493925,76.63384088565554,0.0,33.8026853995909,3.746516545656965e-07,0.0,8.934640308202733e-14,-7.429415986713196e-13
152,9180.0,9180,33.403603079461554,33.40360307946088,77.11271225590555,0.0,33.40360345411286,3.7465198256697683e-07,0.0,8.939581386239223e-14,-6.771540901537776e-13
153,9240.0,9240,32.968579792619366,32.968579792618755,77.58592996526129,0.0,32.968580167271156,3.7465240393506033e-07,0.0,8.943767263737409e-14,-6.151960445480416e-13
154,9300.0,9300,32.4757950455462,32.475795045545645,78.05298484472009,0.0,32.475795420198494,3.7465284944014997e-07,0.0,8.944999242920766e-14,-5.523950788326369e-13
155,9360.0,9360,31.91202368215551,31.91202368215502,78.51305860692868,0.0,31.912024056808338,3.7465331714890696e-07,0.0,8.945912327962036e-14,-4.888900487817075e-13
156,9420.0,9420,31.2781891606433,31.278189160642874,78.96514560815592,0.0,31.278189535296733,3.7465385782030906e-07,0.0,8.948591441933336e-14,-4.269013436927282e-13
157,9480.0,9480,30.58331334266606,30.58331334266569,79.40825328699505,0.0,30.583313717320213,3.7465452658656274e-07,0.0,8.953187199653192e-14,-3.681315024582864e-13
158,9540.0,9540,29.838716742339297,29.838716742338985,79.84151689174618,0.0,29.838717116994342,3.7465535986945014e-07,0.0,8.958929405157696e-14,-3.132784949528934e-13
159,9600.0,9600,29.055181080507925,29.055181080507666,80.26423204465935,0.0,29.05518145516404,3.746563739246792e-07,0.0,8.965027994339264e-14,-2.6240428201049637e-13
160,9660.0,9660,28.24203960320708,28.242039603206866,80.67584710902992,0.0,28.242039977864437,3.746575707497119e-07,0.0,8.970949385733483e-14,-2.1525779864023142e-13
161,9720.0,9720,27.407090298636113,27.40709029863594,81.07594266913871,0.0,27.407090673294885,3.746589441398846e-07,0.0,8.976404587399277e-14,-1.714517339877299e-13
162,9780.0,9780,26.5567849720432,26.556784972043072,81.4642097807661,0.0,26.556785346703556,3.7466048401720356e-07,0.0,8.981280793790066e-14,-1.3059229477025417e-13
163,9840.0,9840,25.696477916694256,25.696477916694164,81.84043090026672,0.0,25.696478291356343,3.7466217910423493e-07,0.0,8.985542647249667e-14,-9.22626522623608e-14
164,9900.0,9900,24.83065850167806,24.830658501678002,82.20446433648324,0.0,24.830658876342024,3.746640184268179e-07,0.0,8.98923517746801e-14,-5.612736047688548e-14
165,9960.0,9960,23.963146459598963,23.96314645959894,82.55623199765371,0.0,23.96314683426493,3.7466599208102164e-07,0.0,8.99239318485363e-14,-2.1843836328433597e-14
166,10020.0,10020,23.097248565550206,23.097248565550213,82.8957099048947,0.0,23.0972489402183,3.74668091566163e-07,0.0,8.995088007252601e-14,1.084716758105214e-14
167,10080.0,10080,22.235881749233062,22.23588174923311,83.22292092530334,0.0,22.235882123903416,3.7467030987371905e-07,0.0,8.99735340602168e-14,4.222068994540858e-14
168,10140.0,10140,21.3816688501602,21.381668850160274,83.53792924914748,0.0,21.381669224832915,3.746726414436418e-07,0.0,8.999265175515252e-14,7.246149774501597e-14
169,10200.0,10200,20.537012568738398,20.537012568738497,83.84083622358807,0.0,20.537012943413576,3.746750820514011e-07,0.0,9.000846985100464e-14,1.0178757596936518e-13
170,10260.0,10260,19.704152009439206,19.704152009439333,84.13177723404188,0.0,19.704152384116963,3.746776286584422e-07,0.0,9.002155838928678e-14,1.3034238893467353e-13
171,10320.0,10320,18.8852050517369,18.885205051737056,84.41091938657226,0.0,18.885205426417336,3.7468027924213614e-07,0.0,9.003214874887085e-14,1.582835369709947e-13
172,10380.0,10380,18.082198783535926,18.08219878353611,84.67845979053519,0.0,18.082199158219147,3.7468303260995685e-07,0.0,9.004060185387632e-14,1.8572705712400586e-13
173,10440.0,10440,17.29708942961571,17.29708942961592,84.93462427236526,0.0,17.297089804301812,3.746858881983804e-07,0.0,9.00470095807124e-14,2.1281019932150994e-13
174,10500.0,10500,16.53177260761363,16.53177260761387,85.17966637168144,0.0,16.531772982302716,3.746888458530193e-07,0.0,9.005183709120398e-14,2.396028576317225e-13
175,10560.0,10560,15.788084348054094,15.78808434805436,85.41386648268593,0.0,15.788084722746268,3.746919055872284e-07,0.0,9.005503612814607e-14,2.6622921369741963e-13
176,10620.0,10620,15.067793134920816,15.06779313492111,85.63753101001332,0.0,15.067793509616175,3.746950673166054e-07,0.0,9.00570652819427e-14,2.9273872424584776e-13
177,10680.0,10680,14.372583280200605,14.372583280200924,85.85099141182133,0.0,14.372583654899255,3.746983305712047e-07,0.0,9.005800490185082e-14,3.192057816085334e-13
178,10740.0,10740,13.704030258975353,13.704030258975699,86.05460300735412,0.0,13.704030633677393,3.7470169419102937e-07,0.0,9.005808539771707e-14,3.4567976742852875e-13
179,10800.0,10800,13.06356920082251,13.063569200822881,86.24874343508621,0.0,13.063569575528039,3.747051560169952e-07,0.0,9.005750199213509e-14,3.7220470554124113e-13
180,10860.0,10860,12.452458516413909,12.452458516414309,86.43381066449444,0.0,12.45245889112302,3.7470871259604304e-07,0.0,9.005648666753989e-14,3.988017112068741e-13
181,10920.0,10920,11.871741530504497,11.871741530504922,86.61022049254024,0.0,11.871741905217283,3.7471235892532105e-07,0.0,9.005525659877336e-14,4.2549033806710393e-13
182,10980.0,10980,11.322209818413201,11.322209818413654,86.77840349661896,0.0,11.322210193129742,3.747160882636581e-07,0.0,9.005410780242297e-14,4.522596767691035e-13
183,11040.0,11040,10.804372471803928,10.804372471804406,86.93880146810973,0.0,10.8043728465243,3.747198920374885e-07,0.0,9.005323624075775e-14,4.790944346063207e-13
184,11100.0,11100,10.318435509458526,10.318435509459032,87.09186341052352,0.0,10.318435884182792,3.7472375986236206e-07,0.0,9.005282718941408e-14,5.059700840096305e-13
185,11160.0,11160,9.864294907869374,9.864294907869906,87.23804124597072,0.0,9.864295282597585,3.7472767968820566e-07,0.0,9.005318513278949e-14,5.328271432308339e-13
186,11220.0,11220,9.44154516098273,9.441545160983289,87.37778542289543,0.0,9.441545535714928,3.747316380611655e-07,0.0,9.00543247998083e-14,5.596350142844704e-13
187,11280.0,11280,9.049502896970512,9.0495028969711,87.51154064507254,0.0,9.04950327170672,3.747356204801824e-07,0.0,9.00565982159167e-14,5.863004710145036e-13
188,11340.0,11340,8.687241978196665,8.687241978197278,87.63974193517616,0.0,8.68724235293689,3.747396118208596e-07,0.0,9.005990427783829e-14,6.127804111386281e-13
189,11400.0,11400,8.353632958500377,8.353632958501015,87.76281119559714,0.0,8.353633333244613,3.7474359680909254e-07,0.0,9.006445660221013e-14,6.389827028693499e-13
190,11460.0,11460,8.047376620545974,8.04737662054664,87.88115432823908,0.0,8.047376995294199,3.747475605550142e-07,0.0,9.007017998890514e-14,6.648368104689385e-13
191,11520.0,11520,7.767020731803323,7.767020731804013,87.99515882942666,0.0,7.767021106555503,3.7475148918941943e-07,0.0,9.007699434489356e-14,6.902768498584626e-13
192,11580.0,11580,7.51095484911779,7.510954849118506,88.10519162219035,0.0,7.510955223873877,3.747553706423334e-07,0.0,9.008481252076784e-14,7.152346733415178e-13
193,11640.0,11640,7.277392843220255,7.277392843220996,88.21159681494935,0.0,7.277393217980192,3.747591955131542e-07,0.0,9.009341461735687e-14,7.396470458484877e-13
194,11700.0,11700,7.064372477732477,7.064372477733241,88.31469321262477,0.0,7.0643728524961995,3.7476295779651906e-07,0.0,9.010227963692011e-14,7.635153433309095e-13
195,11760.0,11760,6.86980908387942,6.869809083880206,88.41477182178912,0.0,6.869809458646862,3.747666550712609e-07,0.0,9.011120441115958e-14,7.868246052407487e-13
196,11820.0,11820,6.691616433321646,6.691616433322457,88.51209411620721,0.0,6.6916168080927445,3.7477028786409335e-07,0.0,9.011982855892423e-14,8.096081868668677e-13
197,11880.0,11880,6.5278575698838175,6.52785756988465,88.60689201474237,0.0,6.527857944658508,3.747738583494037e-07,0.0,9.01280146834691e-14,8.319020012770594e-13
198,11940.0,11940,6.376854633093343,6.376854633094196,88.6993699960455,0.0,6.376855007871566,3.747773690203453e-07,0.0,9.013575358441722e-14,8.537335149875554e-13
199,12000.0,12000,6.237209640136381,6.237209640137256,88.78970876907744,0.0,6.2372100149180785,3.747808219728746e-07,0.0,9.014311174621816e-14,8.751274580165877e-13
200,12060.0,12060,6.107749540987877,6.107749540988773,88.87806923804249,0.0,6.107749915772992,3.747842189390321e-07,0.0,9.015015393874752e-14,8.961029356730606e-13
201,12120.0,12120,5.987449048307777,5.9874490483086955,88.96459568893621,0.0,5.9874494230962565,3.7478756170153834e-07,0.0,9.01569482085404e-14,9.166645478102427e-13
202,12180.0,12180,5.8753756558097425,5.875375655810679,89.04941788285034,0.0,5.875376030601531,3.747908524422131e-07,0.0,9.016339057796562e-14,9.368377965659601e-13
203,12240.0,12240,5.770668246140015,5.770668246140972,89.1326523703707,0.0,5.770668620935067,3.7479409382143673e-07,0.0,9.016945102671664e-14,9.566483991704445e-13
204,12300.0,12300,5.672537754150279,5.672537754151255,89.21440350292075,0.0,5.672538128948545,3.7479728883503155e-07,0.0,9.017514542258965e-14,9.761116085476911e-13
205,12360.0,12360,5.580274345118619,5.580274345119615,89.29476445350095,0.0,5.580274719920055,3.7480044058528336e-07,0.0,9.018037864409021e-14,9.952669720239321e-13
206,12420.0,12420,5.493251548972921,5.493251548973936,89.37381833911985,0.0,5.493251923777488,3.748035520748719e-07,0.0,9.018525310976707e-14,1.014129941205726e-12
207,12480.0,12480,5.410924490410221,5.410924490411254,89.45163940179334,0.0,5.41092486521788,3.7480662607211273e-07,0.0,9.018976964602383e-14,1.0327232287932739e-12
208,12540.0,12540,5.332823223658965,5.332823223660016,89.52829416447052,0.0,5.332823598469682,3.748096650495343e-07,0.0,9.019395008164914e-14,1.051071989502719e-12
209,12600.0,12600,5.25854340882714,5.258543408828209,89.60384249253539,0.0,5.2585437836408815,3.748126711771439e-07,0.0,9.019789942345997e-14,1.0691804802769856e-12
210,12660.0,12660,5.18773634813851,5.187736348139597,89.67833852322347,0.0,5.187736722955243,3.7481564634717874e-07,0.0,9.020153018498519e-14,1.0870783314063209e-12
211,12720.0,12720,5.1200996958887295,5.120099695889835,89.75183145388513,0.0,5.120100070708428,3.7481859221228847e-07,0.0,9.020499485831721e-14,1.1047671439899536e-12
212,12780.0,12780,5.055369473468395,5.055369473469518,89.8243661986399,0.0,5.055369848291027,3.748215102247421e-07,0.0,9.020827417123936e-14,1.122260375981982e-12
213,12840.0,12840,4.993313540397652,4.993313540398792,89.8959839319104,0.0,4.993313915223193,3.7482440167125804e-07,0.0,9.021138740092525e-14,1.1395693176056103e-12
214,12900.0,12900,4.933726403192106,4.933726403193264,89.96672253946234,0.0,4.933726778020531,3.7482726770061733e-07,0.0,9.021434440991035e-14,1.156702439245602e-12
215,12960.0,12960,4.876425132209598,4.876425132210772,90.0366169959039,0.0,4.876425507040882,3.7483010934497656e-07,0.0,9.021717192959789e-14,1.1736638722268226e-12
216,13020.0,13020,4.821246140053346,4.821246140054537,90.10569968433984,0.0,4.821246514887465,3.7483292753532245e-07,0.0,9.021986883632842e-14,1.1904643560591057e-12
217,13080.0,13080,4.768042605290627,4.768042605291833,90.1740006703869,0.0,4.768042980127557,3.7483572311331277e-07,0.0,9.022244962149761e-14,1.2071120345718348e-12
218,13140.0,13140,4.716682371174698,4.716682371175922,90.2415479396915,0.0,4.71668274601442,3.748384968399476e-07,0.0,9.022494841827277e-14,1.2236107025002336e-12
219,13200.0,13200,4.6670461941528885,4.667046194154128,90.30836760567945,0.0,4.667046568995378,3.7484124940280077e-07,0.0,9.022734744238754e-14,1.23996663473038e-12
220,13260.0,13260,4.619026254279426,4.6190262542806835,90.37448409249292,0.0,4.619026629124665,3.748439814218642e-07,0.0,9.022970005681226e-14,1.2561770571163918e-12
221,13320.0,13320,4.5725248675366705,4.572524867537942,90.43992029682484,0.0,4.572525242384637,3.748466934550221e-07,0.0,9.023193382042398e-14,1.272258038294855e-12
222,13380.0,13380,4.5274533595633955,4.527453359564684,90.50469773151123,0.0,4.527453734414071,3.748493860029422e-07,0.0,9.02341248567059e-14,1.2882121947587446e-12
223,13440.0,13440,4.483731073132159,4.483731073133463,90.56883665316798,0.0,4.483731447985523,3.7485205951373814e-07,0.0,9.023631780975583e-14,1.304023868913596e-12
224,13500.0,13500,4.441284489953907,4.441284489955226,90.63235617576696,0.0,4.4412848648099414,3.748547143875043e-07,0.0,9.023833145780647e-14,1.3197230628948062e-12
225,13560.0,13560,4.400046452339017,4.400046452340352,90.69527437177092,0.0,4.400046827197703,3.7485735098039593e-07,0.0,9.02403372513616e-14,1.3353033718938127e-12
226,13620.0,13620,4.35995547335131,4.359955473352661,90.75760836224198,0.0,4.359955848212632,3.748599696087229e-07,0.0,9.024235968807129e-14,1.3507575865457714e-12
227,13680.0,13680,4.3209551258861305,4.3209551258874965,90.81937439717738,0.0,4.320955500750068,3.7486257055258123e-07,0.0,9.024428742545516e-14,1.3661002787027756e-12
228,13740.0,13740,4.282993502329981,4.282993502331363,90.88058792719036,0.0,4.282993877196517,3.748651540594286e-07,0.0,9.024622234052316e-14,1.3813241008036924e-12
229,13800.0,13800,4.246022737259416,4.246022737260813,90.94126366753628,0.0,4.246023112128533,3.748677203470908e-07,0.0,9.024808558665691e-14,1.3964351796700696e-12
230,13860.0,13860,4.2099985863092915,4.209998586310703,91.00141565537703,0.0,4.209998961180974,3.7487026960681847e-07,0.0,9.024989423746023e-14,1.41144434608805e-12
231,13920.0,13920,4.174880054906519,4.174880054907946,91.0610573010793,0.0,4.174880429780748,3.7487280200577843e-07,0.0,9.025175854196432e-14,1.4263347382623622e-12
232,13980.0,13980,4.140629071121713,4.140629071123154,91.12020143425339,0.0,4.140629445998472,3.7487531768948555e-07,0.0,9.025356260036963e-14,1.4411208005813802e-12
233,14040.0,14040,4.107210197406493,4.10721019740795,91.17886034515716,0.0,4.1072105722857675,3.748778167838568e-07,0.0,9.02553725674887e-14,1.4557951850855757e-12
234,14100.0,14100,4.074590376504655,4.0745903765061255,91.23704582201664,0.0,4.074590751386426,3.748802993971522e-07,0.0,9.025710453180067e-14,1.4703729569662207e-12
235,14160.0,14160,4.0427387073180965,4.0427387073195815,91.29476918474666,0.0,4.042739082202347,3.74882765621563e-07,0.0,9.025891311798636e-14,1.484831149161006e-12
236,14220.0,14220,4.011626246967752,4.011626246969251,91.35204131549654,0.0,4.011626621854466,3.748852155347259e-07,0.0,9.026058133939134e-14,1.4992025517501663e-12
237,14280.0,14280,3.981225835729739,3.9812258357312533,91.40887268639145,0.0,3.9812262106189023,3.748876492010393e-07,0.0,9.026236379820726e-14,1.5134559199349721e-12
238,14340.0,14340,3.95151194193023,3.9515119419317575,91.4652733847938,0.0,3.951512316821825,3.7489006667278564e-07,0.0,9.026404314304532e-14,1.5276156253535975e-12
239,14400.0,14400,3.922460524243477,3.9224605242450195,91.52125313636735,0.0,3.922460899137487,3.7489246799108074e-07,0.0,9.026577057621367e-14,1.5416640018640578e-12
240,14460.0,14460,3.8940489091541943,3.89404890915575,91.57682132619033,0.0,3.894049284050604,3.7489485318687624e-07,0.0,9.026741780280149e-14,1.5556229580131814e-12
241,14520.0,14520,3.8662556816774933,3.8662556816790636,91.63198701813286,0.0,3.8662560565762862,3.748972222816477e-07,0.0,9.026914186897494e-14,1.5694697453640822e-12
242,14580.0,14580,3.839060587612883,3.8390605876144663,91.68675897268614,0.0,3.839060962514042,3.748995752880722e-07,0.0,9.027079752263698e-14,1.583220448599899e-12
243,14640.0,14640,3.8124444459282985,3.812444445929896,91.74114566340681,0.0,3.8124448208318085,3.749019122107589e-07,0.0,9.027247232173409e-14,1.5968745276186034e-12
244,14700.0,14700,3.786389069973416,3.7863890699750273,91.7951552921203,0.0,3.7863894448792603,3.749042330465422e-07,0.0,9.027419726074435e-14,1.6104214273764995e-12
245,14760.0,14760,3.760877196472804,3.760877196474429,91.84879580300775,0.0,3.7608775713809672,3.7490653778515883e-07,0.0,9.027591154159548e-14,1.6238635804149516e-12
246,14820.0,14820,3.7358924213343547,3.7358924213359925,91.90207489568726,0.0,3.7358927962448196,3.74908826409552e-07,0.0,9.02775187355505e-14,1.6372168276759775e-12
247,14880.0,14880,3.711419141487519,3.7114191414891695,91.95500003738566,0.0,3.711419516400269,3.7491109889625215e-07,0.0,9.027920992859178e-14,1.650462552247133e-12
248,14940.0,14940,3.6874425020188126,3.6874425020204766,92.00757847428622,0.0,3.6874428769338325,3.7491335521570166e-07,0.0,9.028085168758959e-14,1.6636125522844193e-12
249,15000.0,15000,3.663948348035541,3.6639483480372177,92.05981724212762,0.0,3.663948722952813,3.7491559533248445e-07,0.0,9.028252329109081e-14,1.6766608128537709e-12
250,15060.0,15060,3.6409231807010847,3.6409231807027744,92.11172317612093,0.0,3.6409235556205943,3.749178192056505e-07,0.0,9.028420043933797e-14,1.6896088849033943e-12
251,15120.0,15120,3.618354117001367,3.6183541170030695,92.16330292024367,0.0,3.618354491923097,3.7492002678884656e-07,0.0,9.028585830729902e-14,1.702456293797078e-12
252,15180.0,15180,3.596228852837491,3.596228852839206,92.21456293596397,0.0,3.5962292277614245,3.7492221803057013e-07,0.0,9.028750994677268e-14,1.715207934961494e-12
253,15240.0,15240,3.5745356290995787,3.574535629101307,92.26550951044196,0.0,3.5745360040257004,3.7492439287430717e-07,0.0,9.02892110705701e-14,1.7278514848130258e-12
254,15300.0,15300,3.553263200434871,3.553263200436612,92.31614876425031,0.0,3.553263575363163,3.749265512586627e-07,0.0,9.029086145303107e-14,1.740402398845168e-12
255,15360.0,15360,3.532400806401295,3.5324008064030483,92.36648665865259,0.0,3.5324011813317417,3.7492869311750195e-07,0.0,9.029256771121461e-14,1.7528461002767999e-12
256,15420.0,15420,3.5119381448297533,3.5119381448315186,92.41652900247271,0.0,3.5119385197623374,3.7493081838009146e-07,0.0,9.029421667505407e-14,1.7651965358136897e-12
257,15480.0,15480,3.4918653471413883,3.491865347143166,92.46628145858723,0.0,3.491865722076094,3.749329269711134e-07,0.0,9.029593579367833e-14,1.7774362643950276e-12
258,15540.0,15540,3.472172955468185,3.4721729554699747,92.51574955006784,0.0,3.472173330404994,3.7493501881083815e-07,0.0,9.029756651990916e-14,1.7895872786835398e-12
259,15600.0,15600,3.4528519014047543,3.4528519014065564,92.56493866599973,0.0,3.4528522763436507,3.749370938151459e-07,0.0,9.029929393256065e-14,1.8016302781120706e-12
260,15660.0,15660,3.433893486238834,3.4338934862406485,92.61385406699904,0.0,3.4338938611798007,3.749391518955651e-07,0.0,9.030104539542262e-14,1.8135625230913813e-12
261,15720.0,15720,3.4152893625621346,3.41528936256396,92.66250089045018,0.0,3.4152897375051543,3.749411929593293e-07,0.0,9.030266114807933e-14,1.825409187674313e-12
262,15780.0,15780,3.397031517104648,3.3970315171064858,92.71088415548255,0.0,3.397031892049703,3.7494321690947554e-07,0.0,9.030439629769974e-14,1.837143601159532e-12
263,15840.0,15840,3.379112254740146,3.379112254741995,92.75900876770427,0.0,3.3791126296872194,3.7494522364477057e-07,0.0,9.030611531764569e-14,1.8487748063083693e-12
264,15900.0,15900,3.3615241835265826,3.3615241835284437,92.80687952370916,0.0,3.361524558475657,3.749472130598307e-07,0.0,9.030781728827182e-14,1.860307060263114e-12
265,15960.0,15960,3.344260200723455,3.344260200725327,92.85450111537183,0.0,3.3442605756745123,3.749491850450407e-07,0.0,9.030955478787699e-14,1.8717344195421136e-12
266,16020.0,16020,3.327313479718437,3.327313479720321,92.9018781339448,0.0,3.3273138546714613,3.749511394865996e-07,0.0,9.031131725970494e-14,1.883052775281875e-12
267,16080.0,16080,3.3106774577635107,3.310677457765406,92.94901507397022,0.0,3.3106778327184827,3.7495307626649953e-07,0.0,9.031305067850317e-14,1.894269413950396e-12
268,16140.0,16140,3.294345824499257,3.2943458245011628,92.99591633701793,0.0,3.2943461994561587,3.749549952626034e-07,0.0,9.031479376715362e-14,1.9053836639058752e-12
269,16200.0,16200,3.278312511181723,3.278312511183639,93.04258623526104,0.0,3.2783128861405366,3.7495689634844377e-07,0.0,9.03165833602715e-14,1.916389213575132e-12
270,16260.0,16260,3.2625716805813276,3.262571680583256,93.08902899489883,0.0,3.2625720555420354,3.749587793933675e-07,0.0,9.031839718194918e-14,1.927283878570998e-12
271,16320.0,16320,3.247117717498187,3.2471177175001253,93.13524875943644,0.0,3.2471180924607705,3.749606442624474e-07,0.0,9.032016883522e-14,1.938073929460906e-12
272,16380.0,16380,3.2319452198470273,3.2319452198489764,93.18124959283035,0.0,3.2319455948114677,3.7496249081639073e-07,0.0,9.032192663072716e-14,1.9487621964540564e-12
273,16440.0,16440,3.217048990295942,3.217048990297902,93.22703548250756,0.0,3.217049365262221,3.749643189115742e-07,0.0,9.032376492275267e-14,1.9593330468696202e-12
274,16500.0,16500,3.202424028393466,3.202424028395436,93.2726103422661,0.0,3.202424403361565,3.7496612839995616e-07,0.0,9.032556449306079e-14,1.9698027651425556e-12
275,16560.0,16560,3.188065523177087,3.1880655231790676,93.31797801506437,0.0,3.1880658981469874,3.749679191290159e-07,0.0,9.032740764788726e-14,1.9801583484788514e-12
276,16620.0,16620,3.1739688462266007,3.173968846228592,93.3631422757054,0.0,3.1739692211982833,3.7496969094171923e-07,0.0,9.032926827614418e-14,1.9904016456299655e-12
277,16680.0,16680,3.1601295451199114,3.1601295451219125,93.40810683342295,0.0,3.1601299200933566,3.749714436764154e-07,0.0,9.033110305627866e-14,2.0005406272336916e-12
278,16740.0,16740,3.1465433373002925,3.1465433373023033,93.45287533437484,0.0,3.1465437122754807,3.749731771667457e-07,0.0,9.033300840034355e-14,2.010556173314705e-12
279,16800.0,16800,3.133206104295282,3.133206104297303,93.49745136404927,0.0,3.133206479272195,3.749748912416681e-07,0.0,9.033483264136848e-14,2.0204711974291433e-12
280,16860.0,16860,3.120113886295752,3.1201138862977826,93.54183844958945,0.0,3.120114261274369,3.749765857252492e-07,0.0,9.033675722603627e-14,2.03026230666618e-12
281,16920.0,16920,3.107262877052931,3.1072628770549717,93.5860400620413,0.0,3.1072632520332326,3.749782604366248e-07,0.0,9.033864214201722e-14,2.039947440439596e-12
282,16980.0,16980,3.094649419102927,3.094649419104977,93.63005961852889,0.0,3.094649794084893,3.7497991518990547e-07,0.0,9.034060589353478e-14,2.0495087839240856e-12
283,17040.0,17040,3.082269999271541,3.0822699992736005,93.67390048436216,0.0,3.0822703742551507,3.749815497940241e-07,0.0,9.034254931742802e-14,2.0589566797138176e-12
284,17100.0,17100,3.0701212444649024,3.0701212444669714,93.71756597508117,0.0,3.070121619450136,3.7498316405273625e-07,0.0,9.034449295629261e-14,2.0682873605734482e-12
285,17160.0,17160,3.058199917732294,3.0581999177343717,93.76105935844042,0.0,3.05820029271913,3.7498475776438353e-07,0.0,9.03464598616361e-14,2.077499318943883e-12
286,17220.0,17220,3.046502914584212,3.0465029145862994,93.80438385633761,0.0,3.0465032895726303,3.7498633072176675e-07,0.0,9.034843852237607e-14,2.0865968049178854e-12
287,17280.0,17280,3.0350272595462546,3.035027259548351,93.84754264669021,0.0,3.035027634536234,3.74987882712128e-07,0.0,9.035049998704057e-14,2.0955639172561486e-12
288,17340.0,17340,3.0237701029478776,3.0237701029499826,93.8905388652631,0.0,3.023770477939397,3.7498941351691434e-07,0.0,9.035250036196241e-14,2.1044167617541228e-12
289,17400.0,17400,3.0127287179494115,3.0127287179515254,93.93337560745083,0.0,3.0127290929424486,3.7499092291164733e-07,0.0,9.035456858523137e-14,2.1131401032300434e-12
290,17460.0,17460,3.001900497765015,3.0019004977671373,93.97605593001775,0.0,3.001900872759548,3.7499241066576033e-07,0.0,9.035658203636884e-14,2.12175045294957e-12
291,17520.0,17520,2.9912829531057956,2.9912829531079264,94.01858285279873,0.0,2.9912833281018036,3.749938765424967e-07,0.0,9.035870361071182e-14,2.1302252755476655e-12
292,17580.0,17580,2.9808737098233826,2.9808737098255214,94.06095936036368,0.0,2.980874084820842,3.7499532029864436e-07,0.0,9.036079677676323e-14,2.1385797584219146e-12
293,17640.0,17640,2.9706705067430708,2.9706705067452184,94.1031884036488,0.0,2.9706708817419605,3.749967416844167e-07,0.0,9.036294893109045e-14,2.146802179801109e-12
294,17700.0,17700,2.9606711936933006,2.960671193695456,94.14527290155695,0.0,2.960671568693597,3.7499814044325053e-07,0.0,9.036507918241478e-14,2.1548986421501033e-12
295,17760.0,17760,2.9508737297121135,2.950873729714277,94.18721574253021,0.0,2.9508741047137943,3.749995163115914e-07,0.0,9.03672511169509e-14,2.1628622596800424e-12
296,17820.0,17820,2.941276181444333,2.9412761814465043,94.2290197860971,0.0,2.9412765564473737,3.750008690187487e-07,0.0,9.036942330171473e-14,2.1706994540183385e-12
297,17880.0,17880,2.9318767217067356,2.931876721708915,94.27068786439682,0.0,2.931877096711114,3.75002198286525e-07,0.0,9.037166078185761e-14,2.178398852469265e-12
298,17940.0,17940,2.922673628232329,2.9226736282345156,94.31222278368364,0.0,2.92267400323802,3.7500350382916676e-07,0.0,9.03739051787193e-14,2.1859635388742185e-12
299,18000.0,18000,2.913665282589576,2.9136652825917704,94.35362732581287,0.0,2.913665657596556,3.750047853530079e-07,0.0,9.037615562430969e-14,2.1933962674683317e-12
300,18060.0,18060,2.9048501692683106,2.904850169270512,94.39490424971214,0.0,2.904850544276555,3.7500604255623675e-07,0.0,9.0378463593801e-14,2.2006859128082024e-12
301,18120.0,18120,2.896226874937393,2.8962268749396016,94.43605629283938,0.0,2.896227249946877,3.7500727512870193e-07,0.0,9.038075308552383e-14,2.2078456819144367e-12
302,18180.0,18180,2.887794087869639,2.8877940878718547,94.47708617263027,0.0,2.8877944628803376,3.750084827514856e-07,0.0,9.038314891998076e-14,2.214851108221927e-12
303,18240.0,18240,2.8795505975457667,2.879550597547989,94.51799658793769,0.0,2.879550972557655,3.750096650967406e-07,0.0,9.038547532083008e-14,2.221727710601708e-12
304,18300.0,18300,2.8714952944144594,2.8714952944166887,94.55879022046553,0.0,2.871495669427511,3.75010821827331e-07,0.0,9.038791197637858e-14,2.2284504218772903e-12
305,18360.0,18360,2.863627169837564,2.8636271698397997,94.59946973619898,0.0,2.863627544851753,3.7501195259654943e-07,0.0,9.039033105231688e-14,2.235031670882694e-12
306,18420.0,18420,2.8559453162052404,2.855945316207482,94.64003778683427,0.0,2.85594569122054,3.7501305704765835e-07,0.0,9.039279429352598e-14,2.2414644076333848e-12
307,18480.0,18480,2.8484489272285467,2.8484489272307947,94.68049701120977,0.0,2.8484493022449295,3.750141348137278e-07,0.0,9.039528971142423e-14,2.247746885327713e-12
308,18540.0,18540,2.841137298413382,2.841137298415636,94.72085003674142,0.0,2.8411376734308225,3.7501518551707755e-07,0.0,9.039780876446024e-14,2.253882073358699e-12
309,18600.0,18600,2.8340098277183317,2.834009827720592,94.76109948086484,0.0,2.8340102027368013,3.750162087689456e-07,0.0,9.040041649209213e-14,2.2598539361460032e-12
310,18660.0,18660,2.827066016407197,2.827066016409463,94.80124795248678,0.0,2.8270663914266674,3.7501720416917747e-07,0.0,9.040296615376512e-14,2.2656819251766653e-12
311,18720.0,18720,2.8203054700972223,2.8203054700994947,94.84129805344845,0.0,2.8203058451176664,3.750181713056016e-07,0.0,9.040564266422154e-14,2.271340325793313e-12
312,18780.0,18780,2.8137279000004387,2.8137279000027164,94.88125238000407,0.0,2.813728275021827,3.750191097537364e-07,0.0,9.040826369427196e-14,2.2768479698094602e-12
313,18840.0,18840,2.8073331243906368,2.80733312439292,94.92111352431665,0.0,2.8073334994129393,3.750200190762147e-07,0.0,9.041097041762475e-14,2.282190989331755e-12
314,18900.0,18900,2.801121070285289,2.801121070287577,94.96088407597475,0.0,2.8011214453084765,3.750208988222832e-07,0.0,9.041372623311409e-14,2.2873662255202837e-12
315,18960.0,18960,2.7950917753442215,2.7950917753465143,95.00056662353303,0.0,2.7950921503682635,3.7502174852734315e-07,0.0,9.041649136570761e-14,2.2923821597494205e-12
316,19020.0,19020,2.7892453900241083,2.789245390026406,95.04016375607965,0.0,2.789245765048974,3.7502256771227284e-07,0.0,9.04193763205712e-14,2.2972152742432435e-12
317,19080.0,19080,2.7835821799780827,2.783582179980385,95.07967806483421,0.0,2.7835825550037416,3.7502335588295834e-07,0.0,9.042218673010779e-14,2.3018900856469026e-12
318,19140.0,19140,2.778102528717668,2.778102528719975,95.1191121447798,0.0,2.7781029037440876,3.750241125295347e-07,0.0,9.042512737808105e-14,2.3063817083995917e-12
319,19200.0,19200,2.772806940555111,2.7728069405574223,95.15846859633253,0.0,2.77280731558226,3.7502483712584226e-07,0.0,9.042808617922014e-14,2.310697291747002e-12
320,19260.0,19260,2.7676960438481424,2.7676960438504583,95.19775002705296,0.0,2.7676964188759876,3.750255291286362e-07,0.0,9.043108876769934e-14,2.314836706919208e-12
321,19320.0,19320,2.7627705945429413,2.7627705945452607,95.23695905340338,0.0,2.762770969571449,3.750261879769127e-07,0.0,9.043416926001367e-14,2.318784984255922e-12
322,19380.0,19380,2.758031480069309,2.758031480071632,95.2760983025553,0.0,2.7580318550984457,3.750268130911355e-07,0.0,9.043722293392566e-14,2.322557145516131e-12
323,19440.0,19440,2.7534797235738417,2.7534797235761688,95.31517041425217,0.0,2.7534800986035735,3.7502740387228696e-07,0.0,9.044040133313038e-14,2.3261329446733377e-12
324,19500.0,19500,2.749116488540902,2.749116488543232,95.35417804273202,0.0,2.7491168635711927,3.750279597011763e-07,0.0,9.044361056147842e-14,2.3295170868379638e-12
325,19560.0,19560,2.744943083815584,2.7449430838179176,95.39312385871555,0.0,2.744943458846398,3.7502847993739816e-07,0.0,9.044686596907951e-14,2.3327097838866755e-12
326,19620.0,19620,2.740960969056639,2.7409609690589756,95.43201055146548,0.0,2.7409613440879403,3.750289639183589e-07,0.0,9.045023260646175e-14,2.3356946562599785e-12
327,19680.0,19680,2.737171760665766,2.7371717606681054,95.47084083092301,0.0,2.7371721356975174,3.7502941095822097e-07,0.0,9.045358097811863e-14,2.338485053708448e-12
328,19740.0,19740,2.7335772381987393,2.7335772382010806,95.50961742992834,0.0,2.7335776132309015,3.7502982034695054e-07,0.0,9.045705133375788e-14,2.341063088896362e-12
329,19800.0,19800,2.7301793513340082,2.730179351336352,95.54834310653204,0.0,2.7301797263665444,3.7503019134885925e-07,0.0,9.046054186993757e-14,2.3434324398941576e-12
330,19860.0,19860,2.7269802274121258,2.7269802274144728,95.58702064640516,0.0,2.726980602444996,3.750305232016025e-07,0.0,9.046409853390103e-14,2.345592310492566e-12
331,19920.0,19920,2.7239821796054997,2.723982179607848,95.62565286535605,0.0,2.7239825546386633,3.7503081511478856e-07,0.0,9.046778696489227e-14,2.3475230392737715e-12
332,19980.0,19980,2.72118771576693,2.7211877157692803,95.66424261196302,0.0,2.721188090800347,3.7503106626848577e-07,0.0,9.047147647126528e-14,2.3492398683751126e-12
333,20040.0,20040,2.718599548018314,2.718599548020665,95.70279277033228,0.0,2.7185999230519418,3.750312758117545e-07,0.0,9.047529223231307e-14,2.3507238117213065e-12
334,20100.0,20100,2.7162206031426286,2.716220603144982,95.74130626299176,0.0,2.7162209781764255,3.750314428611223e-07,0.0,9.047913608509814e-14,2.351979334427535e-12
335,20160.0,20160,2.714054033835553,2.7140540338379067,95.77978605393216,0.0,2.714054408869474,3.7503156649872417e-07,0.0,9.048307780904349e-14,2.353000735405176e-12
336,20220.0,20220,2.712103230917442,2.7121032309197965,95.81823515180737,0.0,2.7121036059514427,3.7503164577059773e-07,0.0,9.048715688650729e-14,2.353769429540797e-12
337,20280.0,20280,2.7103718365809124,2.7103718365832674,95.8566566133079,0.0,2.710372211614948,3.7503167968459775e-07,0.0,9.049120841550933e-14,2.3543062894239714e-12
338,20340.0,20340,2.7088637587565576,2.708863758758913,95.89505354672202,0.0,2.708864133790581,3.750316672084194e-07,0.0,9.04954528492246e-14,2.3545828658898555e-12
339,20400.0,20400,2.7075831867337867,2.7075831867361417,95.93342911570029,0.0,2.70758356176775,3.750316072672479e-07,0.0,9.049979659266802e-14,2.354597483131476e-12
340,20460.0,20460,2.706534608125618,2.706534608127973,95.97178654324156,0.0,2.7065349831594716,3.750314987413905e-07,0.0,9.05041846403294e-14,2.3543520581459336e-12
341,20520.0,20520,2.7057228273377185,2.705722827340073,96.01012911591921,0.0,2.705723202371414,3.7503134046367884e-07,0.0,9.050867093338868e-14,2.353834111908674e-12
342,20580.0,20580,2.7051529856642866,2.7051529856666403,96.04846018836905,0.0,2.7051533606977727,3.750311312166456e-07,0.0,9.051323150645093e-14,2.3530489588248145e-12
343,20640.0,20640,2.704830583196102,2.7048305831984547,96.08678318806183,0.0,2.7048309582293246,3.750308697295809e-07,0.0,9.05179740675606e-14,2.3519770224368804e-12
344,20700.0,20700,2.70476150272506,2.704761502727412,96.12510162038632,0.0,2.704761877757967,3.750305546752539e-07,0.0,9.05228611260545e-14,2.3506043636714245e-12
345,20760.0,20760,2.704952035849543,2.704952035851893,96.16341907407082,0.0,2.704952410882078,3.75030184666401e-07,0.0,9.052776728134401e-14,2.348949510797542e-12
346,20820.0,20820,2.705408911516403,2.705408911518751,96.20173922697457,0.0,2.7054092865485098,3.750297582520662e-07,0.0,9.053289494211035e-14,2.3469794474756486e-12
347,20880.0,20880,2.7061393272790557,2.706139327281401,96.2400658522836,0.0,2.7061397023106757,3.750292739133516e-07,0.0,9.053811762178014e-14,2.3446959096922036e-12
348,20940.0,20940,2.7071509835579715,2.707150983560314,96.27840282514929,0.0,2.7071513585890443,3.7502873005913644e-07,0.0,9.054343265287778e-14,2.342100812248026e-12
349,21000.0,21000,2.708452121254649,2.708452121256989,96.31675412981224,0.0,2.7084524962851146,3.75028125021253e-07,0.0,9.054896151437975e-14,2.3391699938508116e-12
350,21060.0,21060,2.710051563101559,2.710051563103896,96.35512386725922,0.0,2.710051938131353,3.7502745704927675e-07,0.0,9.055463668684218e-14,2.3358979154090837e-12
351,21120.0,21120,2.711958759198319,2.711958759200652,96.39351626346574,0.0,2.7119591342273766,3.7502672430483076e-07,0.0,9.056044407537745e-14,2.3322805650012505e-12
352,21180.0,21180,2.714183837221073,2.7141838372234024,96.4319356782836,0.0,2.7141842122493274,3.750259248554904e-07,0.0,9.056643558342185e-14,2.32830265617387e-12
353,21240.0,21240,2.716737657891427,2.7167376578937517,96.47038661504013,0.0,2.7167380329188084,3.750250566679823e-07,0.0,9.057259148831765e-14,2.3239596100608975e-12
354,21300.0,21300,2.719631876370433,2.7196318763727527,96.50887373092282,0.0,2.7196322513968707,3.7502411760092137e-07,0.0,9.057898074880021e-14,2.3192303851165213e-12
355,21360.0,21360,2.7228790103027234,2.722879010305038,96.54740184823397,0.0,2.7228793853281443,3.7502310539666523e-07,0.0,9.058552167795957e-14,2.314112986852462e-12
356,21420.0,21420,2.726492515413608,2.7264925154159174,96.58597596660915,0.0,2.7264928904379357,3.750220176725686e-07,0.0,9.059231631209555e-14,2.308583378513637e-12
357,21480.0,21480,2.7304868696530096,2.730486869655313,96.62460127630673,0.0,2.730487244676165,3.7502085191122496e-07,0.0,9.059928688182857e-14,2.3026437126536113e-12
358,21540.0,21540,2.7348776670311645,2.7348776670334614,96.66328317268939,0.0,2.734878042053067,3.7501960544979776e-07,0.0,9.060653449706137e-14,2.2962643331646287e-12
359,21600.0,21600,2.7396817225277217,2.7396817225300114,96.70202727203491,0.0,2.7396820975482874,3.7501827546826053e-07,0.0,9.06139756332064e-14,2.2894423905923345e-12
360,21660.0,21660,2.7449171896175035,2.7449171896197866,96.74083942883331,0.0,2.744917564636646,3.750168589764026e-07,0.0,9.062170540571738e-14,2.2821544210793146e-12
361,21720.0,21720,2.7506036922777675,2.7506036922800425,96.7797257547488,0.0,2.750604067295396,3.7501535279930233e-07,0.0,9.062968330890765e-14,2.2743959027557806e-12
362,21780.0,21780,2.7567624736042675,2.756762473606534,96.81869263945197,0.0,2.7567628486202884,3.7501375356136444e-07,0.0,9.063804235127284e-14,2.2661273325943244e-12
363,21840.0,21840,2.7634165636107113,2.763416563612969,96.85774677355728,0.0,2.763416938625027,3.7501205766850436e-07,0.0,9.064663797664737e-14,2.257352262914487e-12
364,21900.0,21900,2.770590969169598,2.7705909691718467,96.8968951739377,0.0,2.7705913441821086,3.7501026128816883e-07,0.0,9.065562156393677e-14,2.248033708468935e-12
365,21960.0,21960,2.7783128896806075,2.778312889682846,96.93614521173019,0.0,2.778313264691207,3.750083603271654e-07,0.0,9.0664916402444e-14,2.2381649166447252e-12
366,22020.0,22020,2.7866119626879184,2.786611962690147,96.97550464339662,0.0,2.7866123376964977,3.7500635040655513e-07,0.0,9.067464498443902e-14,2.2277081786244592e-12
367,22080.0,22080,2.7955205445068834,2.7955205445091007,97.01498164526396,0.0,2.795520919513328,3.7500422683366194e-07,0.0,9.068473542722032e-14,2.2166562747387768e-12
368,22140.0,22140,2.8050740319529326,2.8050740319551384,97.05458485204042,0.0,2.805074406957124,3.750019845701437e-07,0.0,9.069535890232794e-14,2.2049589126579084e-12
369,22200.0,22200,2.815311232508887,2.81531123251108,97.09432339988902,0.0,2.815311607510699,3.749996181962582e-07,0.0,9.070635054090669e-14,2.192613183758837e-12
370,22260.0,22260,2.8262747918312443,2.826274791833425,97.13420697474551,0.0,2.826275166830547,3.7499712186993084e-07,0.0,9.071793226684245e-14,2.179567269185509e-12
371,22320.0,22320,2.8380116894817404,2.8380116894839067,97.17424586669242,0.0,2.8380120644783973,3.7499448928013325e-07,0.0,9.07300223870474e-14,2.165803802364626e-12
372,22380.0,22380,2.850573816180066,2.850573816182218,97.21445103135603,0.0,2.850574191173932,3.749917135936972e-07,0.0,9.074276080425105e-14,2.1512741703876546e-12
373,22440.0,22440,2.864018649026951,2.8640186490290875,97.25483415948122,0.0,2.864019024017875,3.749887873939693e-07,0.0,9.0756066078901e-14,2.1359533271012596e-12
374,22500.0,22500,2.878410045104467,2.8784100451065875,97.29540775607174,0.0,2.878410420092291,3.749857026100912e-07,0.0,9.077014203008247e-14,2.1197849718954443e-12
375,22560.0,22560,2.8938191789499275,2.8938191789520307,97.33618523077335,0.0,2.893819553934482,3.749824504351918e-07,0.0,9.078496658135982e-14,2.102733695707552e-12
376,22620.0,22620,2.9103256559898707,2.9103256559919557,97.37718100153782,0.0,2.9103260309709778,3.749790212306913e-07,0.0,9.080068513036993e-14,2.0847348349320296e-12
377,22680.0,22680,2.9280188426603377,2.9280188426624045,97.41841061406033,0.0,2.9280192176378095,3.7497540441454003e-07,0.0,9.081723795973764e-14,2.0657521158554147e-12
378,22740.0,22740,2.9469994652322793,2.9469994652343257,97.45989088006068,0.0,2.946999840205914,3.7497158832965476e-07,0.0,9.083487428077877e-14,2.045708037351427e-12
379,22800.0,22800,2.9673815444812814,2.9673815444833065,97.50164003821416,0.0,2.9673819194508666,3.7496756008764665e-07,0.0,9.08535879373488e-14,2.0245444883626455e-12
380,22860.0,22860,2.989294753559028,2.9892947535610315,97.54367794249035,0.0,2.989295128524337,3.749633053831365e-07,0.0,9.087356835326188e-14,2.0021821484558484e-12
381,22920.0,22920,3.012887313978446,3.0128873139804253,97.58602628389512,0.0,3.012887688939234,3.749588082703805e-07,0.0,9.0894943735717e-14,1.9785372408445564e-12
382,22980.0,22980,3.0383295824302863,3.0383295824322407,97.62870885323919,0.0,3.038329957386292,3.7495405089330697e-07,0.0,9.091787361661644e-14,1.9535161329972756e-12
383,23040.0,23040,3.065818533873952,3.0658185338758797,97.67175185471967,0.0,3.0658189088248933,3.749490131564374e-07,0.0,9.094252038902258e-14,1.927013462954663e-12
384,23100.0,23100,3.095583420827156,3.0955834208290556,97.71518428301229,0.0,3.0955837957727286,3.749436723200735e-07,0.0,9.096912301291788e-14,1.8989166961773604e-12
385,23160.0,23160,3.1278929955990957,3.1278929956009653,97.75903838053675,0.0,3.1278933705389678,3.7493800249761073e-07,0.0,9.099803057814022e-14,1.8690757969883856e-12
386,23220.0,23220,3.1630648382146154,3.1630648382164526,97.80335019703715,0.0,3.163065213148427,3.749319740246794e-07,0.0,9.102944363602368e-14,1.837344959840319e-12
387,23280.0,23280,3.201477564650009,3.201477564651813,97.84816028130795,0.0,3.2014779395773663,3.749255526580174e-07,0.0,9.106373795900665e-14,1.803550775158463e-12
388,23340.0,23340,3.2435870420902244,3.243587042091993,97.89351454586995,0.0,3.2435874170106915,3.749186985451519e-07,0.0,9.110150702571829e-14,1.7674746661619405e-12
389,23400.0,23400,3.289948284984811,3.289948284986541,97.93946536136235,0.0,3.289948659897906,3.7491136487965307e-07,0.0,9.114327945390778e-14,1.7288695318696997e-12
390,23460.0,23460,3.3412455781499704,3.3412455781516583,97.98607296112911,0.0,3.3412459530551546,3.7490349611749944e-07,0.0,9.118969069781178e-14,1.6874651525642594e-12
391,23520.0,23520,3.3983348064879917,3.3983348064896353,98.03340727254906,0.0,3.398335181384661,3.748950255674477e-07,0.0,9.124181071307678e-14,1.6428973648897735e-12
392,23580.0,23580,3.462304407246854,3.4623044072484492,98.08155034803715,0.0,3.4623047821343214,3.7488587206626603e-07,0.0,9.130074940047978e-14,1.5947525218302755e-12
393,23640.0,23640,3.534565669328821,3.534565669330364,98.13059965953603,0.0,3.5345660442063,3.748759352784489e-07,0.0,9.136807380818688e-14,1.542540882467042e-12
394,23700.0,23700,3.6169910897573128,3.6169910897587987,98.18067267224774,0.0,3.6169914646238874,3.74865088859855e-07,0.0,9.144624725023894e-14,1.4856084499042246e-12
395,23760.0,23760,3.712135152113155,3.7121351521145787,98.23191337841556,0.0,3.712135526967749,3.748531701714023e-07,0.0,9.153838623738041e-14,1.4232073499278285e-12
396,23820.0,23820,3.8236047458640177,3.823604745865372,98.28450195880009,0.0,3.823605120705337,3.748399641538442e-07,0.0,9.164992837052942e-14,1.3543322038138029e-12
397,23880.0,23880,3.956721373536311,3.9567213735375892,98.3386696917628,0.0,3.9567217483627664,3.748251767302656e-07,0.0,9.178909029709976e-14,1.277718988641952e-12
398,23940.0,23940,4.119806373276876,4.119806373278067,98.39472324361756,0.0,4.1198067480864555,3.7480838801829187e-07,0.0,9.196960651745688e-14,1.1915765902990644e-12
399,24000.0,24000,4.326961393192872,4.326961393193965,98.45308716630203,0.0,4.326961767982929,3.7478896286791986e-07,0.0,9.221336521785271e-14,1.0930997148188303e-12
400,24060.0,24060,4.605082903258159,4.605082903259142,98.51438578510201,0.0,4.605083278025,3.7476585893046693e-07,0.0,9.255329555957867e-14,9.821405586077697e-13
401,24120.0,24120,5.016867688786183,5.016867688787067,98.57962445862798,0.0,5.016868063524197,3.747371296770827e-07,0.0,9.311951546205853e-14,8.84618406872657e-13
402,24180.0,24180,5.737638780314026,5.737638780314922,98.65069674994896,0.0,5.7376391550135315,3.7469860879896814e-07,0.0,9.466707614731186e-14,8.947328380310475e-13
403,24240.0,24240,8.205360564551933,8.205360564556676,98.7319799650667,0.0,8.205360939191177,3.746345021986059e-07,0.0,9.986501720754032e-14,4.742394459245217e-12
404,24300.0,24300,39.413732410500685,-260.58626758950953,98.84822257212801,300.0,3.7445235528248664e-07,260.58626796396186,0.0,1.7644287037646392e-13,-1.0234963452219402e-11
405,24360.0,24360,39.41373241049939,-260.5862675895061,94.50511811136667,300.0,3.7445254985771176e-07,260.5862679639587,0.0,9.336125302985194e-14,-5.49810651068381e-12
406,24420.0,24420,39.413732410496095,-260.58626758950925,90.16201365060539,300.0,3.7445304973637234e-07,260.5862679639623,0.0,9.040885082636375e-14,-5.326303757707583e-12
407,24480.0,24480,39.413732410492095,-260.58626758951317,85.81890918984404,300.0,3.7445365419894426e-07,260.5862679639668,0.0,8.993912896177944e-14,-5.2771822395631775e-12
408,24540.0,24540,39.41373241048774,-260.5862675895175,81.47580472908263,300.0,3.7445431276832807e-07,260.5862679639718,0.0,8.9839417225029e-14,-5.2406112554741465e-12
409,24600.0,24600,39.413732410483156,-260.58626758952204,77.13270026832114,300.0,3.7445500535102524e-07,260.58626796397704,0.0,8.985586569768459e-14,-5.205919581279981e-12
410,24660.0,24660,39.41373241047842,-260.58626758952676,72.7895958075596,300.0,3.74455722001488e-07,260.58626796398244,0.0,8.99143923636828e-14,-5.169566475038701e-12
411,24720.0,24720,39.41373241047355,-260.58626758953153,68.44649134679797,300.0,3.744564571940575e-07,260.586267963988,0.0,9.000328585859274e-14,-5.13166372696055e-12
412,24780.0,24780,39.41373241046858,-260.58626758953653,64.10338688603625,300.0,3.744572076877622e-07,260.58626796399375,0.0,9.010869449652674e-14,-5.098721677616277e-12
413,24840.0,24840,39.41373241046353,-260.58626758954154,59.760282425274454,300.0,3.7445797159782927e-07,260.58626796399955,0.0,9.010592723584066e-14,-5.081329059479387e-12
414,24900.0,24900,39.4137324104584,-260.5862675895467,55.417177964512575,300.0,3.7445874713242215e-07,260.58626796400546,0.0,8.971234487352934e-14,-5.118531768551989e-12
415,24960.0,24960,39.41373241044461,-100.58626758956139,51.074073503750604,140.00000000000014,3.744681275411879e-07,100.58626796402952,0.0,8.805510704020369e-14,-5.851540406902072e-12
416,25020.0,25020,37.88703203360514,37.88703203360232,49.39763570965502,0.0,37.88703240818861,3.745862870833574e-07,0.0,7.228848135679423e-14,-2.816631923230504e-12
417,25080.0,25080,37.87414054942226,37.87414054941851,49.93436866252788,0.0,37.874140924005715,3.745872006298049e-07,0.0,8.948427287307287e-14,-3.743427189851401e-12
418,25140.0,25140,37.86098439670342,37.86098439669967,50.47091898604146,0.0,37.86098477128779,3.745881200692401e-07,0.0,9.023456300533404e-14,-3.750399470580693e-12
419,25200.0,25200,37.8475247541785,37.84752475417479,51.00728293072486,0.0,37.84752512876383,3.745890408046193e-07,0.0,9.00901647693742e-14,-3.7089741144021015e-12
420,25260.0,25260,37.83374139450854,37.83374139450487,51.54345619713915,0.0,37.833741769094836,3.7458996173845575e-07,0.0,8.990108736769371e-14,-3.662081201024793e-12
421,25320.0,25320,37.81961982462148,37.819619824617874,52.079434199291455,0.0,37.81962019920876,3.74590882765567e-07,0.0,8.979293372762152e-14,-3.6164566845148048e-12
422,25380.0,25380,37.805145595029636,37.80514559502607,52.61521214587035,0.0,37.80514596961787,3.745918038493899e-07,0.0,8.976094108604404e-14,-3.5730901808641626e-12
423,25440.0,25440,37.790303660086586,37.79030366008305,53.15078504086337,0.0,37.79030403467578,3.745927249439171e-07,0.0,8.976901629719207e-14,-3.5311674947313264e-12
424,25500.0,25500,37.77507783190264,37.77507783189915,53.686147675111364,0.0,37.775078206492786,3.7459364594220134e-07,0.0,8.97871436687422e-14,-3.4896909839805808e-12
425,25560.0,25560,37.759450524365676,37.75945052436222,54.22129461012675,0.0,37.75945089895679,3.745945666632588e-07,0.0,8.980038543003022e-14,-3.4480397660821e-12
426,25620.0,25620,37.74340282403148,37.74340282402807,54.756220158285345,0.0,37.743403198623554,3.745954868803627e-07,0.0,8.980523196190661e-14,-3.4059894217132534e-12
427,25680.0,25680,37.7269147123535,37.72691471235014,55.29091836402255,0.0,37.72691508694655,3.7459640636306306e-07,0.0,8.980348448971306e-14,-3.3635505712646814e-12
428,25740.0,25740,37.70996523031324,37.70996523030991,55.82538298817765,0.0,37.70996560490724,3.74597324906744e-07,0.0,8.979794627836224e-14,-3.3207856726552806e-12
429,25800.0,25800,37.69253244971762,37.69253244971433,56.35960749467052,0.0,37.69253282431257,3.745982423380166e-07,0.0,8.979093785852265e-14,-3.2777700901940607e-12
430,25860.0,25860,37.67459318759264,37.67459318758941,56.893585036771604,0.0,37.67459356218856,3.745991584959466e-07,0.0,8.978374277745595e-14,-3.2345368821272134e-12
431,25920.0,25920,37.656122428890306,37.656122428887116,57.42730843932593,0.0,37.656122803487186,3.74600073192315e-07,0.0,8.977702558864634e-14,-3.1911083897069914e-12
432,25980.0,25980,37.637092421716005,37.637092421712865,57.960770172798625,0.0,37.637092796313844,3.746009861534384e-07,0.0,8.977090230389254e-14,-3.1474810677641157e-12
433,26040.0,26040,37.6174714051974,37.617471405194294,58.49396231450302,0.0,37.61747177979619,3.746018969453309e-07,0.0,8.976530867530688e-14,-3.1036410814056617e-12
434,26100.0,26100,37.59722193929441,37.59722193929135,59.02687649180674,0.0,37.59722231389415,3.7460280488544074e-07,0.0,8.976011891708313e-14,-3.0595727816614277e-12
435,26160.0,26160,37.576298832025344,37.57629883202233,59.55950380167683,0.0,37.57629920662604,3.746037089452254e-07,0.0,8.975510472022975e-14,-3.0152652401942117e-12
436,26220.0,26220,37.55464670030444,37.55464670030146,60.09183470086061,0.0,37.55464707490607,3.7460460765186847e-07,0.0,8.974978019278921e-14,-2.9706515862685088e-12
437,26280.0,26280,37.53219725218838,37.53219725218545,60.62385886151168,0.0,37.53219762679094,3.746054989992897e-07,0.0,8.974409412457501e-14,-2.925715945765098e-12
438,26340.0,26340,37.50886644216746,37.50886644216458,61.155564988314424,0.0,37.50886681677096,3.7460638038163566e-07,0.0,8.973755878837783e-14,-2.8803806241952706e-12
439,26400.0,26400,37.48455174232463,37.4845517423218,61.68694059530855,0.0,37.48455211692905,3.7460724856633095e-07,0.0,8.972992956180473e-14,-2.834572483239427e-12
440,26460.0,26460,37.45912993137406,37.45912993137127,62.21797174405489,0.0,37.45913030597937,3.7460809972885494e-07,0.0,8.972096728824786e-14,-2.7882116830967537e-12
441,26520.0,26520,37.432456103295486,37.43245610329274,62.74864275047943,0.0,37.432456477901674,3.74608929583674e-07,0.0,8.971033830498773e-14,-2.7411866565579824e-12
442,26580.0,26580,37.40436512928819,37.40436512928549,63.27893587767287,0.0,37.40436550389522,3.7460973366366723e-07,0.0,8.969791978781095e-14,-2.6933774400710794e-12
443,26640.0,26640,37.37467762787399,37.37467762787135,63.8088310494012,0.0,37.37467800248186,3.746105078251665e-07,0.0,8.968384734628564e-14,-2.6446670763290153e-12
444,26700.0,26700,37.343213510725874,37.34321351072328,64.33830564819283,0.0,37.34321388533453,3.746112490726143e-07,0.0,8.966855464624887e-14,-2.5949640696407457e-12
445,26760.0,26760,37.30981693367056,37.30981693366802,64.86733450532485,0.0,37.30981730827997,3.746119567825706e-07,0.0,8.965279394081991e-14,-2.5441976131067905e-12
446,26820.0,26820,37.274395972851956,37.27439597284947,65.39589024428193,0.0,37.2743963474621,3.7461263431676763e-07,0.0,8.963814647468091e-14,-2.4924006974107677e-12
447,26880.0,26880,37.23697683881577,37.236976838813334,65.92394418629408,0.0,37.23697721342663,3.7461329080369087e-07,0.0,8.962674481512568e-14,-2.439734537543735e-12
448,26940.0,26940,37.197763905675295,37.19776390567291,66.45146802390738,0.0,37.19776428028685,3.746139425219249e-07,0.0,8.962139601573057e-14,-2.3865522920969612e-12
449,27000.0,27000,37.157182730818036,37.157182730815705,66.97843634496785,0.0,37.15718310543031,3.7461461292480195e-07,0.0,8.962508758137888e-14,-2.3334671789017905e-12
450,27060.0,27060,37.11586830235413,37.11586830235185,67.50482976605119,0.0,37.115868676967175,3.7461533017462114e-07,0.0,8.9639669730725e-14,-2.2812504362008963e-12
451,27120.0,27120,37.074558262810626,37.074558262808395,68.03063789939795,0.0,37.07455863742452,3.746161215161061e-07,0.0,8.966503291653059e-14,-2.2307438312997345e-12
452,27180.0,27180,37.03387778069628,37.03387778069409,68.5558608071845,0.0,37.0338781553111,3.7461700514832663e-07,0.0,8.969791633682005e-14,-2.1825970845920857e-12
453,27240.0,27240,36.9940611139758,36.994061113973665,69.0805074081411,0.0,36.994061488591655,3.7461798202130636e-07,0.0,8.973174450965606e-14,-2.1369961950867165e-12
454,27300.0,27300,36.95471330000286,36.95471330000076,69.6045899396525,0.0,36.9547136746198,3.74619031024192e-07,0.0,8.975777696524943e-14,-2.093439030279058e-12
455,27360.0,27360,36.91472134808663,36.914721348084576,70.12811504379927,0.0,36.91472172270469,3.7462011021436337e-07,0.0,8.976793113049744e-14,-2.05082836463835e-12
456,27420.0,27420,36.872352045019554,36.87235204501755,70.6510735952939,0.0,36.872352419638716,3.746211640321608e-07,0.0,8.975651562339027e-14,-2.007630260982655e-12
457,27480.0,27480,36.82545891666208,36.82545891666011,71.17343191499508,0.0,36.82545929128224,3.746221332180964e-07,0.0,8.972184742571367e-14,-1.962280985600215e-12
458,27540.0,27540,36.77164858058153,36.77164858057961,71.69512591537786,0.0,36.771648955202565,3.746229627295821e-07,0.0,8.966506392532157e-14,-1.9133256829999955e-12
459,27600.0,27600,36.70833354630549,36.70833354630363,72.21605760266617,0.0,36.70833392092723,3.7462360605133084e-07,0.0,8.958944378079461e-14,-1.859480378691134e-12
460,27660.0,27660,36.63290477842636,36.63290477842455,72.7360923269689,0.0,36.6329051530486,3.746240325581322e-07,0.0,8.950080244483131e-14,-1.7993973368789952e-12
461,27720.0,27720,36.543616048537146,36.543616048535405,73.25505847706,0.0,36.54361642315966,3.7462424966969263e-07,0.0,8.941446763420262e-14,-1.7324490766546488e-12
462,27780.0,27780,36.4414309767776,36.44143097677595,73.77275970347767,0.0,36.44143135140028,3.7462433478855e-07,0.0,8.935850272402203e-14,-1.660489487202609e-12
463,27840.0,27840,36.3312500188928,36.33125001889121,74.28901330804543,0.0,36.331250393515646,3.7462443293354665e-07,0.0,8.936041550621639e-14,-1.5890407013751628e-12
464,27900.0,27900,36.21904410471752,36.21904410471599,74.80370601570982,0.0,36.21904447934067,3.7462467050366866e-07,0.0,8.941362371056466e-14,-1.52413537910476e-12
465,27960.0,27960,36.104764078748325,36.104764078746854,75.31680913959005,0.0,36.104764453371885,3.7462503334767356e-07,0.0,8.946226557214381e-14,-1.4657886735634577e-12
466,28020.0,28020,35.978772632043544,35.97877263204214,75.82829329643573,0.0,35.978773006667495,3.746253575301295e-07,0.0,8.944566330269782e-14,-1.407047589312555e-12
467,28080.0,28080,35.82641515541104,35.8264151554097,76.33799257445308,0.0,35.82641553003516,3.746254563143809e-07,0.0,8.935377953311147e-14,-1.3406270008017089e-12
468,28140.0,28140,35.63410011694723,35.634100116945966,76.84553345488482,0.0,35.634100491571196,3.7462523303262716e-07,0.0,8.922271559539602e-14,-1.262879037209634e-12
469,28200.0,28200,35.394411843372836,35.39441184337166,77.35034987227164,0.0,35.39441221799639,3.746247315596625e-07,0.0,8.911019124804341e-14,-1.1748809465374432e-12
470,28260.0,28260,35.11196719232544,35.11196719232436,77.85177070578283,0.0,35.1119675669485,3.746241387175401e-07,0.0,8.907448073066417e-14,-1.0853282992078752e-12
471,28320.0,28320,34.79478381587661,34.79478381587562,78.34919024007087,0.0,34.79478419049924,3.746236164542706e-07,0.0,8.910581139334801e-14,-1.0023884665587176e-12
472,28380.0,28380,34.43268343705047,34.43268343704955,78.84211634319254,0.0,34.432683811672675,3.7462313047483156e-07,0.0,8.912526488432873e-14,-9.217113928351042e-13
473,28440.0,28440,34.00405630150282,34.00405630150198,79.32991269094752,0.0,34.004056676124584,3.7462260312434663e-07,0.0,8.911461225135877e-14,-8.379573038558252e-13
474,28500.0,28500,33.4951202903511,33.49512029035035,79.8116368209489,0.0,33.49512066497242,3.746220605385367e-07,0.0,8.911448193987071e-14,-7.525934825869425e-13
475,28560.0,28560,32.904240290723834,32.904240290723166,80.28615102412563,0.0,32.904240665344766,3.746215976839475e-07,0.0,8.915157118486736e-14,-6.695605339330573e-13
476,28620.0,28620,32.23791609674999,32.2379160967494,80.75229442730766,0.0,32.23791647137071,3.746213088647324e-07,0.0,8.922411954006775e-14,-5.917181859766576e-13
477,28680.0,28680,31.50662621265261,31.50662621265209,81.20899823774172,0.0,31.50662658727335,3.7462125644885213e-07,0.0,8.931816459050671e-14,-5.203754015974339e-13
478,28740.0,28740,30.722096650244303,30.72209665024384,81.65534210815107,0.0,30.722097024865313,3.7462146879363624e-07,0.0,8.941942438980728e-14,-4.557080056587727e-13
479,28800.0,28800,29.895673768785972,29.895673768785574,82.09057180975964,0.0,29.895674143407522,3.746219489800327e-07,0.0,8.951790113485162e-14,-3.9727741277787964e-13
480,28860.0,28860,29.037510187182455,29.03751018718211,82.51409385388088,0.0,29.03751056180479,3.746226848156474e-07,0.0,8.96081242438067e-14,-3.4439461314170156e-13
481,28920.0,28920,28.15630868099569,28.156308680995394,82.92545858059607,0.0,28.15630905561905,3.7462365667305924e-07,0.0,8.968785315123571e-14,-2.9631666476743523e-13
482,28980.0,28980,27.25937995006566,27.25937995006541,83.32433961930695,0.0,27.25938032469025,3.7462484260225233e-07,0.0,8.97567355752406e-14,-2.523290450683676e-13
483,29040.0,29040,26.352834784474663,26.352834784474453,83.71051416766299,0.0,26.35283515910067,3.7462622124281927e-07,0.0,8.981544922132494e-14,-2.1179784540099415e-13
484,29100.0,29100,25.44180769012772,25.441807690127547,84.08384599283981,0.0,25.44180806475532,3.7462777326270275e-07,0.0,8.986513331901631e-14,-1.7417209710499484e-13
485,29160.0,29160,24.53066448408385,24.53066448408371,84.44427160084672,0.0,24.530664858713195,3.7462948191708187e-07,0.0,8.990704770410306e-14,-1.3899859516384403e-13
486,29220.0,29220,23.62317745447682,23.623177454476714,84.791789346768,0.0,23.623177829108045,3.7463133312543693e-07,0.0,8.99422028239504e-14,-1.0586926730766153e-13
487,29280.0,29280,22.722666193957973,22.722666193957902,85.1264510264365,0.0,22.72266656859122,3.7463331530734736e-07,0.0,8.997171742800006e-14,-7.446230192382801e-14
488,29340.0,29340,21.8321077396802,21.83210773968015,85.44835546324768,0.0,21.83210811431557,3.7463541910996915e-07,0.0,8.99963997796016e-14,-4.449162851965829e-14
489,29400.0,29400,20.954220958193712,20.95422095819369,85.7576436552899,0.0,20.954221332831327,3.74637637096405e-07,0.0,9.001696182414247e-14,-1.5719780093390904e-14
490,29460.0,29460,20.091529700566678,20.09152970056669,86.0544951179277,0.0,20.091530075206652,3.746399634262955e-07,0.0,9.003401812211605e-14,1.2057929547365377e-14
491,29520.0,29520,19.246408295607143,19.246408295607186,86.33912512108249,0.0,19.24640867024958,3.7464239353973535e-07,0.0,9.004805622592143e-14,3.9025205984394006e-14
492,29580.0,29580,18.421111954270554,18.421111954270618,86.61178257100032,0.0,18.421112328915545,3.7464492384537873e-07,0.0,9.005960728367312e-14,6.531841588561047e-14
493,29640.0,29640,17.617793831552767,17.617793831552856,86.87274832274922,0.0,17.617794206200408,3.7464755140943354e-07,0.0,9.006898820356457e-14,9.106803408914476e-14
494,29700.0,29700,16.838509916111523,16.838509916111636,87.12233373442626,0.0,16.83851029076191,3.7465027364082714e-07,0.0,9.007651995806525e-14,1.1638308722559573e-13
495,29760.0,29760,16.085212632434082,16.085212632434224,87.36087929063457,0.0,16.085213007087308,3.746530879706999e-07,0.0,9.008245953815968e-14,1.413627541711559e-13
496,29820.0,29820,15.359734070484109,15.359734070484274,87.58875313532408,0.0,15.359734445140266,3.746559915275724e-07,0.0,9.008718947675197e-14,1.6607011196571704e-13
497,29880.0,29880,14.66376011193405,14.66376011193424,87.80634936705265,0.0,14.66376048659322,3.7465898081525116e-07,0.0,9.00909016187781e-14,1.9057579750252376e-13
498,29940.0,29940,13.998797376782669,13.99879737678288,88.01408596770176,0.0,13.998797751444934,3.7466205140697564e-07,0.0,9.009394769774799e-14,2.1490610673519784e-13
499,30000.0,30000,13.36613578809908,13.366135788099317,88.21240226293621,0.0,13.366136162764516,3.746651976751409e-07,0.0,9.009645090515052e-14,2.391115905539094e-13
500,30060.0,30060,12.76681048550042,12.766810485500683,88.40175585233096,0.0,12.766810860169096,3.7466841258062527e-07,0.0,9.009883486901181e-14,2.631790797919739e-13
501,30120.0,30120,12.201567558340004,12.20156755834029,88.5826189999389,0.0,12.201567933011978,3.746716875460125e-07,0.0,9.01011841112003e-14,2.871267254542541e-13
502,30180.0,30180,11.670838281749637,11.670838281749948,88.75547453941205,0.0,11.67083865642496,3.746750124333573e-07,0.0,9.010385095918815e-14,3.1092243052017653e-13
503,30240.0,30240,11.17472582611081,11.174725826111148,88.92081141413351,0.0,11.174726200789522,3.7467837563830343e-07,0.0,9.01069704217058e-14,3.345453480906942e-13
504,30300.0,30300,10.713006360732452,10.71300636073281,89.07912002906674,0.0,10.713006735414575,3.7468176430111276e-07,0.0,9.011078227533314e-14,3.5794651792728494e-13
505,30360.0,30360,10.28514279007469,10.285142790075072,89.23088761824043,0.0,10.285143164760235,3.7468516462847315e-07,0.0,9.011540349262365e-14,3.810775210272798e-13
506,30420.0,30420,9.89030426771955,9.890304267719953,89.37659380682979,0.0,9.890304642408516,3.746885623254767e-07,0.0,9.012095266374982e-14,4.0387625909449975e-13
507,30480.0,30480,9.527379797437826,9.527379797438252,89.5167064496858,0.0,9.527380172130194,3.7469194315585045e-07,0.0,9.012744215424704e-14,4.262885658084039e-13
508,30540.0,30540,9.194973971558396,9.194973971558843,89.65167766254613,0.0,9.194974346254137,3.7469529366569125e-07,0.0,9.013492149512561e-14,4.4823597506733375e-13
509,30600.0,30600,8.891383696166713,8.891383696167182,89.78193979287317,0.0,8.891384070865783,3.746986020737847e-07,0.0,9.014308956446017e-14,4.696893210593109e-13
510,30660.0,30660,8.614579117023515,8.614579117024006,89.90790106096547,0.0,8.614579491725866,3.747018592012371e-07,0.0,9.015191335879783e-14,4.905822336450886e-13
511,30720.0,30720,8.362236492276422,8.362236492276933,90.02994093085324,0.0,8.362236866981991,3.747050591138848e-07,0.0,9.016084395368164e-14,5.109269575840702e-13
512,30780.0,30780,8.13186383268069,8.131863832681221,90.14840594689043,0.0,8.13186420738942,3.747081990802154e-07,0.0,9.016970841402825e-14,5.307280828503322e-13
513,30840.0,30840,7.921002877234011,7.921002877234562,90.26360735025001,0.0,7.921003251945841,3.7471127872802257e-07,0.0,9.017827949721355e-14,5.500074227116474e-13
514,30900.0,30900,7.727422012228193,7.727422012228763,90.37582155674073,0.0,7.727422386943061,3.747142988121796e-07,0.0,9.018646522888458e-14,5.687987553414224e-13
515,30960.0,30960,7.549209168966306,7.549209168966893,90.48529336764386,0.0,7.549209543684153,3.747172602757116e-07,0.0,9.019425300198292e-14,5.87124063268957e-13
516,31020.0,31020,7.384746935785862,7.384746935786469,90.59224049660081,0.0,7.384747310506632,3.747201639777743e-07,0.0,9.020172924726159e-14,6.05007828744142e-13
517,31080.0,31080,7.232628393275613,7.232628393276236,90.696857743921,0.0,7.232628767999247,3.74723010910132e-07,0.0,9.020901221674065e-14,6.224457348505144e-13
518,31140.0,31140,7.091583023999858,7.091583024000498,90.79931997855563,0.0,7.091583398726299,3.747258024837154e-07,0.0,9.021592178076319e-14,6.394700036345995e-13
519,31200.0,31200,6.960442204107728,6.960442204108384,90.89978407045886,0.0,6.960442578836925,3.7472854061911567e-07,0.0,9.022247422160407e-14,6.561009928500389e-13
520,31260.0,31260,6.83813599301215,6.8381359930128225,90.99839033408027,0.0,6.83813636774405,3.74731227629081e-07,0.0,9.022870033041471e-14,6.723527011708936e-13
521,31320.0,31320,6.723701244157843,6.723701244158532,91.09526392637781,0.0,6.723701618892398,3.747338660049015e-07,0.0,9.023450593779196e-14,6.882623874112771e-13
522,31380.0,31380,6.616287000686646,6.61628700068735,91.19051635973325,0.0,6.616287375423809,3.7473645821387507e-07,0.0,9.023999656179046e-14,7.038377357145981e-13
523,31440.0,31440,6.515152366624077,6.515152366624797,91.28424709130618,0.0,6.515152741363803,3.7473900655952103e-07,0.0,9.024509162072624e-14,7.191143607091906e-13
524,31500.0,31500,6.419657835483815,6.419657835484551,91.37654508222987,0.0,6.419658210226063,3.7474151311074407e-07,0.0,9.024990813977315e-14,7.341067528794888e-13
525,31560.0,31560,6.329253016502765,6.329253016503515,91.46749023396241,0.0,6.329253391247494,3.7474397968327047e-07,0.0,9.025452573970306e-14,7.488186591615075e-13
526,31620.0,31620,6.243463471847016,6.24346347184778,91.55715465075937,0.0,6.243463846594189,3.747464078523603e-07,0.0,9.025885562472986e-14,7.632728302745865e-13
527,31680.0,31680,6.161878415562275,6.161878415563053,91.64560371567372,0.0,6.161878790311852,3.7474879897927705e-07,0.0,9.026296516318636e-14,7.774877643686855e-13
528,31740.0,31740,6.084140095551021,6.084140095551813,91.73289699229068,0.0,6.084140470302968,3.747511542408029e-07,0.0,9.026697774463919e-14,7.914583733374741e-13
529,31800.0,31800,6.009935042270645,6.009935042271452,91.8190889760408,0.0,6.009935417024926,3.7475347465609255e-07,0.0,9.027080185372548e-14,8.052030282295728e-13
530,31860.0,31860,5.938987024815555,5.938987024816374,91.90422972153614,0.0,5.9389873995721345,3.747557611087067e-07,0.0,9.027449604143007e-14,8.187240064872343e-13
531,31920.0,31920,5.87105142173185,5.871051421732682,91.98836537011749,0.0,5.871051796490697,3.7475801436408864e-07,0.0,9.027806046363745e-14,8.320327108936211e-13
532,31980.0,31980,5.805910700928672,5.805910700929518,92.07153859765518,0.0,5.805911075689752,3.747602350829969e-07,0.0,9.028152241431977e-14,8.451384799776752e-13
533,32040.0,32040,5.743370744949179,5.743370744950038,92.15378899831481,0.0,5.743371119712462,3.7476242383206117e-07,0.0,9.028496196492972e-14,8.580328618466813e-13
534,32100.0,32100,5.683257815676663,5.683257815677535,92.23515341626475,0.0,5.683258190442116,3.7476458109227e-07,0.0,9.028826398845635e-14,8.707307166279851e-13
535,32160.0,32160,5.625416006686415,5.625416006687299,92.31566623438329,0.0,5.625416381454007,3.747667072661884e-07,0.0,9.029148819121492e-14,8.832395693743964e-13
536,32220.0,32220,5.569705074995825,5.56970507499672,92.39535962687448,0.0,5.569705449765523,3.747688026840985e-07,0.0,9.029470996024938e-14,8.955543970084148e-13
537,32280.0,32280,5.515998575764913,5.5159985757658205,92.47426378116673,0.0,5.515998950536689,3.7477086760960774e-07,0.0,9.029788536912857e-14,9.076765596764683e-13
538,32340.0,32340,5.464182245569935,5.464182245570854,92.55240709338652,0.0,5.464182620343757,3.747729022448227e-07,0.0,9.030097957488934e-14,9.196137898171485e-13
539,32400.0,32400,5.414152594454526,5.414152594455458,92.62981634092853,0.0,5.414152969230365,3.747749067348101e-07,0.0,9.030403818289253e-14,9.31367810552394e-13
540,32460.0,32460,5.365815676600438,5.365815676601381,92.70651683507977,0.0,5.365816051378262,3.747768811721141e-07,0.0,9.030706714019047e-14,9.429431384355102e-13
541,32520.0,32520,5.319086015632871,5.319086015633826,92.78253255622802,0.0,5.319086390412651,3.747788256004552e-07,0.0,9.031011727794847e-14,9.543305739144486e-13
542,32580.0,32580,5.273885664771273,5.273885664772238,92.85788627384593,0.0,5.273886039552978,3.74780740018404e-07,0.0,9.031310886774748e-14,9.655430683589797e-13
543,32640.0,32640,5.230143384997557,5.230143384998534,92.93259965315997,0.0,5.230143759781159,3.7478262438246954e-07,0.0,9.031611871512756e-14,9.765749679020122e-13
544,32700.0,32700,5.187793926523305,5.187793926524294,93.00669335017719,0.0,5.187794301308772,3.7478447860990117e-07,0.0,9.031914724172804e-14,9.874198882854599e-13
545,32760.0,32760,5.146777400694574,5.146777400695572,93.0801870965327,0.0,5.146777775481875,3.7478630258115943e-07,0.0,9.032210798346729e-14,9.98093522589863e-13
546,32820.0,32820,5.107038730907835,5.107038730908844,93.15309977543895,0.0,5.10703910569694,3.747880961420933e-07,0.0,9.0325107444249e-14,1.0085869379047766e-12
547,32880.0,32880,5.068527172455808,5.068527172456828,93.22544948985656,0.0,5.068527547246687,3.747898591056132e-07,0.0,9.032814239396808e-14,1.0188953271437035e-12
548,32940.0,32940,5.03119589242165,5.031195892422678,93.29725362386276,0.0,5.031196267214271,3.7479159125343447e-07,0.0,9.033116538306744e-14,1.0290218109528486e-12
549,33000.0,33000,4.995001601820479,4.995001601821518,93.36852889806848,0.0,4.9950019766148115,3.7479329233711844e-07,0.0,9.033416821573786e-14,1.0389708882411192e-12
550,33060.0,33060,4.959904233163237,4.959904233164286,93.43929141982399,0.0,4.959904607959247,3.747949620792477e-07,0.0,9.033719794394803e-14,1.0487404832535737e-12
551,33120.0,33120,4.9258666574856855,4.925866657486744,93.50955672885686,0.0,4.925867032283345,3.7479660017414605e-07,0.0,9.03402939396439e-14,1.0583193638583462e-12
552,33180.0,33180,4.892854435724539,4.892854435725607,93.57933983890098,0.0,4.892854810523814,3.747982062884608e-07,0.0,9.034337506050369e-14,1.0677178391773635e-12
553,33240.0,33240,4.860835599939712,4.86083559994079,93.64865527580348,0.0,4.860835974740571,3.747997800615758e-07,0.0,9.034651629647936e-14,1.0769219665665204e-12
554,33300.0,33300,4.8297804605902765,4.829780460591363,93.71751711253233,0.0,4.829780835392684,3.748013211058584e-07,0.0,9.034962082706664e-14,1.0859452949915702e-12
555,33360.0,33360,4.79966143653164,4.799661436532735,93.78593900145376,0.0,4.7996618113355645,3.7480282900664533e-07,0.0,9.035278136330927e-14,1.0947813334362033e-12
556,33420.0,33420,4.770452904921372,4.770452904922475,93.85393420420101,0.0,4.7704532797267785,3.7480430332216865e-07,0.0,9.035603763168679e-14,1.1034158196999046e-12
557,33480.0,33480,4.742131068611582,4.742131068612694,93.92151561941711,0.0,4.742131443418438,3.7480574358339333e-07,0.0,9.035925547033954e-14,1.111862176399904e-12
558,33540.0,33540,4.714673838940315,4.714673838941436,93.98869580861881,0.0,4.714674213748585,3.748071492934985e-07,0.0,9.036255068653722e-14,1.1201055278807322e-12
559,33600.0,33600,4.688060732173303,4.688060732174432,94.05548702040018,0.0,4.6880611069829525,3.7480851992749973e-07,0.0,9.036583663707893e-14,1.1281579165023238e-12
560,33660.0,33660,4.662272778078809,4.662272778079945,94.12190121316901,0.0,4.662273152889801,3.748098549315716e-07,0.0,9.03692173368919e-14,1.1360059060256444e-12
561,33720.0,33720,4.637292439350549,4.637292439351693,94.18795007658817,0.0,4.637292814162846,3.748111537222464e-07,0.0,9.037266842356076e-14,1.1436458467513246e-12
562,33780.0,33780,4.613103540797761,4.613103540798913,94.25364505187531,0.0,4.613103915611328,3.7481241568558125e-07,0.0,9.037614196071357e-14,1.1510772812575747e-12
563,33840.0,33840,4.589691207378187,4.589691207379347,94.31899735109965,0.0,4.5896915821929865,3.7481364017610284e-07,0.0,9.037960484436124e-14,1.158306141282546e-12
564,33900.0,33900,4.567041810276401,4.5670418102775665,94.38401797560054,0.0,4.567042185092394,3.748148265156888e-07,0.0,9.038321002823259e-14,1.1653085787212186e-12
565,33960.0,33960,4.545142920435228,4.5451429204364,94.44871773364248,0.0,4.545143295252374,3.748159739922827e-07,0.0,9.03867902521502e-14,1.172106166055518e-12
566,34020.0,34020,4.523983268922582,4.523983268923763,94.51310725741166,0.0,4.523983643740844,3.7481708185852164e-07,0.0,9.039051322907006e-14,1.1786729758564233e-12
567,34080.0,34080,4.503552713759379,4.503552713760564,94.57719701945109,0.0,4.503553088578713,3.748181493300525e-07,0.0,9.039425689438707e-14,1.1850204465268146e-12
568,34140.0,34140,4.483842212821189,4.483842212822381,94.64099734862569,0.0,4.483842587641557,3.748191755839614e-07,0.0,9.03981105443756e-14,1.1911370445082211e-12
569,34200.0,34200,4.464843802554273,4.464843802555469,94.70451844570368,0.0,4.46484417737563,3.748201597567833e-07,0.0,9.040204850629982e-14,1.1970124123463235e-12
570,34260.0,34260,4.44655058229556,4.446550582296763,94.7677703986362,0.0,4.446550957117865,3.748211009425326e-07,0.0,9.040598951891033e-14,1.2026581956343235e-12
571,34320.0,34320,4.428956704083449,4.428956704084658,94.83076319761506,0.0,4.428957078906656,3.748219981903529e-07,0.0,9.041004949147631e-14,1.2080524487025925e-12
572,34380.0,34380,4.412057367880609,4.412057367881823,94.89350674998592,0.0,4.412057742704674,3.7482285050226484e-07,0.0,9.041413025647017e-14,1.2132130414390793e-12
573,34440.0,34440,4.395848822210242,4.395848822211461,94.9560108950939,0.0,4.395849197035117,3.7482365683023733e-07,0.0,9.04184191189804e-14,1.2181060305833329e-12
574,34500.0,34500,4.380328370272431,4.380328370273654,95.01828541913822,0.0,4.380328745098071,3.748244160735367e-07,0.0,9.042274614129629e-14,1.2227418225695712e-12
575,34560.0,34560,4.365494381667475,4.365494381668704,95.08034007011341,0.0,4.36549475649383,3.748251270754236e-07,0.0,9.04271529495126e-14,1.2271195562224105e-12
576,34620.0,34620,4.351346309917297,4.351346309918529,95.1421845729167,0.0,4.351346684744318,3.7482578861974e-07,0.0,9.04317466018222e-14,1.2312098709375402e-12
577,34680.0,34680,4.337884716053182,4.3378847160544165,95.20382864470353,0.0,4.337885090880816,3.748263994271577e-07,0.0,9.043629928361041e-14,1.2350413030990585e-12
578,34740.0,34740,4.325111298600309,4.325111298601547,95.2652820105773,0.0,4.3251116734285056,3.7482695815106653e-07,0.0,9.044108283655686e-14,1.2385786817646412e-12
579,34800.0,34800,4.31302893041941,4.313028930420653,95.3265544197038,0.0,4.313029305248117,3.7482746337312446e-07,0.0,9.044598099000192e-14,1.24181974659782e-12
580,34860.0,34860,4.301641702852685,4.301641702853931,95.38765566194773,0.0,4.301642077681844,3.748279135983018e-07,0.0,9.045095433382178e-14,1.244769730821198e-12
581,34920.0,34920,4.290954977874745,4.290954977875993,95.44859558513447,0.0,4.290955352704301,3.74828307249581e-07,0.0,9.045612577537341e-14,1.24740157671975e-12
582,34980.0,34980,4.280975448919402,4.280975448920652,95.50938411305069,0.0,4.280975823749295,3.74828642661981e-07,0.0,9.046136486088702e-14,1.2497299349937649e-12
583,35040.0,35040,4.271711211293652,4.271711211294904,95.5700312643067,0.0,4.271711586123822,3.748289180762437e-07,0.0,9.046685359531875e-14,1.2517194742106548e-12
584,35100.0,35100,4.263171843175481,4.2631718431767345,95.63054717219636,0.0,4.263172218005866,3.7482913163154957e-07,0.0,9.047243385054064e-14,1.2533815333477661e-12
585,35160.0,35160,4.255368498410303,4.255368498411558,95.69094210570432,0.0,4.2553688732408395,3.7482928135789436e-07,0.0,9.047822819721128e-14,1.2546923050043144e-12
586,35220.0,35220,4.2483140125294225,4.248314012530679,95.75122649182815,0.0,4.248314387360044,3.7482936516729065e-07,0.0,9.048417628869231e-14,1.255647551427938e-12
587,35280.0,35280,4.24202302359383,4.2420230235950855,95.81141093940195,0.0,4.242023398424467,3.748293808443025e-07,0.0,9.04903010044898e-14,1.256240099350011e-12
588,35340.0,35340,4.236512109896897,4.236512109898155,95.87150626463253,0.0,4.2365124847274815,3.748293260354609e-07,0.0,9.049668120447569e-14,1.2564459584301095e-12
589,35400.0,35400,4.231799946693498,4.231799946694756,95.93152351858573,0.0,4.231800321523953,3.74829198237533e-07,0.0,9.050325138866194e-14,1.256259683897341e-12
590,35460.0,35460,4.227907484769571,4.227907484770827,95.99147401689353,0.0,4.227907859599822,3.7482899478446694e-07,0.0,9.051004525668106e-14,1.2556671320440893e-12
591,35520.0,35520,4.224858153934998,4.224858153936253,96.05136937199079,0.0,4.224858528764966,3.7482871283281975e-07,0.0,9.051708393531003e-14,1.2546552999420258e-12
592,35580.0,35580,4.2226780952688445,4.222678095270098,96.1112215282345,0.0,4.222678470098447,3.7482834934549793e-07,0.0,9.052441521035672e-14,1.2532048972391988e-12
593,35640.0,35640,4.221396426570189,4.22139642657144,96.17104280031381,0.0,4.221396801399342,3.748279010734514e-07,0.0,9.053202490206239e-14,1.2513008753278047e-12
594,35700.0,35700,4.221045546359459,4.221045546360709,96.23084591541988,0.0,4.221045921188073,3.7482736453530947e-07,0.0,9.05399583304056e-14,1.24891776885094e-12
595,35760.0,35760,4.221661482837908,4.2216614828391545,96.29064405972296,0.0,4.22166185766589,3.7482673599404895e-07,0.0,9.054815916328137e-14,1.2460467357025445e-12
596,35820.0,35820,4.223284295468188,4.223284295469432,96.35045092979284,0.0,4.223284670295444,3.748260114309976e-07,0.0,9.055672269414354e-14,1.2426641586512618e-12
597,35880.0,35880,4.225958538500658,4.225958538501896,96.41028078970831,0.0,4.225958913327083,3.748251865161532e-07,0.0,9.056567927050221e-14,1.2387497648840717e-12
598,35940.0,35940,4.229733797653818,4.2297337976550535,96.47014853473341,0.0,4.22973417247931,3.748242565743555e-07,0.0,9.057511294025389e-14,1.2342629361622465e-12
599,36000.0,36000,4.234665313754098,4.234665313755328,96.5300697625965,0.0,4.234665688578544,3.748232165466902e-07,0.0,9.05848734852516e-14,1.229204079288995e-12
600,36060.0,36060,4.240814710111898,4.2408147101131215,96.59006085360436,0.0,4.240815084935182,3.748220609463592e-07,0.0,9.059520804403744e-14,1.2235199652129692e-12
601,36120.0,36120,4.24825084443499,4.248250844436208,96.65013906106061,0.0,4.248251219256993,3.7482078380751325e-07,0.0,9.060601549207179e-14,1.2171985116435323e-12
602,36180.0,36180,4.257050811041487,4.2570508110426974,96.71032261375314,0.0,4.2570511858620765,3.748193786265076e-07,0.0,9.061743226974389e-14,1.2101896017955325e-12
603,36240.0,36240,4.2673011255149405,4.267301125516143,96.77063083263923,0.0,4.267301500333981,3.748178382932013e-07,0.0,9.062943145749253e-14,1.2024685828370708e-12
604,36300.0,36300,4.279099132268464,4.279099132269659,96.8310842643137,0.0,4.279099507085813,3.7481615501102317e-07,0.0,9.064212378142578e-14,1.1939930693631383e-12
605,36360.0,36360,4.29255468622713,4.292554686228315,96.8917048344172,0.0,4.292555061042635,3.7481432020305096e-07,0.0,9.06556045825751e-14,1.1847103339868471e-12
606,36420.0,36420,4.307792174021245,4.307792174022418,96.95251602486843,0.0,4.307792548834744,3.748123244010904e-07,0.0,9.066987734374206e-14,1.1745836688828808e-12
607,36480.0,36480,4.324952958893203,4.324952958894366,97.0135430797301,0.0,4.324953333704524,3.7481015711391025e-07,0.0,9.068512629466369e-14,1.1635410724841818e-12
608,36540.0,36540,4.344198358690292,4.344198358691443,97.0748132457108,0.0,4.34419873349925,3.74807806669728e-07,0.0,9.070131219225483e-14,1.1515462830127352e-12
609,36600.0,36600,4.365713300435561,4.365713300436701,97.13635605485527,0.0,4.365713675241961,3.7480526002657546e-07,0.0,9.071873249957532e-14,1.1385086259841823e-12
610,36660.0,36660,4.389710841758635,4.389710841759759,97.19820365900783,0.0,4.3897112165622625,3.748025025421845e-07,0.0,9.073741328096091e-14,1.1243598894923895e-12
611,36720.0,36720,4.416437814326797,4.416437814327907,97.26039122832913,0.0,4.416438189127424,3.747995176924963e-07,0.0,9.075748268138099e-14,1.109019545264707e-12
612,36780.0,36780,4.446181935743001,4.446181935744094,97.3229574297618,0.0,4.44618231054038,3.747962867240862e-07,0.0,9.077919643885811e-14,1.092389583815334e-12
613,36840.0,36840,4.479280866782222,4.479280866783297,97.3859450062479,0.0,4.479281241576085,3.747927882210457e-07,0.0,9.08028115727165e-14,1.0743522731904833e-12
614,36900.0,36900,4.516133880156659,4.516133880157714,97.44940148425705,0.0,4.516134254946711,3.747889975588263e-07,0.0,9.082852589699525e-14,1.054785352161788e-12
615,36960.0,36960,4.557217086820218,4.557217086821252,97.51338004662233,0.0,4.557217461606138,3.7478488620799753e-07,0.0,9.085671048787572e-14,1.033540032217156e-12
616,37020.0,37020,4.60310358784445,4.603103587845461,97.57794062108204,0.0,4.603103962625882,3.7478042083400025e-07,0.0,9.088775794272983e-14,1.0104481882117125e-12
617,37080.0,37080,4.654490570578793,4.654490570579778,97.64315125430628,0.0,4.65449094535534,3.747755621163976e-07,0.0,9.092220794133065e-14,9.853019110498647e-13
618,37140.0,37140,4.712236396466583,4.712236396467541,97.70908986978591,0.0,4.712236771237804,3.747702631736147e-07,0.0,9.096065294058091e-14,9.5787071943814e-13
619,37200.0,37200,4.777412400796596,4.777412400797524,97.77584655113232,0.0,4.777412775561991,3.747644674217126e-07,0.0,9.1003993574002e-14,9.278537826909804e-13
620,37260.0,37260,4.8513769342981865,4.851376934299081,97.84352655920674,0.0,4.851377309057187,3.747581055997769e-07,0.0,9.105318334598731e-14,8.949159872310107e-13
621,37320.0,37320,4.935884074474103,4.935884074474962,97.91225439817245,0.0,4.935884449226053,3.7475109153386743e-07,0.0,9.110976843560718e-14,8.586238842341555e-13
622,37380.0,37380,5.033248351967549,5.033248351968368,97.98217942162398,0.0,5.033248726711683,3.747433159253003e-07,0.0,9.11757635484218e-14,8.184429839039915e-13
623,37440.0,37440,5.146603929420051,5.146603929420825,98.05348377234004,0.0,5.146604304155462,3.747346369231174e-07,0.0,9.12540697119818e-14,7.737050418285115e-13
624,37500.0,37500,5.280331519905432,5.280331519906157,98.1263939937367,0.0,5.280331894631021,3.7472486520886173e-07,0.0,9.13491456402352e-14,7.235376459345969e-13
625,37560.0,37560,5.440802984717926,5.4408029847185935,98.2011986893319,0.0,5.440803359432333,3.7471373916680584e-07,0.0,9.146790911184687e-14,6.668060343751099e-13
626,37620.0,37620,5.637779026801772,5.637779026802374,98.27827673067864,0.0,5.637779401503255,3.7470088081261694e-07,0.0,9.162179990305472e-14,6.019636982722866e-13
627,37680.0,37680,5.887303736036651,5.887303736037177,98.35814526595496,0.0,5.887304110722889,3.746857107723305e-07,0.0,9.183031851260973e-14,5.26650385187237e-13
628,37740.0,37740,6.218594926099562,6.218594926099999,98.44154873461211,0.0,6.218595300767263,3.74667264552147e-07,0.0,9.212576805115335e-14,4.365478094322904e-13
629,37800.0,37800,6.6944435731028715,6.694443573103196,98.52964549512853,0.0,6.694443947746919,3.7464372357293386e-07,0.0,9.255692741640255e-14,3.2497730071791437e-13
630,37860.0,37860,7.503350662438993,7.503350662439234,98.62448344481088,0.0,7.5033510370500585,3.746108251697816e-07,0.0,9.323689412155194e-14,2.412127045266036e-13
631,37920.0,37920,10.648623584848252,10.64862358484882,98.73078091159225,0.0,10.648623959399394,3.745505734930964e-07,0.0,9.556802851123786e-14,5.687139191165257e-13
632,37980.0,37980,39.41373241894333,-110.58626758105905,98.88163641144122,150.0,3.731648494655877e-07,110.58626795422389,0.0,1.0965240359423157e-13,-2.381054171023439e-12
633,38040.0,38040,39.4137324189475,-110.58626758105382,97.038531950824,150.0,3.731641944450364e-07,110.58626795421802,0.0,9.055629435148333e-14,-1.3160393764964773e-12
634,38100.0,38100,39.41373241894705,-110.58626758105422,95.19542749020688,150.0,3.7316426432681114e-07,110.5862679542185,0.0,9.030515253755371e-14,-1.3035016972888352e-12
635,38160.0,38160,39.41373241894506,-110.58626758105622,93.35232302958974,150.0,3.7316457866639965e-07,110.58626795422082,0.0,9.025926789586842e-14,-1.2917989629565094e-12
636,38220.0,38220,39.41373241894228,-110.58626758105898,91.50921856897257,150.0,3.7316501671498334e-07,110.58626795422397,0.0,9.016598271776558e-14,-1.2703818648066773e-12
637,38280.0,38280,39.413732418939034,-110.58626758106219,89.66611410835536,150.0,3.7316552992555124e-07,110.58626795422771,0.0,9.008169388915882e-14,-1.237472597325593e-12
638,38340.0,38340,39.41373241893546,-110.58626758106574,87.82300964773809,150.0,3.7316609353231025e-07,110.58626795423183,0.0,9.013940361895259e-14,-1.198110295900303e-12
639,38400.0,38400,39.413732418931644,-110.58626758106954,85.97990518712078,150.0,3.7316669369749375e-07,110.58626795423623,0.0,9.038304216076956e-14,-1.2067343471041935e-12
640,38460.0,38460,39.41373241893481,-260.58626758106635,84.13680072650338,300.0,3.7315985207812823e-07,260.5862679542262,0.0,8.990533776517821e-14,-1.1912549379046135e-12
641,38520.0,38520,39.413732418930536,-260.5862675810706,79.79369626588607,300.0,3.7316052619083196e-07,260.5862679542312,0.0,9.029392082760213e-14,-1.1915619386748717e-12
642,38580.0,38580,39.413732418926074,-260.5862675810751,75.45059180526867,300.0,3.7316122987252e-07,260.5862679542363,0.0,9.003776153079945e-14,-1.1485823515960566e-12
643,38640.0,38640,39.41373241892147,-260.5862675810796,71.10748734465122,300.0,3.7316195513319645e-07,260.5862679542416,0.0,8.989020400585485e-14,-1.1063533652919322e-12
644,38700.0,38700,39.41373241891676,-260.58626758108426,66.76438288403367,300.0,3.731626974241545e-07,260.586267954247,0.0,8.984015947583094e-14,-1.0669131665681225e-12
645,38760.0,38760,39.413732418911955,-260.58626758108903,62.42127842341604,300.0,3.7316345397714543e-07,260.5862679542525,0.0,8.982760814383885e-14,-1.0284001578057628e-12
646,38820.0,38820,39.41373241890707,-260.58626758109386,58.07817396279834,300.0,3.7316422305507155e-07,260.5862679542581,0.0,8.981993430836119e-14,-9.8935601596313e-13
647,38880.0,38880,39.41373241890211,-260.5862675810988,53.73506950218055,300.0,3.7316500361482133e-07,260.5862679542638,0.0,8.981022258521573e-14,-9.494463904263757e-13
648,38940.0,38940,39.41373241889708,-260.5862675811038,49.39196504156269,300.0,3.731657951295823e-07,260.5862679542696,0.0,8.97986206955591e-14,-9.086230293790719e-13
649,39000.0,39000,39.413732418891975,-260.58626758110887,45.04886058094474,300.0,3.731665975043998e-07,260.58626795427546,0.0,8.978698171254921e-14,-8.667823307242864e-13
650,39060.0,39060,39.41373241888681,-260.586267581114,40.7057561203267,300.0,3.7316741106402556e-07,260.5862679542814,0.0,8.977888210009948e-14,-8.237714864545175e-13
651,39120.0,39120,39.413732418881565,-260.5862675811192,36.362651659708575,300.0,3.731682366108226e-07,260.5862679542875,0.0,8.977941985605494e-14,-7.794297808693442e-13
652,39180.0,39180,39.41373241887622,-260.58626758112445,32.01954719909036,300.0,3.731690755715399e-07,260.58626795429353,0.0,8.979390052455325e-14,-7.33928197394977e-13
653,39240.0,39240,39.413732418870794,-260.5862675811299,27.676442738472055,300.0,3.731699302827517e-07,260.58626795429984,0.0,8.982032915741823e-14,-6.895159190251143e-13
654,39300.0,39300,39.41373241886524,-260.5862675811354,23.333338277853663,300.0,3.731708045214712e-07,260.5862679543062,0.0,8.98134729995479e-14,-6.467285948358282e-13
655,39360.0,39360,39.4137324188595,-260.5862675811411,18.990233817235175,300.0,3.731717044629068e-07,260.5862679543128,0.0,8.97210899968851e-14,-6.577552946377276e-13
656,39420.0,39420,39.41373241884814,-133.08626758115236,14.647129356616592,172.5,3.7317826488862175e-07,133.0862679543306,0.0,8.86093806404531e-14,-4.631294145856868e-13
657,39480.0,39480,39.41373241884021,-110.58626758116021,12.429024895997806,150.0,3.7318108127305273e-07,110.5862679543413,0.0,8.930943417011009e-14,-4.1639012914225245e-13
658,39540.0,39540,39.41373241883386,-110.58626758116654,10.58592043537888,150.0,3.731820802678916e-07,110.5862679543486,0.0,8.969403972494836e-14,-3.8294840080840793e-13
659,39600.0,39600,39.41373241882723,-110.58626758117309,8.742815974759846,150.0,3.7318312233346767e-07,110.58626795435622,0.0,8.969390975874056e-14,-3.288203306675813e-13
660,39660.0,39660,39.413732418820196,-110.58626758118008,6.899711514140707,150.0,3.7318422689977514e-07,110.5862679543643,0.0,8.960457100932186e-14,-2.6896565262388155e-13
661,39720.0,39720,39.41373241881249,-110.58626758118774,5.0566070535214465,150.0,3.731854373413181e-07,110.58626795437318,0.0,8.945649546524094e-14,-2.2695229421926992e-13
662,39780.0,39780,39.41373241880318,-110.58626758119775,3.2135025929020573,150.0,3.7318689860778663e-07,110.58626795438465,0.0,8.88312125335016e-14,-9.504884525702748e-13
663,39840.0,39840,39.41373241865917,-10.586267581339168,1.3703981322824985,50.00000000000014,3.7332024016091454e-07,10.586267954659409,0.0,7.446834775787199e-14,1.8031183569341668e-12
664,39900.0,39900,39.413714245872235,39.413714245872995,1.1939603383269157,0.0,39.41371461916621,3.732932079634155e-07,0.0,9.029205371466932e-14,7.702968862715532e-13
665,39960.0,39960,39.41371422386428,39.41371422386527,1.7523212892102622,0.0,39.413714597160656,3.732953834490754e-07,0.0,8.874596742521203e-14,9.920252491845155e-13
666,40020.0,40020,39.41371420535313,39.413714205354204,2.310682239781825,0.0,39.413714578651316,3.732971105752302e-07,0.0,8.907410088849054e-14,1.0714824217532377e-12
667,40080.0,40080,39.41371418865437,39.41371418865551,2.8690431900911477,0.0,39.413714561954144,3.732986244656006e-07,0.0,8.922704587684837e-14,1.146368816010726e-12
668,40140.0,40140,39.41371417306632,39.41371417306753,3.4274041401639064,0.0,39.413714546367544,3.7330001536476356e-07,0.0,8.9321596454805e-14,1.2165427620853807e-12
669,40200.0,40200,39.4137141582326,39.41371415823389,3.9857650900158283,0.0,39.41371453153521,3.733013256109091e-07,0.0,8.939574445885435e-14,1.2824024962043314e-12
670,40260.0,40260,39.41371414394535,39.4137141439467,4.544126039657607,0.0,39.413714517249275,3.7330257816104613e-07,0.0,8.945408156704485e-14,1.3450601496302798e-12
671,40320.0,40320,39.413714130070844,39.41371413007225,5.1024869890969855,0.0,39.41371450337605,3.7330378689421587e-07,0.0,8.949793556057894e-14,1.4053972248879034e-12
672,40380.0,40380,39.413714116516836,39.41371411651831,5.660847938339804,0.0,39.41371448982326,3.733049609286972e-07,0.0,8.953018419379766e-14,1.4639441430331172e-12
673,40440.0,40440,39.41371410321634,39.413714103217856,6.21920888739061,0.0,39.41371447652397,3.733061066498199e-07,0.0,8.955406721147338e-14,1.5210178477478373e-12
674,40500.0,40500,39.4137140901188,39.41371409012038,6.777569836252989,0.0,39.41371446342761,3.733072287540541e-07,0.0,8.957211398653354e-14,1.5768760872525557e-12
675,40560.0,40560,39.41371407718493,39.41371407718656,7.3359307849298165,0.0,39.41371445049489,3.7330833082861276e-07,0.0,8.958648320919642e-14,1.631676172921375e-12
676,40620.0,40620,39.41371406438345,39.41371406438513,7.894291733423413,0.0,39.413714437694544,3.7330941569479645e-07,0.0,8.9598430583373e-14,1.6855612317911517e-12
677,40680.0,40680,39.41371405168898,39.41371405169072,8.452652681735653,0.0,39.4137144250012,3.733104856228717e-07,0.0,8.960866581040681e-14,1.7386760662961374e-12
678,40740.0,40740,39.4137140390806,39.41371403908239,9.011013629868057,0.0,39.41371441239394,3.7331154247344635e-07,0.0,8.961788714534903e-14,1.7911033212278884e-12
679,40800.0,40800,39.41371402654082,39.41371402654267,9.569374577821845,0.0,39.413714399855266,3.7331258779419933e-07,0.0,8.962626405349851e-14,1.8429447386180143e-12
680,40860.0,40860,39.41371401405487,39.413714014056765,10.127735525597977,0.0,39.41371438737038,3.733136228886308e-07,0.0,8.96339706406615e-14,1.8942754233606775e-12
681,40920.0,40920,39.413714001610074,39.41371400161203,10.686096473197228,0.0,39.41371437492668,3.73314648866054e-07,0.0,8.964112273459339e-14,1.9451613440691664e-12
682,40980.0,40980,39.41371398919556,39.413713989197554,11.244457420620178,0.0,39.41371436251323,3.7331566667918184e-07,0.0,8.964774204549773e-14,1.995655362260337e-12
683,41040.0,41040,39.41371397680182,39.41371397680387,11.802818367867252,0.0,39.41371435012054,3.733166771526434e-07,0.0,8.965382427062236e-14,2.0458168725058235e-12
684,41100.0,41100,39.41371396442056,39.413713964422655,12.361179314938754,0.0,39.41371433774033,3.733176810052111e-07,0.0,8.965946557035778e-14,2.0956793016568523e-12
685,41160.0,41160,39.41371395204443,39.41371395204658,12.919540261834843,0.0,39.413714325365255,3.733186788673872e-07,0.0,8.966466351935387e-14,2.1452713567252807e-12
686,41220.0,41220,39.41371393966692,39.413713939669115,13.477901208555611,0.0,39.413714312988795,3.733196712951817e-07,0.0,8.966932160999619e-14,2.1946461605511192e-12
687,41280.0,41280,39.41371392728222,39.41371392728446,14.036262155101024,0.0,39.41371430060512,3.7332065878155096e-07,0.0,8.967362898914782e-14,2.243807239911689e-12
688,41340.0,41340,39.4137139148851,39.413713914887396,14.594623101470996,0.0,39.41371428820903,3.733216417655348e-07,0.0,8.967747181136123e-14,2.2927948811727767e-12
689,41400.0,41400,39.41371390247084,39.413713902473184,15.152984047665338,0.0,39.413714275795805,3.733226206398128e-07,0.0,8.9680937627429e-14,2.3416199142301955e-12
690,41460.0,41460,39.41371389003517,39.413713890037556,15.711344993683804,0.0,39.41371426336116,3.7332359575694726e-07,0.0,8.968403454133301e-14,2.3903022692934216e-12
691,41520.0,41520,39.41371387757418,39.41371387757662,16.269705939526105,0.0,39.41371425090119,3.7332456743468096e-07,0.0,8.968676729510643e-14,2.4388631444074615e-12
692,41580.0,41580,39.413713865084304,39.41371386508679,16.828066885191866,0.0,39.41371423841233,3.7332553596030976e-07,0.0,8.968920449847424e-14,2.4873118742295585e-12
693,41640.0,41640,39.413713852562275,39.41371385256481,17.38642783068069,0.0,39.41371422589132,3.7332650159438825e-07,0.0,8.969134974949523e-14,2.535664507295422e-12
694,41700.0,41700,39.413713840005066,39.413713840007645,17.944788775992127,0.0,39.41371421333511,3.7332746457391324e-07,0.0,8.969322387374248e-14,2.5839330904676716e-12
695,41760.0,41760,39.41371382740987,39.41371382741251,18.503149721125663,0.0,39.41371420074093,3.733284251150978e-07,0.0,8.96948786553839e-14,2.632120664232676e-12
696,41820.0,41820,39.4137138147741,39.413713814776784,19.061510666080764,0.0,39.41371418810617,3.733293834155697e-07,0.0,8.969629270667799e-14,2.6802448189944085e-12
697,41880.0,41880,39.41371380209534,39.413713802098066,19.61987161085686,0.0,39.4137141754284,3.733303396564754e-07,0.0,8.969748744017361e-14,2.7283171957917273e-12
698,41940.0,41940,39.413713789371315,39.413713789374086,20.178232555453334,0.0,39.41371416270538,3.7333129400420875e-07,0.0,8.969857325724657e-14,2.7763292898221873e-12
699,42000.0,42000,39.413713776599906,39.413713776602734,20.736593499869553,0.0,39.41371414993498,3.7333224661184797e-07,0.0,8.969938646202972e-14,2.8243141410674204e-12
700,42060.0,42060,39.41371376377912,39.413713763782006,21.29495444410485,0.0,39.41371413711519,3.733331976206021e-07,0.0,8.97001423057888e-14,2.872257519761516e-12
701,42120.0,42120,39.41371375090709,39.41371375091002,21.85331538815851,0.0,39.413714124244166,3.7333414716084915e-07,0.0,8.970075934419794e-14,2.9201718324393602e-12
702,42180.0,42180,39.41371373798203,39.413713737985,22.411676332029817,0.0,39.4137141113201,3.733350953532298e-07,0.0,8.970124980593387e-14,2.968062873687747e-12
703,42240.0,42240,39.413713725002246,39.413713725005266,22.970037275718017,0.0,39.41371409834131,3.733360423094944e-07,0.0,8.970161614394426e-14,3.015939146132456e-12
704,42300.0,42300,39.41371371196616,39.41371371196922,23.528398219222343,0.0,39.413714085306225,3.7333698813338917e-07,0.0,8.970186392339765e-14,3.063805429164925e-12
705,42360.0,42360,39.413713698872236,39.41371369887535,24.08675916254198,0.0,39.413714072213274,3.7333793292122403e-07,0.0,8.970203929452747e-14,3.1116656995112136e-12
706,42420.0,42420,39.413713685719024,39.413713685722186,24.645120105676128,0.0,39.41371405906106,3.7333887676259624e-07,0.0,8.970216144840689e-14,3.1595211219109418e-12
707,42480.0,42480,39.41371367250513,39.413713672508344,25.20348104862393,0.0,39.41371404584816,3.73339819740941e-07,0.0,8.970222558171726e-14,3.2073698148770095e-12
708,42540.0,42540,39.41371365922924,39.41371365923249,25.76184199138454,0.0,39.41371403257325,3.7334076193398685e-07,0.0,8.970211288091467e-14,3.255239851271177e-12
709,42600.0,42600,39.41371364589006,39.413713645893374,26.320202933957074,0.0,39.41371401923507,3.733417034142952e-07,0.0,8.970206735312965e-14,3.30310420739913e-12
710,42660.0,42660,39.41371363248638,39.41371363248973,26.878563876340635,0.0,39.41371400583238,3.7334264424954325e-07,0.0,8.970185785703151e-14,3.3509862604133984e-12
711,42720.0,42720,39.413713619017,39.4137136190204,27.436924818534305,0.0,39.41371399236398,3.7334358450297876e-07,0.0,8.970161405402955e-14,3.3988824079143453e-12
712,42780.0,42780,39.4137136054808,39.413713605484254,27.995285760537165,0.0,39.41371397882878,3.733445242337204e-07,0.0,8.970130953695299e-14,3.4468001246492325e-12
713,42840.0,42840,39.41371359187667,39.41371359188017,28.55364670234826,0.0,39.41371396522564,3.733454634970187e-07,0.0,8.970098450610434e-14,3.49473677181277e-12
714,42900.0,42900,39.41371357820354,39.41371357820709,29.112007643966624,0.0,39.41371395155349,3.733464023446268e-07,0.0,8.970061806120824e-14,3.542694286439372e-12
715,42960.0,42960,39.41371356446039,39.413713564463976,29.670368585391287,0.0,39.41371393781132,3.7334734082488836e-07,0.0,8.970018154436804e-14,3.5906839606022216e-12
716,43020.0,43020,39.4137135506462,39.41371355064984,30.22872952662125,0.0,39.413713923998124,3.7334827898312975e-07,0.0,8.969976701395796e-14,3.638692245847837e-12
717,43080.0,43080,39.413713536760014,39.4137135367637,30.787090467655517,0.0,39.41371391011292,3.7334921686167736e-07,0.0,8.969926383908818e-14,3.6867348958645045e-12
718,43140.0,43140,39.41371352280088,39.41371352280462,31.345451408493062,0.0,39.413713896154775,3.7335015450022824e-07,0.0,8.969873614156323e-14,3.7348088060618994e-12
719,43200.0,43200,39.413713508767884,39.41371350877167,31.90381234913286,0.0,39.41371388212276,3.7335109193587144e-07,0.0,8.969817360434497e-14,3.782918318506747e-12
720,43260.0,43260,39.41371349466013,39.41371349466396,32.46217328957385,0.0,39.41371386801598,3.733520292033278e-07,0.0,8.969760391683735e-14,3.83106010575721e-12
721,43320.0,43320,39.41371348047673,39.41371348048062,33.020534229814984,0.0,39.413713853833585,3.733529663349818e-07,0.0,8.969696013625371e-14,3.8792450852261835e-12
722,43380.0,43380,39.41371346621684,39.41371346622077,33.57889516985517,0.0,39.41371383957468,3.733539033611674e-07,0.0,8.969634889778862e-14,3.927460890852448e-12
723,43440.0,43440,39.413713451879644,39.413713451883616,34.13725610969336,0.0,39.41371382523847,3.7335484031013987e-07,0.0,8.96956718180159e-14,3.975720498907022e-12
724,43500.0,43500,39.413713437464295,39.413713437468324,34.695617049328426,0.0,39.4137138108241,3.733557772082522e-07,0.0,8.969498099099352e-14,4.024022225137672e-12
725,43560.0,43560,39.41371342297002,39.41371342297409,35.25397798875929,0.0,39.4137137963308,3.7335671408002915e-07,0.0,8.969428702102168e-14,4.0723640441555244e-12
726,43620.0,43620,39.413713408396035,39.413713408400156,35.812338927984804,0.0,39.41371378175781,3.7335765094822395e-07,0.0,8.969356393244999e-14,4.120748458540637e-12
727,43680.0,43680,39.41371339374157,39.41371339374574,36.37069986700386,0.0,39.413713767104326,3.7335858783400856e-07,0.0,8.969279857921901e-14,4.169182038177492e-12
728,43740.0,43740,39.413713379005884,39.4137133790101,36.929060805815304,0.0,39.41371375236963,3.733595247568998e-07,0.0,8.969204524502394e-14,4.217660643284522e-12
729,43800.0,43800,39.41371336418824,39.41371336419251,37.48742174441798,0.0,39.41371373755297,3.7336046173493574e-07,0.0,8.969130141686517e-14,4.266181888265121e-12
730,43860.0,43860,39.41371334928793,39.41371334929225,38.04578268281076,0.0,39.41371372265365,3.733613987846439e-07,0.0,8.969053447575684e-14,4.314745923747037e-12
731,43920.0,43920,39.41371333430424,39.41371333430861,38.60414362099243,0.0,39.413713707670944,3.7336233592120704e-07,0.0,8.968965855077171e-14,4.363373226148353e-12
732,43980.0,43980,39.413713319236486,39.413713319240905,39.16250455896184,0.0,39.413713692604176,3.733632731584353e-07,0.0,8.968888567655538e-14,4.412037059428433e-12
733,44040.0,44040,39.41371330408399,39.41371330408845,39.72086549671779,0.0,39.41371367745267,3.7336421050877984e-07,0.0,8.968805264130407e-14,4.460754519464005e-12
734,44100.0,44100,39.41371328884609,39.41371328885061,40.27922643425909,0.0,39.41371366221575,3.7336514798344605e-07,0.0,8.968722108000154e-14,4.509521447359564e-12
735,44160.0,44160,39.41371327352215,39.4137132735267,40.83758737158451,0.0,39.41371364689279,3.733660855924253e-07,0.0,8.968635171157323e-14,4.558344306846364e-12
736,44220.0,44220,39.41371325811151,39.41371325811611,41.39594830869284,0.0,39.41371363148314,3.733670233444772e-07,0.0,8.968554105964203e-14,4.607207893674203e-12
737,44280.0,44280,39.41371324261354,39.4137132426182,41.95430924558285,0.0,39.41371361598616,3.733679612471614e-07,0.0,8.968465826287443e-14,4.656129219803849e-12
738,44340.0,44340,39.41371322702766,39.41371322703237,42.5126701822533,0.0,39.41371360040127,3.733688993069047e-07,0.0,8.968378428162381e-14,4.705101634042591e-12
739,44400.0,44400,39.41371321135325,39.413713211358,43.07103111870297,0.0,39.413713584727844,3.7336983752896917e-07,0.0,8.968289723317363e-14,4.75412937433098e-12
740,44460.0,44460,39.41371319558973,39.41371319559454,43.62939205493056,0.0,39.41371356896531,3.7337077591753004e-07,0.0,8.968203359079235e-14,4.803205268370355e-12
741,44520.0,44520,39.413713179736526,39.41371317974138,44.187752990934854,0.0,39.413713553113105,3.7337171447560824e-07,0.0,8.968113289459038e-14,4.8523411923029525e-12
742,44580.0,44580,39.41371316379308,39.41371316379798,44.74611392671455,0.0,39.41371353717063,3.733726532051414e-07,0.0,8.968029594617072e-14,4.901519258435358e-12
743,44640.0,44640,39.41371314775884,39.413713147763794,45.30447486226838,0.0,39.41371352113739,3.7337359210694476e-07,0.0,8.96793895507149e-14,4.9507582861618334e-12
744,44700.0,44700,39.41371313163329,39.41371313163829,45.862835797595054,0.0,39.41371350501283,3.733745311807854e-07,0.0,8.967849113395715e-14,5.000050029599847e-12
745,44760.0,44760,39.413713115415895,39.41371311542095,46.42119673269328,0.0,39.41371348879641,3.7337547042530096e-07,0.0,8.967761492054795e-14,5.049391732554671e-12
746,44820.0,44820,39.413713099106154,39.41371309911125,46.97955766756177,0.0,39.41371347248766,3.73376409838007e-07,0.0,8.967671821737464e-14,5.098786653473419e-12
747,44880.0,44880,39.41371308270358,39.413713082708725,47.5379186021992,0.0,39.413713456086086,3.7337734941537055e-07,0.0,8.967579168920925e-14,5.148243702247234e-12
748,44940.0,44940,39.413713066207706,39.4137130662129,48.09627953660426,0.0,39.41371343959119,3.7337828915264837e-07,0.0,8.967494543365144e-14,5.197744272174948e-12
749,45000.0,45000,39.41371304961806,39.413713049623304,48.65464047077562,0.0,39.413713423002534,3.7337922904405956e-07,0.0,8.967405921878148e-14,5.247300162108502e-12
750,45060.0,45060,39.41371303293421,39.41371303293951,49.21300140471197,0.0,39.41371340631968,3.733801690826126e-07,0.0,8.967316941090726e-14,5.296912475150389e-12
751,45120.0,45120,39.413713016155725,39.413713016161076,49.77136233841195,0.0,39.41371338954219,3.733811092601514e-07,0.0,8.967229434472456e-14,5.34657391356457e-12
752,45180.0,45180,39.41371299928222,39.41371299928762,50.32972327187424,0.0,39.41371337266967,3.7338204956731286e-07,0.0,8.967141087579958e-14,5.396288593079864e-12
753,45240.0,45240,39.41371298231328,39.41371298231873,50.88808420509749,0.0,39.41371335570172,3.733829899935339e-07,0.0,8.967052317696012e-14,5.44605820205176e-12
754,45300.0,45300,39.41371296524855,39.41371296525405,51.446445138080364,0.0,39.41371333863798,3.7338393052694903e-07,0.0,8.966965921873303e-14,5.4958780311028544e-12
755,45360.0,45360,39.41371294808769,39.41371294809324,52.004806070821466,0.0,39.413713321478106,3.7338487115440136e-07,0.0,8.966879166991831e-14,5.545754177535143e-12
756,45420.0,45420,39.41371293083037,39.41371293083597,52.56316700331946,0.0,39.41371330422179,3.733858118614102e-07,0.0,8.966799191011733e-14,5.595673026785027e-12
757,45480.0,45480,39.413712913476296,39.413712913481945,53.12152793557297,0.0,39.4137132868687,3.7338675263205515e-07,0.0,8.966713887387647e-14,5.645642454432807e-12
758,45540.0,45540,39.41371289602518,39.41371289603088,53.679888867580644,0.0,39.41371326941858,3.733876934490181e-07,0.0,8.966625438439551e-14,5.695670313825558e-12
759,45600.0,45600,39.41371287847679,39.413712878482535,54.238249799341084,0.0,39.413713251871165,3.7338863429345277e-07,0.0,8.96654272053857e-14,5.745749566520966e-12
760,45660.0,45660,39.413712860830884,39.41371286083668,54.796610730852926,0.0,39.41371323422626,3.7338957514490714e-07,0.0,8.966468626586264e-14,5.795862758821601e-12
761,45720.0,45720,39.41371284308729,39.41371284309313,55.35497166211478,0.0,39.41371321648364,3.733905159813198e-07,0.0,8.966385526885902e-14,5.846032597025424e-12
762,45780.0,45780,39.41371282524583,39.41371282525173,55.91333259312527,0.0,39.413713198643194,3.733914567788895e-07,0.0,8.966301330743279e-14,5.896258645184991e-12
763,45840.0,45840,39.41371280730639,39.413712807312336,56.47169352388299,0.0,39.41371318070474,3.733923975119796e-07,0.0,8.966228607221392e-14,5.9465168114245785e-12
764,45900.0,45900,39.41371278926888,39.413712789274875,57.03005445438658,0.0,39.413713162668216,3.7339333815305835e-07,0.0,8.966147988782772e-14,5.9968347895048684e-12
765,45960.0,45960,39.41371277113324,39.41371277113929,57.58841538463464,0.0,39.41371314453357,3.733942786725365e-07,0.0,8.966078383435885e-14,6.047187212591725e-12
766,46020.0,46020,39.41371275289946,39.41371275290555,58.146776314625775,0.0,39.41371312630078,3.733952190387036e-07,0.0,8.966007368213173e-14,6.097584622080248e-12
767,46080.0,46080,39.413712734567575,39.413712734573714,58.70513724435858,0.0,39.41371310796988,3.733961592175412e-07,0.0,8.965932108746988e-14,6.148028172934518e-12
768,46140.0,46140,39.41371271613766,39.41371271614386,59.263498173831714,0.0,39.41371308954097,3.733970991726555e-07,0.0,8.96586048259968e-14,6.198516928938072e-12
769,46200.0,46200,39.41371269760987,39.41371269761612,59.821859103043735,0.0,39.41371307101416,3.7339803886498467e-07,0.0,8.965795955248568e-14,6.249038259962798e-12
770,46260.0,46260,39.41371267898435,39.41371267899066,60.38022003199329,0.0,39.413713052389646,3.7339897825277056e-07,0.0,8.965727947620198e-14,6.299607442138888e-12
771,46320.0,46320,39.41371266026139,39.41371266026774,60.93858096067898,0.0,39.41371303366767,3.7339991729121274e-07,0.0,8.965667888207368e-14,6.3502070123857705e-12
772,46380.0,46380,39.41371264144127,39.413712641447674,61.49694188909943,0.0,39.413713014848526,3.734008559323768e-07,0.0,8.96560605572048e-14,6.400847759156436e-12
773,46440.0,46440,39.413712622524386,39.41371262253084,62.05530281725325,0.0,39.413712995932634,3.734017941248661e-07,0.0,8.96554898776122e-14,6.451523480442911e-12
774,46500.0,46500,39.41371260351118,39.41371260351768,62.613663745139085,0.0,39.413712976920415,3.7340273181356424e-07,0.0,8.965494371784081e-14,6.5022298424721255e-12
775,46560.0,46560,39.4137125844022,39.41371258440875,63.17202467275557,0.0,39.413712957812415,3.7340366893935256e-07,0.0,8.965441727238001e-14,6.552971308750113e-12
776,46620.0,46620,39.413712565198054,39.413712565204655,63.73038560010134,0.0,39.413712938609265,3.7340460543870803e-07,0.0,8.965393523935826e-14,6.603739488603907e-12
777,46680.0,46680,39.413712545899486,39.41371254590614,64.28874652717506,0.0,39.41371291931168,3.734055412434276e-07,0.0,8.965349327274727e-14,6.654533003833402e-12
778,46740.0,46740,39.413712526507304,39.41371252651401,64.84710745397538,0.0,39.41371289992049,3.734064762800463e-07,0.0,8.96530411920924e-14,6.705354936404706e-12
779,46800.0,46800,39.41371250702246,39.41371250702922,65.40546838050096,0.0,39.413712880436634,3.7340741046942035e-07,0.0,8.965263720930556e-14,6.756202036526215e-12
780,46860.0,46860,39.41371248744603,39.413712487452834,65.96382930675053,0.0,39.41371286086118,3.734083437262407e-07,0.0,8.965227202008929e-14,6.8070700155008505e-12
781,46920.0,46920,39.41371246777921,39.41371246778606,66.52219023272275,0.0,39.41371284119535,3.734092759582417e-07,0.0,8.965197304621967e-14,6.8579527377106e-12
782,46980.0,46980,39.413712448023375,39.41371244803028,67.08055115841634,0.0,39.41371282144049,3.734102070655773e-07,0.0,8.965170447041476e-14,6.908848325417635e-12
783,47040.0,47040,39.41371242818005,39.41371242818701,67.63891208383008,0.0,39.41371280159815,3.734111369399979e-07,0.0,8.965143677111365e-14,6.95976587613493e-12
784,47100.0,47100,39.413712408250966,39.41371240825798,68.1972730089627,0.0,39.41371278167005,3.734120654638557e-07,0.0,8.96513017003505e-14,7.010681343665236e-12
785,47160.0,47160,39.413712388238054,39.413712388245116,68.75563393381296,0.0,39.41371276165811,3.7341299250898565e-07,0.0,8.965114253610324e-14,7.0616048434841e-12
786,47220.0,47220,39.41371236814347,39.41371236815059,69.31399485837973,0.0,39.41371274156451,3.734139179354209e-07,0.0,8.965102682374053e-14,7.1125332897934754e-12
787,47280.0,47280,39.413712347969664,39.413712347976826,69.87235578266183,0.0,39.413712721391676,3.73414841589928e-07,0.0,8.965099946383476e-14,7.163454638763197e-12
788,47340.0,47340,39.413712327719345,39.41371232772656,70.43071670665815,0.0,39.41371270114233,3.734157633041825e-07,0.0,8.965101648161062e-14,7.214366000659419e-12
789,47400.0,47400,39.41371230739558,39.41371230740285,70.98907763036758,0.0,39.41371268081952,3.734166828926901e-07,0.0,8.965102665269072e-14,7.26527165463067e-12
790,47460.0,47460,39.4137122870018,39.41371228700912,71.54743855378906,0.0,39.41371266042672,3.734176001502772e-07,0.0,8.965114447648968e-14,7.316150916549338e-12
791,47520.0,47520,39.413712266541886,39.413712266549254,72.10579947692165,0.0,39.41371263996777,3.7341851484909137e-07,0.0,8.965125983050204e-14,7.367013116873492e-12
792,47580.0,47580,39.41371224602021,39.413712246027636,72.6641603997644,0.0,39.41371261944706,3.734194267348884e-07,0.0,8.965147245304393e-14,7.41783659002474e-12
793,47640.0,47640,39.41371222544172,39.41371222544919,73.22252132231642,0.0,39.41371259886952,3.7342033552273687e-07,0.0,8.965168958084588e-14,7.468626491163994e-12
794,47700.0,47700,39.413712204812036,39.41371220481957,73.7808822445769,0.0,39.413712578240805,3.7342124089134025e-07,0.0,8.965196826367873e-14,7.519358278645768e-12
795,47760.0,47760,39.41371218413758,39.413712184145155,74.33924316654513,0.0,39.4137125575673,3.734221424762989e-07,0.0,8.96521680155808e-14,7.570040920949251e-12
796,47820.0,47820,39.413712163425686,39.41371216343331,74.89760408822049,0.0,39.413712536856345,3.734230398614744e-07,0.0,8.965240454843687e-14,7.620651083043723e-12
797,47880.0,47880,39.41371214268484,39.41371214269251,75.45596500960242,0.0,39.41371251611644,3.734239325678545e-07,0.0,8.965261223855614e-14,7.671175027224578e-12
798,47940.0,47940,39.41371212192486,39.41371212193259,76.0143259306905,0.0,39.41371249535741,3.734248200392138e-07,0.0,8.965270590667756e-14,7.721591084468132e-12
799,48000.0,48000,39.41371210115727,39.413712101165046,76.5726868514845,0.0,39.41371247459076,3.734257016232393e-07,0.0,8.965252358708136e-14,7.771898133550649e-12
800,48060.0,48060,39.413712080395676,39.413712080403506,77.1310477719843,0.0,39.41371245383008,3.734265765458657e-07,0.0,8.965213081894991e-14,7.822058562534876e-12
801,48120.0,48120,39.413712059656305,39.41371205966418,77.68940869218996,0.0,39.413712433091625,3.734274438763532e-07,0.0,8.965132999726053e-14,7.87206220760595e-12
802,48180.0,48180,39.41371203895884,39.41371203896677,78.2477696121018,0.0,39.41371241239507,3.734283024779239e-07,0.0,8.965019388783057e-14,7.921889253184148e-12
803,48240.0,48240,39.41371201832753,39.4137120183355,78.80613053172046,0.0,39.41371239176466,3.7342915093724356e-07,0.0,8.964893704397742e-14,7.971533145667203e-12
804,48300.0,48300,39.41371199779282,39.41371199780083,79.3644914510468,0.0,39.41371237123083,3.7342998746049913e-07,0.0,8.96481980610705e-14,8.021013800647707e-12
805,48360.0,48360,39.413711977393945,39.41371197740201,79.92285237008227,0.0,39.41371235083282,3.734308097165867e-07,0.0,8.964943717701453e-14,8.070282870825089e-12
806,48420.0,48420,39.413711957183075,39.4137119571912,80.48121328882871,0.0,39.413712330622815,3.7343161458548575e-07,0.0,8.965373572137679e-14,8.119028098317303e-12
807,48480.0,48480,39.41371193723219,39.413711937240365,81.03957420728887,0.0,39.413712310672764,3.7343239769094313e-07,0.0,8.965721297464087e-14,8.16988924873999e-12
808,48540.0,48540,39.41371191764403,39.41371191765227,81.59793512546639,0.0,39.41371229108543,3.734331522703653e-07,0.0,8.970268166082892e-14,8.248120246596342e-12
809,48600.0,48600,39.41371189857212,39.413711898580445,82.1562960433664,0.0,39.41371227201432,3.7343386683040196e-07,0.0,9.025805500081192e-14,8.328366101040557e-12
810,48660.0,48660,39.41371188032457,39.41371188033222,82.71465696099624,0.0,39.413712253766754,3.734345273828836e-07,0.0,9.12650002484504e-14,7.654285637459575e-12
811,48720.0,48720,39.41373241785671,-260.5862675821338,83.27301787836754,300.0,3.7332779994687026e-07,260.58626795546166,0.0,7.968411248121814e-14,9.423044659978732e-12
812,48780.0,48780,39.41373241785119,-260.58626758214,78.92991341773218,300.0,3.733286486088364e-07,260.58626795546866,0.0,9.065632473684692e-14,8.79686793204759e-12
813,48840.0,48840,39.41373241784523,-260.58626758214587,74.58680895709674,300.0,3.733295672840917e-07,260.5862679554754,0.0,8.974550667752947e-14,8.891562328137057e-12
814,48900.0,48900,39.41373241783903,-260.586267582152,70.24370449646116,300.0,3.733305231303238e-07,260.5862679554825,0.0,8.937771920848103e-14,8.969566938203063e-12
815,48960.0,48960,39.41373241783266,-260.5862675821583,65.90060003582549,300.0,3.733315037394939e-07,260.5862679554898,0.0,8.930828231009585e-14,9.03681126061226e-12
816,49020.0,49020,39.413732417826175,-260.58626758216474,61.55749557518973,300.0,3.733325029696814e-07,260.58626795549725,0.0,8.934312314092994e-14,9.10197961653888e-12
817,49080.0,49080,39.41373241781959,-260.5862675821713,57.214391114553855,300.0,3.733335173639276e-07,260.58626795550475,0.0,8.94199343260364e-14,9.168634140063198e-12
818,49140.0,49140,39.41373241781291,-260.58626758217787,52.87128665391787,300.0,3.733345449341302e-07,260.5862679555124,0.0,8.953132709150214e-14,9.236157476570933e-12
819,49200.0,49200,39.41373241780616,-260.5862675821845,48.52818219328176,300.0,3.7333558462883107e-07,260.5862679555201,0.0,8.965404390497935e-14,9.293528909990436e-12
820,49260.0,49260,39.41373241779933,-260.5862675821913,44.185077732645546,300.0,3.7333663597552594e-07,260.5862679555279,0.0,8.957533178688558e-14,9.364344472224735e-12
821,49320.0,49320,39.41373241779243,-260.5862675821975,39.84197327200921,300.0,3.73337697407859e-07,260.5862679555352,0.0,8.952369339635833e-14,1.0059084745816271e-11
822,49380.0,49380,39.41371170162962,19.413711701637418,35.49886881137277,20.000000000000146,19.413712075108414,3.7347099426885866e-07,0.0,1.0014009192221232e-13,7.937406660512282e-12
823,49440.0,49440,39.41371155584193,39.41371155585117,35.77389639287916,0.0,39.41371192929828,3.7344710493129454e-07,0.0,8.614812760936351e-14,9.241473121074422e-12
824,49500.0,49500,39.41371152748565,39.41371152749475,36.33225730565365,0.0,39.41371190094293,3.7344817601087183e-07,0.0,8.974551671896708e-14,9.100239726482626e-12
825,49560.0,49560,39.41371149896101,39.41371149897016,36.89061821802641,0.0,39.413711872419405,3.73449248072776e-07,0.0,8.98522976887299e-14,9.146706821570281e-12
826,49620.0,49620,39.41371147025619,39.413711470265405,37.44897912999506,0.0,39.41371184371573,3.7345031959577644e-07,0.0,8.965042508054045e-14,9.212403738610926e-12
827,49680.0,49680,39.41371144136935,39.413711441378645,38.007340041557065,0.0,39.41371181483004,3.734513906218678e-07,0.0,8.950541988827929e-14,9.278397597975883e-12
828,49740.0,49740,39.41371141229986,39.4137114123092,38.56570095270984,0.0,39.41371178576166,3.7345246134738974e-07,0.0,8.944900378409794e-14,9.341908990688406e-12
829,49800.0,49800,39.41371138304722,39.41371138305663,39.124061863450805,0.0,39.41371175651016,3.7345353195474854e-07,0.0,8.944872684123795e-14,9.403321308431343e-12
830,49860.0,49860,39.41371135361079,39.41371135362026,39.68242277377734,0.0,39.41371172707486,3.7345460257600206e-07,0.0,8.946796375905506e-14,9.463772206718418e-12
831,49920.0,49920,39.413711323989524,39.413711323999046,40.240783683686864,0.0,39.413711697454715,3.7345567327716865e-07,0.0,8.948575591895527e-14,9.524061950577109e-12
832,49980.0,49980,39.41371129418202,39.41371129419161,40.79914459317676,0.0,39.41371166764836,3.7345674407044885e-07,0.0,8.949517472138915e-14,9.584571727662096e-12
833,50040.0,50040,39.41371126418671,39.413711264196365,41.35750550224437,0.0,39.41371163765418,3.734578149393046e-07,0.0,8.949724979992059e-14,9.645317680016376e-12
834,50100.0,50100,39.413711234001944,39.41371123401164,41.915866410887055,0.0,39.41371160747054,3.734588858593311e-07,0.0,8.949477087505038e-14,9.706247111112851e-12
835,50160.0,50160,39.413711203626086,39.413711203635856,42.47422731910215,0.0,39.41371157709581,3.7345995680885866e-07,0.0,8.949044149161916e-14,9.767278889625213e-12
836,50220.0,50220,39.413711173057564,39.4137111730674,43.03258822688688,0.0,39.413711546528425,3.734610277716704e-07,0.0,8.948591129151386e-14,9.828354165921805e-12
837,50280.0,50280,39.41371114229487,39.41371114230477,43.59094913423856,0.0,39.41371151576687,3.7346209873592906e-07,0.0,8.948191362885315e-14,9.889454836287754e-12
838,50340.0,50340,39.41371111133653,39.41371111134648,44.149310041154465,0.0,39.413711484809646,3.734631696924411e-07,0.0,8.947871957957174e-14,9.950570386811592e-12
839,50400.0,50400,39.4137110801811,39.41371108019112,44.707670947631755,0.0,39.41371145365537,3.73464240633029e-07,0.0,8.947631916843324e-14,1.0011709410002826e-11
840,50460.0,50460,39.413711048827196,39.413711048837264,45.266031853667705,0.0,39.41371142230258,3.7346531154950157e-07,0.0,8.947463881600665e-14,1.0072872300125043e-11
841,50520.0,50520,39.41371101727342,39.41371101728355,45.82439275925946,0.0,39.41371139074994,3.734663824330214e-07,0.0,8.947350668525122e-14,1.0134066760159654e-11
842,50580.0,50580,39.41371098551842,39.413710985528624,46.382753664404184,0.0,39.413711358996075,3.734674532737066e-07,0.0,8.947278367966494e-14,1.0195293024970606e-11
843,50640.0,50640,39.413710953560894,39.413710953571155,46.941114569099085,0.0,39.41371132703968,3.7346852406044005e-07,0.0,8.947227705920633e-14,1.0256569540945312e-11
844,50700.0,50700,39.41371092139951,39.41371092140983,47.499475473341235,0.0,39.41371129487943,3.734695947807034e-07,0.0,8.947199981453745e-14,1.0317881248882454e-11
845,50760.0,50760,39.413710889033,39.41371088904338,48.05783637712776,0.0,39.41371126251405,3.734706654204291e-07,0.0,8.947174667575384e-14,1.0379250840534969e-11
846,50820.0,50820,39.41371085646011,39.41371085647055,48.61619728045575,0.0,39.413711229942294,3.734717359640848e-07,0.0,8.947160889467988e-14,1.0440659930272597e-11
847,50880.0,50880,39.41371082367963,39.413710823690124,49.17455818332232,0.0,39.41371119716294,3.73472806394476e-07,0.0,8.94714473167306e-14,1.0502117600019599e-11
848,50940.0,50940,39.41371079069036,39.41371079070092,49.73291908572447,0.0,39.41371116417479,3.7347387669273875e-07,0.0,8.947125691342954e-14,1.0563620953710997e-11
849,51000.0,51000,39.41371075749113,39.41371075750176,50.29127998765928,0.0,39.413711130976715,3.734749468382905e-07,0.0,8.94709594704852e-14,1.0625184154308918e-11
850,51060.0,51060,39.41371072408085,39.413710724091544,50.84964088912375,0.0,39.413711097567564,3.734760168087345e-07,0.0,8.947072419565321e-14,1.0686779462437868e-11
851,51120.0,51120,39.41371069045844,39.41371069046918,51.408001790114945,0.0,39.41371106394627,3.7347708657989183e-07,0.0,8.947034986605302e-14,1.0748433560345447e-11
852,51180.0,51180,39.41371065662285,39.41371065663366,51.9663626906298,0.0,39.41371103011183,3.7347815612558244e-07,0.0,8.947000552569166e-14,1.0810123633943031e-11
853,51240.0,51240,39.4137106225731,39.413710622583984,52.52472359066532,0.0,39.41371099606321,3.734792254176252e-07,0.0,8.946957163387636e-14,1.087186522100336e-11
854,51300.0,51300,39.41371058830828,39.41371058831922,53.083084490218454,0.0,39.41371096179951,3.7348029442571785e-07,0.0,8.946915515696761e-14,1.0933643783739697e-11
855,51360.0,51360,39.41371055382751,39.413710553838506,53.6414453892862,0.0,39.41371092731987,3.734813631172607e-07,0.0,8.946869001222312e-14,1.0995463335456547e-11
856,51420.0,51420,39.41371051912997,39.41371051914104,54.199806287865464,0.0,39.41371089262346,3.7348243145737043e-07,0.0,8.946817331975818e-14,1.1057331206063902e-11
857,51480.0,51480,39.413710484214945,39.413710484226065,54.758167185953155,0.0,39.41371085770957,3.7348349940853116e-07,0.0,8.946771181728433e-14,1.1119228830904158e-11
858,51540.0,51540,39.41371044908177,39.41371044909295,55.316528083546224,0.0,39.41371082257752,3.73484566930541e-07,0.0,8.94671571121641e-14,1.1181173759955716e-11
859,51600.0,51600,39.413710413729866,39.41371041374111,55.874888980641586,0.0,39.41371078722675,3.734856339803324e-07,0.0,8.946665373102685e-14,1.1243149722469496e-11
860,51660.0,51660,39.41371037815876,39.41371037817007,56.4332498772361,0.0,39.41371075165678,3.734867005116898e-07,0.0,8.946611595061828e-14,1.1305168330151688e-11
861,51720.0,51720,39.41371034236808,39.41371034237945,56.99161077332671,0.0,39.413710715867225,3.734877664750235e-07,0.0,8.946563609151649e-14,1.1367214489331226e-11
862,51780.0,51780,39.413710306357565,39.413710306369,57.54997166891029,0.0,39.41371067985783,3.734888318171511e-07,0.0,8.946512819061442e-14,1.1429297754164172e-11
863,51840.0,51840,39.413710270127076,39.41371027013857,58.10833256398371,0.0,39.41371064362846,3.7348989648090564e-07,0.0,8.94646515736722e-14,1.1491410287405697e-11
864,51900.0,51900,39.413710233676625,39.413710233688185,58.666693458543875,0.0,39.41371060717914,3.734909604048322e-07,0.0,8.946417686579461e-14,1.1553555943982373e-11
865,51960.0,51960,39.413710197006374,39.41371019701799,59.22505435258765,0.0,39.41371057051001,3.7349202352279236e-07,0.0,8.946375135779082e-14,1.1615725278408286e-11
866,52020.0,52020,39.413710160116665,39.41371016012834,59.78341524611192,0.0,39.413710533621426,3.7349308576346696e-07,0.0,8.946332381359582e-14,1.1677920807982473e-11
867,52080.0,52080,39.413710123008016,39.41371012301976,60.341776139113605,0.0,39.41371049651391,3.734941470498969e-07,0.0,8.946289149566555e-14,1.1740147270491914e-11
868,52140.0,52140,39.41371008568119,39.41371008569299,60.90013703158957,0.0,39.41371045918821,3.734952072988517e-07,0.0,8.946253497546974e-14,1.1802389996076872e-11
869,52200.0,52200,39.41371004813717,39.413710048149035,61.45849792353675,0.0,39.41371042164531,3.7349626642021877e-07,0.0,8.946217547578951e-14,1.1864656900112327e-11
870,52260.0,52260,39.41371001037722,39.41371001038915,62.01685881495205,0.0,39.41371038388648,3.734973243160329e-07,0.0,8.946187485423543e-14,1.1926938062755333e-11
871,52320.0,52320,39.413709972402934,39.41370997241492,62.575219705832424,0.0,39.41371034591331,3.7349838087978464e-07,0.0,8.946156754664527e-14,1.198923919042479e-11
872,52380.0,52380,39.41370993421621,39.413709934228265,63.133580596174795,0.0,39.413710307727705,3.7349943599518136e-07,0.0,8.946135716724533e-14,1.2051543073430691e-11
873,52440.0,52440,39.41370989581939,39.4137098958315,63.691941485976216,0.0,39.413710269332,3.7350048953497905e-07,0.0,8.946107753405456e-14,1.2113860213805377e-11
874,52500.0,52500,39.41370985721524,39.413709857227424,64.25030237523367,0.0,39.41371023072897,3.7350154135936975e-07,0.0,8.946082062257108e-14,1.2176195637796118e-11
875,52560.0,52560,39.41370981840707,39.41370981841931,64.80866326394424,0.0,39.4137101919219,3.735025913143436e-07,0.0,8.946074606754816e-14,1.2238511169905188e-11
876,52620.0,52620,39.41370977939878,39.41370977941108,65.36702415210505,0.0,39.413710152914724,3.735036392294374e-07,0.0,8.946055969918373e-14,1.2300837746103491e-11
877,52680.0,52680,39.41370974019497,39.41370974020733,65.92538503971322,0.0,39.413710113712014,3.7350468491516875e-07,0.0,8.94604770639151e-14,1.2363150001134573e-11
878,52740.0,52740,39.41370970080104,39.41370970081347,66.48374592676599,0.0,39.413710074319205,3.73505728159902e-07,0.0,8.946037924841362e-14,1.2425452687285127e-11
879,52800.0,52800,39.41370966122339,39.413709661235885,67.0421068132607,0.0,39.41371003474266,3.7350676872593465e-07,0.0,8.946033894119255e-14,1.2487730572189326e-11
880,52860.0,52860,39.41370962146951,39.41370962148206,67.6004676991947,0.0,39.41370999498988,3.7350780634462996e-07,0.0,8.946027663534641e-14,1.2549985346983898e-11
881,52920.0,52920,39.41370958154827,39.41370958156088,68.15882858456551,0.0,39.41370995506973,3.735088407104317e-07,0.0,8.946021666883741e-14,1.2612211414634577e-11
882,52980.0,52980,39.41370954147016,39.41370954148284,68.71718946937081,0.0,39.413709914992715,3.7350987147291985e-07,0.0,8.946021426664125e-14,1.2674386172471691e-11
883,53040.0,53040,39.41370950124767,39.41370950126042,69.27555035360831,0.0,39.41370987477132,3.7351089822703065e-07,0.0,8.946016110721803e-14,1.2736507678623457e-11
884,53100.0,53100,39.41370946089578,39.413709460908585,69.83391123727601,0.0,39.4137098344205,3.735119204997304e-07,0.0,8.946003546721502e-14,1.2798559337791571e-11
885,53160.0,53160,39.4137094204325,39.41370942044536,70.39227212037206,0.0,39.413709793958304,3.7351293773272927e-07,0.0,8.945979655115074e-14,1.2860526572429991e-11
886,53220.0,53220,39.41370937987978,39.41370937989271,70.95063300289482,0.0,39.413709753406664,3.7351394925863356e-07,0.0,8.945937073343273e-14,1.2922389553496528e-11
887,53280.0,53280,39.413709339264685,39.41370933927767,71.50899388484314,0.0,39.41370971279263,3.735149542681101e-07,0.0,8.945865268655318e-14,1.2984121948446989e-11
888,53340.0,53340,39.41370929862095,39.413709298634004,72.06735476621608,0.0,39.413709672149956,3.735159517631091e-07,0.0,8.945748030212683e-14,1.304569225367162e-11
889,53400.0,53400,39.413709257991464,39.41370925800458,72.62571564701322,0.0,39.41370963152153,3.735169404884283e-07,0.0,8.945564297035375e-14,1.3107071509120361e-11
890,53460.0,53460,39.41370921743186,39.41370921744504,73.18407652723477,0.0,39.41370959096296,3.735179188286129e-07,0.0,8.945303647613884e-14,1.3168228785756834e-11
891,53520.0,53520,39.413709177016266,39.4137091770295,73.7424374068817,0.0,39.41370955054839,3.735188846468799e-07,0.0,8.944976967149669e-14,1.3229150702060452e-11
892,53580.0,53580,39.413709136846926,39.41370913686021,74.30079828595612,0.0,39.41370951038005,3.735198350231661e-07,0.0,8.944676132742747e-14,1.3289903812374717e-11
893,53640.0,53640,39.41370909707147,39.41370909708482,74.85915916446146,0.0,39.41370947060558,3.735207658033111e-07,0.0,8.944699310150573e-14,1.335041734081954e-11
894,53700.0,53700,39.41370905791694,39.413709057930355,75.41752004240332,0.0,39.41370943145203,3.7352167074048726e-07,0.0,8.945324731977356e-14,1.3411692912230715e-11
895,53760.0,53760,39.41370901976574,39.41370901977924,75.97588091979048,0.0,39.41370939330179,3.735225394926839e-07,0.0,8.94867220197974e-14,1.349790099214439e-11
896,53820.0,53820,39.41370898335649,39.413708983370114,76.53424179663716,0.0,39.41370935689348,3.7352335184643945e-07,0.0,8.998020729662502e-14,1.3615125055864225e-11
897,53880.0,53880,39.41370894991365,39.41370894992659,77.09260267296807,0.0,39.41370932345069,3.735240937569786e-07,0.0,9.13917352484821e-14,1.2932973375834967e-11
898,53940.0,53940,39.41373241763624,-260.5862675823491,77.65096354882519,300.0,3.733609202912048e-07,260.58626795571,0.0,7.986111734236194e-14,1.4665005806973755e-11
899,54000.0,54000,39.413732417629795,-260.58626758235613,73.30785908818625,300.0,3.733619081950995e-07,260.58626795571803,0.0,9.062629497863029e-14,1.4056187410542978e-11
900,54060.0,54060,39.41373241762289,-260.5862675823629,68.96475462754718,300.0,3.733629676775769e-07,260.5862679557259,0.0,8.956579691488719e-14,1.4171552235751876e-11
901,54120.0,54120,39.413732417615755,-260.58626758237,64.621650166908,300.0,3.733640623163923e-07,260.58626795573406,0.0,8.919555882740873e-14,1.426147153813392e-11
902,54180.0,54180,39.413732417608465,-260.5862675823772,60.27854570626871,300.0,3.733651801103704e-07,260.5862679557424,0.0,8.912618617523593e-14,1.4338308747357638e-11
903,54240.0,54240,39.41373241760106,-260.5862675823845,55.93544124562928,300.0,3.7336631545239706e-07,260.58626795575077,0.0,8.912667587291905e-14,1.4412864023175955e-11
904,54300.0,54300,39.413732417593565,-260.5862675823919,51.592336784989755,300.0,3.733674652950028e-07,260.58626795575935,0.0,8.913947821066883e-14,1.4488767220127778e-11
905,54360.0,54360,39.41373241758598,-260.58626758239944,47.24923232435009,300.0,3.733686279434445e-07,260.58626795576805,0.0,8.916804710065397e-14,1.456659612000697e-11
906,54420.0,54420,39.41373241757832,-260.58626758240706,42.9061278637103,300.0,3.7336980256634157e-07,260.5862679557768,0.0,8.92233412834018e-14,1.464630040442742e-11
907,54480.0,54480,39.413732417570586,-260.5862675824147,38.563023403070375,300.0,3.733709889941413e-07,260.5862679557857,0.0,8.931043505211657e-14,1.4727194003822178e-11
908,54540.0,54540,39.41373241756276,-260.5862675824224,34.219918942430354,300.0,3.733721876674788e-07,260.5862679557946,0.0,8.941629821193017e-14,1.4802290941034247e-11
909,54600.0,54600,39.413732417554854,-260.58626758243025,29.87681448179019,300.0,3.7337339964820584e-07,260.5862679558037,0.0,8.940416317104235e-14,1.4862967013241764e-11
910,54660.0,54660,39.41373241754685,-260.5862675824383,25.533710021149872,300.0,3.733746258524863e-07,260.58626795581296,0.0,8.901083513649009e-14,1.486266049647738e-11
911,54720.0,54720,39.41373241752431,-65.5862675824591,21.19060556050943,105.0,3.7339061694450764e-07,65.5862679558497,0.0,8.724908439882394e-14,1.659038067485102e-11
912,54780.0,54780,39.41370954397758,39.413709543990095,20.097501099868612,0.0,39.413709917476886,3.7348679136556867e-07,0.0,1.1174717659034456e-13,1.250297766262909e-11
913,54840.0,54840,39.41370949863951,39.41370949865338,20.65586198414171,0.0,39.41370987214144,3.7348805268004566e-07,0.0,8.980475842726447e-14,1.3860038802685186e-11
914,54900.0,54900,39.41370945307055,39.413709453084486,21.214222867772545,0.0,39.41370982657381,3.734893147389811e-07,0.0,8.967460500562372e-14,1.3934779247800121e-11
915,54960.0,54960,39.41370940725131,39.41370940726533,21.77258375075784,0.0,39.4137097807559,3.7349057574962417e-07,0.0,8.950179247423511e-14,1.4010640623919713e-11
916,55020.0,55020,39.41370936117394,39.41370936118803,22.330944633094003,0.0,39.41370973467987,3.734918355187303e-07,0.0,8.93389035292983e-14,1.408906644378238e-11
917,55080.0,55080,39.41370931483454,39.41370931484871,22.889305514777412,0.0,39.413709688341804,3.7349309427769895e-07,0.0,8.92611832240635e-14,1.4165403085632424e-11
918,55140.0,55140,39.413709268229844,39.413709268244084,23.447666395804344,0.0,39.41370964173844,3.7349435227351467e-07,0.0,8.924825269726797e-14,1.42394511404656e-11
919,55200.0,55200,39.41370922135657,39.41370922137088,24.006027276171043,0.0,39.41370959486649,3.7349560970987577e-07,0.0,8.92639443160373e-14,1.431218178289653e-11
920,55260.0,55260,39.413709174211164,39.41370917422555,24.564388155873694,0.0,39.41370954772241,3.7349686672709146e-07,0.0,8.928316334049946e-14,1.4384516239990225e-11
921,55320.0,55320,39.413709126789726,39.413709126804186,25.12274903490845,0.0,39.41370950030231,3.734981234070688e-07,0.0,8.929574046330429e-14,1.4456914420173672e-11
922,55380.0,55380,39.41370907908817,39.4137090791027,25.681109913271413,0.0,39.413709452602085,3.734993797943364e-07,0.0,8.930055428344192e-14,1.4529495993575117e-11
923,55440.0,55440,39.41370903110235,39.41370903111696,26.239470790958595,0.0,39.4137094046176,3.7350063591762957e-07,0.0,8.929994899055496e-14,1.460222787620885e-11
924,55500.0,55500,39.413708982828204,39.41370898284289,26.797831667966,0.0,39.41370935634478,3.7350189180301887e-07,0.0,8.929663768102295e-14,1.467503764765687e-11
925,55560.0,55560,39.41370893426179,39.41370893427654,27.3561925442895,0.0,39.41370930777969,3.73503147478929e-07,0.0,8.929255829233622e-14,1.474786172454777e-11
926,55620.0,55620,39.41370888539927,39.41370888541409,27.91455341992499,0.0,39.41370925891849,3.735044029765233e-07,0.0,8.928871335438429e-14,1.482067138697213e-11
927,55680.0,55680,39.413708836236914,39.413708836251814,28.472914294868236,0.0,39.413709209757485,3.7350565832841213e-07,0.0,8.928545382608355e-14,1.4893474497272733e-11
928,55740.0,55740,39.413708786771124,39.4137087867861,29.031275169115005,0.0,39.41370916029301,3.7350691356713884e-07,0.0,8.928310742049692e-14,1.4966249105425814e-11
929,55800.0,55800,39.413708736998345,39.41370873701338,29.589636042661038,0.0,39.41370911052156,3.7350816872439606e-07,0.0,8.928149096687445e-14,1.5039004758415053e-11
930,55860.0,55860,39.41370868691509,39.4137086869302,30.147996915501963,0.0,39.413709060439636,3.7350942383030615e-07,0.0,8.928036116331754e-14,1.5111774480797997e-11
931,55920.0,55920,39.41370863651793,39.41370863653312,30.70635778763335,0.0,39.41370901004381,3.735106789131525e-07,0.0,8.92798150597199e-14,1.518453841724089e-11
932,55980.0,55980,39.41370858580352,39.413708585818775,31.26471865905079,0.0,39.41370895933072,3.7351193399922813e-07,0.0,8.927957949957127e-14,1.5257314960322668e-11
933,56040.0,56040,39.4137085347685,39.413708534783844,31.823079529749787,0.0,39.41370890829703,3.73513189112839e-07,0.0,8.927956713774576e-14,1.53301084508357e-11
934,56100.0,56100,39.41370848340963,39.413708483425026,32.381440399725754,0.0,39.41370885693947,3.7351444427626894e-07,0.0,8.927969015878563e-14,1.5402923820418428e-11
935,56160.0,56160,39.41370843172362,39.413708431739096,32.939801268974136,0.0,39.41370880525481,3.7351569950982176e-07,0.0,8.927989077825289e-14,1.547576006884774e-11
936,56220.0,56220,39.41370837970729,39.413708379722834,33.49816213749032,0.0,39.413708753239796,3.7351695483192716e-07,0.0,8.928006987982542e-14,1.554862831012832e-11
937,56280.0,56280,39.413708327357455,39.41370832737307,34.0565230052696,0.0,39.413708700891284,3.735182102590916e-07,0.0,8.928025062692664e-14,1.5621524528202172e-11
938,56340.0,56340,39.41370827467098,39.413708274686684,34.614883872307246,0.0,39.413708648206146,3.7351946580612024e-07,0.0,8.92803953832576e-14,1.569444834226691e-11
939,56400.0,56400,39.41370822164477,39.413708221660535,35.17324473859851,0.0,39.413708595181255,3.735207214859867e-07,0.0,8.928045724577543e-14,1.5767407564275637e-11
940,56460.0,56460,39.41370816827572,39.41370816829157,35.73160560413857,0.0,39.41370854181355,3.7352197731006567e-07,0.0,8.92804885917663e-14,1.5840390413814165e-11
941,56520.0,56520,39.413708114560805,39.41370811457672,36.28996646892258,0.0,39.413708488099964,3.7352323328800984e-07,0.0,8.928037687519134e-14,1.5913417430409158e-11
942,56580.0,56580,39.413708060497,39.413708060512995,36.848327332945615,0.0,39.413708434037495,3.735244894279399e-07,0.0,8.92802746365317e-14,1.5986469756243634e-11
943,56640.0,56640,39.41370800608132,39.413708006097394,37.406688196202744,0.0,39.41370837962314,3.7352574573634973e-07,0.0,8.928009459212203e-14,1.605955291030779e-11
944,56700.0,56700,39.41370795131081,39.41370795132695,37.965049058688976,0.0,39.41370832485396,3.735270022182368e-07,0.0,8.92798264007025e-14,1.6132671919631524e-11
945,56760.0,56760,39.41370789618254,39.41370789619875,38.5234099203993,0.0,39.41370826972701,3.7352825887700327e-07,0.0,8.927951358285034e-14,1.620582544459575e-11
946,56820.0,56820,39.41370784069361,39.41370784070989,39.08177078132864,0.0,39.41370821423941,3.735295157145691e-07,0.0,8.927918491893221e-14,1.627900510322409e-11
947,56880.0,56880,39.41370778484115,39.41370778485751,39.640131641471896,0.0,39.41370815838829,3.7353077273131187e-07,0.0,8.927876109720053e-14,1.6352224162646157e-11
948,56940.0,56940,39.41370772862233,39.41370772863876,40.19849250082391,0.0,39.41370810217079,3.7353202992606693e-07,0.0,8.927833106257755e-14,1.6425473586893013e-11
949,57000.0,57000,39.413707672034356,39.41370767205086,40.75685335937944,0.0,39.41370804558416,3.7353328729613796e-07,0.0,8.927786640245763e-14,1.649875280866051e-11
950,57060.0,57060,39.413707615074465,39.41370761509104,41.31521421713338,0.0,39.41370798862559,3.7353454483720864e-07,0.0,8.927732927270926e-14,1.6572072787994044e-11
951,57120.0,57120,39.41370755773992,39.41370755775657,41.87357507408033,0.0,39.41370793129237,3.735358025433816e-07,0.0,8.927682609680284e-14,1.6645418237682623e-11
952,57180.0,57180,39.41370750002804,39.41370750004476,42.43193593021506,0.0,39.41370787358182,3.7353706040712186e-07,0.0,8.927627336895444e-14,1.671879580138561e-11
953,57240.0,57240,39.413707441936175,39.41370744195297,42.99029678553223,0.0,39.41370781549129,3.7353831841919336e-07,0.0,8.927568244638818e-14,1.6792205868776037e-11
954,57300.0,57300,39.41370738346173,39.413707383478595,43.5486576400264,0.0,39.41370775701817,3.735395765685954e-07,0.0,8.927506494519998e-14,1.686564729192454e-11
955,57360.0,57360,39.413707324602136,39.41370732461908,44.10701849369218,0.0,39.41370769815992,3.735408348425309e-07,0.0,8.927442272711246e-14,1.6939120025687552e-11
956,57420.0,57420,39.41370726535491,39.41370726537193,44.66537934652411,0.0,39.413707638914026,3.735420932262899e-07,0.0,8.927373924228184e-14,1.7012618634948475e-11
957,57480.0,57480,39.4137072057176,39.41370720573469,45.22374019851673,0.0,39.41370757927805,3.735433517032001e-07,0.0,8.927297578347525e-14,1.7086152972186564e-11
958,57540.0,57540,39.41370714568782,39.41370714570498,45.78210104966447,0.0,39.4137075192496,3.7354461025454244e-07,0.0,8.927219866003759e-14,1.71597147100093e-11
959,57600.0,57600,39.41370708526326,39.4137070852805,46.34046189996176,0.0,39.41370745882638,3.7354586885938126e-07,0.0,8.927138460195504e-14,1.723330050533618e-11
960,57660.0,57660,39.41370702444168,39.41370702445899,46.89882274940306,0.0,39.413707398006125,3.7354712749451527e-07,0.0,8.927049534914913e-14,1.7306908284626116e-11
961,57720.0,57720,39.4137069632209,39.41370696323829,47.45718359798277,0.0,39.41370733678668,3.7354838613426904e-07,0.0,8.926944693957722e-14,1.7380546906204444e-11
962,57780.0,57780,39.41370690159886,39.413706901616315,48.015544445695134,0.0,39.41370727516596,3.735496447503944e-07,0.0,8.926833365410898e-14,1.7454200644922454e-11
963,57840.0,57840,39.413706839573564,39.4137068395911,48.573905292534526,0.0,39.413707213142004,3.735509033118763e-07,0.0,8.926705023693581e-14,1.7527869340074452e-11
964,57900.0,57900,39.41370677714316,39.41370677716077,49.13226613849524,0.0,39.41370715071293,3.735521617846997e-07,0.0,8.926549210576365e-14,1.7601560541131755e-11
965,57960.0,57960,39.41370671430588,39.41370671432356,49.69062698357151,0.0,39.413707087876986,3.7355342013163434e-07,0.0,8.92637374181347e-14,1.7675257992418008e-11
966,58020.0,58020,39.4137066510601,39.41370665107786,50.24898782775758,0.0,39.41370702463254,3.7355467831183977e-07,0.0,8.926169210438098e-14,1.7748958719012178e-11
967,58080.0,58080,39.41370658740435,39.41370658742218,50.80734867104766,0.0,39.413706960978125,3.73555936280579e-07,0.0,8.925926816658077e-14,1.782268096625838e-11
968,58140.0,58140,39.41370652333731,39.4137065233552,51.365709513435995,0.0,39.4137068969124,3.735571939889225e-07,0.0,8.925673938167752e-14,1.7896413280353273e-11
969,58200.0,58200,39.41370645885784,39.413706458875815,51.92407035491669,0.0,39.413706832434265,3.735584513838183e-07,0.0,8.925425272266056e-14,1.7970191657037546e-11
970,58260.0,58260,39.413706393965064,39.41370639398311,52.48243119548388,0.0,39.41370676754282,3.735597084098607e-07,0.0,8.925253705859072e-14,1.8044001984114568e-11
971,58320.0,58320,39.41370632865842,39.41370632867654,53.040792035131815,0.0,39.41370670223751,3.7356096501439657e-07,0.0,8.925206044117896e-14,1.811786700201435e-11
972,58380.0,58380,39.41370626293782,39.41370626295601,53.59915287385455,0.0,39.41370663651824,3.7356222115793705e-07,0.0,8.925332478828071e-14,1.8191607485551305e-11
973,58440.0,58440,39.413706196803666,39.413706196821934,54.15751371164622,0.0,39.413706570385415,3.7356347681699147e-07,0.0,8.925354288623633e-14,1.826499043377269e-11
974,58500.0,58500,39.41370613025602,39.413706130274356,54.71587454850102,0.0,39.4137065038391,3.735647318970568e-07,0.0,8.924614733208197e-14,1.8344072123834996e-11
975,58560.0,58560,39.41370606328827,39.41370606330672,55.27423538441305,0.0,39.41370643687271,3.7356598577429756e-07,0.0,8.932960479798055e-14,1.844608094582133e-11
976,58620.0,58620,39.413705995890815,39.413705995909325,55.83259621937636,0.0,39.413706369476564,3.7356723767874604e-07,0.0,8.987915813720171e-14,1.850356420020072e-11
977,58680.0,58680,39.413705928127285,39.41370592814378,56.39095705338486,0.0,39.413706301712274,3.7356849165311556e-07,0.0,9.003096024406122e-14,1.6481040692179176e-11
978,58740.0,58740,39.41373241699143,-260.58626758298584,56.94931788643337,300.0,3.7345926923063697e-07,260.5862679564451,0.0,5.426710797870529e-14,2.2697213259776954e-11
979,58800.0,58800,39.41373241698314,-260.58626758299613,52.60621342578371,300.0,3.734605266798622e-07,260.5862679564567,0.0,8.965307274129715e-14,2.0698710450620784e-11
980,58860.0,58860,39.41373241697474,-260.5862675830044,48.263108965133846,300.0,3.734617990821247e-07,260.58626795646626,0.0,8.938661956934074e-14,2.0781766373284393e-11
981,58920.0,58920,39.413732416966255,-260.5862675830129,43.920004504483856,300.0,3.734630848974497e-07,260.5862679564759,0.0,8.901688319928224e-14,2.088368118270691e-11
982,58980.0,58980,39.413732416957686,-260.5862675830213,39.576900043833724,300.0,3.734643832559491e-07,260.5862679564857,0.0,8.891943834310088e-14,2.097675743871905e-11
983,59040.0,59040,39.41373241694903,-260.5862675830299,35.23379558318345,300.0,3.734656940549531e-07,260.5862679564956,0.0,8.894519116262658e-14,2.1066559380680243e-11
984,59100.0,59100,39.413732416940285,-260.5862675830385,30.890691122533028,300.0,3.734670178393793e-07,260.58626795650554,0.0,8.901566266114732e-14,2.1157340914268304e-11
985,59160.0,59160,39.41373241693145,-260.5862675830473,26.547586661882455,300.0,3.7346835598052855e-07,260.5862679565157,0.0,8.911497656356468e-14,2.1247988351107806e-11
986,59220.0,59220,39.4137324169225,-260.58626758305616,22.204482201231777,300.0,3.734697110449557e-07,260.5862679565259,0.0,8.92003332952876e-14,2.128401535547496e-11
987,59280.0,59280,39.413732416913405,-260.58626758306764,17.861377740580885,300.0,3.734710874591989e-07,260.5862679565387,0.0,8.829771112054615e-14,1.8940540859217915e-11
988,59340.0,59340,39.41373241690412,-260.58626758320554,13.518273279929808,300.0,3.734724920350813e-07,260.58626795667806,0.0,4.594335663265323e-14,-1.0971853522776625e-10
989,59400.0,59400,39.4137092714738,-0.5862907280904736,9.175168819276502,39.99999999999986,7.833705926198645e-06,0.5862985617963524,0.0,-2.1852275959434253e-12,4.3554041202259137e-10
990,59460.0,59460,39.41370493195219,39.41370493183863,9.165397287557793,0.0,39.41370530542467,3.735860391410195e-07,0.0,2.3965430204821486e-12,-1.1356823304776475e-10
991,59520.0,59520,39.41370484384472,39.41370484386191,9.723758106491946,0.0,39.41370521744941,3.7358750357242883e-07,0.0,1.3279419366389403e-13,1.7179313265064618e-11
992,59580.0,59580,39.41370475555249,39.41370475557221,10.28211892417976,0.0,39.41370512916118,3.735889638118547e-07,0.0,9.022719365308428e-14,1.9717712365983046e-11
993,59640.0,59640,39.413704667001916,39.41370466702178,10.840479740616795,0.0,39.41370504061221,3.735904186508116e-07,0.0,8.926335539976922e-14,1.9854283466755235e-11
994,59700.0,59700,39.41370457814777,39.413704578167724,11.398840555799374,0.0,39.413704951759605,3.735918684737524e-07,0.0,8.911031129793166e-14,1.994632632544261e-11
995,59760.0,59760,39.41370448895362,39.413704488973664,11.957201369723188,0.0,39.41370486256698,3.735933138673776e-07,0.0,8.904420250156359e-14,2.0035432184211874e-11
996,59820.0,59820,39.41370439938772,39.41370439940784,12.515562182383391,0.0,39.41370477300261,3.7359475537340377e-07,0.0,8.903360279493769e-14,2.012235923180436e-11
997,59880.0,59880,39.41370430942163,39.41370430944185,13.073922993774774,0.0,39.41370468303805,3.7359619346142e-07,0.0,8.904885385109498e-14,2.0207924671918286e-11
998,59940.0,59940,39.413704219029235,39.413704219049535,13.632283803891632,0.0,39.41370459264717,3.7359762851617207e-07,0.0,8.90687628361831e-14,2.0292902994609646e-11
999,60000.0,60000,39.413704128186126,39.41370412820652,14.190644612727908,0.0,39.41370450180558,3.735990608433079e-07,0.0,8.908390961511162e-14,2.0377711684639762e-11
1000,60060.0,60060,39.41370403686942,39.4137040368899,14.749005420277289,0.0,39.41370441049039,3.7360049068942747e-07,0.0,8.909252444087236e-14,2.0462484779860055e-11
1001,60120.0,60120,39.41370394505767,39.41370394507823,15.307366226532942,0.0,39.41370431868015,3.7360191826327937e-07,0.0,8.909600377893687e-14,2.0547240421288875e-11
1002,60180.0,60180,39.41370385273084,39.413703852751475,15.86572703148802,0.0,39.413704226354824,3.736033437508026e-07,0.0,8.909659377683693e-14,2.0631927349040542e-11
1003,60240.0,60240,39.41370375987013,39.41370375989086,16.424087835135072,0.0,39.413704133495635,3.7360476732291923e-07,0.0,8.909595414757214e-14,2.0716509782235885e-11
1004,60300.0,60300,39.41370366645793,39.41370366647873,16.982448637466607,0.0,39.41370404008493,3.736061891386294e-07,0.0,8.909506948159052e-14,2.0800971444754636e-11
1005,60360.0,60360,39.41370357247756,39.41370357249845,17.540809438474806,0.0,39.413703946106075,3.736076093459644e-07,0.0,8.909443434512995e-14,2.0885311593324167e-11
1006,60420.0,60420,39.41370347791323,39.413703477934206,18.099170238151615,0.0,39.41370385154324,3.736090280823994e-07,0.0,8.909425435077929e-14,2.0969530135497125e-11
1007,60480.0,60480,39.41370338274988,39.41370338277094,18.657531036488745,0.0,39.41370375638139,3.7361044547521375e-07,0.0,8.909445019143571e-14,2.1053649204785208e-11
1008,60540.0,60540,39.41370328697307,39.413703286994206,19.215891833477738,0.0,39.413703660606075,3.736118616419775e-07,0.0,8.909506115629617e-14,2.113766915886217e-11
1009,60600.0,60600,39.41370319056891,39.41370319059015,19.774252629109867,0.0,39.41370356420343,3.7361327669120837e-07,0.0,8.909589272073309e-14,2.122160924172813e-11
1010,60660.0,60660,39.413703093524,39.413703093545315,20.332613423376312,0.0,39.41370346716001,3.7361469072296087e-07,0.0,8.909685935898252e-14,2.130548446397551e-11
1011,60720.0,60720,39.413702995825346,39.413702995846734,20.89097421626793,0.0,39.413703369462844,3.736161038296099e-07,0.0,8.909794995416708e-14,2.1389300484905605e-11
1012,60780.0,60780,39.4137028974603,39.41370289748178,21.449335007775485,0.0,39.4137032710993,3.736175160963163e-07,0.0,8.909909926818373e-14,2.1473063201391006e-11
1013,60840.0,60840,39.41370279841656,39.41370279843813,22.007695797889518,0.0,39.41370317205706,3.736189276017827e-07,0.0,8.910021162864076e-14,2.155677942949797e-11
1014,60900.0,60900,39.413702698682094,39.41370269870374,22.566056586600457,0.0,39.41370307232408,3.736203384185813e-07,0.0,8.910124375281272e-14,2.1640463916057833e-11
1015,60960.0,60960,39.413702598245095,39.41370259826682,23.124417373898495,0.0,39.41370297188858,3.7362174861379255e-07,0.0,8.910224261150707e-14,2.172411447787874e-11
1016,61020.0,61020,39.41370249709399,39.41370249711581,23.682778159773665,0.0,39.413702870738966,3.736231582493904e-07,0.0,8.910317754127961e-14,2.180773383613635e-11
1017,61080.0,61080,39.413702395217385,39.413702395239284,24.241138944215866,0.0,39.413702768863864,3.736245673825664e-07,0.0,8.910394884679921e-14,2.1891334400477396e-11
1018,61140.0,61140,39.41370229260404,39.41370229262603,24.79949972721481,0.0,39.413702666252,3.736259760661889e-07,0.0,8.910466022025e-14,2.1974912601437677e-11
1019,61200.0,61200,39.413702189242876,39.413702189264946,25.357860508760073,0.0,39.41370256289234,3.736273843490287e-07,0.0,8.910526913181107e-14,2.205847458850527e-11
1020,61260.0,61260,39.413702085122914,39.41370208514506,25.91622128884106,0.0,39.41370245877386,3.736287922760804e-07,0.0,8.91057734415449e-14,2.2142029641286387e-11
1021,61320.0,61320,39.4137019802333,39.41370198025553,26.474582067447002,0.0,39.41370235388574,3.7363019988883034e-07,0.0,8.91062647168541e-14,2.22255600029392e-11
1022,61380.0,61380,39.41370187456325,39.41370187458557,27.032942844567053,0.0,39.41370224821718,3.736316072253699e-07,0.0,8.910656535331599e-14,2.230909951519565e-11
1023,61440.0,61440,39.41370176810208,39.41370176812448,27.591303620190082,0.0,39.413702141757504,3.7363301432081163e-07,0.0,8.910690898418863e-14,2.2392620816011303e-11
1024,61500.0,61500,39.41370166083916,39.41370166086163,28.149664394304857,0.0,39.41370203449606,3.73634421207233e-07,0.0,8.910715074078428e-14,2.2476137282489183e-11
1025,61560.0,61560,39.413701552763904,39.41370155278647,28.708025166900118,0.0,39.4137019264223,3.736358279139727e-07,0.0,8.910726512326975e-14,2.25596625060708e-11
1026,61620.0,61620,39.4137014438658,39.41370144388844,29.26638593796429,0.0,39.413701817525684,3.736372344677473e-07,0.0,8.91074185545121e-14,2.264318045060725e-11
1027,61680.0,61680,39.41370133413434,39.41370133415707,29.824746707485776,0.0,39.413701707795724,3.7363864089272857e-07,0.0,8.910747639364124e-14,2.2726698985575362e-11
1028,61740.0,61740,39.41370122355907,39.41370122358189,30.383107475452746,0.0,39.41370159722194,3.736400472107098e-07,0.0,8.910745938683691e-14,2.281022635112356e-11
1029,61800.0,61800,39.41370111212957,39.413701112152474,30.94146824185319,0.0,39.41370148579393,3.7364145344115835e-07,0.0,8.910743782165404e-14,2.2893754050472012e-11
1030,61860.0,61860,39.413700999835406,39.41370099985839,31.499829006675057,0.0,39.413701373501254,3.7364285960128285e-07,0.0,8.910735404405359e-14,2.2977285113387325e-11
1031,61920.0,61920,39.41370088666617,39.41370088668924,32.05818976990612,0.0,39.41370126033351,3.736442657061992e-07,0.0,8.910718815620665e-14,2.30608327403415e-11
1032,61980.0,61980,39.41370077261147,39.41370077263463,32.61655053153389,0.0,39.4137011462803,3.73645671768842e-07,0.0,8.910704191700763e-14,2.31443854340815e-11
1033,62040.0,62040,39.413700657660925,39.41370065768417,33.17491129154594,0.0,39.41370103133124,3.736470778000568e-07,0.0,8.910686284815705e-14,2.3227950597296922e-11
1034,62100.0,62100,39.41370054180415,39.41370054182747,33.73327204992946,0.0,39.41370091547596,3.7364848380873373e-07,0.0,8.910667250746761e-14,2.331151830849463e-11
1035,62160.0,62160,39.41370042503075,39.41370042505415,34.29163280667171,0.0,39.41370079870405,3.7364988980170904e-07,0.0,8.910639902910197e-14,2.339510514162036e-11
1036,62220.0,62220,39.41370030733035,39.41370030735384,34.849993561759725,0.0,39.413700681005146,3.7365129578375773e-07,0.0,8.910611834210988e-14,2.347869861524586e-11
1037,62280.0,62280,39.41370018869259,39.413700188716156,35.408354315180254,0.0,39.41370056236887,3.736527017577456e-07,0.0,8.910577927068441e-14,2.3562307859045488e-11
1038,62340.0,62340,39.41370006910707,39.41370006913072,35.96671506692011,0.0,39.41370044278484,3.736541077244737e-07,0.0,8.91053835150513e-14,2.3645936718272634e-11
1039,62400.0,62400,39.41369994856343,39.41369994858717,36.52507581696582,0.0,39.41370032224269,3.7365551368266816e-07,0.0,8.91050356063197e-14,2.372956526199959e-11
1040,62460.0,62460,39.413699827051325,39.41369982707514,37.08343656530385,0.0,39.413700200732066,3.736569196290431e-07,0.0,8.910452554100933e-14,2.381322119864636e-11
1041,62520.0,62520,39.41369970456037,39.413699704584275,37.64179731192042,0.0,39.41370007824261,3.736583255581282e-07,0.0,8.910404979091033e-14,2.3896880628733833e-11
1042,62580.0,62580,39.41369958108025,39.41369958110424,38.200158056801705,0.0,39.413699954763985,3.7365973146233907e-07,0.0,8.910345836867201e-14,2.3980561277763354e-11
1043,62640.0,62640,39.41369945660064,39.41369945662471,38.75851879993374,0.0,39.41369983028585,3.7366113733177616e-07,0.0,8.910284430361654e-14,2.4064247705274212e-11
1044,62700.0,62700,39.41369933111125,39.413699331135405,39.31687954130226,0.0,39.413699704797956,3.7366254315424934e-07,0.0,8.910209793947503e-14,2.4147951923598118e-11
1045,62760.0,62760,39.413699204601826,39.41369920462606,39.87524028089301,0.0,39.413699578290014,3.7366394891512646e-07,0.0,8.910127694156435e-14,2.4231663340858193e-11
1046,62820.0,62820,39.413699077062155,39.413699077086484,40.43360101869161,0.0,39.41369945075185,3.736653545972093e-07,0.0,8.910031536588909e-14,2.431538131419154e-11
1047,62880.0,62880,39.41369894848211,39.41369894850652,40.99196175468333,0.0,39.41369932217329,3.7366676018063516e-07,0.0,8.909915963471039e-14,2.4399103438094262e-11
1048,62940.0,62940,39.413698818851586,39.41369881887608,41.5503224888535,0.0,39.41369919254426,3.7366816564272516e-07,0.0,8.909773208259442e-14,2.448284215240615e-11
1049,63000.0,63000,39.413698688160615,39.413698688185185,42.108683221187235,0.0,39.41369906185476,3.736695709576415e-07,0.0,8.909615455871964e-14,2.456657111647841e-11
1050,63060.0,63060,39.4136985563993,39.41369855642395,42.66704395166954,0.0,39.41369893009494,3.736709760963066e-07,0.0,8.909423941427653e-14,2.4650305688287558e-11
1051,63120.0,63120,39.413698423557875,39.41369842358262,43.22540468028524,0.0,39.41369879725501,3.7367238102597966e-07,0.0,8.909210983562788e-14,2.4734050179028254e-11
1052,63180.0,63180,39.413698289626765,39.413698289651585,43.78376540701898,0.0,39.41369866332538,3.736737857102809e-07,0.0,8.908997102724355e-14,2.481781717377171e-11
1053,63240.0,63240,39.413698154596574,39.413698154621486,44.34212613185535,0.0,39.413698528296685,3.7367519010996856e-07,0.0,8.908821789776974e-14,2.490162191248419e-11
1054,63300.0,63300,39.41369801845829,39.41369801848329,44.90048685477881,0.0,39.41369839215989,3.736765941857655e-07,0.0,8.908749207347488e-14,2.4985469652469683e-11
1055,63360.0,63360,39.41369788120347,39.41369788122854,45.45884757577368,0.0,39.413698254906556,3.7367799790587313e-07,0.0,8.908833774513747e-14,2.506935230032886e-11
1056,63420.0,63420,39.41369774282458,39.41369774284974,46.01720829482407,0.0,39.41369811652915,3.736794012585884e-07,0.0,8.909080299278947e-14,2.5153048732888993e-11
1057,63480.0,63480,39.41369760331497,39.41369760334022,46.575569011914126,0.0,39.41369797702102,3.736808042495229e-07,0.0,8.909091687901746e-14,2.52363743148064e-11
1058,63540.0,63540,39.41369746266597,39.41369746269131,47.13392972702776,0.0,39.413697836373515,3.7368220677546327e-07,0.0,8.908203463670753e-14,2.5326216995917064e-11
1059,63600.0,63600,39.413697320848726,39.41369732087417,47.69229044014886,0.0,39.41369769455779,3.736836080365878e-07,0.0,8.917693215528848e-14,2.543698592793499e-11
1060,63660.0,63660,39.4136971778344,39.413697177859895,48.250651151260904,0.0,39.413697551544914,3.736850073175014e-07,0.0,8.97145084828847e-14,2.5486708086786032e-11
1061,63720.0,63720,39.413697033778284,39.413697033801,48.809011860346914,0.0,39.413697407487426,3.7368640952489796e-07,0.0,8.955125615365615e-14,2.2718686937402556e-11
1062,63780.0,63780,39.41373241621372,-260.58626758375493,49.36737256739208,300.0,3.735762772555001e-07,260.58626795733124,0.0,4.06406758753786e-14,3.1334807510730125e-11
1063,63840.0,63840,39.41373241620429,-260.5862675837671,45.024268106729394,300.0,3.7357768508596305e-07,260.5862679573448,0.0,8.922913127790498e-14,2.8585088995152257e-11
1064,63900.0,63900,39.413732416194776,-260.58626758377653,40.68116364606654,300.0,3.735791071541211e-07,260.58626795735563,0.0,8.92504898817184e-14,2.866059441097227e-11
1065,63960.0,63960,39.41373241618516,-260.5862675837861,36.338059185403495,300.0,3.735805427383221e-07,260.5862679573666,0.0,8.888860383670315e-14,2.8770350594419946e-11
1066,64020.0,64020,39.41373241617545,-260.58626758379563,31.99495472474029,300.0,3.7358199173373277e-07,260.58626795737763,0.0,8.877928898553346e-14,2.887242858583129e-11
1067,64080.0,64080,39.41373241616565,-260.58626758380535,27.651850264076963,300.0,3.735834549759794e-07,260.5862679573888,0.0,8.879357970360014e-14,2.8971118565671314e-11
1068,64140.0,64140,39.41373241615573,-260.5862675838152,23.30874580341344,300.0,3.7358493434707127e-07,260.58626795740014,0.0,8.884991358867442e-14,2.9070759305764433e-11
1069,64200.0,64200,39.413732416145685,-260.58626758382513,18.96564134274976,300.0,3.7358643342294904e-07,260.58626795741156,0.0,8.892920949636954e-14,2.91718422644768e-11
1070,64260.0,64260,39.41373241613545,-260.58626758383525,14.622536882085914,300.0,3.735879590078975e-07,260.5862679574232,0.0,8.900998084085275e-14,2.9267937212329525e-11
1071,64320.0,64320,39.413732416124944,-260.58626758384565,10.2794324214219,300.0,3.7358952554460176e-07,260.5862679574352,0.0,8.894859802304287e-14,2.937096751471856e-11
1072,64380.0,64380,39.41373241611385,-260.5862675838557,5.936327960757701,300.0,3.7359117627889966e-07,260.58626795744686,0.0,8.880423728125419e-14,3.0416844815933526e-11
1073,64440.0,64440,39.41373241608202,-95.58626758383049,1.593223500093363,135.0,3.7360368385625267e-07,95.58626795743417,0.0,1.0453030377226292e-13,8.746372618986104e-11
1074,64500.0,64500,39.248416720224796,39.24841672013484,0.00011903942937544135,0.0,39.248417094339636,3.742048003922232e-07,0.0,1.0856185714322924e-12,-8.99343798063769e-11
1075,64560.0,64560,39.23700494469164,39.23700494465849,0.5561382753618466,0.0,39.237005318883234,3.7422475181502204e-07,0.0,1.0571527654705548e-13,-3.3143067788795795e-11
1076,64620.0,64620,39.23333640308436,39.23333640305251,1.1119958444749818,0.0,39.23333677728236,3.7422985302460576e-07,0.0,8.760976756911358e-14,-3.183523641624151e-11
1077,64680.0,64680,39.23164080539646,39.23164080536479,1.6678014425820638,0.0,39.231641179597624,3.7423285391037615e-07,0.0,8.796273187734989e-14,-3.166654898241816e-11
1078,64740.0,64740,39.23053459222244,39.2305345921909,2.223583019721871,0.0,39.230534966426,3.742351070228478e-07,0.0,8.827522428690184e-14,-3.153531436438172e-11
1079,64800.0,64800,39.22963589171611,39.22963589168469,2.7793489255084576,0.0,39.229636265921734,3.742370500840068e-07,0.0,8.842885409240606e-14,-3.1413786138433476e-11
1080,64860.0,64860,39.228820655714124,39.22882065568282,3.335102099704452,0.0,39.22882102992166,3.7423884748686045e-07,0.0,8.853412636826626e-14,-3.12993095581331e-11
1081,64920.0,64920,39.22804230303975,39.22804230300856,3.8908437247237977,0.0,39.228042677249114,3.742405668854199e-07,0.0,8.862166395502218e-14,-3.118986257745079e-11
1082,64980.0,64980,39.22728092579417,39.227280925763075,4.446574323080238,0.0,39.22728130000531,3.742422389144138e-07,0.0,8.869308989803542e-14,-3.108372126358343e-11
1083,65040.0,65040,39.22652695653915,39.22652695650815,5.002294135259007,0.0,39.22652733075203,3.7424387884565983e-07,0.0,8.874688484890873e-14,-3.097969516273475e-11
1084,65100.0,65100,39.22577527711487,39.22577527708399,5.558003266206684,0.0,39.22577565132947,3.742454950245184e-07,0.0,8.878462281496423e-14,-3.087709379488881e-11
1085,65160.0,65160,39.22502286927088,39.22502286924009,6.113701748362453,0.0,39.22502324348718,3.742470924121645e-07,0.0,8.880991947901833e-14,-3.077554518122726e-11
1086,65220.0,65220,39.22426779041567,39.22426779038498,6.669389571407151,0.0,39.22426816463364,3.742486741853125e-07,0.0,8.88266209866902e-14,-3.0674828587628556e-11
1087,65280.0,65280,39.223508689688636,39.22350868965804,7.225066697501379,0.0,39.22350906390828,3.7425024250821017e-07,0.0,8.883796886562168e-14,-3.057481795080426e-11
1088,65340.0,65340,39.222744562012686,39.2227445619822,7.780733069668668,0.0,39.22274493623399,3.742517989289987e-07,0.0,8.884602970951184e-14,-3.047540765380801e-11
1089,65400.0,65400,39.221974614614915,39.22197461458453,8.336388616693895,0.0,39.22197498883787,3.7425334459535803e-07,0.0,8.885204012603229e-14,-3.0376489302759806e-11
1090,65460.0,65460,39.22119819026403,39.22119819023374,8.892033256130965,0.0,39.22119856448862,3.742548803789974e-07,0.0,8.885682890671853e-14,-3.0277989489071584e-11
1091,65520.0,65520,39.22041472084799,39.2204147208178,9.447666896223055,0.0,39.2204150950742,3.7425640695196196e-07,0.0,8.886069321513295e-14,-3.017981543490423e-11
1092,65580.0,65580,39.21962369807264,39.21962369804254,10.003289437165101,0.0,39.21962407230046,3.7425792483622915e-07,0.0,8.886395146397137e-14,-3.008190612846432e-11
1093,65640.0,65640,39.21882465427422,39.21882465424423,10.558900771951192,0.0,39.21882502850366,3.7425943443768143e-07,0.0,8.886670386378088e-14,-2.9984211193820163e-11
1094,65700.0,65700,39.21801714948256,39.21801714945266,11.114500786950083,0.0,39.21801752371359,3.7426093607067693e-07,0.0,8.886884947312446e-14,-2.988665700364087e-11
1095,65760.0,65760,39.217200762490705,39.217200762460905,11.670089362297812,0.0,39.217201136723325,3.7426242997652876e-07,0.0,8.887057883861907e-14,-2.9789212831917636e-11
1096,65820.0,65820,39.21637508457985,39.21637508455015,12.225666372163127,0.0,39.21637545881406,3.7426391633809144e-07,0.0,8.887185428339404e-14,-2.969183281051085e-11
1097,65880.0,65880,39.21553971506636,39.215539715036755,12.78123168492473,0.0,39.215540089302145,3.7426539529163307e-07,0.0,8.887271035260971e-14,-2.9594491664628306e-11
1098,65940.0,65940,39.21469425808745,39.21469425805793,13.336785163284839,0.0,39.21469463232479,3.7426686693661535e-07,0.0,8.887311365161301e-14,-2.949714887832167e-11
1099,66000.0,66000,39.21383832022934,39.21383832019994,13.892326664337816,0.0,39.21383869446826,3.7426833134377516e-07,0.0,8.887307536034063e-14,-2.939977612286659e-11
1100,66060.0,66060,39.21297150865101,39.21297150862169,14.447856039604396,0.0,39.21297188289147,3.7426978856175633e-07,0.0,8.88726951290056e-14,-2.930236085848926e-11
1101,66120.0,66120,39.21209342940804,39.21209342937883,15.003373135040322,0.0,39.21209380365006,3.742712386218104e-07,0.0,8.88719289923897e-14,-2.9204871981952613e-11
1102,66180.0,66180,39.211203685649295,39.21120368562018,15.558877791020285,0.0,39.21120405989285,3.74272681540659e-07,0.0,8.887080934366299e-14,-2.910729136921992e-11
1103,66240.0,66240,39.21030187534096,39.21030187531194,16.114369842297013,0.0,39.21030224958605,3.7427411732077623e-07,0.0,8.886940464250974e-14,-2.9009606674148348e-11
1104,66300.0,66300,39.20938758813484,39.20938758810591,16.669849117927726,0.0,39.20938796238145,3.742755459473779e-07,0.0,8.886770213923043e-14,-2.8911801961075827e-11
1105,66360.0,66360,39.20846040092566,39.20846040089683,17.225315441156344,0.0,39.20846077517379,3.7427696738173043e-07,0.0,8.886569027234625e-14,-2.8813852752901147e-11
1106,66420.0,66420,39.20751987163533,39.2075198716066,17.78076862923282,0.0,39.20752024588498,3.742783815498394e-07,0.0,8.886349042094869e-14,-2.8715765575655312e-11
1107,66480.0,66480,39.20656553071023,39.2065655306816,18.336208493144355,0.0,39.20656590496138,3.742797883257032e-07,0.0,8.886092910487232e-14,-2.8617501009514922e-11
1108,66540.0,66540,39.2055968698567,39.20559686982817,18.891634837226132,0.0,39.20559724410935,3.742811875089022e-07,0.0,8.885822483072784e-14,-2.8519078097557245e-11
1109,66600.0,66600,39.2046133275721,39.20461332754367,19.447047458612467,0.0,39.20461370182624,3.7428257879597663e-07,0.0,8.885506733320454e-14,-2.8420441102696748e-11
1110,66660.0,66660,39.20361427116055,39.203614271132224,20.00244614648308,0.0,39.20361464541618,3.7428396174600554e-07,0.0,8.885177824174292e-14,-2.8321611653850778e-11
1111,66720.0,66720,39.20259897508283,39.20259897505459,20.55783068105456,0.0,39.20259934933992,3.7428533574082154e-07,0.0,8.884814525262307e-14,-2.8222557928766224e-11
1112,66780.0,66780,39.20156659573911,39.20156659571098,21.113200832264933,0.0,39.20156696999767,3.742866999412691e-07,0.0,8.884412926312984e-14,-2.812325947006521e-11
1113,66840.0,66840,39.20051614312223,39.2005161430942,21.668556358101274,0.0,39.20051651738224,3.742880532416208e-07,0.0,8.883973171373278e-14,-2.8023700304524453e-11
1114,66900.0,66900,39.19944645026519,39.19944645023726,22.22389700252553,0.0,39.199446824526646,3.7428939422526007e-07,0.0,8.883478787800319e-14,-2.79238407558599e-11
1115,66960.0,66960,39.19835614209206,39.198356142064235,22.77922249296764,0.0,39.19835651635495,3.742907211261387e-07,0.0,8.882932551749015e-14,-2.782366028832959e-11
1116,67020.0,67020,39.19724360644762,39.197243606419896,23.334532537377335,0.0,39.197243980711924,3.7429203180265976e-07,0.0,8.882317469442575e-14,-2.7723105964626027e-11
1117,67080.0,67080,39.196106971903255,39.19610697187562,23.889826820865377,0.0,39.19610734616893,3.7429332373419104e-07,0.0,8.881636775163913e-14,-2.7622154250808274e-11
1118,67140.0,67140,39.194944099940884,39.19494409991335,24.44510500203072,0.0,39.19494447420794,3.7429459405534814e-07,0.0,8.880868019466915e-14,-2.7520737295134254e-11
1119,67200.0,67200,39.19375260357231,39.19375260354488,25.00036670917656,0.0,39.19375297784072,3.742958396509634e-07,0.0,8.880011211332957e-14,-2.7418810609376153e-11
1120,67260.0,67260,39.1925299105091,39.19252991048178,25.555611536790543,0.0,39.192530284778826,3.7429705734338e-07,0.0,8.879059448440793e-14,-2.731630210677745e-11
1121,67320.0,67320,39.19127339585234,39.191273395825114,26.110839042919466,0.0,39.19127377012335,3.7429824421227714e-07,0.0,8.878028226993805e-14,-2.7213164379902494e-11
1122,67380.0,67380,39.18998061445192,39.1899806144248,26.666048748424082,0.0,39.1899809887242,3.742993980886956e-07,0.0,8.876933007820276e-14,-2.7109352923121994e-11
1123,67440.0,67440,39.188649661860794,39.188649661833786,27.221240139525516,0.0,39.1886500361343,3.7430051825188307e-07,0.0,8.875799662839019e-14,-2.7004818278707547e-11
1124,67500.0,67500,39.187279677226556,39.18727967719965,27.77641267546526,0.0,39.18728005150125,3.743016063150215e-07,0.0,8.874698711847196e-14,-2.6899578168126212e-11
1125,67560.0,67560,39.18587146210385,39.185871462077046,28.33156580328933,0.0,39.185871836379704,3.7430266720464273e-07,0.0,8.873703677121531e-14,-2.6793669961292116e-11
1126,67620.0,67620,39.18442811822357,39.184428118196884,28.886698981399206,0.0,39.18442849250059,3.743037100137702e-07,0.0,8.872928704911588e-14,-2.6687234405555306e-11
1127,67680.0,67680,39.18295550807108,39.1829555080445,29.44181171213739,0.0,39.18295588234924,3.7430474836257746e-07,0.0,8.872480092246166e-14,-2.6580459959437584e-11
1128,67740.0,67740,39.18146224258685,39.18146224256038,29.996903580898426,0.0,39.18146261686618,3.743057997959933e-07,0.0,8.872473223963313e-14,-2.6473657555022217e-11
1129,67800.0,67800,39.17995886465332,39.17995886462695,30.551974295065126,0.0,39.179959238933826,3.7430688378827945e-07,0.0,8.872940650455133e-14,-2.636714833568945e-11
1130,67860.0,67860,39.178456013744054,39.178456013717785,31.107023711377767,0.0,39.1784563880258,3.743080182282804e-07,0.0,8.873867095101858e-14,-2.626128557560866e-11
1131,67920.0,67920,39.17696168160628,39.17696168158012,31.662051837302524,0.0,39.17696205588932,3.743092148385153e-07,0.0,8.875101123158296e-14,-2.615632620320004e-11
1132,67980.0,67980,39.17547813410082,39.175478134074766,32.217058793522,0.0,39.17547850838523,3.7431047466196503e-07,0.0,8.876370659578885e-14,-2.6052339701992235e-11
1133,68040.0,68040,39.17399944987496,39.173999449849006,32.77204473281848,0.0,39.17399982416079,3.7431178514943777e-07,0.0,8.877320198592888e-14,-2.5949128813569594e-11
1134,68100.0,68100,39.17251061257087,39.17251061254501,33.32700972408841,0.0,39.17251098685812,3.743131201158419e-07,0.0,8.877609563253772e-14,-2.584625509800414e-11
1135,68160.0,68160,39.17098852541304,39.17098852538728,33.88195362349652,0.0,39.17098889970172,3.7431444278817383e-07,0.0,8.876969100776634e-14,-2.574310657368183e-11
1136,68220.0,68220,39.169404321635184,39.16940432160955,34.43687596000325,0.0,39.16940469592525,3.7431571064072355e-07,0.0,8.875206401051295e-14,-2.5638925485552614e-11
1137,68280.0,68280,39.16772536129648,39.16772536127094,34.991775853623096,0.0,39.167725735587815,3.743168794218637e-07,0.0,8.872286068700112e-14,-2.5533024779395308e-11
1138,68340.0,68340,39.16591512791496,39.16591512788953,35.546651961971506,0.0,39.165915502207426,3.743179039060361e-07,0.0,8.868153643684562e-14,-2.5424705972111328e-11
1139,68400.0,68400,39.16393110728854,39.16393110726322,36.10150242534702,0.0,39.16393148158195,3.7431873607363877e-07,0.0,8.862703466220546e-14,-2.5313118814616645e-11
1140,68460.0,68460,39.16172552736896,39.16172552734375,36.656324781763644,0.0,39.16172590166307,3.743193281057362e-07,0.0,8.85593577588272e-14,-2.5197187315782767e-11
1141,68520.0,68520,39.15925851769275,39.15925851766766,37.21111589246474,0.0,39.15925889198731,3.7431965207971177e-07,0.0,8.848320087692505e-14,-2.5075790785579776e-11
1142,68580.0,68580,39.156527890748684,39.15652789072374,37.76587205386208,0.0,39.15652826504347,3.74319737067743e-07,0.0,8.841352304377962e-14,-2.4948905911799008e-11
1143,68640.0,68640,39.153598170130856,39.15359817010603,38.32058953137775,0.0,39.15359854442571,3.7431969514234223e-07,0.0,8.837211826714288e-14,-2.481872188096597e-11
1144,68700.0,68700,39.150586603665815,39.15058660364112,38.87526550451799,0.0,39.150586977960806,3.743196865791594e-07,0.0,8.837256729510713e-14,-2.4689552904744832e-11
1145,68760.0,68760,39.14757509760375,39.14757509757918,39.42989881379998,0.0,39.147575471898975,3.7431980656657903e-07,0.0,8.839840129554646e-14,-2.456460891464731e-11
1146,68820.0,68820,39.14450670010752,39.14450670008306,39.98448946007946,0.0,39.14450707440304,3.7431998264191785e-07,0.0,8.840500488177953e-14,-2.4442303870857345e-11
1147,68880.0,68880,39.1411848022341,39.14118480220978,40.53903663739435,0.0,39.14118517652979,3.743200080193139e-07,0.0,8.835499913986102e-14,-2.4317105817318444e-11
1148,68940.0,68940,39.1373738305577,39.13737383053351,41.093536754489364,0.0,39.13737420485318,3.7431967812374604e-07,0.0,8.824662789296969e-14,-2.4184025745830024e-11
1149,69000.0,69000,39.13287641755811,39.132876417534064,41.647982882819036,0.0,39.13287679185294,3.743188790219459e-07,0.0,8.810288651865246e-14,-2.4040735982475856e-11
1150,69060.0,69060,39.1275609499697,39.12756094994581,42.20236529779787,0.0,39.12756132426338,3.743175917185052e-07,0.0,8.795019572714313e-14,-2.388616683046896e-11
1151,69120.0,69120,39.12146330987483,39.121463309851094,42.756672410319176,0.0,39.12146368416701,3.743159161061873e-07,0.0,8.782385436475097e-14,-2.3722059350788618e-11
1152,69180.0,69180,39.11483666911757,39.11483666909401,43.31089313960589,0.0,39.114837043408066,3.7431405999979574e-07,0.0,8.775649347662902e-14,-2.3553717253386378e-11
1153,69240.0,69240,39.10797853308483,39.10797853306143,43.8650199914818,0.0,39.107978907373706,3.7431228603853587e-07,0.0,8.775132987157026e-14,-2.33997795296073e-11
1154,69300.0,69300,39.100155482425194,39.100155482401824,44.41904968643064,0.0,39.100155856711936,3.743101287742331e-07,0.0,8.756309467814934e-14,-2.3365770215013416e-11
1155,69360.0,69360,39.08034695180141,39.080346951777976,44.97296855482845,0.0,39.08034732607767,3.742997046490168e-07,0.0,8.500477906489804e-14,-2.3427195374771566e-11
1156,69420.0,69420,38.98810226290482,38.98810226288328,45.52660680237577,0.0,38.988102637151044,3.7426777464287297e-07,0.0,7.592749284570708e-14,-2.1535957714880133e-11
1157,69480.0,69480,38.94674521698808,38.94674521696718,46.07893825016384,0.0,38.94674559122499,3.742578194145247e-07,0.0,8.37983309018612e-14,-2.0894050030581594e-11
1158,69540.0,69540,38.995673347889834,38.9956733478678,46.63068380646815,0.0,38.995673722144396,3.7427660278737885e-07,0.0,9.566596575198323e-14,-2.2023591910181706e-11
1159,69600.0,69600,39.02965726420612,39.02965726418367,47.183122511293476,0.0,39.029657638475214,3.742915504311133e-07,0.0,9.387387362990034e-14,-2.2435607651601426e-11
1160,69660.0,69660,39.0326882405118,39.032688240489726,47.73604265493327,0.0,39.032688614781605,3.7429188285398015e-07,0.0,8.858873156344645e-14,-2.2068052153333447e-11
1161,69720.0,69720,39.03545859890207,39.03545859888027,48.28900573740403,0.0,39.03545897316748,3.742872163236352e-07,0.0,8.751821968689295e-14,-2.179621262572277e-11
1162,69780.0,69780,39.02475642863575,39.02475642861391,48.84200806661871,0.0,39.024756802901635,3.7428773287949615e-07,0.0,8.799659335011292e-14,-2.1829522304498547e-11
1163,69840.0,69840,39.00676397065104,39.006763970628306,49.394858781754586,0.0,39.006764344908994,3.742806947763986e-07,0.0,8.541640685107941e-14,-2.2734648850397915e-11
1164,69900.0,69900,38.75961194525533,38.75961194523508,49.9474546037357,0.0,38.75961231946927,3.74234195080865e-07,0.0,6.266719322021897e-14,-2.0245210262945574e-11
1165,69960.0,69960,38.33312718383794,38.333127183822334,50.49654910535716,0.0,38.33312755800894,3.741866043166017e-07,0.0,5.357582489334438e-14,-1.5594635404179403e-11
1166,70020.0,70020,38.2823013003372,38.28230130032127,51.03960173952546,0.0,38.2823016745045,3.7418323215445207e-07,0.0,8.506983940448938e-14,-1.592138454627258e-11
1167,70080.0,70080,38.49591549887914,38.49591549886119,51.58193434034412,0.0,38.495915873067105,3.742059226528706e-07,0.0,1.0568788510953687e-13,-1.7951669566236236e-11
1168,70140.0,70140,38.72128402900486,38.721284028985075,52.12729314230871,0.0,38.72128440321639,3.742313230686349e-07,0.0,1.0765574408748038e-13,-1.9790087758309153e-11
1169,70200.0,70200,38.78856213062329,38.78856213060316,52.675844665116685,0.0,38.78856250484889,3.7424573175223443e-07,0.0,9.613905625429562e-14,-2.0121133191554844e-11
1170,70260.0,70260,38.71436119694273,38.71436119692343,53.2253492943642,0.0,38.714361571170755,3.742473324516174e-07,0.0,8.474401385358687e-14,-1.9293547551359662e-11
1171,70320.0,70320,38.61032025557371,38.610320255555315,53.77380274371791,0.0,38.6103206297972,3.742418862583074e-07,0.0,8.13860608228845e-14,-1.838764988742003e-11
1172,70380.0,70380,38.54605898275101,38.54605898273308,54.32078227973559,0.0,38.546059356970055,3.742369817112021e-07,0.0,8.401247810634551e-14,-1.792837139857902e-11
1173,70440.0,70440,38.537060849487126,38.53706084946863,54.86685144772166,0.0,38.537061223703724,3.7423510153956476e-07,0.0,8.780603099673166e-14,-1.84893000811424e-11
1174,70500.0,70500,38.42066567176531,38.42066567174658,55.41279314215314,0.0,38.42066604597193,3.742253451525183e-07,0.0,7.955682004868171e-14,-1.8722194577548504e-11
1175,70560.0,70560,37.95651151267412,37.95651151265806,55.95708590490023,0.0,37.95651188685228,3.7419422288965406e-07,0.0,5.648287163451457e-14,-1.605818439154314e-11
1176,70620.0,70620,37.14163549761918,37.14163549760787,56.49480315039369,0.0,37.14163587176415,3.7415628136673543e-07,0.0,4.3791982825514726e-14,-1.1302656910724768e-11
1177,70680.0,70680,36.487127962778345,36.48712796276897,57.020976319007325,0.0,36.48712833691408,3.741451102790995e-07,0.0,6.36518876950814e-14,-9.371600609581066e-12
1178,70740.0,70740,36.48950095634093,36.48950095633105,57.53787729754415,0.0,36.48950133047653,3.7414547841052405e-07,0.0,8.884797219903455e-14,-9.878629503719209e-12
1179,70800.0,70800,36.903785942227564,36.90378594221626,58.05481189348975,0.0,36.9037863163682,3.7415195222630495e-07,0.0,1.0394153633994308e-13,-1.1304615317837295e-11
1180,70860.0,70860,37.32991930296206,37.32991930294919,58.577615526735336,0.0,37.32991967711524,3.741660552153071e-07,0.0,1.0871022939824025e-13,-1.2867587357425634e-11
1181,70920.0,70920,37.63430756056588,37.63430756055194,59.106456049257986,0.0,37.63430793473149,3.741795543129656e-07,0.0,1.0563964170698332e-13,-1.394345587338122e-11
1182,70980.0,70980,37.81913544809657,37.81913544808207,59.63960873876327,0.0,37.81913582227013,3.7418806997359574e-07,0.0,9.977757861117394e-14,-1.4495666544965717e-11
1183,71040.0,71040,37.90084386126113,37.900843861246486,60.17537982334194,0.0,37.900844235438434,3.7419195103530187e-07,0.0,9.398954322166996e-14,-1.463226141094915e-11
1184,71100.0,71100,37.90225623200244,37.90225623198797,60.71230844377369,0.0,37.902256606180615,3.7419265012162617e-07,0.0,8.941449629292975e-14,-1.4466394818849544e-11
1185,71160.0,71160,37.85229247300203,37.852292472987884,61.24925707279101,0.0,37.85229284717933,3.7419144905818963e-07,0.0,8.651838383558467e-14,-1.414529679388042e-11
1186,71220.0,71220,37.77420570030032,37.774205700286544,61.785497881889135,0.0,37.7742060744758,3.741892620319368e-07,0.0,8.499231766843564e-14,-1.3770666124126291e-11
1187,71280.0,71280,37.67991194303498,37.67991194302161,62.32063246170734,0.0,37.67991231720827,3.7418666396163657e-07,0.0,8.420241059992567e-14,-1.33710375046458e-11
1188,71340.0,71340,37.574949424731166,37.57494942471822,62.854431213297644,0.0,37.57494979890221,3.7418399487132957e-07,0.0,8.377542136445732e-14,-1.2944081483241896e-11
1189,71400.0,71400,37.465942965205805,37.4659429651933,63.38674299587864,0.0,37.46594333937484,3.741815456924961e-07,0.0,8.373978606536347e-14,-1.2499784465073197e-11
1190,71460.0,71460,37.36508492478422,37.36508492477212,63.91751052028305,0.0,37.3650852989518,3.741796842256821e-07,0.0,8.434888695168142e-14,-1.209747590513269e-11
1191,71520.0,71520,37.28371397744837,37.28371397743656,64.44684922244814,0.0,37.283714351615224,3.741786709197994e-07,0.0,8.551205096153535e-14,-1.1804215800110053e-11
1192,71580.0,71580,37.2204702301783,37.2204702301667,64.97503516952601,0.0,37.22047060434508,3.741783911128089e-07,0.0,8.65749683538148e-14,-1.1600871728248433e-11
1193,71640.0,71640,37.16502455556229,37.16502455555087,65.50232516351758,0.0,37.165024929729405,3.741785378242981e-07,0.0,8.710195725183378e-14,-1.1420452439555711e-11
1194,71700.0,71700,37.11000340933674,37.11000340932551,66.02882967711874,0.0,37.11000378350441,3.741789170490385e-07,0.0,8.723792765375107e-14,-1.123164065147697e-11
1195,71760.0,71760,37.05368667645655,37.05368667644551,66.5545547244817,0.0,37.05368705062497,3.741794734830264e-07,0.0,8.725872575300171e-14,-1.1036386823698881e-11
1196,71820.0,71820,36.99685045389842,36.99685045388757,67.0794819514622,0.0,36.996850828067764,3.741801988011345e-07,0.0,8.729251769319778e-14,-1.0841994413914747e-11
1197,71880.0,71880,36.94048350202581,36.94048350201516,67.60360399862313,0.0,36.94048387619624,3.741810846501533e-07,0.0,8.735873911616261e-14,-1.0652036088903312e-11
1198,71940.0,71940,36.88526568929956,36.885265689289085,68.12692751396587,0.0,36.88526606347121,3.741821183221345e-07,0.0,8.744971060480651e-14,-1.0467685866304466e-11
1199,72000.0,72000,36.83173638280557,36.83173638279528,68.64946877696165,0.0,36.831736756978565,3.741832888483522e-07,0.0,8.75629030018844e-14,-1.0289924820828864e-11
1200,72060.0,72060,36.780474877651066,36.78047487764094,69.17125170811543,0.0,36.78047525182553,3.741845902182555e-07,0.0,8.770172223244743e-14,-1.0120313461683023e-11
1201,72120.0,72120,36.73212110904765,36.732121109037685,69.69230843461284,0.0,36.7321214832237,3.741860203725323e-07,0.0,8.786912694118557e-14,-9.96086757429774e-12
1202,72180.0,72180,36.68727839696342,36.68727839695361,70.21268014938842,0.0,36.68727877114118,3.7418757792856007e-07,0.0,8.806313015868968e-14,-9.813576007456861e-12
1203,72240.0,72240,36.64638177268899,36.64638177267931,70.73241659240942,0.0,36.64638214686856,3.741892588026399e-07,0.0,8.82751302853241e-14,-9.679732602185196e-12
1204,72300.0,72300,36.60959654207333,36.60959654206376,71.25157366658654,0.0,36.609596916254816,3.7419105414239805e-07,0.0,8.849302352335682e-14,-9.55979402970086e-12
1205,72360.0,72360,36.57678049558825,36.576780495578795,71.77020961666328,0.0,36.576780869771746,3.741929499048097e-07,0.0,8.870292307492083e-14,-9.453167240478172e-12
1206,72420.0,72420,36.54751422717713,36.547514227167774,72.28838067274812,0.0,36.54751460136269,3.741949275915839e-07,0.0,8.889289741088818e-14,-9.358480091669007e-12
1207,72480.0,72480,36.52118204732306,36.52118204731378,72.80613712336383,0.0,36.521182421510744,3.7419696544799605e-07,0.0,8.905392583218189e-14,-9.273761939825983e-12
1208,72540.0,72540,36.49707474383185,36.497074743822665,73.32352053476492,0.0,36.4970751180217,3.7419903969294136e-07,0.0,8.918088538174449e-14,-9.196755424746655e-12
1209,72600.0,72600,36.474486307965,36.47448630795587,73.84056242603324,0.0,36.474486682157,3.742011256705736e-07,0.0,8.927220653577275e-14,-9.125165366907802e-12
1210,72660.0,72660,36.45278638029939,36.45278638029033,74.35728431446013,0.0,36.45278675449352,3.742031989511135e-07,0.0,8.932886835903578e-14,-9.056773362096916e-12
1211,72720.0,72720,36.4314624130588,36.43146241304981,74.87369878724505,0.0,36.43146278725504,3.74205236368987e-07,0.0,8.935426169832191e-14,-8.98964362635257e-12
1212,72780.0,72780,36.410135014473,36.410135014464075,75.38981117049407,0.0,36.410135388671286,3.742072169111154e-07,0.0,8.935273857252448e-14,-8.922108108962228e-12
1213,72840.0,72840,36.38855421995039,36.38855421994153,75.90562141559644,0.0,36.38855459415065,3.742091223604225e-07,0.0,8.93295673877869e-14,-8.852857537722849e-12
1214,72900.0,72900,36.36658406305575,36.36658406304697,76.42112593277642,0.0,36.3665844372579,3.7421093768058406e-07,0.0,8.929015572082917e-14,-8.780916120629812e-12
1215,72960.0,72960,36.34418006902838,36.34418006901967,76.93631920606707,0.0,36.34418044323231,3.7421265124060526e-07,0.0,8.923993365240286e-14,-8.705648455623397e-12
1216,73020.0,73020,36.321361736096314,36.32136173608768,77.45119508944231,0.0,36.32136211030194,3.742142550435552e-07,0.0,8.918410938512615e-14,-8.626750381215614e-12
1217,73080.0,73080,36.29818140577383,36.29818140576529,77.96574771310101,0.0,36.298181779981036,3.742157450869646e-07,0.0,8.912735656620195e-14,-8.544188819735432e-12
1218,73140.0,73140,36.27469231312186,36.2746923131134,78.47997194874682,0.0,36.27469268733052,3.7421712184648223e-07,0.0,8.907397051743352e-14,-8.458232113397044e-12
1219,73200.0,73200,36.25092074687155,36.25092074686317,78.99386342224672,0.0,36.25092112108156,3.742183907071331e-07,0.0,8.902713966049707e-14,-8.369292994829043e-12
1220,73260.0,73260,36.22684825059447,36.22684825058619,79.50741813189141,0.0,36.22684862480575,3.742195620614702e-07,0.0,8.898972640618466e-14,-8.278006210540298e-12
1221,73320.0,73320,36.20240842923881,36.20240842923062,80.02063181450549,0.0,36.20240880345127,3.742206508181822e-07,0.0,8.896339639716155e-14,-8.185060178115329e-12
1222,73380.0,73380,36.17749939780137,36.17749939779327,80.53349926631705,0.0,36.17749977201494,3.742216752138832e-07,0.0,8.894948835315575e-14,-8.091248322341938e-12
1223,73440.0,73440,36.15200867033401,36.15200867032602,81.04601384018322,0.0,36.15200904454866,3.7422265502943225e-07,0.0,8.894850382774858e-14,-7.997380433024803e-12
1224,73500.0,73500,36.12584408671047,36.12584408670257,81.5581672954103,0.0,36.12584446092617,3.74223609489142e-07,0.0,8.896036889735716e-14,-7.904249245322864e-12
1225,73560.0,73560,36.098963307323366,36.09896330731556,82.0699500857027,0.0,36.098963681540106,3.742245552058496e-07,0.0,8.89846434712857e-14,-7.812625210310928e-12
1226,73620.0,73620,36.071395529776815,36.0713955297691,82.58135206495376,0.0,36.0713959039946,3.7422550450935043e-07,0.0,8.902045243669867e-14,-7.723225671991866e-12
1227,73680.0,73680,36.04325164955853,36.04325164955089,83.09236350068961,0.0,36.04325202377734,3.742264643882271e-07,0.0,8.906646408365101e-14,-7.636672822846125e-12
1228,73740.0,73740,36.0147220659625,36.01472206595495,83.60297623145568,0.0,36.01472244018238,3.742274361307827e-07,0.0,8.912124131539611e-14,-7.553499466033314e-12
1229,73800.0,73800,35.98606385782561,35.98606385781814,84.1131847931208,0.0,35.986064232046544,3.742284156149378e-07,0.0,8.918316408308078e-14,-7.474139590854998e-12
1230,73860.0,73860,35.95758063861503,35.95758063860763,84.62298736350401,0.0,35.95758101283702,3.7422939409877384e-07,0.0,8.9250587382282e-14,-7.398921222280212e-12
1231,73920.0,73920,35.92959895560702,35.92959895559969,85.13238642161507,0.0,35.92959932983005,3.742303593166856e-07,0.0,8.932186619759515e-14,-7.32807064389092e-12
1232,73980.0,73980,35.902444808700814,35.90244480869355,85.64138907255018,0.0,35.90244518292484,3.742312966835577e-07,0.0,8.93954065424362e-14,-7.261704723267249e-12
1233,74040.0,74040,35.87642304744642,35.876423047439225,86.15000703973743,0.0,35.87642342167141,3.7423219044185816e-07,0.0,8.94699958457455e-14,-7.199879806401458e-12
1234,74100.0,74100,35.85180138436128,35.85180138435413,86.65825636530693,0.0,35.85180175858716,3.742330246344757e-07,0.0,8.95445039616806e-14,-7.142585347996598e-12
1235,74160.0,74160,35.82879979365075,35.82879979364366,87.16615688398272,0.0,35.828800167877446,3.7423378383675097e-07,0.0,8.961787218951163e-14,-7.089725195458825e-12
1236,74220.0,74220,35.80758530159546,35.80758530158841,87.6737315467901,0.0,35.807585675822864,3.7423445362524043e-07,0.0,8.968958536689873e-14,-7.04119931574314e-12
1237,74280.0,74280,35.78827167770471,35.78827167769771,88.18100567096002,0.0,35.78827205193273,3.742350207907562e-07,0.0,8.975913087604221e-14,-6.996865759072574e-12
1238,74340.0,74340,35.77092329437608,35.77092329436912,88.68800618545816,0.0,35.770923668604595,3.7423547332268566e-07,0.0,8.982622737535182e-14,-6.9565621653616e-12
1239,74400.0,74400,35.755562389410244,35.75556238940332,89.19476093119249,0.0,35.75556276363911,3.742358001984852e-07,0.0,8.989089668085493e-14,-6.9201552587708436e-12
1240,74460.0,74460,35.74217908308788,35.742179083081,89.70129806410645,0.0,35.74217945731698,3.7423599101224345e-07,0.0,8.995301774277728e-14,-6.887460161367229e-12
1241,74520.0,74520,35.730743724682114,35.73074372467525,90.20764560018087,0.0,35.73074409891128,3.742360354712712e-07,0.0,9.001308711470485e-14,-6.858370931455826e-12
1242,74580.0,74580,35.721221457338785,35.72122145733195,90.71383113534455,0.0,35.721221831567874,3.742359227819714e-07,0.0,9.007142986549751e-14,-6.832766610166286e-12
1243,74640.0,74640,35.713589328256695,35.71358932824989,91.21988177172085,0.0,35.71358970248552,3.742356409388525e-07,0.0,9.012881224536147e-14,-6.8105922520092585e-12
1244,74700.0,74700,35.707856945003684,35.70785694499689,91.72582428626846,0.0,35.70785731923206,3.742351759204321e-07,0.0,9.018612805834662e-14,-6.791825538488563e-12
1245,74760.0,74760,35.7040928366138,35.70409283660702,92.23168559205337,0.0,35.70409321084153,3.742345107878544e-07,0.0,9.024492046633814e-14,-6.776534046029648e-12
1246,74820.0,74820,35.70246080379767,35.702460803790906,92.73749357296938,0.0,35.70246117802452,3.7423362466938367e-07,0.0,9.030743511159427e-14,-6.7649082007310094e-12
1247,74880.0,74880,35.70327445312018,35.70327445311342,93.24327843342053,0.0,35.70327482734591,3.7423249160057756e-07,0.0,9.037700427299797e-14,-6.757279006660172e-12
1248,74940.0,74940,35.70708465509495,35.707084655088195,93.74907482057041,0.0,35.70708502931927,3.7423107917459915e-07,0.0,9.045919421989809e-14,-6.754274881182086e-12
1249,75000.0,75000,35.71482236420438,35.714822364197616,94.25492518558161,0.0,35.71482273842697,3.742293469521658e-07,0.0,9.056294365541971e-14,-6.756985332438458e-12
1250,75060.0,75060,35.72801916050775,35.72801916050098,94.7608851681385,0.0,35.72801953472821,3.7422724453618995e-07,0.0,9.070212578765591e-14,-6.767189057932873e-12
1251,75120.0,75120,35.74916829649822,35.749168296491426,95.26703210530972,0.0,35.74916867071613,3.7422470827728624e-07,0.0,9.089878357920246e-14,-6.786089505765451e-12
1252,75180.0,75180,35.78340127293064,35.78340127292383,95.77347865524082,0.0,35.78340164714548,3.742216468281007e-07,0.0,9.12163093002352e-14,-6.8019548355775495e-12
1253,75240.0,75240,35.85194077194982,35.85194077194306,96.28041017233805,0.0,35.85194114616094,3.742178748028687e-07,0.0,9.20412084472091e-14,-6.7541899739121076e-12
1254,75300.0,75300,36.05091212802941,36.050912128022496,96.78831266567138,0.0,36.05091250223594,3.742134460845835e-07,0.0,9.52902835529573e-14,-6.9138401884328716e-12
1255,75360.0,75360,36.386316715211834,36.386316715204565,97.29903391988253,0.0,36.38631708941641,3.742118440300709e-07,0.0,1.0081115249162447e-13,-7.266933202513577e-12
1256,75420.0,75420,36.99985934955202,36.999859349545176,97.81450673907872,0.0,36.999859723762135,3.7421695680066435e-07,0.0,1.1098563776073617e-13,-6.831193933975997e-12
1257,75480.0,75480,38.32695698833811,38.32695698830089,98.33867141226142,0.0,38.32695736256164,3.742607500803396e-07,0.0,1.4908926235257745e-13,-3.72122231217344e-11
1258,75540.0,75540,39.41373246148042,-260.5862675384901,98.88163663532639,300.0,3.6576652509905253e-07,260.5862679042566,0.0,-2.6323937247754154e-13,2.946478888030621e-11
1259,75600.0,75600,39.41373246147943,-260.5862675385111,94.53853217543733,300.0,3.657667032442948e-07,260.5862679042778,0.0,8.396085475910662e-14,9.414278009115418e-12
1260,75660.0,75660,39.41373246147682,-260.58626753851405,90.19542771554792,300.0,3.657671795729922e-07,260.58626790428127,0.0,9.012612084162036e-14,9.068300873891112e-12
1261,75720.0,75720,39.41373246147366,-260.58626753851723,85.85232325565846,300.0,3.65767757463002e-07,260.58626790428497,0.0,8.999669038542662e-14,9.098284031571611e-12
1262,75780.0,75780,39.413732461470204,-260.58626753852064,81.50921879576897,300.0,3.6576838770101394e-07,260.586267904289,0.0,8.990301160338817e-14,9.133595280422235e-12
1263,75840.0,75840,39.41373246146658,-260.5862675385242,77.1661143358794,300.0,3.6576905080886275e-07,260.58626790429327,0.0,8.989480916796619e-14,9.16720722448734e-12
1264,75900.0,75900,39.41373246146283,-260.586267538528,72.82300987598978,300.0,3.6576973718127423e-07,260.58626790429776,0.0,8.990571083942841e-14,9.201225951837273e-12
1265,75960.0,75960,39.41373246145897,-260.5862675385318,68.4799054161001,300.0,3.657704414686467e-07,260.58626790430225,0.0,8.991162417573466e-14,9.235011401051427e-12
1266,76020.0,76020,39.41373246145504,-260.5862675385357,64.13680095621034,300.0,3.657711605230679e-07,260.5862679043069,0.0,8.988409783381166e-14,9.253262395018717e-12
1267,76080.0,76080,39.41373246145103,-260.5862675385404,59.79369649632052,300.0,3.65771892540257e-07,260.5862679043123,0.0,8.954321961835102e-14,8.545059888140647e-12
1268,76140.0,76140,39.413732461446976,-260.5862675385845,55.45059203643063,300.0,3.657726359799713e-07,260.5862679043571,0.0,7.653997596404395e-14,-3.149317372546145e-11
1269,76200.0,76200,39.41373277775333,-490.5862672221097,51.107487576539974,530.0000000000006,6.859822081512138e-09,490.5862672289694,0.0,-6.177735341870655e-13,1.3755693994975713e-10
1270,76260.0,76260,39.41373246143863,-260.5862675385927,42.93104978948788,300.0,3.657741615321082e-07,260.5862679043669,0.0,7.96823755970365e-13,-3.1349891750992065e-11
1271,76320.0,76320,39.41373246143435,-260.58626753855697,38.58794532959711,300.0,3.6577494507099747e-07,260.5862679043319,0.0,1.0371810020201091e-13,8.656858210179937e-12
1272,76380.0,76380,39.413732461429994,-260.5862675385605,34.24484086970691,300.0,3.657757402682263e-07,260.58626790433624,0.0,8.991750270065115e-14,9.500462477699038e-12
1273,76440.0,76440,39.41373246142557,-260.58626753856487,29.90173640981668,300.0,3.65776549853698e-07,260.5862679043414,0.0,8.977088650949106e-14,9.554981850677266e-12
1274,76500.0,76500,39.41373246142105,-260.58626753856936,25.558631949926355,300.0,3.6577737644544875e-07,260.58626790434676,0.0,8.9821033250418e-14,9.599607820140375e-12
1275,76560.0,76560,39.413732461416416,-260.5862675385739,21.215527490035953,300.0,3.6577822480025995e-07,260.5862679043521,0.0,8.986601908097646e-14,9.647341258735696e-12
1276,76620.0,76620,39.41373246141161,-260.5862675385787,16.87242303014549,300.0,3.657791035512644e-07,260.58626790435784,0.0,8.992112361841512e-14,9.696346964720983e-12
1277,76680.0,76680,39.413732461406546,-260.5862675385837,12.529318570254942,300.0,3.657800299867184e-07,260.5862679043637,0.0,8.9958062573696e-14,9.74130224969336e-12
1278,76740.0,76740,39.413732461401004,-260.5862675385888,8.1862141103643,300.0,3.6578104724850885e-07,260.5862679043698,0.0,8.98398996620072e-14,1.0202224745239772e-11
1279,76800.0,76800,39.41373246139281,-230.58626753857425,3.8431096504735907,270.0,3.657834226825675e-07,230.58626790435767,0.0,9.657034576684335e-14,3.2907224422245426e-11
1280,76860.0,76860,39.05163200324833,39.05163200320847,5.1905830941892075e-06,0.0,39.05163237760685,3.743983885386042e-07,0.0,4.878734187115566e-13,-3.985794043198978e-11
1281,76920.0,76920,38.88234159995651,38.88234159994466,0.5532366430256339,0.0,38.88234197438193,3.7443727572650214e-07,0.0,6.53276893682151e-14,-1.1856870690991232e-11
1282,76980.0,76980,38.847812035569504,38.84781203555714,1.1040698147552053,0.0,38.847812410000294,3.744431539248676e-07,0.0,8.417149521994893e-14,-1.2357136502779175e-11
1283,77040.0,77040,38.83610228893812,38.836102288925765,1.6544138176559406,0.0,38.83610266337134,3.7444557960606263e-07,0.0,8.789188265770858e-14,-1.2353860500871611e-11
1284,77100.0,77100,38.829813122813796,38.829813122801525,2.2045919324793952,0.0,38.82981349724883,3.744473140087135e-07,0.0,8.869901429057981e-14,-1.2270538066682679e-11
1285,77160.0,77160,38.82530716959162,38.82530716957943,2.754680950782771,0.0,38.82530754402824,3.74448815690741e-07,0.0,8.89759381929845e-14,-1.2186636582828565e-11
1286,77220.0,77220,38.82154725494233,38.821547254930216,3.304706134748812,0.0,38.82154762938041,3.7445020206236557e-07,0.0,8.914169005245292e-14,-1.2110140862721312e-11
1287,77280.0,77280,38.818160263070936,38.8181602630589,3.854678053257319,0.0,38.81816063751041,3.744515152717336e-07,0.0,8.927008204207472e-14,-1.2039790495107588e-11
1288,77340.0,77340,38.81498599977354,38.81498599976156,4.4046019893809865,0.0,38.814986374214335,3.744527752222472e-07,0.0,8.936835949800448e-14,-1.1973513216962564e-11
1289,77400.0,77400,38.81194517281252,38.811945172800606,4.954480956774617,0.0,38.811945547254595,3.744539934379894e-07,0.0,8.943806157793699e-14,-1.1909872188804255e-11
1290,77460.0,77460,38.80899363444855,38.808993634436696,5.504316845786291,0.0,38.80899400889187,3.744551775649557e-07,0.0,8.948450914246452e-14,-1.1848085875220281e-11
1291,77520.0,77520,38.80610430277684,38.80610430276504,6.054110921337795,0.0,38.80610467722138,3.7445633313544683e-07,0.0,8.951461597688923e-14,-1.1787770064498949e-11
1292,77580.0,77580,38.80325920987514,38.803259209863405,6.603864064690654,0.0,38.80325958432087,3.7445746438006706e-07,0.0,8.953429772805623e-14,-1.1728685351036328e-11
1293,77640.0,77640,38.80044566720448,38.80044566719281,7.153576902560698,0.0,38.800446041651384,3.7445857465287965e-07,0.0,8.954789401219144e-14,-1.1670694912821778e-11
1294,77700.0,77700,38.79765426128745,38.79765426127583,7.703249881909586,0.0,38.7976546357355,3.7445966667808803e-07,0.0,8.955783319922385e-14,-1.1613630848990881e-11
1295,77760.0,77760,38.7948777294323,38.794877729420726,8.25288331634132,0.0,38.79487810388147,3.7446074270642434e-07,0.0,8.956579648506737e-14,-1.15573837544828e-11
1296,77820.0,77820,38.792110289216836,38.79211028920533,8.802477416571762,0.0,38.79211066366714,3.744618046214506e-07,0.0,8.957253859669372e-14,-1.1501833560112824e-11
1297,77880.0,77880,38.789347216889986,38.78934721687855,9.352032311399162,0.0,38.7893475913414,3.744628540154311e-07,0.0,8.957843756297462e-14,-1.1446855818083201e-11
1298,77940.0,77940,38.786584569982075,38.78658456997068,9.901548062701927,0.0,38.786584944434566,3.744638922462023e-07,0.0,8.95839833345926e-14,-1.1392400548204034e-11
1299,78000.0,78000,38.78381899755862,38.78381899754728,10.451024676506822,0.0,38.783819372012196,3.744649204800997e-07,0.0,8.958897590865133e-14,-1.133835104690079e-11
1300,78060.0,78060,38.78104760606514,38.78104760605385,11.000462111369051,0.0,38.78104798051979,3.7446593972572563e-07,0.0,8.959370578987249e-14,-1.1284662165298263e-11
1301,78120.0,78120,38.77826786174451,38.77826786173328,11.54986028485181,0.0,38.778268236200226,3.744669508603445e-07,0.0,8.959811301596269e-14,-1.1231270356477218e-11
1302,78180.0,78180,38.77547751792415,38.77547751791297,12.099219078623324,0.0,38.77547789238092,3.744679546512102e-07,0.0,8.960222100303681e-14,-1.1178131470884828e-11
1303,78240.0,78240,38.77267455969339,38.77267455968227,12.648538342524082,0.0,38.77267493415122,3.744689517724748e-07,0.0,8.960594994982046e-14,-1.1125192082732293e-11
1304,78300.0,78300,38.7698571610503,38.769857161039226,13.197817897849893,0.0,38.76985753550916,3.7446994281927715e-07,0.0,8.960941640630053e-14,-1.1072433985527559e-11
1305,78360.0,78360,38.76702365117859,38.76702365116757,13.747057540028239,0.0,38.76702402563849,3.7447092831906876e-07,0.0,8.961244367103239e-14,-1.1019807284726548e-11
1306,78420.0,78420,38.764172487540435,38.764172487529464,14.29625704081676,0.0,38.764172862001374,3.7447190874106804e-07,0.0,8.961513507296861e-14,-1.0967288523469861e-11
1307,78480.0,78480,38.7613022341317,38.76130223412078,14.845416150120393,0.0,38.76130260859367,3.744728845041205e-07,0.0,8.961751316878382e-14,-1.0914861514932445e-11
1308,78540.0,78540,38.75841154372974,38.75841154371888,15.394534597500732,0.0,38.758411918192735,3.744738559832981e-07,0.0,8.961951337666448e-14,-1.0862494329349054e-11
1309,78600.0,78600,38.7554991432234,38.75549914321259,15.943612093433705,0.0,38.75549951768741,3.74474823515384e-07,0.0,8.962119310383143e-14,-1.0810179038569182e-11
1310,78660.0,78660,38.75256382140172,38.752563821390964,16.492648330359515,0.0,38.752564195866746,3.744757874036685e-07,0.0,8.96225199514038e-14,-1.075789153211383e-11
1311,78720.0,78720,38.74960441867837,38.74960441866766,17.041642983559523,0.0,38.74960479314441,3.744767479218211e-07,0.0,8.962353135052793e-14,-1.0705619859761005e-11
1312,78780.0,78780,38.746619818382946,38.74661981837229,17.590595711887598,0.0,38.746620192849996,3.744777053173804e-07,0.0,8.962421662340211e-14,-1.0653341462846381e-11
1313,78840.0,78840,38.74360893930884,38.74360893929824,18.139506158378175,0.0,38.74360931377689,3.744786598147296e-07,0.0,8.962468990159408e-14,-1.0601058539431037e-11
1314,78900.0,78900,38.74057072929709,38.74057072928654,18.688373950748524,0.0,38.74057110376616,3.744796116174542e-07,0.0,8.96248922119883e-14,-1.0548755198817631e-11
1315,78960.0,78960,38.73750415965752,38.737504159647024,19.23719870181036,0.0,38.737504534127574,3.7448056091075547e-07,0.0,8.962483330138254e-14,-1.0496418734040665e-11
1316,79020.0,79020,38.73440822028576,38.73440822027531,19.78598000980232,0.0,38.734408594756815,3.7448150786320145e-07,0.0,8.96245440683104e-14,-1.0444036511599194e-11
1317,79080.0,79080,38.73128191535192,38.73128191534152,20.33471745865317,0.0,38.73128228982397,3.7448245262837844e-07,0.0,8.962409967272605e-14,-1.039160734246669e-11
1318,79140.0,79140,38.728124259462355,38.728124259452,20.883410618184136,0.0,38.728124633935394,3.744833953463839e-07,0.0,8.962346514565806e-14,-1.0339126229052402e-11
1319,79200.0,79200,38.724934274214554,38.724934274204266,21.432059044256643,0.0,38.7249346486886,3.7448433614510056e-07,0.0,8.962261498184844e-14,-1.0286575353339533e-11
1320,79260.0,79260,38.721710985075546,38.72171098506531,21.980662278871492,0.0,38.72171135955059,3.7448527514121985e-07,0.0,8.96216177413334e-14,-1.0233949201591678e-11
1321,79320.0,79320,38.718453418523495,38.718453418513306,22.52921985022352,0.0,38.71845379299952,3.7448621244122654e-07,0.0,8.9620524520954e-14,-1.018124952824581e-11
1322,79380.0,79380,38.715160599412194,38.715160599402054,23.077731272716065,0.0,38.7151609738892,3.7448714814233414e-07,0.0,8.96192949336154e-14,-1.0128468052067797e-11
1323,79440.0,79440,38.711831548507725,38.71183154849765,23.626196046937874,0.0,38.71183192298572,3.7448808233308463e-07,0.0,8.961791781166848e-14,-1.0075591903445746e-11
1324,79500.0,79500,38.70846528015428,38.708465280144246,24.174613659605196,0.0,38.708465654633265,3.744890150940123e-07,0.0,8.96164725346044e-14,-1.0022629518645584e-11
1325,79560.0,79560,38.70506080005338,38.70506080004341,24.72298358347084,0.0,38.70506117453336,3.744899464982644e-07,0.0,8.96148491565e-14,-9.969555208471434e-12
1326,79620.0,79620,38.701617103110046,38.70161710310012,25.27130527720173,0.0,38.701617477591,3.744908766119476e-07,0.0,8.961320484785107e-14,-9.916384700148686e-12
1327,79680.0,79680,38.69813317131975,38.698133171309884,25.81957818522592,0.0,38.69813354580169,3.7449180549455464e-07,0.0,8.961142803795232e-14,-9.863097222341872e-12
1328,79740.0,79740,38.69460797168036,38.69460797167055,26.367801737549755,0.0,38.694608346163285,3.7449273319927136e-07,0.0,8.96096321243792e-14,-9.80970459578741e-12
1329,79800.0,79800,38.69104045408447,38.69104045407471,26.915975349545356,0.0,38.691040828568376,3.744936597732276e-07,0.0,8.960769138177883e-14,-9.756190397633797e-12
1330,79860.0,79860,38.68742954919593,38.68742954918623,27.464098421708353,0.0,38.68742992368082,3.7449458525760974e-07,0.0,8.960568223780855e-14,-9.702552571891137e-12
1331,79920.0,79920,38.683774166250096,38.68377416624045,28.01217033938542,0.0,38.68377454073595,3.7449550968775977e-07,0.0,8.960362148226085e-14,-9.648789661480268e-12
1332,79980.0,79980,38.680073190796215,38.680073190786615,28.56019047247076,0.0,38.68007356528304,3.7449643309327765e-07,0.0,8.960150470837478e-14,-9.594899208444091e-12
1333,80040.0,80040,38.67632548232892,38.67632548231937,29.1081581750705,0.0,38.67632585681672,3.744973554979011e-07,0.0,8.959931687761524e-14,-9.54087255840923e-12
1334,80100.0,80100,38.67252987180268,38.672529871793195,29.656072785133617,0.0,38.672530246291466,3.744982769193965e-07,0.0,8.959708747683708e-14,-9.486715168602852e-12
1335,80160.0,80160,38.668685159004674,38.66868515899524,30.20393362404762,0.0,38.66868553349443,3.74499197369548e-07,0.0,8.959474962350245e-14,-9.432412482004445e-12
1336,80220.0,80220,38.6647901097804,38.66479010977101,30.751739996196974,0.0,38.66479048427112,3.7450011685371654e-07,0.0,8.959240623177813e-14,-9.37797343753954e-12
1337,80280.0,80280,38.66084345307026,38.660843453060934,31.29949118848232,0.0,38.66084382756197,3.7450103537076217e-07,0.0,8.958994265998287e-14,-9.323384888492577e-12
1338,80340.0,80340,38.656843877774556,38.65684387776528,31.847186469797613,0.0,38.656844252267234,3.745019529125817e-07,0.0,8.958741034587002e-14,-9.268639288877667e-12
1339,80400.0,80400,38.6527900294114,38.652790029402176,32.39482509046288,0.0,38.65279040390505,3.745028694638547e-07,0.0,8.958488715132131e-14,-9.213745432200085e-12
1340,80460.0,80460,38.64868050658203,38.648680506572866,32.942406281609664,0.0,38.64868088107665,3.745037850015597e-07,0.0,8.958231499151442e-14,-9.15869548810698e-12
1341,80520.0,80520,38.6445138572223,38.64451385721319,33.48992925451637,0.0,38.644514231717885,3.745046994946075e-07,0.0,8.957968625403303e-14,-9.103491310943532e-12
1342,80580.0,80580,38.64028857466124,38.64028857465218,34.03739319989048,0.0,38.6402889491578,3.7450561290336096e-07,0.0,8.957693922274649e-14,-9.048118196878645e-12
1343,80640.0,80640,38.636003093488284,38.63600309347929,34.58479728709496,0.0,38.636003467985816,3.7450652517922225e-07,0.0,8.957413988522672e-14,-8.99257655470653e-12
1344,80700.0,80700,38.63165578525688,38.631655785247936,35.132140663316164,0.0,38.63165615975537,3.7450743626421266e-07,0.0,8.957132860985579e-14,-8.93686976991376e-12
1345,80760.0,80760,38.62724495404313,38.62724495403424,35.679422452670764,0.0,38.62724532854258,3.745083460906304e-07,0.0,8.9568412558168e-14,-8.880986696575773e-12
1346,80820.0,80820,38.62276883190143,38.62276883189259,36.22664175524982,0.0,38.62276920640185,3.74509254580673e-07,0.0,8.956544593081004e-14,-8.824924506266245e-12
1347,80880.0,80880,38.618225574265516,38.61822557425675,36.77379764609855,0.0,38.61822594876691,3.7451016164628533e-07,0.0,8.956244679330658e-14,-8.76868890370983e-12
1348,80940.0,80940,38.613613255346024,38.613613255337306,37.32088917413076,0.0,38.61361362984837,3.745110671890506e-07,0.0,8.955930682830982e-14,-8.712253749925722e-12
1349,81000.0,81000,38.60892986358887,38.60892986358021,37.86791536097827,0.0,38.60893023809218,3.7451197110019694e-07,0.0,8.95561796911816e-14,-8.655640647434817e-12
1350,81060.0,81060,38.604173297262726,38.60417329725413,38.41487519977591,0.0,38.604173671767,3.7451287326077426e-07,0.0,8.955293757088339e-14,-8.598827958802743e-12
1351,81120.0,81120,38.599341360223825,38.59934136021528,38.9617676538839,0.0,38.59934173472905,3.7451377354211634e-07,0.0,8.954966536105416e-14,-8.541824231036196e-12
1352,81180.0,81180,38.594431757923836,38.59443175791535,39.50859165555052,0.0,38.594432132430015,3.745146718063527e-07,0.0,8.954621091320981e-14,-8.484605980167807e-12
1353,81240.0,81240,38.58944209367167,38.58944209366325,40.0553461045179,0.0,38.58944246817882,3.745155679072519e-07,0.0,8.9542761920556e-14,-8.427187639518619e-12
1354,81300.0,81300,38.584369865123776,38.584369865115406,40.60202986657504,0.0,38.584370239631866,3.7451646169103015e-07,0.0,8.953920477063766e-14,-8.369552181113952e-12
1355,81360.0,81360,38.5792124608981,38.57921246088978,41.14864177206107,0.0,38.57921283540713,3.745173529975331e-07,0.0,8.953557037716545e-14,-8.311701324545912e-12
1356,81420.0,81420,38.57396715711393,38.57396715710567,41.69518061432059,0.0,38.57396753162391,3.7451824166122083e-07,0.0,8.953184849213558e-14,-8.253625991159016e-12
1357,81480.0,81480,38.56863111347144,38.56863111346323,42.24164514810982,0.0,38.56863148798236,3.745191275121949e-07,0.0,8.952802715682073e-14,-8.195320256491278e-12
1358,81540.0,81540,38.563201368321444,38.56320136831331,42.78803408794745,0.0,38.563201742833314,3.745200103767486e-07,0.0,8.952415914854663e-14,-8.136786504167237e-12
1359,81600.0,81600,38.557674831870905,38.557674831862826,43.334346106395465,0.0,38.55767520638371,3.745208900774238e-07,0.0,8.95201453179284e-14,-8.078008982644342e-12
1360,81660.0,81660,38.552048276364545,38.55204827635652,43.88057983224374,0.0,38.55204865087829,3.74521766432153e-07,0.0,8.951603541518348e-14,-8.018984343213828e-12
1361,81720.0,81720,38.54631832168178,38.546318321673816,44.426733848555685,0.0,38.54631869619646,3.7452263925174326e-07,0.0,8.951187201195998e-14,-7.959713032418762e-12
1362,81780.0,81780,38.54048141433701,38.5404814143291,44.97280669050962,0.0,38.54048178885261,3.745235083357397e-07,0.0,8.950760421753032e-14,-7.900188873775039e-12
1363,81840.0,81840,38.53453379741171,38.53453379740387,45.51879684294284,0.0,38.534534171928236,3.745243734655505e-07,0.0,8.950317910533503e-14,-7.840389347199527e-12
1364,81900.0,81900,38.52847146845176,38.528471468443975,46.064702737469624,0.0,38.52847184296922,3.745252343942618e-07,0.0,8.949876161114826e-14,-7.780339950113373e-12
1365,81960.0,81960,38.52229012197728,38.52229012196955,46.6105227490028,0.0,38.522290496495636,3.74526090832806e-07,0.0,8.949406634322062e-14,-7.719996014391635e-12
1366,82020.0,82020,38.51598507292443,38.51598507291677,47.15625519146093,0.0,38.51598544744371,3.745269424313523e-07,0.0,8.948930711833941e-14,-7.6593762349846e-12
1367,82080.0,82080,38.50955115725272,38.50955115724512,47.7018983123908,0.0,38.509551531772914,3.74527788755883e-07,0.0,8.948432198294194e-14,-7.598457111307626e-12
1368,82140.0,82140,38.50298260612595,38.50298260611841,48.247450286181994,0.0,38.50298298064703,3.7452862925951476e-07,0.0,8.947914719961843e-14,-7.537231920198612e-12
1369,82200.0,82200,38.49627289062631,38.496272890618826,48.79290920549889,0.0,38.49627326514829,3.7452946324846575e-07,0.0,8.947367565601164e-14,-7.475682614263591e-12
1370,82260.0,82260,38.48941453491037,38.489414534902956,49.33827307051288,0.0,38.489414909433236,3.74530289843594e-07,0.0,8.94678367351669e-14,-7.413785645586123e-12
1371,82320.0,82320,38.482398897348084,38.48239889734073,49.883539775487556,0.0,38.48239927187184,3.7453110793825786e-07,0.0,8.946161731737536e-14,-7.351523792818704e-12
1372,82380.0,82380,38.475215921499654,38.47521592149236,50.42870709226342,0.0,38.47521629602428,3.7453191615452874e-07,0.0,8.945487736651303e-14,-7.288866195347093e-12
1373,82440.0,82440,38.46785386247269,38.46785386246546,50.973772650214784,0.0,38.46785423699818,3.7453271280049383e-07,0.0,8.944747112408604e-14,-7.225767951342747e-12
1374,82500.0,82500,38.46029900002564,38.46029900001847,51.51873391232993,0.0,38.460299374551965,3.7453349583320967e-07,0.0,8.943933378876822e-14,-7.1621917405172e-12
1375,82560.0,82560,38.45253535957189,38.45253535956479,52.063588147227065,0.0,38.452535734099044,3.7453426283370436e-07,0.0,8.943029195379474e-14,-7.098082749533444e-12
1376,82620.0,82620,38.44454447861735,38.44454447861032,52.60833239721778,0.0,38.44454485314533,3.7453501100437294e-07,0.0,8.942018061178145e-14,-7.033374863283042e-12
1377,82680.0,82680,38.43630528293692,38.43630528292994,53.15296344306164,0.0,38.43630565746568,3.745357372047288e-07,0.0,8.940883412151702e-14,-6.967993096303866e-12
1378,82740.0,82740,38.42779417786293,38.42779417785602,53.6974777669667,0.0,38.427794552392456,3.745364380491006e-07,0.0,8.939616634206929e-14,-6.901850294838654e-12
1379,82800.0,82800,38.418985517548315,38.41898551754147,54.241871516883215,0.0,38.41898589207858,3.7453711010014525e-07,0.0,8.938219026909769e-14,-6.834869440204711e-12
1380,82860.0,82860,38.40985268473519,38.40985268472842,54.78614047744525,0.0,38.409853059266176,3.745377502010991e-07,0.0,8.93668933427234e-14,-6.766953848818605e-12
1381,82920.0,82920,38.400370078230864,38.40037007822417,55.33028005620911,0.0,38.40037045276252,3.745383559944911e-07,0.0,8.935055432602495e-14,-6.698024716228071e-12
1382,82980.0,82980,38.39051632551364,38.39051632550701,55.8742852980475,0.0,38.390516700045936,3.7453892666380605e-07,0.0,8.933368979159897e-14,-6.62803524702569e-12
1383,83040.0,83040,38.3802789438285,38.38027894382195,56.41815094505572,0.0,38.38027931836141,3.7453946389607915e-07,0.0,8.93171372445793e-14,-6.556975917263789e-12
1384,83100.0,83100,38.36966036361488,38.369660363608396,56.961871562490074,0.0,38.36966073814836,3.7453997298087243e-07,0.0,8.930213934140747e-14,-6.48490431787531e-12
1385,83160.0,83160,38.35868459453935,38.35868459453293,57.50544175003806,0.0,38.35868496907339,3.745404638270187e-07,0.0,8.929059912054793e-14,-6.412035403745076e-12
1386,83220.0,83220,38.347402817626595,38.34740281762026,58.04885644752416,0.0,38.34740319216121,3.7454095150584546e-07,0.0,8.928426347500013e-14,-6.3386672861448045e-12
1387,83280.0,83280,38.335895012881636,38.335895012875376,58.592111319837315,0.0,38.33589538741683,3.745414557804349e-07,0.0,8.928508316957935e-14,-6.265278113338493e-12
1388,83340.0,83340,38.32426397436463,38.32426397435843,59.1352031649166,0.0,38.32426434890043,3.7454199907524126e-07,0.0,8.92942614486932e-14,-6.192453650569952e-12
1389,83400.0,83400,38.31261872184585,38.31261872183973,59.67813023695021,0.0,38.312619096382335,3.745426026291489e-07,0.0,8.931156655264114e-14,-6.120798388173602e-12
1390,83460.0,83460,38.301047273307034,38.30104727330099,60.22089233457315,0.0,38.30104764784427,3.7454328122401894e-07,0.0,8.933478817413624e-14,-6.050793831406011e-12
1391,83520.0,83520,38.28958371744444,38.28958371743846,60.763490503341785,0.0,38.28958409198249,3.745440377185054e-07,0.0,8.93596747644387e-14,-5.982647873312029e-12
1392,83580.0,83580,38.27817929018596,38.27817929018004,61.3059262717357,0.0,38.278179664724895,3.7454485920610727e-07,0.0,8.938014471797094e-14,-5.916098883669445e-12
1393,83640.0,83640,38.26668823083989,38.266688230834035,61.848200477410124,0.0,38.266688605379755,3.745457164530918e-07,0.0,8.939006336164704e-14,-5.850466498123566e-12
1394,83700.0,83700,38.25487415227098,38.25487415226519,62.39031189307713,0.0,38.254874526811754,3.745465671401434e-07,0.0,8.938408731703846e-14,-5.784671727104094e-12
1395,83760.0,83760,38.24243228500233,38.24243228499661,62.932255942631095,0.0,38.24243265954397,3.7454736162936055e-07,0.0,8.935893376810491e-14,-5.717449544397164e-12
1396,83820.0,83820,38.22901159429232,38.22901159428667,63.47402373239874,0.0,38.22901196883472,3.745480483077129e-07,0.0,8.93132303399282e-14,-5.64753205166677e-12
1397,83880.0,83880,38.21421639815447,38.2142163981489,64.01560139571467,0.0,38.214216772697476,3.745485753573109e-07,0.0,8.924628940094221e-14,-5.573691950771171e-12
1398,83940.0,83940,38.19758278294772,38.19758278294223,64.55696946041864,0.0,38.19758315749111,3.7454888898082325e-07,0.0,8.915654862248433e-14,-5.494519703448351e-12
1399,84000.0,84000,38.1785737746993,38.178573774693895,65.09810188224053,0.0,38.17857414924283,3.7454893568637973e-07,0.0,8.904321020642683e-14,-5.408113404384247e-12
1400,84060.0,84060,38.156698827203414,38.1566988271981,65.6389650097789,0.0,38.15669920174679,3.7454868293880554e-07,0.0,8.891355063516214e-14,-5.312419900520191e-12
1401,84120.0,84120,38.13183836822413,38.131838368218915,66.17951824222774,0.0,38.13183874276708,3.745481626804764e-07,0.0,8.879275068247241e-14,-5.2070150283879974e-12
1402,84180.0,84180,38.10462638803218,38.10462638802708,66.71971928484103,0.0,38.10462676257459,3.7454750692757554e-07,0.0,8.872192903860519e-14,-5.0956397196515274e-12
1403,84240.0,84240,38.076388095248646,38.07638809524365,67.25953482440164,0.0,38.07638846979057,3.7454691180943034e-07,0.0,8.872980770947227e-14,-4.986286934417145e-12
1404,84300.0,84300,38.04815578315301,38.04815578314811,67.79895032148113,0.0,38.04815615769462,3.7454650235417427e-07,0.0,8.879066582670908e-14,-4.88551328999622e-12
1405,84360.0,84360,38.01936816574419,38.0193681657394,68.33796586080594,0.0,38.01936854028561,3.7454620506654405e-07,0.0,8.882245918040889e-14,-4.790975616937426e-12
1406,84420.0,84420,37.987740110156956,37.98774011015226,68.8765735755508,0.0,37.98774048469805,3.745457832881524e-07,0.0,8.87531378254722e-14,-4.692924730222327e-12
1407,84480.0,84480,37.95030885587963,37.95030885587505,69.41473322617483,0.0,37.95030923042004,3.745449903598525e-07,0.0,8.857202855900257e-14,-4.581727367045341e-12
1408,84540.0,84540,37.904360038150486,37.90436003814604,69.9523626006966,0.0,37.90436041268972,3.7454368103626236e-07,0.0,8.831722752491611e-14,-4.4503701696977434e-12
1409,84600.0,84600,37.848593921885275,37.84859392188098,70.48934103363389,0.0,37.84859429642288,3.745418978293563e-07,0.0,8.807002967460283e-14,-4.297246458951688e-12
1410,84660.0,84660,37.78475127817515,37.78475127817101,71.02552944659078,0.0,37.78475165271093,3.7453992668066897e-07,0.0,8.794610908550116e-14,-4.1362631983678606e-12
1411,84720.0,84720,37.71549610595949,37.7154961059555,71.5608134220951,0.0,37.71549648049355,3.745380483138419e-07,0.0,8.795259423903072e-14,-3.983503624522976e-12
1412,84780.0,84780,37.639959649734294,37.63995964973046,72.0951162826597,0.0,37.63996002426671,3.745362519281913e-07,0.0,8.795901729293449e-14,-3.836997421157281e-12
1413,84840.0,84840,37.55314550099082,37.553145500987135,72.62834904342779,0.0,37.553145875521466,3.7453433756892346e-07,0.0,8.786763303059046e-14,-3.6844775424384054e-12
1414,84900.0,84900,37.44810887559455,37.44810887559103,73.16035193708869,0.0,37.44810925012319,3.745321580384431e-07,0.0,8.768730495243697e-14,-3.514780556162573e-12
1415,84960.0,84960,37.31996653359231,37.319966533588975,73.69086681188983,0.0,37.319966908118765,3.745297828165953e-07,0.0,8.752395775625912e-14,-3.3324851867159997e-12
1416,85020.0,85020,37.164595342677636,37.16459534267449,74.21956633684594,0.0,37.164595717201834,3.7452734663864226e-07,0.0,8.742410668347116e-14,-3.144552942502567e-12
1417,85080.0,85080,36.97627920294497,36.976279202942024,74.74606476993077,0.0,36.97627957746696,3.745249361797775e-07,0.0,8.73816244868038e-14,-2.951269609994761e-12
1418,85140.0,85140,36.752130314335396,36.75213031433264,75.26989539103604,0.0,36.75213068885532,3.745226797772104e-07,0.0,8.74428287548615e-14,-2.7614861002955765e-12
1419,85200.0,85200,36.492167035648805,36.49216703564622,75.79055056955274,0.0,36.49216741016692,3.745207042852826e-07,0.0,8.760996152703658e-14,-2.5861127984024244e-12
1420,85260.0,85260,36.192334196733654,36.192334196731224,76.30752293495466,0.0,36.19233457125028,3.7451904838827136e-07,0.0,8.780916171648751e-14,-2.4253209311481545e-12
1421,85320.0,85320,35.843158008518806,35.84315800851653,76.82024766847199,0.0,35.84315838303423,3.745176981158159e-07,0.0,8.799550640588267e-14,-2.275075605967446e-12
1422,85380.0,85380,35.43543260884238,35.435432608840244,77.32802573932295,0.0,35.43543298335689,3.7451664414704026e-07,0.0,8.817837516903347e-14,-2.1350097005915606e-12
1423,85440.0,85440,34.96387251810048,34.963872518098476,77.83002770034517,0.0,34.96387289261436,3.7451588759126823e-07,0.0,8.837013411478723e-14,-2.00674949975057e-12
1424,85500.0,85500,34.42717216448951,34.427172164487615,78.32534922674851,0.0,34.427172539003045,3.7451542926924317e-07,0.0,8.856614444042886e-14,-1.8910649770290573e-12
1425,85560.0,85560,33.827718526846006,33.827718526844215,78.81306749814242,0.0,33.82771890135948,3.7451526679968563e-07,0.0,8.875602121508476e-14,-1.7876534725736688e-12
1426,85620.0,85620,33.17144213166716,33.171442131665465,79.29229350966968,0.0,33.17144250618086,3.7451539441907184e-07,0.0,8.893287590776866e-14,-1.6950727092710081e-12
1427,85680.0,85680,32.466877211733156,32.46687721173154,79.76222227226526,0.0,32.46687758624734,3.745158015816647e-07,0.0,8.910466035842639e-14,-1.6114381697778115e-12
1428,85740.0,85740,31.72420764479298,31.724207644791434,80.22216969849512,0.0,31.724208019307905,3.7451647346691173e-07,0.0,8.92931786770467e-14,-1.5491358785530154e-12
1429,85800.0,85800,30.956256989420904,30.956256989419202,80.67159597252663,0.0,30.956257363936597,3.745173951551944e-07,0.0,8.928313371769135e-14,-1.7021247410052737e-12
1430,85860.0,85860,30.170830731302303,30.170830731296224,81.11014294560705,0.0,30.17083110581476,3.7451853927836037e-07,0.0,8.556635319147069e-14,-6.0821511413460834e-12
1431,,85920,,,,,,,,,
