,time,time_x,P_Grid,P_BTMS,E_BTMS,P_Charge,P_BTMS_Ch,P_BTMS_DCh,"param: btms size, a,b_sys,b_cap,b_loan,c"
0,60.0,60,18.581204105852226,18.581204105852226,7.230147794293755e-14,0.0,18.581204669573978,5.637217509691085e-07,205.90062954326982
1,120.0,120,18.581204105519976,18.581204105519976,0.26323372342373175,0.0,18.581204669307844,5.637878647492512e-07,0.5917808219178082
2,180.0,180,18.58120410518924,18.581204105189244,0.5264674468425162,0.0,18.581204669042798,5.638535538096564e-07,0.04323985936321764
3,240.0,240,18.58120410486,18.58120410486,0.7897011702564534,0.0,18.581204668778827,5.639188304883166e-07,0.023148148148148147
4,300.0,300,18.58120410453223,18.58120410453223,1.0529348936655638,0.0,18.581204668515937,5.639837070206628e-07,0.009341992564003648
5,360.0,360,18.581204104205916,18.581204104205916,1.3161686170698672,0.0,18.581204668254113,5.640481955372892e-07,0.12
6,420.0,420,18.581204103881042,18.581204103881042,1.579402340469387,0.0,18.58120466799335,5.64112308062027e-07,0.0
7,480.0,480,18.58120410355758,18.58120410355758,1.8426360638641412,0.0,18.58120466773364,5.641760565096689e-07,0.0
8,540.0,540,18.58120410323552,18.581204103235525,2.1058697872541563,0.0,18.581204667474978,5.64239452684036e-07,0.0
9,600.0,600,18.581204102914846,18.581204102914846,2.3691035106394533,0.0,18.581204667217357,5.643025082760917e-07,0.0
10,660.0,660,18.58120410259553,18.58120410259553,2.632337234020044,0.0,18.58120466696077,5.643652348622489e-07,0.0
11,720.0,720,18.581204102277564,18.581204102277567,2.8955709573959583,0.0,18.581204666705208,5.644276439021849e-07,0.0
12,780.0,780,18.581204101960925,18.581204101960928,3.1588046807672083,0.0,18.581204666450674,5.644897467374734e-07,0.0
13,840.0,840,18.581204101645596,18.581204101645596,3.4220384041338225,0.0,18.581204666197156,5.645515545898396e-07,0.0
14,900.0,900,18.58120410133156,18.58120410133156,3.685272127495812,0.0,18.581204665944643,5.646130785593847e-07,0.0
15,960.0,960,18.581204101018805,18.581204101018805,3.948505850853198,0.0,18.581204665693136,5.646743296233525e-07,0.0
16,1020.0,1020,18.58120410070731,18.58120410070731,4.2117395742060015,0.0,18.58120466544263,5.647353186344966e-07,0.0
17,1080.0,1080,18.581204100397056,18.581204100397056,4.4749732975542384,0.0,18.581204665193113,5.647960563197761e-07,0.0
18,1140.0,1140,18.581204100088026,18.581204100088026,4.738207020897929,0.0,18.581204664944583,5.648565532787417e-07,0.0
19,1200.0,1200,18.581204099780216,18.581204099780216,5.001440744237087,0.0,18.581204664697033,5.649168199828741e-07,0.0
20,1260.0,1260,18.58120409947359,18.581204099473595,5.264674467571741,0.0,18.58120466445046,5.64976866773671e-07,0.0
21,1320.0,1320,18.58120409916815,18.581204099168154,5.527908190901893,0.0,18.581204664204854,5.650367038619407e-07,0.0
22,1380.0,1380,18.581204098863875,18.581204098863875,5.7911419142275715,0.0,18.581204663960214,5.650963413267119e-07,0.0
23,1440.0,1440,18.581204098560747,18.581204098560747,6.0543756375487945,0.0,18.581204663716534,5.65155789113977e-07,0.0
24,1500.0,1500,18.58120409825875,18.58120409825875,6.317609360865572,0.0,18.581204663473805,5.652150570359065e-07,0.0
25,1560.0,1560,18.581204097957873,18.581204097957873,6.580843084177921,0.0,18.581204663232025,5.652741547698703e-07,0.0
26,1620.0,1620,18.581204097658098,18.581204097658098,6.8440768074858624,0.0,18.581204662991194,5.653330918576921e-07,0.0
27,1680.0,1680,18.581204097359418,18.581204097359418,7.10731053078941,0.0,18.581204662751297,5.653918777045985e-07,0.0
28,1740.0,1740,18.58120409706181,18.58120409706181,7.370544254088575,0.0,18.58120466251233,5.65450521578876e-07,0.0
29,1800.0,1800,18.581204096765262,18.581204096765262,7.633777977383382,0.0,18.581204662274295,5.655090326107551e-07,0.0
30,1860.0,1860,18.58120409646976,18.58120409646976,7.897011700673838,0.0,18.58120466203718,5.655674197921772e-07,0.0
31,1920.0,1920,18.581204096175295,18.581204096175295,8.160245423959964,0.0,18.58120466180099,5.656256919758738e-07,0.0
32,1980.0,1980,18.58120409588185,18.58120409588185,8.423479147241771,0.0,18.581204661565707,5.656838578752173e-07,0.0
33,2040.0,2040,18.58120409558941,18.58120409558941,8.686712870519282,0.0,18.581204661331338,5.65741926063177e-07,0.0
34,2100.0,2100,18.581204095297966,18.58120409529797,8.9499465937925,0.0,18.58120466109787,5.65799904972572e-07,0.0
35,2160.0,2160,18.581204095007504,18.581204095007504,9.213180317061441,0.0,18.581204660865307,5.65857802895274e-07,0.0
36,2220.0,2220,18.58120409471801,18.58120409471801,9.476414040326125,0.0,18.581204660633638,5.659156279818566e-07,0.0
37,2280.0,2280,18.581204094429474,18.581204094429474,9.739647763586564,0.0,18.581204660402864,5.659733882415824e-07,0.0
38,2340.0,2340,18.58120409414188,18.58120409414188,10.002881486842773,0.0,18.581204660172975,5.66031091541969e-07,0.0
39,2400.0,2400,18.581204093855224,18.581204093855224,10.26611521009476,0.0,18.58120465994397,5.660887456086981e-07,0.0
40,2460.0,2460,18.581204093569486,18.581204093569486,10.529348933342542,0.0,18.581204659715844,5.661463580252388e-07,0.0
41,2520.0,2520,18.581204093284658,18.581204093284658,10.79258265658613,0.0,18.581204659488595,5.66203936233205e-07,0.0
42,2580.0,2580,18.58120409300073,18.58120409300073,11.055816379825545,0.0,18.581204659262216,5.662614875318103e-07,0.0
43,2640.0,2640,18.581204092717687,18.581204092717687,11.31905010306079,0.0,18.581204659036704,5.663190190781536e-07,0.0
44,2700.0,2700,18.58120409243552,18.581204092435524,11.58228382629188,0.0,18.58120465881206,5.66376537887115e-07,0.0
45,2760.0,2760,18.581204092154223,18.581204092154223,11.845517549518828,0.0,18.581204658588273,5.664340508314727e-07,0.0
46,2820.0,2820,18.58120409187378,18.58120409187378,12.108751272741655,0.0,18.581204658365344,5.664915646420133e-07,0.0
47,2880.0,2880,18.58120409159418,18.58120409159418,12.37198499596036,0.0,18.581204658143267,5.665490859075318e-07,0.0
48,2940.0,2940,18.58120409131542,18.58120409131542,12.635218719174961,0.0,18.581204657922044,5.666066210752787e-07,0.0
49,3000.0,3000,18.581204091037485,18.581204091037485,12.89845244238547,0.0,18.58120465770166,5.666641764507984e-07,0.0
50,3060.0,3060,18.581204090760366,18.581204090760366,13.161686165591895,0.0,18.58120465748213,5.667217581985577e-07,0.0
51,3120.0,3120,18.581204090484057,18.581204090484057,13.424919888794253,0.0,18.58120465726343,5.667793723420111e-07,0.0
52,3180.0,3180,18.581204090208544,18.581204090208548,13.68815361199255,0.0,18.58120465704557,5.668370247638984e-07,0.0
53,3240.0,3240,18.581204089933824,18.581204089933824,13.951387335186801,0.0,18.581204656828547,5.66894721206667e-07,0.0
54,3300.0,3300,18.58120408965988,18.58120408965988,14.21462105837702,0.0,18.58120465661235,5.669524672728603e-07,0.0
55,3360.0,3360,18.581204089386713,18.581204089386713,14.47785478156321,0.0,18.581204656396984,5.670102684254618e-07,0.0
56,3420.0,3420,18.58120408911431,18.58120408911431,14.741088504745385,0.0,18.581204656182443,5.670681299883097e-07,0.0
57,3480.0,3480,18.58120408884266,18.58120408884266,15.004322227923558,0.0,18.58120465596872,5.671260571467717e-07,0.0
58,3540.0,3540,18.58120408857176,18.581204088571763,15.267555951097735,0.0,18.58120465575582,5.671840549478093e-07,0.0
59,3600.0,3600,18.581204088301604,18.581204088301604,15.530789674267929,0.0,18.581204655543733,5.672421283009966e-07,0.0
60,3660.0,3660,18.58120408803218,18.58120408803218,15.79402339743415,0.0,18.581204655332463,5.673002819787397e-07,0.0
61,3720.0,3720,18.58120408776348,18.581204087763485,16.05725712059641,0.0,18.581204655122004,5.673585206170495e-07,0.0
62,3780.0,3780,18.581204087495504,18.581204087495504,16.32049084375472,0.0,18.58120465491235,5.674168487158129e-07,0.0
63,3840.0,3840,18.58120408722824,18.58120408722824,16.58372456690909,0.0,18.581204654703512,5.67475270639935e-07,0.0
64,3900.0,3900,18.58120408696168,18.58120408696168,16.846958290059526,0.0,18.581204654495473,5.675337906193774e-07,0.0
65,3960.0,3960,18.58120408669582,18.581204086695823,17.11019201320604,0.0,18.581204654288236,5.675924127503451e-07,0.0
66,4020.0,4020,18.58120408643066,18.58120408643066,17.37342573634864,0.0,18.5812046540818,5.676511409956884e-07,0.0
67,4080.0,4080,18.581204086166185,18.581204086166185,17.636659459487337,0.0,18.581204653876163,5.677099791856419e-07,0.0
68,4140.0,4140,18.58120408590239,18.581204085902392,17.899893182622137,0.0,18.58120465367132,5.677689310188301e-07,0.0
69,4200.0,4200,18.58120408563927,18.58120408563927,18.163126905753057,0.0,18.581204653467275,5.678280000623577e-07,0.0
70,4260.0,4260,18.581204085376825,18.581204085376825,18.4263606288801,0.0,18.581204653264017,5.678871897534244e-07,0.0
71,4320.0,4320,18.58120408511505,18.58120408511505,18.68959435200328,0.0,18.581204653061555,5.679465033995387e-07,0.0
72,4380.0,4380,18.58120408485393,18.581204084853933,18.952828075122596,0.0,18.581204652859874,5.68005944179361e-07,0.0
73,4440.0,4440,18.581204084593473,18.581204084593473,19.216061798238066,0.0,18.581204652658986,5.680655151438319e-07,0.0
74,4500.0,4500,18.581204084333663,18.581204084333663,19.4792955213497,0.0,18.581204652458883,5.681252192167492e-07,0.0
75,4560.0,4560,18.581204084074503,18.581204084074503,19.742529244457508,0.0,18.581204652259565,5.681850591956367e-07,0.0
76,4620.0,4620,18.581204083815987,18.581204083815987,20.005762967561488,0.0,18.581204652061025,5.682450377528013e-07,0.0
77,4680.0,4680,18.581204083558113,18.581204083558113,20.268996690661663,0.0,18.581204651863267,5.683051574359944e-07,0.0
78,4740.0,4740,18.58120408330087,18.58120408330087,20.532230413758022,0.0,18.58120465166629,5.683654206694296e-07,0.0
79,4800.0,4800,18.581204083044266,18.581204083044266,20.795464136850597,0.0,18.581204651470095,5.684258297546521e-07,0.0
80,4860.0,4860,18.581204082788286,18.581204082788286,21.058697859939386,0.0,18.581204651274675,5.684863868715369e-07,0.0
81,4920.0,4920,18.581204082532935,18.581204082532935,21.321931583024398,0.0,18.58120465108003,5.685470940791253e-07,0.0
82,4980.0,4980,18.581204082278205,18.581204082278205,21.58516530610563,0.0,18.58120465088616,5.686079533166366e-07,0.0
83,5040.0,5040,18.581204082024097,18.581204082024097,21.84839902918311,0.0,18.581204650693067,5.686689664043693e-07,0.0
84,5100.0,5100,18.581204081770608,18.581204081770608,22.111632752256835,0.0,18.581204650500744,5.687301350448813e-07,0.0
85,5160.0,5160,18.581204081517733,18.581204081517733,22.37486647532682,0.0,18.581204650309193,5.687914608235669e-07,0.0
86,5220.0,5220,18.581204081265472,18.581204081265472,22.638100198393065,0.0,18.58120465011842,5.688529452100118e-07,0.0
87,5280.0,5280,18.58120408101382,18.58120408101382,22.90133392145558,0.0,18.58120464992841,5.689145895589016e-07,0.0
88,5340.0,5340,18.581204080762777,18.581204080762777,23.164567644514378,0.0,18.58120464973917,5.689763951109549e-07,0.0
89,5400.0,5400,18.581204080512343,18.581204080512343,23.42780136756947,0.0,18.581204649550706,5.690383629939477e-07,0.0
90,5460.0,5460,18.581204080262513,18.581204080262513,23.691035090620854,0.0,18.58120464936301,5.691004942238358e-07,0.0
91,5520.0,5520,18.581204080013286,18.581204080013286,23.95426881366854,0.0,18.58120464917608,5.691627897057465e-07,0.0
92,5580.0,5580,18.581204079764667,18.581204079764667,24.217502536712548,0.0,18.581204648989917,5.692252502350223e-07,0.0
93,5640.0,5640,18.581204079516645,18.581204079516645,24.48073625975287,0.0,18.581204648804526,5.692878764980905e-07,0.0
94,5700.0,5700,18.58120407926923,18.58120407926923,24.74396998278953,0.0,18.5812046486199,5.693506690739214e-07,0.0
95,5760.0,5760,18.581204079022413,18.581204079022413,25.00720370582252,0.0,18.581204648436042,5.694136284346188e-07,0.0
96,5820.0,5820,18.581204078776196,18.581204078776196,25.27043742885186,0.0,18.58120464825295,5.694767549468985e-07,0.0
97,5880.0,5880,18.58120407853058,18.58120407853058,25.533671151877556,0.0,18.581204648070624,5.695400488729178e-07,0.0
98,5940.0,5940,18.58120407828556,18.581204078285563,25.79690487489961,0.0,18.58120464788907,5.696035103713264e-07,0.0
99,6000.0,6000,18.58120407804114,18.58120407804114,26.060138597918037,0.0,18.581204647708283,5.696671394985696e-07,0.0
100,6060.0,6060,18.581204077797324,18.581204077797324,26.32337232093284,0.0,18.58120464752826,5.697309362098022e-07,0.0
101,6120.0,6120,18.5812040775541,18.581204077554105,26.586606043944034,0.0,18.581204647349004,5.697949003599269e-07,0.0
102,6180.0,6180,18.581204077311487,18.581204077311487,26.84983976695162,0.0,18.58120464717052,5.698590317048382e-07,0.0
103,6240.0,6240,18.58120407706947,18.58120407706947,27.113073489955614,0.0,18.581204646992802,5.699233299025059e-07,0.0
104,6300.0,6300,18.581204076828055,18.581204076828055,27.376307212956004,0.0,18.58120464681585,5.699877945139413e-07,0.0
105,6360.0,6360,18.58120407658724,18.581204076587245,27.639540935952823,0.0,18.58120464663967,5.700524250044741e-07,0.0
106,6420.0,6420,18.581204076347035,18.581204076347035,27.902774658946072,0.0,18.581204646464254,5.701172207446216e-07,0.0
107,6480.0,6480,18.581204076107433,18.581204076107433,28.166008381935747,0.0,18.581204646289613,5.701821810115156e-07,0.0
108,6540.0,6540,18.581204075868435,18.581204075868435,28.429242104921872,0.0,18.58120464611574,5.702473049896732e-07,0.0
109,6600.0,6600,18.581204075630044,18.581204075630048,28.692475827904445,0.0,18.58120464594264,5.70312591772411e-07,0.0
110,6660.0,6660,18.58120407539227,18.58120407539227,28.955709550883476,0.0,18.58120464577031,5.703780403627333e-07,0.0
111,6720.0,6720,18.5812040751551,18.581204075155103,29.21894327385898,0.0,18.581204645598753,5.704436496746352e-07,0.0
112,6780.0,6780,18.58120407491855,18.58120407491855,29.482176996830958,0.0,18.581204645427967,5.705094185339134e-07,0.0
113,6840.0,6840,18.581204074682613,18.581204074682613,29.745410719799416,0.0,18.58120464525796,5.705753456796899e-07,0.0
114,6900.0,6900,18.581204074447292,18.581204074447292,30.008644442764368,0.0,18.581204645088725,5.706414297651056e-07,0.0
115,6960.0,6960,18.581204074212593,18.581204074212593,30.271878165725823,0.0,18.581204644920263,5.707076693588643e-07,0.0
116,7020.0,7020,18.58120407397852,18.58120407397852,30.53511188868379,0.0,18.58120464475258,5.707740629460745e-07,0.0
117,7080.0,7080,18.581204073745067,18.581204073745067,30.798345611638272,0.0,18.58120464458568,5.70840608929249e-07,0.0
118,7140.0,7140,18.581204073512247,18.581204073512247,31.06157933458929,0.0,18.581204644419554,5.70907305629763e-07,0.0
119,7200.0,7200,18.581204073280055,18.581204073280055,31.32481305753683,0.0,18.581204644254207,5.709741512887693e-07,0.0
120,7260.0,7260,18.581204073048497,18.581204073048497,31.58804678048092,0.0,18.581204644089645,5.710411440683257e-07,0.0
121,7320.0,7320,18.58120407281758,18.58120407281758,31.851280503421567,0.0,18.58120464392586,5.711082820524977e-07,0.0
122,7380.0,7380,18.581204072587305,18.581204072587305,32.114514226358764,0.0,18.58120464376287,5.711755632485908e-07,0.0
123,7440.0,7440,18.58120407235767,18.58120407235767,32.377747949292534,0.0,18.581204643600657,5.712429855879993e-07,0.0
124,7500.0,7500,18.581204072128685,18.58120407212869,32.640981672222885,0.0,18.581204643439232,5.713105469276007e-07,0.0
125,7560.0,7560,18.581204071900352,18.581204071900352,32.90421539514982,0.0,18.5812046432786,5.713782450507027e-07,0.0
126,7620.0,7620,18.581204071672676,18.58120407167268,33.16744911807336,0.0,18.581204643118756,5.714460776682488e-07,0.0
127,7680.0,7680,18.58120407144566,18.58120407144566,33.4306828409935,0.0,18.5812046429597,5.715140424197587e-07,0.0
128,7740.0,7740,18.581204071219304,18.581204071219307,33.69391656391024,0.0,18.581204642801442,5.715821368746122e-07,0.0
129,7800.0,7800,18.58120407099362,18.58120407099362,33.95715028682361,0.0,18.581204642643982,5.716503585330025e-07,0.0
130,7860.0,7860,18.581204070768607,18.581204070768607,34.22038400973363,0.0,18.581204642487315,5.717187048271872e-07,0.0
131,7920.0,7920,18.58120407054427,18.58120407054427,34.48361773264027,0.0,18.581204642331446,5.717871731224034e-07,0.0
132,7980.0,7980,18.581204070320616,18.581204070320616,34.74685145554357,0.0,18.581204642176374,5.718557607181505e-07,0.0
133,8040.0,8040,18.581204070097645,18.581204070097645,35.01008517844353,0.0,18.58120464202211,5.71924464849099e-07,0.0
134,8100.0,8100,18.581204069875366,18.58120406987537,35.27331890134016,0.0,18.58120464186865,5.719932826862635e-07,0.0
135,8160.0,8160,18.581204069653783,18.581204069653786,35.536552624233465,0.0,18.581204641716,5.720622113380988e-07,0.0
136,8220.0,8220,18.5812040694329,18.581204069432903,35.799786347123465,0.0,18.58120464156415,5.721312478515697e-07,0.0
137,8280.0,8280,18.581204069212724,18.581204069212724,36.06302007001016,0.0,18.581204641413116,5.722003892132146e-07,0.0
138,8340.0,8340,18.58120406899326,18.58120406899326,36.32625379289356,0.0,18.581204641262893,5.72269632350267e-07,0.0
139,8400.0,8400,18.58120406877451,18.58120406877451,36.58948751577368,0.0,18.581204641113487,5.723389741315895e-07,0.0
140,8460.0,8460,18.58120406855648,18.58120406855648,36.85272123865053,0.0,18.581204640964895,5.724084113688728e-07,0.0
141,8520.0,8520,18.581204068339183,18.581204068339183,37.11595496152411,0.0,18.581204640817123,5.724779408177262e-07,0.0
142,8580.0,8580,18.581204068122616,18.581204068122616,37.37918868439444,0.0,18.581204640670173,5.72547559178623e-07,0.0
143,8640.0,8640,18.581204067906786,18.581204067906786,37.642422407261535,0.0,18.58120464052405,5.726172630979389e-07,0.0
144,8700.0,8700,18.581204067691697,18.5812040676917,37.9056561301254,0.0,18.58120464037875,5.726870491692094e-07,0.0
145,8760.0,8760,18.581204067477362,18.581204067477362,38.16888985298604,0.0,18.58120464023428,5.727569139338824e-07,0.0
146,8820.0,8820,18.581204067263787,18.581204067263787,38.43212357584346,0.0,18.58120464009064,5.728268538826924e-07,0.0
147,8880.0,8880,18.58120406705097,18.581204067050972,38.69535729869769,0.0,18.581204639947835,5.728968654563936e-07,0.0
148,8940.0,8940,18.58120406683892,18.58120406683892,38.95859102154873,0.0,18.58120463980587,5.729669450469528e-07,0.0
149,9000.0,9000,18.581204066627645,18.58120406662765,39.221824744396585,0.0,18.581204639664737,5.730370889986454e-07,0.0
150,9060.0,9060,18.581204066417154,18.581204066417154,39.48505846724128,0.0,18.58120463952445,5.731072936088591e-07,0.0
151,9120.0,9120,18.58120406620745,18.58120406620745,39.74829219008281,0.0,18.581204639385003,5.731775551292939e-07,0.0
152,9180.0,9180,18.581204065998538,18.581204065998538,40.01152591292119,0.0,18.58120463924641,5.732478697670512e-07,0.0
153,9240.0,9240,18.581204065790427,18.581204065790427,40.27475963575644,0.0,18.581204639108662,5.733182336854315e-07,0.0
154,9300.0,9300,18.581204065583123,18.581204065583123,40.53799335858856,0.0,18.58120463897177,5.733886430050365e-07,0.0
155,9360.0,9360,18.581204065376635,18.581204065376635,40.80122708141758,0.0,18.58120463883573,5.734590938048068e-07,0.0
156,9420.0,9420,18.581204065170965,18.581204065170965,41.06446080424348,0.0,18.581204638700548,5.735295821230465e-07,0.0
157,9480.0,9480,18.581204064966126,18.581204064966126,41.327694527066306,0.0,18.58120463856623,5.736001039583175e-07,0.0
158,9540.0,9540,18.58120406476212,18.58120406476212,41.59092824988606,0.0,18.581204638432776,5.736706552705099e-07,0.0
159,9600.0,9600,18.581204064558957,18.581204064558957,41.854161972702734,0.0,18.581204638300186,5.737412319817173e-07,0.0
160,9660.0,9660,18.58120406435664,18.58120406435664,42.11739569551636,0.0,18.58120463816847,5.738118299775401e-07,0.0
161,9720.0,9720,18.581204064155177,18.581204064155177,42.38062941832693,0.0,18.581204638037626,5.738824451075264e-07,0.0
162,9780.0,9780,18.58120406395458,18.581204063954583,42.64386314113448,0.0,18.581204637907657,5.73953073186611e-07,0.0
163,9840.0,9840,18.581204063754857,18.581204063754857,42.90709686393902,0.0,18.581204637778566,5.740237099958817e-07,0.0
164,9900.0,9900,18.581204063556008,18.581204063556008,43.17033058674055,0.0,18.58120463765036,5.740943512835573e-07,0.0
165,9960.0,9960,18.581204063358047,18.581204063358047,43.43356430953907,0.0,18.581204637523037,5.741649927659933e-07,0.0
166,10020.0,10020,18.581204063160975,18.58120406316098,43.69679803233462,0.0,18.581204637396606,5.742356301285503e-07,0.0
167,10080.0,10080,18.581204062964808,18.581204062964808,43.9600317551272,0.0,18.581204637271068,5.743062590265608e-07,0.0
168,10140.0,10140,18.581204062769544,18.581204062769544,44.223265477916826,0.0,18.58120463714642,5.743768750863338e-07,0.0
169,10200.0,10200,18.5812040625752,18.5812040625752,44.486499200703506,0.0,18.581204637022672,5.744474739060429e-07,0.0
170,10260.0,10260,18.58120406238178,18.58120406238178,44.749732923487265,0.0,18.58120463689983,5.745180510566737e-07,0.0
171,10320.0,10320,18.581204062189286,18.581204062189286,45.0129666462681,0.0,18.58120463677789,5.745886020828337e-07,0.0
172,10380.0,10380,18.581204061997735,18.581204061997735,45.27620036904603,0.0,18.58120463665686,5.74659122503933e-07,0.0
173,10440.0,10440,18.581204061807128,18.581204061807128,45.53943409182108,0.0,18.58120463653674,5.747296078147997e-07,0.0
174,10500.0,10500,18.58120406161748,18.581204061617484,45.80266781459324,0.0,18.581204636417535,5.748000534867888e-07,0.0
175,10560.0,10560,18.581204061428796,18.581204061428796,46.06590153736255,0.0,18.581204636299248,5.748704549685741e-07,0.0
176,10620.0,10620,18.581204061241078,18.581204061241078,46.329135260129,0.0,18.581204636181887,5.749408076871196e-07,0.0
177,10680.0,10680,18.58120406105434,18.58120406105434,46.59236898289262,0.0,18.58120463606545,5.750111070485817e-07,0.0
178,10740.0,10740,18.58120406086859,18.581204060868593,46.85560270565342,0.0,18.58120463594994,5.750813484389961e-07,0.0
179,10800.0,10800,18.581204060683838,18.581204060683838,47.118836428411406,0.0,18.581204635835366,5.75151527225575e-07,0.0
180,10860.0,10860,18.581204060500088,18.581204060500088,47.38207015116661,0.0,18.581204635721726,5.752216387570372e-07,0.0
181,10920.0,10920,18.581204060317347,18.581204060317347,47.645303873919026,0.0,18.581204635609026,5.752916783649057e-07,0.0
182,10980.0,10980,18.58120406013563,18.58120406013563,47.90853759666869,0.0,18.581204635497272,5.753616413641945e-07,0.0
183,11040.0,11040,18.58120405995494,18.58120405995494,48.1717713194156,0.0,18.581204635386467,5.754315230543424e-07,0.0
184,11100.0,11100,18.581204059775285,18.58120405977529,48.435005042159766,0.0,18.581204635276606,5.755013187199522e-07,0.0
185,11160.0,11160,18.581204059596676,18.58120405959668,48.69823876490122,0.0,18.581204635167705,5.755710236318287e-07,0.0
186,11220.0,11220,18.58120405941912,18.58120405941912,48.961472487639966,0.0,18.581204635059756,5.756406330474447e-07,0.0
187,11280.0,11280,18.58120405924263,18.58120405924263,49.22470621037602,0.0,18.581204634952773,5.757101422122253e-07,0.0
188,11340.0,11340,18.581204059067208,18.581204059067208,49.48793993310941,0.0,18.581204634846753,5.757795463601837e-07,0.0
189,11400.0,11400,18.58120405889286,18.581204058892865,49.751173655840134,0.0,18.581204634741706,5.758488407145754e-07,0.0
190,11460.0,11460,18.58120405871961,18.58120405871961,50.014407378568215,0.0,18.58120463463763,5.75918020489014e-07,0.0
191,11520.0,11520,18.58120405854745,18.58120405854745,50.27764110129367,0.0,18.58120463453453,5.759870808880677e-07,0.0
192,11580.0,11580,18.581204058376393,18.581204058376397,50.54087482401651,0.0,18.58120463443241,5.760560171081928e-07,0.0
193,11640.0,11640,18.581204058206453,18.581204058206453,50.804108546736764,0.0,18.581204634331275,5.761248243383498e-07,0.0
194,11700.0,11700,18.58120405803763,18.58120405803763,51.06734226945442,0.0,18.58120463423113,5.761934977611511e-07,0.0
195,11760.0,11760,18.581204057869943,18.581204057869943,51.330575992169535,0.0,18.581204634131975,5.762620325531207e-07,0.0
196,11820.0,11820,18.58120405770339,18.58120405770339,51.5938097148821,0.0,18.581204634033817,5.763304238860941e-07,0.0
197,11880.0,11880,18.581204057537988,18.581204057537988,51.857043437592125,0.0,18.581204633936657,5.763986669273424e-07,0.0
198,11940.0,11940,18.58120405737374,18.58120405737374,52.120277160299636,0.0,18.5812046338405,5.764667568409717e-07,0.0
199,12000.0,12000,18.58120405721066,18.581204057210662,52.383510883004654,0.0,18.58120463374535,5.765346887881969e-07,0.0
200,12060.0,12060,18.58120405704875,18.58120405704875,52.646744605707184,0.0,18.58120463365121,5.766024579283324e-07,0.0
201,12120.0,12120,18.581204056888026,18.58120405688803,52.909978328407256,0.0,18.581204633558087,5.766700594195711e-07,0.0
202,12180.0,12180,18.58120405672849,18.58120405672849,53.17321205110489,0.0,18.58120463346598,5.767374884194707e-07,0.0
203,12240.0,12240,18.581204056570158,18.581204056570158,53.43644577380008,0.0,18.5812046333749,5.768047400861395e-07,0.0
204,12300.0,12300,18.581204056413032,18.581204056413032,53.69967949649287,0.0,18.581204633284845,5.768718095784253e-07,0.0
205,12360.0,12360,18.581204056257125,18.581204056257125,53.962913219183264,0.0,18.581204633195817,5.769386920571796e-07,0.0
206,12420.0,12420,18.581204056102443,18.581204056102443,54.22614694187128,0.0,18.581204633107827,5.770053826855428e-07,0.0
207,12480.0,12480,18.581204055948998,18.581204055948998,54.48938066455694,0.0,18.581204633020874,5.770718766299167e-07,0.0
208,12540.0,12540,18.581204055796793,18.581204055796793,54.752614387240264,0.0,18.581204632934963,5.771381690605485e-07,0.0
209,12600.0,12600,18.58120405564584,18.58120405564584,55.01584810992126,0.0,18.5812046328501,5.772042551523148e-07,0.0
210,12660.0,12660,18.58120405549615,18.58120405549615,55.27908183259995,0.0,18.58120463276628,5.772701300853254e-07,0.0
211,12720.0,12720,18.581204055347733,18.581204055347733,55.54231555527636,0.0,18.581204632683523,5.773357890457588e-07,0.0
212,12780.0,12780,18.581204055200587,18.58120405520059,55.805549277950504,0.0,18.581204632601814,5.774012272264211e-07,0.0
213,12840.0,12840,18.581204055054734,18.581204055054734,56.0687830006224,0.0,18.581204632521175,5.774664398273153e-07,0.0
214,12900.0,12900,18.581204054910177,18.581204054910177,56.33201672329207,0.0,18.581204632441597,5.775314220566666e-07,0.0
215,12960.0,12960,18.58120405476692,18.58120405476692,56.59525044595952,0.0,18.581204632363093,5.775961691312335e-07,0.0
216,13020.0,13020,18.58120405462498,18.58120405462498,56.858484168624784,0.0,18.581204632285655,5.7766067627717e-07,0.0
217,13080.0,13080,18.58120405448436,18.581204054484363,57.12171789128787,0.0,18.5812046322093,5.777249387305576e-07,0.0
218,13140.0,13140,18.58120405434507,18.581204054345072,57.384951613948814,0.0,18.58120463213402,5.77788951738086e-07,0.0
219,13200.0,13200,18.58120405420712,18.58120405420712,57.64818533660762,0.0,18.581204632059833,5.778527105578117e-07,0.0
220,13260.0,13260,18.581204054070522,18.581204054070522,57.91141905926432,0.0,18.581204631986733,5.779162104596249e-07,0.0
221,13320.0,13320,18.581204053935274,18.581204053935274,58.17465278191891,0.0,18.581204631914723,5.779794467259563e-07,0.0
222,13380.0,13380,18.581204053801397,18.581204053801397,58.43788650457142,0.0,18.58120463184381,5.780424146524062e-07,0.0
223,13440.0,13440,18.581204053668888,18.581204053668888,58.7011202272219,0.0,18.581204631773996,5.781051095481981e-07,0.0
224,13500.0,13500,18.581204053537764,18.581204053537764,58.964353949870336,0.0,18.58120463170529,5.78167526737132e-07,0.0
225,13560.0,13560,18.581204053408026,18.581204053408026,59.227587672516755,0.0,18.58120463163769,5.782296615578442e-07,0.0
226,13620.0,13620,18.58120405327969,18.58120405327969,59.49082139516118,0.0,18.5812046315712,5.782915093645911e-07,0.0
227,13680.0,13680,18.581204053152764,18.581204053152764,59.75405511780364,0.0,18.58120463150583,5.783530655277815e-07,0.0
228,13740.0,13740,18.58120405302725,18.581204053027253,60.01728884044414,0.0,18.58120463144158,5.784143254346053e-07,0.0
229,13800.0,13800,18.581204052903164,18.581204052903164,60.28052256308272,0.0,18.58120463137845,5.784752844893514e-07,0.0
230,13860.0,13860,18.581204052780507,18.58120405278051,60.54375628571938,0.0,18.58120463131645,5.785359381144775e-07,0.0
231,13920.0,13920,18.581204052659295,18.581204052659295,60.80699000835415,0.0,18.581204631255577,5.785962817507658e-07,0.0
232,13980.0,13980,18.58120405253953,18.58120405253953,61.07022373098705,0.0,18.581204631195842,5.786563108579516e-07,0.0
233,14040.0,14040,18.58120405242122,18.581204052421224,61.3334574536181,0.0,18.581204631137247,5.787160209154049e-07,0.0
234,14100.0,14100,18.58120405230438,18.58120405230438,61.59669117624735,0.0,18.58120463107979,5.787754074225641e-07,0.0
235,14160.0,14160,18.581204052189012,18.581204052189015,61.85992489887478,0.0,18.58120463102348,5.788344658995651e-07,0.0
236,14220.0,14220,18.581204052075126,18.581204052075126,62.12315862150042,0.0,18.58120463096832,5.788931918876312e-07,0.0
237,14280.0,14280,18.58120405196273,18.58120405196273,62.386392344124296,0.0,18.581204630914314,5.789515809497005e-07,0.0
238,14340.0,14340,18.581204051851834,18.581204051851834,62.64962606674645,0.0,18.581204630861464,5.790096286709786e-07,0.0
239,14400.0,14400,18.581204051742443,18.581204051742443,62.912859789366884,0.0,18.581204630809772,5.790673306592877e-07,0.0
240,14460.0,14460,18.581204051634565,18.581204051634565,63.17609351198562,0.0,18.581204630759245,5.79124682545865e-07,0.0
241,14520.0,14520,18.58120405152821,18.58120405152821,63.43932723460269,0.0,18.58120463070989,5.791816799855368e-07,0.0
242,14580.0,14580,18.581204051423384,18.581204051423384,63.702560957218104,0.0,18.581204630661706,5.79238318657342e-07,0.0
243,14640.0,14640,18.5812040513201,18.5812040513201,63.9657946798319,0.0,18.581204630614693,5.792945942652055e-07,0.0
244,14700.0,14700,18.581204051218357,18.581204051218357,64.2290284024441,0.0,18.58120463056886,5.793505025380429e-07,0.0
245,14760.0,14760,18.58120405111817,18.58120405111817,64.4922621250547,0.0,18.58120463052421,5.794060392305701e-07,0.0
246,14820.0,14820,18.581204051019544,18.581204051019544,64.75549584766374,0.0,18.581204630480745,5.794612001236542e-07,0.0
247,14880.0,14880,18.581204050922484,18.581204050922484,65.01872957027126,0.0,18.581204630438467,5.795159810246504e-07,0.0
248,14940.0,14940,18.581204050827004,18.581204050827004,65.28196329287725,0.0,18.58120463039738,5.795703777680958e-07,0.0
249,15000.0,15000,18.581204050733103,18.581204050733103,65.54519701548178,0.0,18.58120463035749,5.796243862158905e-07,0.0
250,15060.0,15060,18.581204050640796,18.581204050640796,65.80843073808481,0.0,18.5812046303188,5.796780022580378e-07,0.0
251,15120.0,15120,18.581204050550088,18.581204050550088,66.07166446068642,0.0,18.581204630281313,5.797312218128769e-07,0.0
252,15180.0,15180,18.58120405046099,18.58120405046099,66.33489818328663,0.0,18.58120463024503,5.79784040827498e-07,0.0
253,15240.0,15240,18.5812040503735,18.5812040503735,66.59813190588541,0.0,18.581204630209957,5.798364552782808e-07,0.0
254,15300.0,15300,18.581204050287628,18.58120405028763,66.86136562848283,0.0,18.581204630176092,5.79888461171231e-07,0.0
255,15360.0,15360,18.58120405020339,18.58120405020339,67.12459935107891,0.0,18.581204630143446,5.799400545425e-07,0.0
256,15420.0,15420,18.581204050120782,18.581204050120782,67.38783307367366,0.0,18.581204630112016,5.799912314586564e-07,0.0
257,15480.0,15480,18.58120405003982,18.581204050039823,67.65106679626712,0.0,18.581204630081807,5.800419880170625e-07,0.0
258,15540.0,15540,18.581204049960505,18.581204049960505,67.91430051885929,0.0,18.581204630052827,5.800923203464578e-07,0.0
259,15600.0,15600,18.581204049882846,18.581204049882846,68.17753424145023,0.0,18.58120463002507,5.801422246071924e-07,0.0
260,15660.0,15660,18.581204049806846,18.581204049806846,68.44076796403994,0.0,18.581204629998545,5.801916969916486e-07,0.0
261,15720.0,15720,18.58120404973252,18.58120404973252,68.70400168662844,0.0,18.581204629973254,5.802407337245908e-07,0.0
262,15780.0,15780,18.581204049659867,18.581204049659867,68.96723540921577,0.0,18.581204629949198,5.802893310635027e-07,0.0
263,15840.0,15840,18.581204049588898,18.581204049588898,69.23046913180194,0.0,18.581204629926386,5.80337485299178e-07,0.0
264,15900.0,15900,18.581204049519616,18.581204049519616,69.49370285438701,0.0,18.58120462990481,5.803851927556285e-07,0.0
265,15960.0,15960,18.581204049452033,18.581204049452033,69.75693657697097,0.0,18.581204629884486,5.804324497908697e-07,0.0
266,16020.0,16020,18.581204049386148,18.581204049386148,70.02017029955384,0.0,18.581204629865404,5.804792527970694e-07,0.0
267,16080.0,16080,18.581204049321975,18.581204049321975,70.28340402213567,0.0,18.581204629847576,5.805255982008657e-07,0.0
268,16140.0,16140,18.581204049259515,18.581204049259515,70.54663774471648,0.0,18.581204629831,5.805714824637817e-07,0.0
269,16200.0,16200,18.581204049198774,18.581204049198774,70.80987146729628,0.0,18.581204629815677,5.806169020824525e-07,0.0
270,16260.0,16260,18.58120404913976,18.58120404913976,71.07310518987511,0.0,18.581204629801615,5.806618535889435e-07,0.0
271,16320.0,16320,18.58120404908248,18.58120404908248,71.336338912453,0.0,18.581204629788814,5.807063335512291e-07,0.0
272,16380.0,16380,18.581204049026937,18.581204049026937,71.59957263502994,0.0,18.58120462977728,5.807503385732589e-07,0.0
273,16440.0,16440,18.581204048973138,18.581204048973138,71.86280635760602,0.0,18.581204629767004,5.807938652954753e-07,0.0
274,16500.0,16500,18.58120404892109,18.58120404892109,72.1260400801812,0.0,18.581204629758002,5.808369103949306e-07,0.0
275,16560.0,16560,18.581204048870795,18.5812040488708,72.38927380275555,0.0,18.581204629750268,5.808794705856376e-07,0.0
276,16620.0,16620,18.58120404882227,18.58120404882227,72.65250752532909,0.0,18.58120462974381,5.809215426188932e-07,0.0
277,16680.0,16680,18.5812040487755,18.5812040487755,72.9157412479018,0.0,18.581204629738625,5.809631232835055e-07,0.0
278,16740.0,16740,18.58120404873051,18.58120404873051,73.17897497047377,0.0,18.581204629734717,5.810042094060728e-07,0.0
279,16800.0,16800,18.581204048687294,18.581204048687294,73.442208693045,0.0,18.581204629732092,5.81044797851243e-07,0.0
280,16860.0,16860,18.58120404864586,18.581204048645862,73.70544241561551,0.0,18.58120462973075,5.810848855219919e-07,0.0
281,16920.0,16920,18.581204048606214,18.581204048606214,73.96867613818534,0.0,18.58120462973068,5.811244693598056e-07,0.0
282,16980.0,16980,18.58120404856836,18.58120404856836,74.23190986075451,0.0,18.581204629731907,5.811635463449649e-07,0.0
283,17040.0,17040,18.581204048532303,18.581204048532303,74.49514358332304,0.0,18.58120462973442,5.81202113496799e-07,0.0
284,17100.0,17100,18.581204048498055,18.581204048498055,74.75837730589096,0.0,18.58120462973822,5.812401678740286e-07,0.0
285,17160.0,17160,18.581204048465604,18.581204048465608,75.02161102845831,0.0,18.58120462974331,5.812777065746365e-07,0.0
286,17220.0,17220,18.58120404843497,18.58120404843497,75.2848447510251,0.0,18.581204629749696,5.813147267365288e-07,0.0
287,17280.0,17280,18.581204048406153,18.581204048406153,75.54807847359137,0.0,18.581204629757377,5.81351225537438e-07,0.0
288,17340.0,17340,18.581204048379153,18.581204048379153,75.81131219615712,0.0,18.581204629766354,5.813872001952465e-07,0.0
289,17400.0,17400,18.581204048353978,18.581204048353978,76.07454591872241,0.0,18.58120462977663,5.81422647968195e-07,0.0
290,17460.0,17460,18.581204048330633,18.581204048330637,76.33777964128727,0.0,18.5812046297882,5.814575661550246e-07,0.0
291,17520.0,17520,18.581204048309125,18.581204048309125,76.60101336385169,0.0,18.581204629801075,5.814919520951906e-07,0.0
292,17580.0,17580,18.581204048289447,18.581204048289447,76.86424708641573,0.0,18.58120462981525,5.815258031691549e-07,0.0
293,17640.0,17640,18.581204048271612,18.581204048271612,77.1274808089794,0.0,18.58120462983073,5.815591167983465e-07,0.0
294,17700.0,17700,18.581204048255625,18.581204048255625,77.39071453154273,0.0,18.581204629847516,5.815918904455512e-07,0.0
295,17760.0,17760,18.58120404824148,18.581204048241485,77.65394825410576,0.0,18.581204629865606,5.816241216149366e-07,0.0
296,17820.0,17820,18.581204048229196,18.581204048229196,77.9171819766685,0.0,18.581204629885004,5.81655807852384e-07,0.0
297,17880.0,17880,18.58120404821876,18.581204048218762,78.180415699231,0.0,18.58120462990571,5.81686946745176e-07,0.0
298,17940.0,17940,18.581204048210186,18.581204048210186,78.44364942179328,0.0,18.581204629927722,5.817175359228791e-07,0.0
299,18000.0,18000,18.58120404820347,18.58120404820347,78.70688314435534,0.0,18.581204629951046,5.817475730568894e-07,0.0
300,18060.0,18060,18.58120404819862,18.58120404819862,78.97011686691724,0.0,18.58120462997568,5.817770558609584e-07,0.0
301,18120.0,18120,18.58120404819564,18.581204048195644,79.23335058947899,0.0,18.581204630001626,5.818059820909584e-07,0.0
302,18180.0,18180,18.581204048194532,18.581204048194532,79.49658431204064,0.0,18.581204630028882,5.818343495452927e-07,0.0
303,18240.0,18240,18.5812040481953,18.5812040481953,79.7598180346022,0.0,18.581204630057453,5.818621560649847e-07,0.0
304,18300.0,18300,18.581204048197936,18.581204048197936,80.0230517571637,0.0,18.58120463008734,5.818893995336076e-07,0.0
305,18360.0,18360,18.581204048202455,18.58120404820246,80.28628547972517,0.0,18.581204630118535,5.819160778776539e-07,0.0
306,18420.0,18420,18.581204048208857,18.581204048208857,80.54951920228663,0.0,18.58120463015105,5.819421890665803e-07,0.0
307,18480.0,18480,18.581204048217142,18.581204048217142,80.81275292484814,0.0,18.58120463018487,5.819677311126136e-07,0.0
308,18540.0,18540,18.58120404822731,18.58120404822731,81.07598664740968,0.0,18.58120463022001,5.819927020712045e-07,0.0
309,18600.0,18600,18.581204048239364,18.581204048239364,81.33922036997129,0.0,18.581204630256465,5.820171000411054e-07,0.0
310,18660.0,18660,18.581204048253312,18.581204048253312,81.60245409253304,0.0,18.581204630294234,5.820409231641889e-07,0.0
311,18720.0,18720,18.581204048269147,18.581204048269147,81.8656878150949,0.0,18.58120463033332,5.820641696257651e-07,0.0
312,18780.0,18780,18.58120404828688,18.58120404828688,82.12892153765694,0.0,18.58120463037372,5.820868376545175e-07,0.0
313,18840.0,18840,18.581204048306503,18.581204048306503,82.39215526021917,0.0,18.58120463041543,5.821089255226713e-07,0.0
314,18900.0,18900,18.581204048328026,18.581204048328026,82.65538898278163,0.0,18.58120463045846,5.821304315459863e-07,0.0
315,18960.0,18960,18.58120404835144,18.58120404835144,82.91862270534433,0.0,18.581204630502796,5.821513540839718e-07,0.0
316,19020.0,19020,18.581204048376758,18.581204048376758,83.18185642790733,0.0,18.581204630548452,5.821716915395815e-07,0.0
317,19080.0,19080,18.581204048403976,18.581204048403976,83.44509015047062,0.0,18.58120463059542,5.821914423596606e-07,0.0
318,19140.0,19140,18.58120404843309,18.581204048433094,83.70832387303426,0.0,18.581204630643697,5.822106050348813e-07,0.0
319,19200.0,19200,18.58120404846411,18.58120404846411,83.97155759559826,0.0,18.58120463069329,5.822291780995222e-07,0.0
320,19260.0,19260,18.58120404849703,18.581204048497032,84.23479131816265,0.0,18.58120463074419,5.8224716013189e-07,0.0
321,19320.0,19320,18.58120404853185,18.58120404853185,84.49802504072746,0.0,18.5812046307964,5.822645497540728e-07,0.0
322,19380.0,19380,18.581204048568576,18.581204048568576,84.76125876329272,0.0,18.58120463084992,5.822813456321607e-07,0.0
323,19440.0,19440,18.5812040486072,18.5812040486072,85.02449248585845,0.0,18.58120463090475,5.82297546475967e-07,0.0
324,19500.0,19500,18.58120404864773,18.58120404864773,85.28772620842469,0.0,18.581204630960883,5.823131510394948e-07,0.0
325,19560.0,19560,18.581204048690164,18.581204048690164,85.55095993099148,0.0,18.581204631018323,5.823281581205292e-07,0.0
326,19620.0,19620,18.5812040487345,18.5812040487345,85.81419365355882,0.0,18.581204631077064,5.823425665607595e-07,0.0
327,19680.0,19680,18.581204048780737,18.581204048780737,86.07742737612675,0.0,18.581204631137112,5.823563752460523e-07,0.0
328,19740.0,19740,18.58120404882888,18.58120404882888,86.3406610986953,0.0,18.581204631198464,5.823695831059781e-07,0.0
329,19800.0,19800,18.581204048878917,18.58120404887892,86.6038948212645,0.0,18.58120463126111,5.823821891141933e-07,0.0
330,19860.0,19860,18.58120404893086,18.581204048930864,86.86712854383438,0.0,18.581204631325058,5.823941922882853e-07,0.0
331,19920.0,19920,18.581204048984702,18.581204048984702,87.13036226640497,0.0,18.5812046313903,5.824055916896682e-07,0.0
332,19980.0,19980,18.581204049040448,18.581204049040448,87.39359598897632,0.0,18.58120463145683,5.824163864236738e-07,0.0
333,20040.0,20040,18.581204049098083,18.581204049098083,87.65682971154838,0.0,18.58120463152466,5.824265756395971e-07,0.0
334,20100.0,20100,18.58120404915762,18.58120404915762,87.92006343412126,0.0,18.581204631593778,5.824361585303913e-07,0.0
335,20160.0,20160,18.581204049219053,18.581204049219053,88.18329715669495,0.0,18.581204631664185,5.824451343330375e-07,0.0
336,20220.0,20220,18.581204049282377,18.581204049282377,88.44653087926949,0.0,18.58120463173588,5.824535023280134e-07,0.0
337,20280.0,20280,18.58120404934759,18.58120404934759,88.70976460184491,0.0,18.581204631808856,5.824612618397203e-07,0.0
338,20340.0,20340,18.581204049414694,18.581204049414694,88.97299832442123,0.0,18.581204631883107,5.824684122361793e-07,0.0
339,20400.0,20400,18.58120404948369,18.58120404948369,89.23623204699848,0.0,18.581204631958645,5.824749529289918e-07,0.0
340,20460.0,20460,18.581204049554568,18.581204049554568,89.49946576957669,0.0,18.581204632035455,5.824808833733463e-07,0.0
341,20520.0,20520,18.581204049627335,18.581204049627335,89.76269949215589,0.0,18.581204632113536,5.824862030679471e-07,0.0
342,20580.0,20580,18.581204049701977,18.581204049701977,90.02593321473611,0.0,18.58120463219289,5.824909115549102e-07,0.0
343,20640.0,20640,18.5812040497785,18.5812040497785,90.28916693731739,0.0,18.581204632273508,5.824950084197311e-07,0.0
344,20700.0,20700,18.5812040498569,18.5812040498569,90.55240065989973,0.0,18.58120463235539,5.82498493291272e-07,0.0
345,20760.0,20760,18.58120404993717,18.58120404993717,90.81563438248317,0.0,18.581204632438535,5.825013658415283e-07,0.0
346,20820.0,20820,18.58120405001931,18.581204050019313,91.07886810506774,0.0,18.581204632522937,5.825036257857187e-07,0.0
347,20880.0,20880,18.58120405010332,18.58120405010332,91.3421018276535,0.0,18.58120463260859,5.82505272882066e-07,0.0
348,20940.0,20940,18.58120405018919,18.58120405018919,91.6053355502404,0.0,18.5812046326955,5.825063069318803e-07,0.0
349,21000.0,21000,18.58120405027692,18.58120405027692,91.86856927282854,0.0,18.58120463278365,5.8250672777919e-07,0.0
350,21060.0,21060,18.581204050366505,18.581204050366505,92.13180299541791,0.0,18.581204632873042,5.825065353109619e-07,0.0
351,21120.0,21120,18.581204050457945,18.581204050457945,92.39503671800855,0.0,18.581204632963676,5.825057294567708e-07,0.0
352,21180.0,21180,18.581204050551236,18.581204050551236,92.65827044060049,0.0,18.581204633055545,5.825043101888838e-07,0.0
353,21240.0,21240,18.581204050646367,18.58120405064637,92.92150416319376,0.0,18.581204633148644,5.825022775220394e-07,0.0
354,21300.0,21300,18.581204050743338,18.581204050743338,93.18473788578838,0.0,18.58120463324297,5.824996315131367e-07,0.0
355,21360.0,21360,18.58120405084215,18.58120405084215,93.44797160838438,0.0,18.58120463333852,5.82496372261793e-07,0.0
356,21420.0,21420,18.581204050942787,18.581204050942787,93.71120533098178,0.0,18.581204633435284,5.824924999093386e-07,0.0
357,21480.0,21480,18.58120405104525,18.581204051045255,93.97443905358064,0.0,18.581204633533268,5.824880146394198e-07,0.0
358,21540.0,21540,18.58120405114954,18.58120405114954,94.23767277618093,0.0,18.581204633632456,5.824829166774739e-07,0.0
359,21600.0,21600,18.581204051255643,18.581204051255646,94.50090649878273,0.0,18.58120463373285,5.824772062908002e-07,0.0
360,21660.0,21660,18.58120405136356,18.58120405136356,94.76414022138604,0.0,18.581204633834442,5.824708837883854e-07,0.0
361,21720.0,21720,18.581204051473282,18.581204051473282,95.02737394399091,0.0,18.58120463393723,5.824639495205464e-07,0.0
362,21780.0,21780,18.581204051584802,18.581204051584802,95.29060766659734,0.0,18.581204634041207,5.824564038793069e-07,0.0
363,21840.0,21840,18.58120405169812,18.581204051698123,95.55384138920536,0.0,18.581204634146367,5.824482472977485e-07,0.0
364,21900.0,21900,18.581204051813224,18.581204051813224,95.81707511181502,0.0,18.581204634252707,5.824394802501344e-07,0.0
365,21960.0,21960,18.581204051930115,18.581204051930115,96.08030883442633,0.0,18.58120463436022,5.824301032517145e-07,0.0
366,22020.0,22020,18.58120405204878,18.58120405204878,96.34354255703931,0.0,18.581204634468897,5.824201168585957e-07,0.0
367,22080.0,22080,18.581204052169216,18.581204052169216,96.606776279654,0.0,18.58120463457874,5.82409521667483e-07,0.0
368,22140.0,22140,18.581204052291415,18.581204052291415,96.87001000227043,0.0,18.581204634689737,5.823983183156917e-07,0.0
369,22200.0,22200,18.581204052415377,18.581204052415377,97.13324372488862,0.0,18.581204634801882,5.823865074810316e-07,0.0
370,22260.0,22260,18.581204052541082,18.581204052541086,97.39647744750857,0.0,18.581204634915174,5.823740898812095e-07,0.0
371,22320.0,22320,18.58120405266854,18.58120405266854,97.65971117013036,0.0,18.581204635029604,5.823610662743747e-07,0.0
372,22380.0,22380,18.581204052797727,18.58120405279773,97.92294489275399,0.0,18.581204635145166,5.823474374583209e-07,0.0
373,22440.0,22440,18.581204052928648,18.581204052928648,98.18617861537948,0.0,18.58120463526185,5.823332042706939e-07,0.0
374,22500.0,22500,18.58120405306129,18.58120405306129,98.44941233800684,0.0,18.58120463537966,5.823183675886675e-07,0.0
375,22560.0,22560,18.581204053195645,18.58120405319565,98.71264606063613,0.0,18.581204635498572,5.823029283288135e-07,0.0
376,22620.0,22620,18.58120405333171,18.58120405333171,98.97587978326736,0.0,18.581204635618597,5.822868874469787e-07,0.0
377,22680.0,22680,18.581204053469467,18.58120405346947,99.23911350590055,0.0,18.581204635739716,5.822702459380907e-07,0.0
378,22740.0,22740,18.58120405360892,18.58120405360892,99.50234722853575,0.0,18.581204635861926,5.822530048358715e-07,0.0
379,22800.0,22800,18.581204053750056,18.581204053750056,99.76558095117296,0.0,18.581204635985223,5.822351652128002e-07,0.0
380,22860.0,22860,18.581204053892865,18.581204053892865,100.02881467381222,0.0,18.581204636109593,5.822167281797873e-07,0.0
381,22920.0,22920,18.58120405403734,18.58120405403734,100.29204839645354,0.0,18.581204636235036,5.821976948862082e-07,0.0
382,22980.0,22980,18.581204054183473,18.581204054183473,100.55528211909697,0.0,18.58120463636154,5.821780665195328e-07,0.0
383,23040.0,23040,18.581204054331252,18.581204054331252,100.8185158417425,0.0,18.581204636489097,5.821578443051251e-07,0.0
384,23100.0,23100,18.58120405448067,18.58120405448067,101.08174956439018,0.0,18.5812046366177,5.821370295063269e-07,0.0
385,23160.0,23160,18.58120405463172,18.58120405463172,101.34498328704002,0.0,18.58120463674734,5.821156234237713e-07,0.0
386,23220.0,23220,18.581204054784383,18.581204054784383,101.60821700969207,0.0,18.581204636878013,5.820936273957579e-07,0.0
387,23280.0,23280,18.581204054938663,18.581204054938663,101.87145073234633,0.0,18.58120463700971,5.820710427975854e-07,0.0
388,23340.0,23340,18.581204055094542,18.581204055094542,102.13468445500284,0.0,18.581204637142413,5.820478710416878e-07,0.0
389,23400.0,23400,18.581204055252012,18.581204055252012,102.39791817766161,0.0,18.581204637276127,5.820241135771608e-07,0.0
390,23460.0,23460,18.581204055411064,18.581204055411064,102.66115190032266,0.0,18.58120463741084,5.81999771889879e-07,0.0
391,23520.0,23520,18.58120405557169,18.58120405557169,102.92438562298605,0.0,18.581204637546534,5.819748475018854e-07,0.0
392,23580.0,23580,18.58120405573387,18.58120405573387,103.18761934565175,0.0,18.58120463768321,5.819493419716129e-07,0.0
393,23640.0,23640,18.5812040558976,18.5812040558976,103.45085306831984,0.0,18.581204637820857,5.819232568934625e-07,0.0
394,23700.0,23700,18.581204056062873,18.581204056062873,103.7140867909903,0.0,18.581204637959466,5.818965938974919e-07,0.0
395,23760.0,23760,18.58120405622967,18.58120405622967,103.97732051366316,0.0,18.581204638099027,5.818693546493765e-07,0.0
396,23820.0,23820,18.581204056397986,18.581204056397986,104.24055423633845,0.0,18.581204638239527,5.818415408502284e-07,0.0
397,23880.0,23880,18.581204056567806,18.58120405656781,104.50378795901621,0.0,18.581204638380964,5.818131542363102e-07,0.0
398,23940.0,23940,18.58120405673912,18.58120405673912,104.76702168169643,0.0,18.58120463852332,5.817841965786597e-07,0.0
399,24000.0,24000,18.581204056911922,18.581204056911922,105.03025540437916,0.0,18.581204638666595,5.817546696832714e-07,0.0
400,24060.0,24060,18.58120405708619,18.58120405708619,105.2934891270644,0.0,18.581204638810767,5.817245753905059e-07,0.0
401,24120.0,24120,18.58120405726192,18.58120405726192,105.55672284975219,0.0,18.581204638955835,5.816939155751032e-07,0.0
402,24180.0,24180,18.581204057439095,18.581204057439095,105.81995657244256,0.0,18.581204639101788,5.816626921457744e-07,0.0
403,24240.0,24240,18.5812040576177,18.5812040576177,106.08319029513551,0.0,18.58120463924861,5.816309070451106e-07,0.0
404,24300.0,24300,18.581204057797734,18.581204057797734,106.34642401783105,0.0,18.581204639396297,5.815985622494661e-07,0.0
405,24360.0,24360,18.581204057979175,18.581204057979175,106.60965774052924,0.0,18.581204639544836,5.815656597684855e-07,0.0
406,24420.0,24420,18.58120405816201,18.58120405816201,106.87289146323009,0.0,18.581204639694217,5.815322016450774e-07,0.0
407,24480.0,24480,18.581204058346234,18.581204058346234,107.13612518593361,0.0,18.581204639844426,5.814981899551098e-07,0.0
408,24540.0,24540,18.581204058531828,18.581204058531828,107.39935890863981,0.0,18.581204639995455,5.814636268071765e-07,0.0
409,24600.0,24600,18.581204058718775,18.581204058718775,107.66259263134874,0.0,18.58120464014729,5.81428514342461e-07,0.0
410,24660.0,24660,18.58120405890707,18.58120405890707,107.9258263540604,0.0,18.581204640299926,5.813928547343996e-07,0.0
411,24720.0,24720,18.58120405909669,18.58120405909669,108.18906007677482,0.0,18.581204640453343,5.813566501885253e-07,0.0
412,24780.0,24780,18.581204059287632,18.581204059287632,108.45229379949201,0.0,18.581204640607535,5.813199029421828e-07,0.0
413,24840.0,24840,18.581204059479877,18.581204059479877,108.71552752221201,0.0,18.58120464076249,5.812826152645028e-07,0.0
414,24900.0,24900,18.581204059673404,18.581204059673404,108.97876124493482,0.0,18.581204640918195,5.812447894557721e-07,0.0
415,24960.0,24960,18.58120405986821,18.58120405986821,109.24199496766046,0.0,18.58120464107464,5.812064278476163e-07,0.0
416,25020.0,25020,18.581204060064273,18.581204060064273,109.50522869038895,0.0,18.581204641231807,5.811675328025906e-07,0.0
417,25080.0,25080,18.581204060261577,18.58120406026158,109.76846241312032,0.0,18.581204641389686,5.81128106713953e-07,0.0
418,25140.0,25140,18.581204060460117,18.581204060460117,110.0316961358546,0.0,18.58120464154827,5.810881520053921e-07,0.0
419,25200.0,25200,18.581204060659868,18.581204060659868,110.29492985859177,0.0,18.58120464170754,5.810476711308972e-07,0.0
420,25260.0,25260,18.58120406086082,18.58120406086082,110.55816358133188,0.0,18.581204641867487,5.81006666574577e-07,0.0
421,25320.0,25320,18.581204061062955,18.581204061062955,110.82139730407494,0.0,18.581204642028094,5.809651408501015e-07,0.0
422,25380.0,25380,18.58120406126626,18.58120406126626,111.08463102682097,0.0,18.581204642189356,5.809230965009557e-07,0.0
423,25440.0,25440,18.581204061470714,18.581204061470714,111.34786474956998,0.0,18.58120464235125,5.808805360998159e-07,0.0
424,25500.0,25500,18.581204061676306,18.58120406167631,111.611098472322,0.0,18.581204642513768,5.808374622485705e-07,0.0
425,25560.0,25560,18.58120406188302,18.58120406188302,111.87433219507703,0.0,18.581204642676898,5.807938775777744e-07,0.0
426,25620.0,25620,18.58120406209084,18.58120406209084,112.1375659178351,0.0,18.581204642840625,5.807497847469541e-07,0.0
427,25680.0,25680,18.581204062299747,18.581204062299747,112.40079964059623,0.0,18.581204643004934,5.807051864437646e-07,0.0
428,25740.0,25740,18.581204062509723,18.581204062509723,112.66403336336043,0.0,18.58120464316981,5.8066008538421e-07,0.0
429,25800.0,25800,18.581204062720754,18.581204062720754,112.92726708612773,0.0,18.58120464333524,5.80614484312183e-07,0.0
430,25860.0,25860,18.58120406293282,18.581204062932823,113.19050080889812,0.0,18.58120464350121,5.805683859993681e-07,0.0
431,25920.0,25920,18.58120406314591,18.58120406314591,113.45373453167163,0.0,18.581204643667704,5.805217932447933e-07,0.0
432,25980.0,25980,18.581204063360005,18.581204063360005,113.71696825444826,0.0,18.581204643834713,5.804747088749411e-07,0.0
433,26040.0,26040,18.58120406357508,18.58120406357508,113.98020197722808,0.0,18.581204644002216,5.804271357432164e-07,0.0
434,26100.0,26100,18.581204063791123,18.581204063791123,114.24343570001103,0.0,18.581204644170203,5.803790767298949e-07,0.0
435,26160.0,26160,18.58120406400812,18.58120406400812,114.50666942279717,0.0,18.581204644338655,5.803305347417336e-07,0.0
436,26220.0,26220,18.581204064226046,18.581204064226046,114.7699031455865,0.0,18.581204644507558,5.802815127120104e-07,0.0
437,26280.0,26280,18.581204064444886,18.581204064444886,115.03313686837905,0.0,18.581204644676898,5.802320135999983e-07,0.0
438,26340.0,26340,18.581204064664618,18.581204064664618,115.29637059117482,0.0,18.581204644846657,5.801820403908617e-07,0.0
439,26400.0,26400,18.58120406488523,18.58120406488523,115.55960431397382,0.0,18.581204645016825,5.801315960956048e-07,0.0
440,26460.0,26460,18.581204065106697,18.5812040651067,115.82283803677608,0.0,18.581204645187384,5.80080683750436e-07,0.0
441,26520.0,26520,18.581204065329004,18.581204065329008,116.0860717595816,0.0,18.581204645358312,5.800293064169365e-07,0.0
442,26580.0,26580,18.58120406555213,18.581204065552132,116.34930548239039,0.0,18.5812046455296,5.799774671817424e-07,0.0
443,26640.0,26640,18.58120406577606,18.58120406577606,116.61253920520248,0.0,18.581204645701227,5.799251691561236e-07,0.0
444,26700.0,26700,18.581204066000765,18.581204066000765,116.8757729280179,0.0,18.58120464587318,5.798724154759771e-07,0.0
445,26760.0,26760,18.58120406622623,18.581204066226235,117.1390066508366,0.0,18.581204646045443,5.79819209301548e-07,0.0
446,26820.0,26820,18.58120406645244,18.58120406645244,117.40224037365863,0.0,18.581204646217994,5.797655538171382e-07,0.0
447,26880.0,26880,18.58120406667937,18.58120406667937,117.665474096484,0.0,18.581204646390823,5.797114522310408e-07,0.0
448,26940.0,26940,18.581204066907,18.581204066907002,117.92870781931273,0.0,18.581204646563908,5.796569077750676e-07,0.0
449,27000.0,27000,18.58120406713531,18.58120406713531,118.19194154214483,0.0,18.581204646737234,5.796019237046718e-07,0.0
450,27060.0,27060,18.58120406736428,18.58120406736428,118.4551752649803,0.0,18.581204646910784,5.795465032984163e-07,0.0
451,27120.0,27120,18.581204067593884,18.581204067593887,118.71840898781913,0.0,18.581204647084537,5.794906498579351e-07,0.0
452,27180.0,27180,18.581204067824114,18.581204067824114,118.98164271066136,0.0,18.581204647258478,5.794343667077381e-07,0.0
453,27240.0,27240,18.581204068054934,18.581204068054934,119.244876433507,0.0,18.581204647432592,5.793776571948491e-07,0.0
454,27300.0,27300,18.58120406828633,18.58120406828633,119.50811015635605,0.0,18.581204647606857,5.79320524688675e-07,0.0
455,27360.0,27360,18.58120406851828,18.58120406851828,119.77134387920852,0.0,18.581204647781252,5.792629725809284e-07,0.0
456,27420.0,27420,18.58120406875076,18.58120406875076,120.03457760206442,0.0,18.581204647955765,5.792050042851418e-07,0.0
457,27480.0,27480,18.58120406898375,18.58120406898375,120.29781132492376,0.0,18.581204648130374,5.791466232366991e-07,0.0
458,27540.0,27540,18.58120406921723,18.58120406921723,120.56104504778655,0.0,18.58120464830506,5.790878328925835e-07,0.0
459,27600.0,27600,18.58120406945117,18.58120406945117,120.82427877065278,0.0,18.581204648479808,5.790286367310721e-07,0.0
460,27660.0,27660,18.58120406968556,18.58120406968556,121.08751249352248,0.0,18.581204648654595,5.789690382515484e-07,0.0
461,27720.0,27720,18.581204069920364,18.581204069920364,121.35074621639566,0.0,18.581204648829402,5.789090409745343e-07,0.0
462,27780.0,27780,18.581204070155565,18.581204070155565,121.61397993927231,0.0,18.581204649004214,5.788486484411654e-07,0.0
463,27840.0,27840,18.58120407039114,18.58120407039114,121.87721366215243,0.0,18.581204649179007,5.787878642130994e-07,0.0
464,27900.0,27900,18.581204070627066,18.581204070627066,122.14044738503605,0.0,18.581204649353758,5.787266918725885e-07,0.0
465,27960.0,27960,18.58120407086332,18.58120407086332,122.40368110792318,0.0,18.581204649528456,5.786651350218881e-07,0.0
466,28020.0,28020,18.581204071099872,18.581204071099876,122.66691483081378,0.0,18.58120464970307,5.786031972832386e-07,0.0
467,28080.0,28080,18.58120407133671,18.58120407133671,122.93014855370792,0.0,18.58120464987759,5.785408822987347e-07,0.0
468,28140.0,28140,18.581204071573797,18.581204071573797,123.19338227660555,0.0,18.581204650051994,5.784781937301119e-07,0.0
469,28200.0,28200,18.58120407181112,18.58120407181112,123.45661599950668,0.0,18.581204650226255,5.78415135258442e-07,0.0
470,28260.0,28260,18.581204072048646,18.581204072048646,123.71984972241134,0.0,18.581204650400355,5.783517105841648e-07,0.0
471,28320.0,28320,18.58120407228635,18.58120407228635,123.98308344531954,0.0,18.581204650574275,5.782879234266802e-07,0.0
472,28380.0,28380,18.581204072524216,18.581204072524216,124.24631716823126,0.0,18.581204650747996,5.78223777524322e-07,0.0
473,28440.0,28440,18.58120407276221,18.581204072762212,124.5095508911465,0.0,18.581204650921485,5.781592766342476e-07,0.0
474,28500.0,28500,18.581204073000308,18.581204073000308,124.77278461406529,0.0,18.581204651094733,5.780944245320298e-07,0.0
475,28560.0,28560,18.58120407323849,18.58120407323849,125.0360183369876,0.0,18.581204651267715,5.780292250115916e-07,0.0
476,28620.0,28620,18.581204073476727,18.581204073476727,125.29925205991346,0.0,18.58120465144041,5.779636818852391e-07,0.0
477,28680.0,28680,18.581204073714986,18.581204073714986,125.56248578284284,0.0,18.58120465161279,5.778977989831031e-07,0.0
478,28740.0,28740,18.581204073953252,18.581204073953252,125.82571950577577,0.0,18.581204651784834,5.77831580153503e-07,0.0
479,28800.0,28800,18.581204074191493,18.581204074191497,126.08895322871226,0.0,18.581204651956522,5.777650292621554e-07,0.0
480,28860.0,28860,18.58120407442968,18.581204074429685,126.35218695165227,0.0,18.581204652127834,5.776981501926018e-07,0.0
481,28920.0,28920,18.5812040746678,18.5812040746678,126.61542067459582,0.0,18.581204652298744,5.776309468456579e-07,0.0
482,28980.0,28980,18.581204074905806,18.581204074905806,126.8786543975429,0.0,18.58120465246923,5.775634231395106e-07,0.0
483,29040.0,29040,18.58120407514368,18.58120407514368,127.14188812049355,0.0,18.58120465263926,5.774955830093937e-07,0.0
484,29100.0,29100,18.581204075381397,18.581204075381397,127.40512184344772,0.0,18.58120465280883,5.774274304076208e-07,0.0
485,29160.0,29160,18.58120407561892,18.581204075618924,127.66835556640545,0.0,18.581204652977892,5.773589693031825e-07,0.0
486,29220.0,29220,18.581204075856235,18.58120407585624,127.93158928936671,0.0,18.581204653146443,5.772902036820391e-07,0.0
487,29280.0,29280,18.581204076093307,18.581204076093307,128.19482301233148,0.0,18.581204653314444,5.772211375464907e-07,0.0
488,29340.0,29340,18.581204076330103,18.581204076330103,128.45805673529978,0.0,18.581204653481876,5.771517749152816e-07,0.0
489,29400.0,29400,18.5812040765666,18.5812040765666,128.72129045827162,0.0,18.58120465364872,5.77082119823756e-07,0.0
490,29460.0,29460,18.581204076802766,18.581204076802766,128.984524181247,0.0,18.581204653814943,5.770121763231181e-07,0.0
491,29520.0,29520,18.581204077038578,18.581204077038578,129.24775790422586,0.0,18.581204653980524,5.769419484808737e-07,0.0
492,29580.0,29580,18.581204077273995,18.581204077273995,129.51099162720826,0.0,18.581204654145438,5.768714403803501e-07,0.0
493,29640.0,29640,18.581204077509,18.581204077509,129.7742253501942,0.0,18.581204654309655,5.768006561208904e-07,0.0
494,29700.0,29700,18.581204077743557,18.581204077743557,130.0374590731836,0.0,18.581204654473154,5.767295998173874e-07,0.0
495,29760.0,29760,18.58120407797763,18.58120407797763,130.30069279617652,0.0,18.581204654635908,5.766582756005678e-07,0.0
496,29820.0,29820,18.5812040782112,18.5812040782112,130.56392651917295,0.0,18.58120465479789,5.765866876165913e-07,0.0
497,29880.0,29880,18.581204078444234,18.581204078444234,130.82716024217285,0.0,18.581204654959073,5.765148400271534e-07,0.0
498,29940.0,29940,18.581204078676695,18.581204078676695,131.09039396517625,0.0,18.581204655119436,5.764427370091682e-07,0.0
499,30000.0,30000,18.58120407890856,18.58120407890856,131.35362768818314,0.0,18.581204655278942,5.763703827548853e-07,0.0
500,30060.0,30060,18.58120407913979,18.58120407913979,131.6168614111934,0.0,18.58120465543757,5.762977814719538e-07,0.0
501,30120.0,30120,18.58120407937036,18.58120407937036,131.8800951342072,0.0,18.581204655595297,5.762249373828658e-07,0.0
502,30180.0,30180,18.581204079600234,18.581204079600234,132.14332885722442,0.0,18.58120465575209,5.76151854725286e-07,0.0
503,30240.0,30240,18.58120407982938,18.58120407982938,132.4065625802451,0.0,18.581204655907918,5.76078537751858e-07,0.0
504,30300.0,30300,18.581204080057766,18.581204080057766,132.6697963032692,0.0,18.58120465606276,5.760049907301195e-07,0.0
505,30360.0,30360,18.58120408028536,18.58120408028536,132.93303002629673,0.0,18.58120465621658,5.75931217942483e-07,0.0
506,30420.0,30420,18.581204080512133,18.581204080512133,133.19626374932764,0.0,18.581204656369355,5.758572236861907e-07,0.0
507,30480.0,30480,18.581204080738043,18.581204080738047,133.45949747236196,0.0,18.581204656521056,5.75783012273236e-07,0.0
508,30540.0,30540,18.581204080963065,18.581204080963065,133.72273119539966,0.0,18.581204656671655,5.757085880303126e-07,0.0
509,30600.0,30600,18.58120408118716,18.58120408118716,133.98596491844077,0.0,18.581204656821118,5.756339552988458e-07,0.0
510,30660.0,30660,18.581204081410302,18.581204081410302,134.24919864148518,0.0,18.58120465696942,5.755591184348832e-07,0.0
511,30720.0,30720,18.581204081632443,18.581204081632443,134.51243236453297,0.0,18.581204657116526,5.754840818091526e-07,0.0
512,30780.0,30780,18.58120408185356,18.58120408185356,134.77566608758409,0.0,18.58120465726241,5.754088498069063e-07,0.0
513,30840.0,30840,18.58120408207362,18.58120408207362,135.03889981063853,0.0,18.581204657407042,5.753334268280903e-07,0.0
514,30900.0,30900,18.581204082292572,18.581204082292572,135.30213353369626,0.0,18.58120465755039,5.752578172872073e-07,0.0
515,30960.0,30960,18.5812040825104,18.5812040825104,135.5653672567573,0.0,18.581204657692425,5.751820256133496e-07,0.0
516,31020.0,31020,18.58120408272705,18.581204082727055,135.82860097982163,0.0,18.58120465783311,5.751060562502252e-07,0.0
517,31080.0,31080,18.581204082942506,18.581204082942506,136.09183470288923,0.0,18.581204657972417,5.750299136561766e-07,0.0
518,31140.0,31140,18.581204083156713,18.581204083156713,136.35506842596004,0.0,18.58120465811032,5.749536023040842e-07,0.0
519,31200.0,31200,18.58120408336965,18.58120408336965,136.61830214903406,0.0,18.581204658246776,5.74877126681593e-07,0.0
520,31260.0,31260,18.581204083581266,18.581204083581266,136.8815358721113,0.0,18.58120465838176,5.748004912909765e-07,0.0
521,31320.0,31320,18.581204083791537,18.581204083791537,137.14476959519178,0.0,18.581204658515237,5.747237006492335e-07,0.0
522,31380.0,31380,18.581204084000415,18.581204084000415,137.40800331827538,0.0,18.581204658647174,5.746467592881472e-07,0.0
523,31440.0,31440,18.581204084207865,18.581204084207865,137.67123704136213,0.0,18.581204658777537,5.745696717543044e-07,0.0
524,31500.0,31500,18.58120408441385,18.58120408441385,137.93447076445204,0.0,18.581204658906294,5.744924426092765e-07,0.0
525,31560.0,31560,18.581204084618335,18.581204084618335,138.19770448754505,0.0,18.58120465903341,5.744150764293933e-07,0.0
526,31620.0,31620,18.581204084821277,18.581204084821277,138.46093821064113,0.0,18.581204659158853,5.743375778062485e-07,0.0
527,31680.0,31680,18.581204085022634,18.581204085022634,138.7241719337403,0.0,18.581204659282587,5.742599513464078e-07,0.0
528,31740.0,31740,18.58120408522237,18.581204085222375,138.98740565684253,0.0,18.581204659404577,5.741822016716296e-07,0.0
529,31800.0,31800,18.58120408542045,18.58120408542045,139.25063937994778,0.0,18.581204659524786,5.741043334190332e-07,0.0
530,31860.0,31860,18.58120408561683,18.58120408561683,139.513873103056,0.0,18.58120465964318,5.740263512411057e-07,0.0
531,31920.0,31920,18.58120408581146,18.58120408581146,139.77710682616723,0.0,18.581204659759724,5.739482598059547e-07,0.0
532,31980.0,31980,18.581204086004316,18.581204086004316,140.0403405492814,0.0,18.58120465987438,5.738700637971006e-07,0.0
533,32040.0,32040,18.581204086195346,18.581204086195346,140.3035742723985,0.0,18.58120465998711,5.737917679142683e-07,0.0
534,32100.0,32100,18.58120408638451,18.58120408638451,140.5668079955185,0.0,18.581204660097885,5.737133768726667e-07,0.0
535,32160.0,32160,18.581204086571763,18.581204086571763,140.83004171864135,0.0,18.581204660206662,5.736348954037932e-07,0.0
536,32220.0,32220,18.581204086757072,18.581204086757072,141.09327544176708,0.0,18.5812046603134,5.735563282554529e-07,0.0
537,32280.0,32280,18.581204086940385,18.581204086940385,141.35650916489564,0.0,18.581204660418067,5.734776801917332e-07,0.0
538,32340.0,32340,18.581204087121662,18.581204087121666,141.61974288802696,0.0,18.581204660520623,5.733989559933726e-07,0.0
539,32400.0,32400,18.58120408730086,18.58120408730086,141.88297661116104,0.0,18.581204660621026,5.733201604578909e-07,0.0
540,32460.0,32460,18.581204087477943,18.581204087477943,142.1462103342979,0.0,18.58120466071924,5.732412983997124e-07,0.0
541,32520.0,32520,18.58120408765285,18.58120408765285,142.40944405743747,0.0,18.581204660815224,5.731623746505611e-07,0.0
542,32580.0,32580,18.581204087825547,18.581204087825547,142.67267778057968,0.0,18.58120466090894,5.73083394059539e-07,0.0
543,32640.0,32640,18.581204087995985,18.581204087995985,142.93591150372453,0.0,18.58120466100035,5.730043614933656e-07,0.0
544,32700.0,32700,18.581204088164124,18.581204088164124,143.19914522687202,0.0,18.581204661089405,5.729252818366699e-07,0.0
545,32760.0,32760,18.581204088329912,18.581204088329912,143.46237895002204,0.0,18.581204661176074,5.728461599921783e-07,0.0
546,32820.0,32820,18.581204088493305,18.581204088493305,143.72561267317465,0.0,18.58120466126031,5.727670008810455e-07,0.0
547,32880.0,32880,18.581204088654257,18.581204088654257,143.98884639632976,0.0,18.581204661342067,5.726878094431461e-07,0.0
548,32940.0,32940,18.58120408881272,18.58120408881272,144.25208011948735,0.0,18.58120466142131,5.726085906373211e-07,0.0
549,33000.0,33000,18.581204088968644,18.581204088968644,144.51531384264734,0.0,18.581204661497996,5.725293494415011e-07,0.0
550,33060.0,33060,18.581204089121982,18.581204089121982,144.7785475658098,0.0,18.581204661572077,5.724500908534908e-07,0.0
551,33120.0,33120,18.58120408927269,18.581204089272692,145.0417812889746,0.0,18.581204661643508,5.723708198907939e-07,0.0
552,33180.0,33180,18.581204089420712,18.581204089420712,145.30501501214178,0.0,18.581204661712256,5.722915415911516e-07,0.0
553,33240.0,33240,18.581204089566,18.581204089566,145.5682487353112,0.0,18.581204661778266,5.722122610130417e-07,0.0
554,33300.0,33300,18.58120408970851,18.58120408970851,145.8314824584829,0.0,18.581204661841493,5.721329832357107e-07,0.0
555,33360.0,33360,18.581204089848185,18.581204089848185,146.09471618165682,0.0,18.581204661901896,5.720537133599005e-07,0.0
556,33420.0,33420,18.581204089984976,18.581204089984976,146.3579499048329,0.0,18.581204661959433,5.71974456507952e-07,0.0
557,33480.0,33480,18.581204090118828,18.58120409011883,146.62118362801112,0.0,18.58120466201405,5.718952178243821e-07,0.0
558,33540.0,33540,18.581204090249695,18.581204090249695,146.88441735119144,0.0,18.5812046620657,5.718160024762469e-07,0.0
559,33600.0,33600,18.581204090377526,18.581204090377526,147.14765107437384,0.0,18.581204662114338,5.717368156535503e-07,0.0
560,33660.0,33660,18.581204090502258,18.581204090502258,147.4108847975582,0.0,18.58120466215992,5.716576625697688e-07,0.0
561,33720.0,33720,18.581204090623842,18.581204090623842,147.67411852074454,0.0,18.581204662202392,5.715785484622348e-07,0.0
562,33780.0,33780,18.58120409074223,18.58120409074223,147.93735224393282,0.0,18.58120466224171,5.714994785926676e-07,0.0
563,33840.0,33840,18.58120409085736,18.58120409085736,148.20058596712295,0.0,18.58120466227782,5.71420458247485e-07,0.0
564,33900.0,33900,18.581204090969177,18.581204090969177,148.46381969031492,0.0,18.58120466231067,5.713414927388278e-07,0.0
565,33960.0,33960,18.581204091077634,18.581204091077634,148.72705341350868,0.0,18.58120466234022,5.712625874042483e-07,0.0
566,34020.0,34020,18.58120409118266,18.58120409118266,148.99028713670415,0.0,18.58120466236641,5.711837476081504e-07,0.0
567,34080.0,34080,18.58120409128421,18.58120409128421,149.25352085990133,0.0,18.58120466238919,5.711049787416981e-07,0.0
568,34140.0,34140,18.581204091382222,18.581204091382222,149.51675458310012,0.0,18.58120466240851,5.710262862236587e-07,0.0
569,34200.0,34200,18.58120409147664,18.58120409147664,149.7799883063005,0.0,18.581204662424316,5.709476755010386e-07,0.0
570,34260.0,34260,18.581204091567404,18.581204091567404,150.04322202950243,0.0,18.581204662436555,5.708691520494395e-07,0.0
571,34320.0,34320,18.58120409165445,18.58120409165445,150.30645575270586,0.0,18.58120466244517,5.707907213740247e-07,0.0
572,34380.0,34380,18.581204091737728,18.581204091737728,150.56968947591068,0.0,18.58120466245012,5.707123890099664e-07,0.0
573,34440.0,34440,18.581204091817167,18.581204091817167,150.8329231991169,0.0,18.58120466245133,5.706341605230298e-07,0.0
574,34500.0,34500,18.58120409189272,18.58120409189272,151.0961569223244,0.0,18.58120466244876,5.705560415105514e-07,0.0
575,34560.0,34560,18.581204091964306,18.581204091964306,151.3593906455332,0.0,18.581204662442346,5.704780376017963e-07,0.0
576,34620.0,34620,18.581204092031882,18.581204092031882,151.6226243687432,0.0,18.581204662432036,5.704001544589045e-07,0.0
577,34680.0,34680,18.58120409209537,18.58120409209537,151.88585809195436,0.0,18.58120466241777,5.703223977775653e-07,0.0
578,34740.0,34740,18.58120409215471,18.58120409215471,152.14909181516663,0.0,18.58120466239949,5.702447732878219e-07,0.0
579,34800.0,34800,18.58120409220985,18.58120409220985,152.41232553837992,0.0,18.581204662377136,5.701672867548096e-07,0.0
580,34860.0,34860,18.581204092260705,18.581204092260705,152.67555926159417,0.0,18.58120466235065,5.700899439795219e-07,0.0
581,34920.0,34920,18.58120409230722,18.58120409230722,152.93879298480934,0.0,18.581204662319976,5.700127507997178e-07,0.0
582,34980.0,34980,18.58120409234933,18.58120409234933,153.2020267080254,0.0,18.581204662285042,5.699357130907258e-07,0.0
583,35040.0,35040,18.581204092386965,18.581204092386965,153.46526043124217,0.0,18.581204662245803,5.698588367663194e-07,0.0
584,35100.0,35100,18.58120409242006,18.58120409242006,153.72849415445972,0.0,18.581204662202186,5.697821277795732e-07,0.0
585,35160.0,35160,18.581204092448537,18.58120409244854,153.99172787767793,0.0,18.581204662154132,5.697055921238546e-07,0.0
586,35220.0,35220,18.581204092472337,18.581204092472337,154.25496160089673,0.0,18.581204662101573,5.696292358337126e-07,0.0
587,35280.0,35280,18.581204092491387,18.581204092491387,154.51819532411605,0.0,18.581204662044453,5.695530649857461e-07,0.0
588,35340.0,35340,18.58120409250561,18.581204092505615,154.78142904733582,0.0,18.5812046619827,5.694770856997913e-07,0.0
589,35400.0,35400,18.581204092514948,18.581204092514948,155.04466277055602,0.0,18.58120466191625,5.694013041397117e-07,0.0
590,35460.0,35460,18.581204092519314,18.581204092519314,155.3078964937765,0.0,18.581204661845042,5.693257265145988e-07,0.0
591,35520.0,35520,18.581204092518647,18.581204092518647,155.57113021699726,0.0,18.581204661769004,5.692503590796534e-07,0.0
592,35580.0,35580,18.58120409251286,18.581204092512863,155.83436394021817,0.0,18.58120466168807,5.69175208137424e-07,0.0
593,35640.0,35640,18.58120409250189,18.58120409250189,156.09759766343922,0.0,18.58120466160217,5.691002800387861e-07,0.0
594,35700.0,35700,18.581204092485656,18.581204092485656,156.36083138666027,0.0,18.581204661511237,5.690255811841613e-07,0.0
595,35760.0,35760,18.581204092464084,18.581204092464084,156.6240651098813,0.0,18.5812046614152,5.689511180246648e-07,0.0
596,35820.0,35820,18.58120409243709,18.58120409243709,156.88729883310216,0.0,18.581204661313986,5.688768970631818e-07,0.0
597,35880.0,35880,18.581204092404604,18.581204092404604,157.1505325563229,0.0,18.58120466120753,5.688029248555936e-07,0.0
598,35940.0,35940,18.58120409236654,18.581204092366544,157.4137662795433,0.0,18.58120466109575,5.687292080121252e-07,0.0
599,36000.0,36000,18.581204092322828,18.581204092322828,157.67700000276338,0.0,18.58120466097858,5.686557531984422e-07,0.0
600,36060.0,36060,18.581204092273378,18.581204092273378,157.940233725983,0.0,18.58120466085595,5.685825671370897e-07,0.0
601,36120.0,36120,18.581204092218115,18.581204092218115,158.20346744920212,0.0,18.581204660727774,5.6850965660864e-07,0.0
602,36180.0,36180,18.581204092156952,18.581204092156952,158.46670117242064,0.0,18.581204660593983,5.68437028453042e-07,0.0
603,36240.0,36240,18.581204092089806,18.581204092089806,158.72993489563848,0.0,18.581204660454496,5.683646895710922e-07,0.0
604,36300.0,36300,18.581204092016595,18.581204092016595,158.99316861885558,0.0,18.581204660309243,5.68292646925784e-07,0.0
605,36360.0,36360,18.581204091937234,18.581204091937234,159.25640234207177,0.0,18.581204660158143,5.682209075435651e-07,0.0
606,36420.0,36420,18.58120409185164,18.58120409185164,159.51963606528702,0.0,18.581204660001116,5.681494785159857e-07,0.0
607,36480.0,36480,18.581204091759716,18.581204091759716,159.78286978850124,0.0,18.581204659838082,5.680783670009418e-07,0.0
608,36540.0,36540,18.58120409166138,18.58120409166138,160.04610351171436,0.0,18.58120465966896,5.680075802243559e-07,0.0
609,36600.0,36600,18.581204091556543,18.581204091556543,160.30933723492623,0.0,18.58120465949367,5.67937125481603e-07,0.0
610,36660.0,36660,18.58120409144512,18.58120409144512,160.57257095813685,0.0,18.58120465931213,5.678670101388853e-07,0.0
611,36720.0,36720,18.581204091327013,18.581204091327013,160.835804681346,0.0,18.581204659124257,5.677972416351386e-07,0.0
612,36780.0,36780,18.581204091202135,18.581204091202135,161.09903840455365,0.0,18.581204658929963,5.677278274831931e-07,0.0
613,36840.0,36840,18.581204091070394,18.581204091070394,161.36227212775972,0.0,18.58120465872917,5.676587752718223e-07,0.0
614,36900.0,36900,18.581204090931692,18.581204090931692,161.6255058509641,0.0,18.581204658521784,5.675900926668388e-07,0.0
615,36960.0,36960,18.581204090785935,18.581204090785935,161.88873957416672,0.0,18.581204658307723,5.675217874132728e-07,0.0
616,37020.0,37020,18.581204090633033,18.581204090633033,162.15197329736742,0.0,18.5812046580869,5.674538673366372e-07,0.0
617,37080.0,37080,18.581204090472884,18.581204090472884,162.4152070205661,0.0,18.581204657859224,5.673863403447812e-07,0.0
618,37140.0,37140,18.581204090305395,18.581204090305395,162.6784407437627,0.0,18.581204657624607,5.67319214429629e-07,0.0
619,37200.0,37200,18.581204090130463,18.581204090130463,162.9416744669571,0.0,18.581204657382962,5.672524976687353e-07,0.0
620,37260.0,37260,18.58120408994799,18.58120408994799,163.20490819014918,0.0,18.58120465713419,5.67186198227062e-07,0.0
621,37320.0,37320,18.581204089757883,18.581204089757883,163.46814191333888,0.0,18.581204656878207,5.671203243588139e-07,0.0
622,37380.0,37380,18.58120408956003,18.581204089560032,163.73137563652602,0.0,18.581204656614915,5.670548844091435e-07,0.0
623,37440.0,37440,18.581204089354337,18.581204089354337,163.9946093597105,0.0,18.581204656344223,5.669898868158561e-07,0.0
624,37500.0,37500,18.581204089140694,18.581204089140694,164.25784308289224,0.0,18.581204656066035,5.669253401111743e-07,0.0
625,37560.0,37560,18.581204088919,18.581204088919,164.52107680607114,0.0,18.581204655780255,5.668612529234817e-07,0.0
626,37620.0,37620,18.581204088689155,18.581204088689155,164.78431052924705,0.0,18.58120465548679,5.667976339792293e-07,0.0
627,37680.0,37680,18.58120408845105,18.58120408845105,165.04754425241984,0.0,18.58120465518554,5.667344921045308e-07,0.0
628,37740.0,37740,18.581204088204572,18.581204088204572,165.31077797558945,0.0,18.58120465487641,5.666718362268486e-07,0.0
629,37800.0,37800,18.581204087949622,18.581204087949622,165.5740116987557,0.0,18.581204654559297,5.666096753770811e-07,0.0
630,37860.0,37860,18.58120408768609,18.58120408768609,165.8372454219185,0.0,18.581204654234106,5.665480186908605e-07,0.0
631,37920.0,37920,18.581204087413862,18.581204087413862,166.1004791450777,0.0,18.581204653900738,5.664868754104387e-07,0.0
632,37980.0,37980,18.58120408713283,18.58120408713283,166.36371286823325,0.0,18.581204653559087,5.66426254886439e-07,0.0
633,38040.0,38040,18.581204086842888,18.581204086842888,166.62694659138492,0.0,18.581204653209056,5.663661665792298e-07,0.0
634,38100.0,38100,18.581204086543917,18.581204086543917,166.89018031453264,0.0,18.581204652850538,5.66306620060832e-07,0.0
635,38160.0,38160,18.58120408623581,18.58120408623581,167.1534140376763,0.0,18.58120465248344,5.662476250162408e-07,0.0
636,38220.0,38220,18.58120408591845,18.58120408591845,167.4166477608157,0.0,18.581204652107644,5.661891912449698e-07,0.0
637,38280.0,38280,18.58120408559173,18.58120408559173,167.67988148395077,0.0,18.58120465172306,5.661313286624636e-07,0.0
638,38340.0,38340,18.581204085255525,18.581204085255525,167.94311520708135,0.0,18.581204651329575,5.660740473015514e-07,0.0
639,38400.0,38400,18.581204084909732,18.581204084909732,168.2063489302073,0.0,18.581204650927084,5.66017357313542e-07,0.0
640,38460.0,38460,18.581204084554223,18.581204084554223,168.46958265332853,0.0,18.58120465051549,5.659612689694235e-07,0.0
641,38520.0,38520,18.581204084188894,18.581204084188894,168.73281637644484,0.0,18.581204650094687,5.659057926610307e-07,0.0
642,38580.0,38580,18.581204083813617,18.581204083813617,168.99605009955613,0.0,18.581204649664556,5.658509389019011e-07,0.0
643,38640.0,38640,18.581204083428286,18.581204083428286,169.2592838226622,0.0,18.581204649225,5.657967183281237e-07,0.0
644,38700.0,38700,18.581204083032777,18.581204083032777,169.522517545763,0.0,18.581204648775916,5.657431416988266e-07,0.0
645,38760.0,38760,18.581204082626975,18.581204082626975,169.7857512688583,0.0,18.581204648317197,5.656902198967846e-07,0.0
646,38820.0,38820,18.581204082210764,18.581204082210764,170.048984991948,0.0,18.581204647848725,5.656379639287908e-07,0.0
647,38880.0,38880,18.581204081784026,18.581204081784026,170.31221871503192,0.0,18.58120464737041,5.655863849254801e-07,0.0
648,38940.0,38940,18.58120408134664,18.58120408134664,170.57545243810992,0.0,18.581204646882135,5.655354941414143e-07,0.0
649,39000.0,39000,18.581204080898498,18.581204080898498,170.83868616118187,0.0,18.5812046463838,5.65485302954407e-07,0.0
650,39060.0,39060,18.581204080439473,18.581204080439473,171.10191988424756,0.0,18.581204645875292,5.654358228650644e-07,0.0
651,39120.0,39120,18.581204079969453,18.581204079969453,171.3651536073069,0.0,18.581204645356518,5.653870654956296e-07,0.0
652,39180.0,39180,18.581204079488323,18.581204079488323,171.62838733035971,0.0,18.581204644827366,5.653390425885834e-07,0.0
653,39240.0,39240,18.581204078995967,18.581204078995967,171.8916210534058,0.0,18.581204644287734,5.652917660050221e-07,0.0
654,39300.0,39300,18.58120407849227,18.58120407849227,172.15485477644506,0.0,18.58120464373752,5.652452477223889e-07,0.0
655,39360.0,39360,18.581204077977123,18.581204077977123,172.41808849947728,0.0,18.581204643176623,5.651994998317825e-07,0.0
656,39420.0,39420,18.58120407745041,18.58120407745041,172.68132222250233,0.0,18.58120464260494,5.651545345350327e-07,0.0
657,39480.0,39480,18.581204076912016,18.581204076912016,172.94455594552002,0.0,18.58120464202238,5.65110364140713e-07,0.0
658,39540.0,39540,18.58120407636184,18.58120407636184,173.20778966853018,0.0,18.581204641428844,5.650670010601716e-07,0.0
659,39600.0,39600,18.581204075799775,18.581204075799775,173.47102339153267,0.0,18.58120464082423,5.650244578021953e-07,0.0
660,39660.0,39660,18.581204075225706,18.581204075225706,173.7342571145273,0.0,18.581204640208455,5.649827469678028e-07,0.0
661,39720.0,39720,18.58120407463954,18.58120407463954,173.99749083751388,0.0,18.58120463958142,5.649418812431893e-07,0.0
662,39780.0,39780,18.58120407404117,18.58120407404117,174.26072456049232,0.0,18.581204638943046,5.649018733926917e-07,0.0
663,39840.0,39840,18.581204073430506,18.581204073430506,174.52395828346235,0.0,18.581204638293244,5.64862736250521e-07,0.0
664,39900.0,39900,18.58120407280745,18.58120407280745,174.7871920064238,0.0,18.58120463763193,5.648244827111656e-07,0.0
665,39960.0,39960,18.581204072171907,18.581204072171907,175.05042572937654,0.0,18.581204636959033,5.647871257190292e-07,0.0
666,40020.0,40020,18.581204071523796,18.581204071523796,175.31365945232037,0.0,18.581204636274474,5.647506782566821e-07,0.0
667,40080.0,40080,18.58120407086303,18.58120407086303,175.57689317525512,0.0,18.581204635578185,5.647151533317169e-07,0.0
668,40140.0,40140,18.58120407018954,18.58120407018954,175.84012689818056,0.0,18.581204634870105,5.646805639623088e-07,0.0
669,40200.0,40200,18.581204069503244,18.581204069503244,176.10336062109656,0.0,18.58120463415017,5.646469231606153e-07,0.0
670,40260.0,40260,18.581204068804084,18.581204068804084,176.36659434400295,0.0,18.581204633418324,5.646142439151785e-07,0.0
671,40320.0,40320,18.58120406809199,18.581204068091992,176.62982806689948,0.0,18.58120463267453,5.645825391709147e-07,0.0
672,40380.0,40380,18.58120406736691,18.58120406736691,176.89306178978603,0.0,18.581204631918737,5.645518218070676e-07,0.0
673,40440.0,40440,18.581204066628807,18.581204066628807,177.15629551266235,0.0,18.58120463115091,5.645221046128152e-07,0.0
674,40500.0,40500,18.581204065877632,18.581204065877635,177.41952923552833,0.0,18.581204630371033,5.644934002606389e-07,0.0
675,40560.0,40560,18.581204065113365,18.581204065113365,177.68276295838373,0.0,18.581204629579084,5.644657212766124e-07,0.0
676,40620.0,40620,18.58120406433597,18.58120406433597,177.9459966812284,0.0,18.581204628775055,5.644390800079419e-07,0.0
677,40680.0,40680,18.581204063545457,18.581204063545457,178.20923040406205,0.0,18.581204627958947,5.64413488587219e-07,0.0
678,40740.0,40740,18.58120406274181,18.58120406274181,178.47246412688463,0.0,18.581204627130766,5.643889588930928e-07,0.0
679,40800.0,40800,18.581204061925053,18.581204061925053,178.73569784969584,0.0,18.581204626290553,5.643655025068719e-07,0.0
680,40860.0,40860,18.581204061095203,18.581204061095203,178.99893157249556,0.0,18.581204625438332,5.643431306656558e-07,0.0
681,40920.0,40920,18.581204060252308,18.581204060252308,179.26216529528358,0.0,18.58120462457416,5.643218542096317e-07,0.0
682,40980.0,40980,18.581204059396416,18.581204059396416,179.52539901805972,0.0,18.5812046236981,5.643016835258617e-07,0.0
683,41040.0,41040,18.581204058527604,18.581204058527604,179.78863274082374,0.0,18.58120462281023,5.642826284852055e-07,0.0
684,41100.0,41100,18.581204057645955,18.581204057645955,180.05186646357555,0.0,18.581204621910654,5.642646983744421e-07,0.0
685,41160.0,41160,18.581204056751577,18.581204056751577,180.3151001863149,0.0,18.581204620999483,5.642479018212227e-07,0.0
686,41220.0,41220,18.581204055844605,18.581204055844605,180.57833390904162,0.0,18.58120462007685,5.642322467120893e-07,0.0
687,41280.0,41280,18.581204054925177,18.581204054925177,180.84156763175554,0.0,18.58120461914292,5.642177401034667e-07,0.0
688,41340.0,41340,18.581204053993474,18.581204053993474,181.10480135445644,0.0,18.581204618197862,5.642043881232895e-07,0.0
689,41400.0,41400,18.58120405304969,18.58120405304969,181.36803507714419,0.0,18.581204617241884,5.641921958642981e-07,0.0
690,41460.0,41460,18.581204052094048,18.581204052094048,181.6312687998186,0.0,18.581204616275215,5.641811672674261e-07,0.0
691,41520.0,41520,18.581204051126804,18.581204051126804,181.89450252247948,0.0,18.58120461529811,5.641713049942749e-07,0.0
692,41580.0,41580,18.58120405014824,18.58120405014824,182.15773624512673,0.0,18.581204614310852,5.641626102879687e-07,0.0
693,41640.0,41640,18.581204049158682,18.581204049158682,182.42096996776013,0.0,18.581204613313762,5.641550828216892e-07,0.0
694,41700.0,41700,18.581204048158472,18.581204048158472,182.6842036903795,0.0,18.581204612307197,5.641487205333087e-07,0.0
695,41760.0,41760,18.58120404714801,18.58120404714801,182.94743741298475,0.0,18.58120461129153,5.64143519445355e-07,0.0
696,41820.0,41820,18.581204046127723,18.581204046127723,183.21067113557564,0.0,18.5812046102672,5.641394734688635e-07,0.0
697,41880.0,41880,18.581204045098094,18.581204045098094,183.47390485815217,0.0,18.581204609234668,5.641365741904354e-07,0.0
698,41940.0,41940,18.581204044059636,18.581204044059636,183.73713858071406,0.0,18.581204608194447,5.641348106401017e-07,0.0
699,42000.0,42000,18.581204043012924,18.581204043012924,184.00037230326126,0.0,18.581204607147097,5.641341690399822e-07,0.0
700,42060.0,42060,18.58120404195859,18.58120404195859,184.26360602579362,0.0,18.581204606093223,5.641346325306957e-07,0.0
701,42120.0,42120,18.581204040897312,18.581204040897312,184.52683974831106,0.0,18.58120460503349,5.641361808759323e-07,0.0
702,42180.0,42180,18.581204039829828,18.581204039829828,184.79007347081347,0.0,18.58120460396862,5.641387901420029e-07,0.0
703,42240.0,42240,18.58120403875695,18.58120403875695,185.0533071933007,0.0,18.581204602899383,5.641424323520346e-07,0.0
704,42300.0,42300,18.58120403767955,18.58120403767955,185.31654091577272,0.0,18.581204601826627,5.641470751130637e-07,0.0
705,42360.0,42360,18.58120403659858,18.58120403659858,185.5797746382295,0.0,18.581204600751263,5.641526812147057e-07,0.0
706,42420.0,42420,18.581204035515064,18.581204035515064,185.84300836067098,0.0,18.581204599674273,5.641592081990775e-07,0.0
707,42480.0,42480,18.581204034430105,18.581204034430105,186.10624208309704,0.0,18.58120459859671,5.641666079004545e-07,0.0
708,42540.0,42540,18.581204033344893,18.581204033344893,186.3694758055077,0.0,18.58120459751972,5.641748259549079e-07,0.0
709,42600.0,42600,18.581204032260718,18.581204032260718,186.63270952790302,0.0,18.581204596444522,5.641838012810606e-07,0.0
710,42660.0,42660,18.581204031178956,18.581204031178956,186.89594325028295,0.0,18.58120459537242,5.641934655323443e-07,0.0
711,42720.0,42720,18.58120403010109,18.58120403010109,187.15917697264751,0.0,18.581204594304833,5.64203742524663e-07,0.0
712,42780.0,42780,18.581204029028708,18.581204029028708,187.42241069499676,0.0,18.581204593243257,5.642145476430206e-07,0.0
713,42840.0,42840,18.581204027963505,18.581204027963505,187.68564441733082,0.0,18.581204592189295,5.642257872350708e-07,0.0
714,42900.0,42900,18.581204026907304,18.581204026907304,187.94887813964974,0.0,18.581204591144658,5.642373580001658e-07,0.0
715,42960.0,42960,18.58120402586203,18.58120402586203,188.21211186195367,0.0,18.581204590111174,5.642491463903958e-07,0.0
716,43020.0,43020,18.58120402482974,18.58120402482974,188.47534558424277,0.0,18.58120458909077,5.642610280401641e-07,0.0
717,43080.0,43080,18.581204023812635,18.581204023812635,188.7385793065172,0.0,18.581204588085498,5.642728672549901e-07,0.0
718,43140.0,43140,18.581204022813015,18.581204022813015,189.00181302877724,0.0,18.58120458709753,5.642845165945149e-07,0.0
719,43200.0,43200,18.581204021833326,18.581204021833326,189.26504675102305,0.0,18.581204586129147,5.642958166017525e-07,0.0
720,43260.0,43260,18.581204020876147,18.581204020876147,189.52828047325494,0.0,18.581204585182743,5.643065957487191e-07,0.0
721,43320.0,43320,18.58120401994416,18.58120401994416,189.79151419547327,0.0,18.58120458426083,5.643166706934166e-07,0.0
722,43380.0,43380,18.581204019040165,18.581204019040165,190.05474791767836,0.0,18.581204583366013,5.643258469809653e-07,0.0
723,43440.0,43440,18.581204018167043,18.581204018167043,190.3179816398706,0.0,18.581204582500963,5.643339203728651e-07,0.0
724,43500.0,43500,18.58120401732772,18.58120401732772,190.58121536205047,0.0,18.581204581668402,5.643406790641421e-07,0.0
725,43560.0,43560,18.581204016525128,18.581204016525128,190.84444908421844,0.0,18.58120458087103,5.643459071598031e-07,0.0
726,43620.0,43620,18.58120515543434,-281.41879484456564,191.107682806375,300.0,5.438275409372416e-07,281.41879538839316,0.0
727,43680.0,43680,18.58120515535098,-281.418794844649,186.417369557606,300.0,5.438697919032189e-07,281.4187953885188,0.0
728,43740.0,43740,18.5812051552955,-281.4187948447045,181.72705630883553,300.0,5.439036172175216e-07,281.41879538860815,0.0
729,43800.0,43800,18.581205155270304,-281.41879484472975,177.03674306006405,300.0,5.439265457949122e-07,281.4187953886563,0.0
730,43860.0,43860,18.581205155269277,-281.4187948447307,172.34642981129204,300.0,5.439404969468286e-07,281.41879538867124,0.0
731,43920.0,43920,18.581205155286497,-281.41879484471355,167.65611656252003,300.0,5.439476214942605e-07,281.4187953886611,0.0
732,43980.0,43980,18.581205155317544,-281.41879484468245,162.96580331374827,300.0,5.439495764597313e-07,281.4187953886321,0.0
733,44040.0,44040,18.58120515535936,-281.4187948446407,158.27549006497702,300.0,5.439475284741978e-07,281.4187953885882,0.0
734,44100.0,44100,18.581205155409837,-281.4187948445902,153.58517681620646,300.0,5.439422757809143e-07,281.41879538853243,0.0
735,44160.0,44160,18.58120515546755,-281.41879484453244,148.8948635674368,300.0,5.439343596927692e-07,281.4187953884668,0.0
736,44220.0,44220,18.581205162179636,-41.41879483782036,144.20455031866808,60.0,5.416050858317435e-07,41.41879537942545,0.0
737,44280.0,44280,18.58120401513976,18.58120401513976,143.51423707001706,0.0,18.581204579123924,5.639841626664174e-07,0.0
738,44340.0,44340,18.581204015568783,18.581204015568783,143.77747079215487,0.0,18.581204579492663,5.639238806595536e-07,0.0
739,44400.0,44400,18.581204015993833,18.581204015993833,144.04070451429897,0.0,18.581204579857886,5.638640536693313e-07,0.0
740,44460.0,44460,18.581204016414905,18.581204016414905,144.3039382364492,0.0,18.581204580219588,5.638046837640905e-07,0.0
741,44520.0,44520,18.581204016832,18.581204016832,144.56717195860557,0.0,18.58120458057777,5.637457729896186e-07,0.0
742,44580.0,44580,18.581204017245113,18.581204017245113,144.83040568076797,0.0,18.581204580932432,5.636873233702339e-07,0.0
743,44640.0,44640,18.58120401765424,18.58120401765424,145.0936394029364,0.0,18.58120458128358,5.636293369101927e-07,0.0
744,44700.0,44700,18.58120401805939,18.581204018059385,145.35687312511075,0.0,18.5812045816312,5.635718155949207e-07,0.0
745,44760.0,44760,18.581204018460546,18.581204018460546,145.620106847291,0.0,18.581204581975307,5.635147613922717e-07,0.0
746,44820.0,44820,18.58120401885771,18.58120401885771,145.88334056947707,0.0,18.581204582315888,5.634581762540442e-07,0.0
747,44880.0,44880,18.581204019250887,18.581204019250887,146.14657429166888,0.0,18.581204582652944,5.634020621169288e-07,0.0
748,44940.0,44940,18.581204019640058,18.581204019640058,146.4098080138664,0.0,18.58120458298648,5.633464209043946e-07,0.0
749,45000.0,45000,18.581204020025233,18.58120402002523,146.6730417360696,0.0,18.581204583316488,5.632912545276877e-07,0.0
750,45060.0,45060,18.5812040204064,18.581204020406396,146.9362754582784,0.0,18.581204583642965,5.632365648873296e-07,0.0
751,45120.0,45120,18.581204020783556,18.581204020783556,147.19950918049273,0.0,18.58120458396591,5.63182353874699e-07,0.0
752,45180.0,45180,18.581204021156697,18.581204021156697,147.46274290271253,0.0,18.58120458428532,5.631286233734062e-07,0.0
753,45240.0,45240,18.581204021525817,18.581204021525817,147.72597662493777,0.0,18.581204584601192,5.630753752605195e-07,0.0
754,45300.0,45300,18.581204021890915,18.581204021890915,147.98921034716835,0.0,18.581204584913525,5.63022611408548e-07,0.0
755,45360.0,45360,18.581204022251978,18.581204022251978,148.25244406940425,0.0,18.581204585222313,5.629703336864806e-07,0.0
756,45420.0,45420,18.581204022609004,18.581204022609004,148.51567779164537,0.0,18.581204585527548,5.629185439617235e-07,0.0
757,45480.0,45480,18.581204022961987,18.581204022961987,148.77891151389173,0.0,18.581204585829234,5.628672441013137e-07,0.0
758,45540.0,45540,18.581204023310917,18.581204023310917,149.04214523614314,0.0,18.581204586127352,5.628164359736043e-07,0.0
759,45600.0,45600,18.58120402365579,18.58120402365579,149.30537895839967,0.0,18.581204586421908,5.62766121449996e-07,0.0
760,45660.0,45660,18.581204023996598,18.581204023996598,149.5686126806612,0.0,18.5812045867129,5.627163024064088e-07,0.0
761,45720.0,45720,18.581204024333328,18.581204024333324,149.83184640292768,0.0,18.581204587000304,5.626669807248714e-07,0.0
762,45780.0,45780,18.581204024665972,18.581204024665972,150.09508012519905,0.0,18.58120458728413,5.626181582953812e-07,0.0
763,45840.0,45840,18.581204024994527,18.581204024994527,150.35831384747527,0.0,18.581204587564365,5.625698370172857e-07,0.0
764,45900.0,45900,18.58120402531898,18.58120402531898,150.62154756975627,0.0,18.581204587840997,5.625220188010923e-07,0.0
765,45960.0,45960,18.58120402563932,18.581204025639316,150.884781292042,0.0,18.581204588114023,5.624747055704385e-07,0.0
766,46020.0,46020,18.581204025955532,18.581204025955532,151.14801501433234,0.0,18.581204588383432,5.624278992633246e-07,0.0
767,46080.0,46080,18.581204026267617,18.581204026267617,151.4112487366273,0.0,18.581204588649218,5.623816018341626e-07,0.0
768,46140.0,46140,18.581204026575552,18.581204026575552,151.67448245892678,0.0,18.58120458891137,5.623358152556171e-07,0.0
769,46200.0,46200,18.58120402687933,18.58120402687933,151.93771618123077,0.0,18.581204589169875,5.622905415200523e-07,0.0
770,46260.0,46260,18.581204027178938,18.581204027178938,152.20094990353917,0.0,18.581204589424722,5.62245782641723e-07,0.0
771,46320.0,46320,18.581204027474364,18.581204027474364,152.46418362585192,0.0,18.581204589675906,5.622015406582466e-07,0.0
772,46380.0,46380,18.58120402776559,18.58120402776559,152.72741734816893,0.0,18.581204589923406,5.621578176327108e-07,0.0
773,46440.0,46440,18.581204028052607,18.581204028052607,152.9906510704902,0.0,18.581204590167218,5.621146156554302e-07,0.0
774,46500.0,46500,18.581204028335392,18.581204028335392,153.25388479281565,0.0,18.58120459040733,5.620719368457691e-07,0.0
775,46560.0,46560,18.58120402861394,18.58120402861394,153.51711851514523,0.0,18.581204590643722,5.620297833540797e-07,0.0
776,46620.0,46620,18.581204028888223,18.581204028888223,153.78035223747884,0.0,18.58120459087638,5.619881573636088e-07,0.0
777,46680.0,46680,18.581204029158233,18.581204029158233,154.04358595981645,0.0,18.581204591105294,5.619470610926052e-07,0.0
778,46740.0,46740,18.58120402942395,18.58120402942395,154.30681968215796,0.0,18.581204591330447,5.61906496795895e-07,0.0
779,46800.0,46800,18.581204029685356,18.581204029685356,154.57005340450334,0.0,18.581204591551824,5.618664667672941e-07,0.0
780,46860.0,46860,18.581204029942434,18.58120402994243,154.83328712685255,0.0,18.581204591769406,5.618269733414302e-07,0.0
781,46920.0,46920,18.581204030195156,18.581204030195156,155.09652084920552,0.0,18.581204591983177,5.617880188954543e-07,0.0
782,46980.0,46980,18.581204030443512,18.581204030443512,155.35975457156215,0.0,18.581204592193114,5.617496058517843e-07,0.0
783,47040.0,47040,18.581204030687474,18.581204030687474,155.62298829392236,0.0,18.58120459239921,5.61711736679388e-07,0.0
784,47100.0,47100,18.581204030927026,18.581204030927026,155.88622201628613,0.0,18.581204592601438,5.616744138965265e-07,0.0
785,47160.0,47160,18.58120403116214,18.58120403116214,156.1494557386534,0.0,18.581204592799782,5.616376400724397e-07,0.0
786,47220.0,47220,18.581204031392797,18.581204031392797,156.41268946102406,0.0,18.581204592994215,5.616014178295903e-07,0.0
787,47280.0,47280,18.58120403161897,18.58120403161897,156.67592318339814,0.0,18.58120459318472,5.615657498458747e-07,0.0
788,47340.0,47340,18.581204031840635,18.581204031840635,156.93915690577546,0.0,18.581204593371275,5.615306388568922e-07,0.0
789,47400.0,47400,18.58120403205777,18.58120403205777,157.20239062815605,0.0,18.581204593553856,5.614960876578584e-07,0.0
790,47460.0,47460,18.581204032270342,18.581204032270342,157.4656243505398,0.0,18.58120459373244,5.614620991061141e-07,0.0
791,47520.0,47520,18.58120403247833,18.58120403247833,157.7288580729266,0.0,18.581204593907003,5.61428676123233e-07,0.0
792,47580.0,47580,18.5812040326817,18.5812040326817,157.99209179531647,0.0,18.581204594077523,5.613958216972715e-07,0.0
793,47640.0,47640,18.58120403288043,18.58120403288043,158.25532551770928,0.0,18.581204594243967,5.613635388852785e-07,0.0
794,47700.0,47700,18.581204033074485,18.581204033074485,158.51855924010502,0.0,18.581204594406316,5.613318308152594e-07,0.0
795,47760.0,47760,18.581204033263834,18.581204033263834,158.78179296250357,0.0,18.581204594564532,5.613007006889975e-07,0.0
796,47820.0,47820,18.581204033448447,18.581204033448447,159.04502668490488,0.0,18.5812045947186,5.612701517839016e-07,0.0
797,47880.0,47880,18.58120403362829,18.58120403362829,159.30826040730892,0.0,18.581204594868478,5.612401874559044e-07,0.0
798,47940.0,47940,18.581204033803335,18.58120403380333,159.57149412971552,0.0,18.581204595014142,5.612108111416351e-07,0.0
799,48000.0,48000,18.581204033973542,18.581204033973542,159.83472785212473,0.0,18.58120459515557,5.611820263608179e-07,0.0
800,48060.0,48060,18.581204034138874,18.581204034138874,160.09796157453638,0.0,18.58120459529271,5.611538367190157e-07,0.0
801,48120.0,48120,18.581204034299297,18.581204034299297,160.36119529695046,0.0,18.581204595425543,5.611262459098276e-07,0.0
802,48180.0,48180,18.581204034454778,18.581204034454778,160.6244290193669,0.0,18.581204595554034,5.610992577177355e-07,0.0
803,48240.0,48240,18.58120403460527,18.58120403460527,160.88766274178556,0.0,18.581204595678148,5.610728760204584e-07,0.0
804,48300.0,48300,18.581204034750744,18.581204034750744,161.15089646420645,0.0,18.581204595797846,5.61047104791636e-07,0.0
805,48360.0,48360,18.58120403489115,18.58120403489115,161.41413018662948,0.0,18.581204595913096,5.61021948103508e-07,0.0
806,48420.0,48420,18.581204035026452,18.581204035026452,161.67736390905452,0.0,18.58120459602386,5.609974101293115e-07,0.0
807,48480.0,48480,18.581204035156606,18.581204035156606,161.94059763148155,0.0,18.5812045961301,5.609734951464276e-07,0.0
808,48540.0,48540,18.581204035281566,18.581204035281566,162.2038313539105,0.0,18.581204596231775,5.609502075384878e-07,0.0
809,48600.0,48600,18.58120403540129,18.58120403540129,162.46706507634124,0.0,18.581204596328842,5.609275517986808e-07,0.0
810,48660.0,48660,18.58120403551573,18.58120403551573,162.7302987987738,0.0,18.581204596421262,5.609055325320876e-07,0.0
811,48720.0,48720,18.581204035624843,18.581204035624843,162.99353252120798,0.0,18.581204596508996,5.60884154458748e-07,0.0
812,48780.0,48780,18.58120403572858,18.58120403572858,163.25676624364377,0.0,18.581204596592,5.608634224162023e-07,0.0
813,48840.0,48840,18.581204035826886,18.581204035826886,163.51999996608112,0.0,18.581204596670226,5.60843341362572e-07,0.0
814,48900.0,48900,18.581204035919715,18.581204035919715,163.78323368851986,0.0,18.581204596743632,5.608239163793341e-07,0.0
815,48960.0,48960,18.581204036007016,18.581204036007016,164.04646741096,0.0,18.58120459681217,5.608051526740454e-07,0.0
816,49020.0,49020,18.58120403608874,18.58120403608874,164.30970113340138,0.0,18.581204596875793,5.607870555834671e-07,0.0
817,49080.0,49080,18.581204036164824,18.581204036164824,164.572934855844,0.0,18.58120459693445,5.60769630576211e-07,0.0
818,49140.0,49140,18.581204036235217,18.581204036235217,164.8361685782877,0.0,18.5812045969881,5.607528832559879e-07,0.0
819,49200.0,49200,18.581204036299862,18.581204036299862,165.09940230073246,0.0,18.581204597036685,5.607368193642722e-07,0.0
820,49260.0,49260,18.581204036358706,18.581204036358706,165.3626360231782,0.0,18.581204597080152,5.607214447833112e-07,0.0
821,49320.0,49320,18.581204036411687,18.581204036411687,165.6258697456248,0.0,18.58120459711845,5.607067655391855e-07,0.0
822,49380.0,49380,18.581204036458743,18.581204036458743,165.8891034680722,0.0,18.58120459715153,5.606927878045837e-07,0.0
823,49440.0,49440,18.581204036499813,18.581204036499813,166.15233719052029,0.0,18.58120459717933,5.60679517901987e-07,0.0
824,49500.0,49500,18.58120403653484,18.581204036534835,166.41557091296897,0.0,18.5812045972018,5.606669623064635e-07,0.0
825,49560.0,49560,18.581204036563754,18.581204036563754,166.6788046354182,0.0,18.58120459721888,5.606551276484627e-07,0.0
826,49620.0,49620,18.58120403658649,18.58120403658649,166.9420383578679,0.0,18.581204597230514,5.606440207172006e-07,0.0
827,49680.0,49680,18.581204036602987,18.581204036602987,167.20527208031788,0.0,18.581204597236635,5.606336484630783e-07,0.0
828,49740.0,49740,18.581204036613173,18.581204036613173,167.46850580276816,0.0,18.581204597237193,5.606240180007356e-07,0.0
829,49800.0,49800,18.581204036616985,18.581204036616985,167.73173952521861,0.0,18.58120459723212,5.606151366120864e-07,0.0
830,49860.0,49860,18.58120403661434,18.58120403661434,167.99497324766912,0.0,18.581204597221355,5.606070117488144e-07,0.0
831,49920.0,49920,18.581204036605186,18.581204036605186,168.25820697011963,0.0,18.581204597204835,5.605996510351295e-07,0.0
832,49980.0,49980,18.581204036589433,18.581204036589433,168.52144069257002,0.0,18.581204597182495,5.605930622707502e-07,0.0
833,50040.0,50040,18.581204036567016,18.581204036567016,168.78467441502022,0.0,18.58120459715427,5.60587253433244e-07,0.0
834,50100.0,50100,18.58120403653786,18.58120403653786,169.0479081374701,0.0,18.58120459712009,5.605822326804668e-07,0.0
835,50160.0,50160,18.581204036501887,18.581204036501884,169.3111418599196,0.0,18.581204597079893,5.605780083533753e-07,0.0
836,50220.0,50220,18.581204036459017,18.581204036459017,169.57437558236856,0.0,18.581204597033604,5.605745889777145e-07,0.0
837,50280.0,50280,18.581204036409172,18.581204036409172,169.83760930481697,0.0,18.58120459698116,5.605719832668371e-07,0.0
838,50340.0,50340,18.581204036352283,18.581204036352283,170.10084302726466,0.0,18.58120459692248,5.605702001232347e-07,0.0
839,50400.0,50400,18.58120403628825,18.58120403628825,170.36407674971156,0.0,18.581204596857496,5.605692486405863e-07,0.0
840,50460.0,50460,18.581204036217006,18.581204036217006,170.62731047215752,0.0,18.581204596786144,5.605691381053663e-07,0.0
841,50520.0,50520,18.581204036138462,18.581204036138462,170.89054419460246,0.0,18.58120459670834,5.605698779983041e-07,0.0
842,50580.0,50580,18.581204036052533,18.581204036052533,171.1537779170463,0.0,18.581204596624012,5.605714779955115e-07,0.0
843,50640.0,50640,18.581204035959136,18.581204035959136,171.41701163948895,0.0,18.581204596533087,5.60573947969482e-07,0.0
844,50700.0,50700,18.58120403585819,18.581204035858185,171.68024536193028,0.0,18.581204596435484,5.605772979895636e-07,0.0
845,50760.0,50760,18.581204035749597,18.581204035749593,171.94347908437015,0.0,18.581204596331133,5.605815383222641e-07,0.0
846,50820.0,50820,18.58120403563327,18.58120403563327,172.20671280680847,0.0,18.581204596219948,5.605866794314579e-07,0.0
847,50880.0,50880,18.581204035509128,18.581204035509128,172.46994652924514,0.0,18.581204596101855,5.605927319772003e-07,0.0
848,50940.0,50940,18.581204035377073,18.581204035377073,172.73318025168,0.0,18.581204595976782,5.605997068153438e-07,0.0
849,51000.0,51000,18.581204035237025,18.581204035237025,172.99641397411298,0.0,18.581204595844635,5.606076149955682e-07,0.0
850,51060.0,51060,18.58120403508888,18.58120403508888,173.25964769654396,0.0,18.581204595705348,5.606164677596155e-07,0.0
851,51120.0,51120,18.581204034932554,18.581204034932554,173.52288141897284,0.0,18.58120459555883,5.606262765383668e-07,0.0
852,51180.0,51180,18.581204034767957,18.581204034767957,173.78611514139945,0.0,18.58120459540501,5.606370529483659e-07,0.0
853,51240.0,51240,18.58120403459499,18.58120403459499,174.04934886382375,0.0,18.581204595243797,5.606488087877082e-07,0.0
854,51300.0,51300,18.581204034413567,18.581204034413563,174.31258258624555,0.0,18.581204595075118,5.606615560308092e-07,0.0
855,51360.0,51360,18.581204034223585,18.581204034223585,174.57581630866474,0.0,18.58120459489889,5.606753068225734e-07,0.0
856,51420.0,51420,18.58120403402496,18.58120403402496,174.83905003108123,0.0,18.581204594715032,5.606900734711073e-07,0.0
857,51480.0,51480,18.5812040338176,18.581204033817595,175.10228375349482,0.0,18.581204594523463,5.607058684396071e-07,0.0
858,51540.0,51540,18.5812040336014,18.5812040336014,175.36551747590542,0.0,18.581204594324106,5.607227043367494e-07,0.0
859,51600.0,51600,18.581204033376284,18.58120403337628,175.62875119831295,0.0,18.581204594116876,5.607405939058813e-07,0.0
860,51660.0,51660,18.58120403314215,18.58120403314215,175.89198492071725,0.0,18.581204593901703,5.607595500124549e-07,0.0
861,51720.0,51720,18.581204032898913,18.581204032898913,176.15521864311816,0.0,18.581204593678496,5.607795856299105e-07,0.0
862,51780.0,51780,18.58120403264648,18.58120403264648,176.41845236551558,0.0,18.58120459344719,5.608007138236932e-07,0.0
863,51840.0,51840,18.581204032384765,18.581204032384765,176.6816860879094,0.0,18.58120459320771,5.608229477331618e-07,0.0
864,51900.0,51900,18.581204032113675,18.581204032113675,176.94491981029944,0.0,18.581204592959974,5.608463005510661e-07,0.0
865,51960.0,51960,18.58120403183313,18.58120403183313,177.2081535326856,0.0,18.581204592703916,5.608707855009627e-07,0.0
866,52020.0,52020,18.581204031543045,18.581204031543045,177.47138725506767,0.0,18.58120459243946,5.608964158115048e-07,0.0
867,52080.0,52080,18.58120403124334,18.58120403124334,177.73462097744562,0.0,18.581204592166547,5.609232046877883e-07,0.0
868,52140.0,52140,18.58120403093394,18.58120403093394,177.99785469981924,0.0,18.581204591885104,5.609511652796893e-07,0.0
869,52200.0,52200,18.581204030614764,18.581204030614764,178.2610884221884,0.0,18.581204591595075,5.609803106459743e-07,0.0
870,52260.0,52260,18.581204030285743,18.581204030285743,178.52432214455297,0.0,18.581204591296395,5.61010653714992e-07,0.0
871,52320.0,52320,18.581204029946804,18.581204029946804,178.78755586691278,0.0,18.58120459098901,5.610422072408214e-07,0.0
872,52380.0,52380,18.581204029597888,18.581204029597888,179.05078958926774,0.0,18.581204590672872,5.610749837541854e-07,0.0
873,52440.0,52440,18.58120402923894,18.58120402923894,179.31402331161766,0.0,18.581204590347934,5.611089955086452e-07,0.0
874,52500.0,52500,18.581204028869895,18.581204028869895,179.5772570339624,0.0,18.58120459001415,5.611442544203031e-07,0.0
875,52560.0,52560,18.581204028490717,18.581204028490713,179.84049075630185,0.0,18.581204589671486,5.611807720018772e-07,0.0
876,52620.0,52620,18.581204028101354,18.581204028101354,180.10372447863583,0.0,18.581204589319913,5.612185592887169e-07,0.0
877,52680.0,52680,18.581204027701776,18.581204027701776,180.36695820096418,0.0,18.581204588959405,5.612576267580091e-07,0.0
878,52740.0,52740,18.58120402729196,18.58120402729196,180.6301919232868,0.0,18.58120458858994,5.612979842385692e-07,0.0
879,52800.0,52800,18.58120402687188,18.58120402687188,180.8934256456035,0.0,18.581204588211524,5.613396408119766e-07,0.0
880,52860.0,52860,18.581204026441533,18.581204026441533,181.15665936791413,0.0,18.581204587824136,5.6138260470268e-07,0.0
881,52920.0,52920,18.58120402600092,18.58120402600092,181.41989309021855,0.0,18.581204587427802,5.614268831573316e-07,0.0
882,52980.0,52980,18.58120402555005,18.58120402555005,181.68312681251666,0.0,18.58120458702253,5.614724823109795e-07,0.0
883,53040.0,53040,18.581204025088947,18.581204025088947,181.94636053480824,0.0,18.581204586608354,5.615194070400566e-07,0.0
884,53100.0,53100,18.581204024617655,18.581204024617655,182.20959425709316,0.0,18.581204586185315,5.615676607997497e-07,0.0
885,53160.0,53160,18.58120402413622,18.58120402413622,182.4728279793713,0.0,18.58120458575346,5.616172454451129e-07,0.0
886,53220.0,53220,18.581204023644712,18.581204023644712,182.73606170164248,0.0,18.581204585312875,5.6166816103335e-07,0.0
887,53280.0,53280,18.581204023143222,18.581204023143222,182.99929542390657,0.0,18.581204584863627,5.617204056064764e-07,0.0
888,53340.0,53340,18.581204022631844,18.581204022631844,183.26252914616344,0.0,18.581204584405818,5.61773974951558e-07,0.0
889,53400.0,53400,18.58120402211071,18.58120402211071,183.52576286841295,0.0,18.581204583939574,5.618288623363298e-07,0.0
890,53460.0,53460,18.581204021579964,18.581204021579964,183.7889965906549,0.0,18.581204583465023,5.618850582188192e-07,0.0
891,53520.0,53520,18.58120402103978,18.581204021039778,184.05223031288924,0.0,18.58120458298233,5.619425499267783e-07,0.0
892,53580.0,53580,18.58120402049035,18.58120402049035,184.31546403511572,0.0,18.58120458249167,5.620013213055841e-07,0.0
893,53640.0,53640,18.5812040199319,18.5812040199319,184.5786977573343,0.0,18.58120458199325,5.62061352330079e-07,0.0
894,53700.0,53700,18.581204019364694,18.581204019364694,184.84193147954483,0.0,18.581204581487313,5.621226186787196e-07,0.0
895,53760.0,53760,18.58120401878902,18.58120401878902,185.10516520174716,0.0,18.58120458097411,5.621850912643712e-07,0.0
896,53820.0,53820,18.581204018205202,18.581204018205202,185.36839892394119,0.0,18.58120458045394,5.622487357196537e-07,0.0
897,53880.0,53880,18.58120401761362,18.58120401761362,185.63163264612677,0.0,18.581204579927128,5.623135118314788e-07,0.0
898,53940.0,53940,18.581204017014684,18.581204017014684,185.89486636830384,0.0,18.581204579394058,5.62379372920781e-07,0.0
899,54000.0,54000,18.58120401640887,18.581204016408865,186.15810009047223,0.0,18.58120457885513,5.62446265163139e-07,0.0
900,54060.0,54060,18.581204015796686,18.581204015796686,186.42133381263187,0.0,18.58120457831081,5.625141268445157e-07,0.0
901,54120.0,54120,18.581204015178734,18.581204015178734,186.68456753478267,0.0,18.58120457776162,5.625828875482979e-07,0.0
902,54180.0,54180,18.581204014555667,18.581204014555663,186.94780125692455,0.0,18.58120457720813,5.626524672683246e-07,0.0
903,54240.0,54240,18.58120401392821,18.58120401392821,187.21103497905742,0.0,18.581204576650986,5.627227754425494e-07,0.0
904,54300.0,54300,18.581204013297203,18.581204013297203,187.47426870118122,0.0,18.58120457609091,5.627937099048768e-07,0.0
905,54360.0,54360,18.581204012663566,18.581204012663566,187.73750242329592,0.0,18.58120457552872,5.628651557501697e-07,0.0
906,54420.0,54420,18.581204012028344,18.581204012028344,188.00073614540142,0.0,18.58120457496533,5.629369841119652e-07,0.0
907,54480.0,54480,18.581204011392725,18.581204011392725,188.2639698674978,0.0,18.581204574401777,5.630090508525563e-07,0.0
908,54540.0,54540,18.58120401075805,18.581204010758047,188.52720358958496,0.0,18.58120457383924,5.630811951696022e-07,0.0
909,54600.0,54600,18.58120401012584,18.58120401012584,188.79043731166294,0.0,18.581204573279077,5.631532381284295e-07,0.0
910,54660.0,54660,18.581204009497856,18.581204009497856,189.0536710337318,0.0,18.581204572722836,5.63224981135923e-07,0.0
911,54720.0,54720,18.58120400887611,18.581204008876107,189.31690475579157,0.0,18.581204572172307,5.632962043842781e-07,0.0
912,54780.0,54780,18.58120400826293,18.58120400826293,189.58013847784235,0.0,18.58120457162959,5.633666653075074e-07,0.0
913,54840.0,54840,18.581204007661032,18.581204007661032,189.8433721998843,0.0,18.58120457109713,5.63436097121225e-07,0.0
914,54900.0,54900,18.581204007073598,18.581204007073598,190.10660592191752,0.0,18.581204570577807,5.635042075509912e-07,0.0
915,54960.0,54960,18.58120400650436,18.58120400650436,190.36983964394227,0.0,18.581204570075037,5.635706779143272e-07,0.0
916,55020.0,55020,18.581204005957733,18.581204005957733,190.63307336595875,0.0,18.5812045695929,5.636351628148411e-07,0.0
917,55080.0,55080,18.58120400543895,18.58120400543895,190.8963070879674,0.0,18.581204569136236,5.636972908519916e-07,0.0
918,55140.0,55140,18.58120400495419,18.58120400495419,191.15954080996846,0.0,18.581204568710856,5.637566669979343e-07,0.0
919,55200.0,55200,18.581204004510784,18.581204004510784,191.42277453196252,0.0,18.581204568323663,5.63812877705235e-07,0.0
920,55260.0,55260,18.58120400411728,18.58120400411728,191.68600825395015,0.0,18.581204567982777,5.638655005288889e-07,0.0
921,55320.0,55320,18.581204003783483,18.581204003783483,191.94924197593213,0.0,18.5812045676976,5.639141213316687e-07,0.0
922,55380.0,55380,18.581204003520195,18.58120400352019,192.2124756979092,0.0,18.581204567478558,5.639583645035359e-07,0.0
923,55440.0,55440,18.581204003338357,18.581204003338357,192.47570941988246,0.0,18.5812045673363,5.639979460979874e-07,0.0
924,55500.0,55500,18.581204003246892,18.58120400324689,192.73894314185307,0.0,18.581204567279656,5.640327685226316e-07,0.0
925,55560.0,55560,18.58120400324785,18.58120400324785,193.00217686382226,0.0,18.581204567310944,5.640630930470688e-07,0.0
926,55620.0,55620,18.58120400332576,18.581204003325755,193.2654105857914,0.0,18.58120456741562,5.640898632308273e-07,0.0
927,55680.0,55680,18.581204003424485,18.581204003424485,193.52864430776154,0.0,18.581204567539814,5.641153323495339e-07,0.0
928,55740.0,55740,18.581204003396575,18.581204003396575,193.791878029733,0.0,18.581204567540905,5.641443288900459e-07,0.0
929,55800.0,55800,18.581204002889578,18.581204002889578,194.05511175170406,0.0,18.5812045670765,5.641869229820138e-07,0.0
930,55860.0,55860,18.5812040010821,18.5812040010821,194.3183454736678,0.0,18.58120456534642,5.642643250829566e-07,0.0
931,55920.0,55920,18.581203996042497,18.581203996042493,194.5815791956057,0.0,18.581204560465153,5.644226610804231e-07,0.0
932,55980.0,55980,18.581203983068818,18.581203983068818,194.84481291747184,0.0,18.581204547835938,5.647671212541758e-07,0.0
933,56040.0,56040,18.581203949845555,18.581203949845552,195.10804663915332,0.0,18.58120451539798,5.655524359191561e-07,0.0
934,56100.0,56100,18.581203855480478,18.581203855480474,195.37128036036205,0.0,18.581204422929773,5.67449306143619e-07,0.0
935,56160.0,56160,18.581203365046708,18.581203365046683,195.6345140802289,0.0,18.581203938068008,5.730213484168534e-07,0.0
936,56220.0,56220,18.58120525526524,-581.4187947447349,195.89774779313265,600.0,4.413933376169742e-07,581.4187951861282,0.0
937,56280.0,56280,18.581205255202285,-581.4187947447978,186.20743454628362,600.0,4.414762910272498e-07,581.4187951862741,0.0
938,56340.0,56340,18.581205255162025,-581.418794744838,176.51712129943328,600.0,4.4154147072065617e-07,581.4187951863794,0.0
939,56400.0,56400,18.58120525513953,-581.4187947448605,166.82680805258215,600.0,4.415885216522086e-07,581.418795186449,0.0
940,56460.0,56460,18.58120525512563,-581.4187947448743,157.1364948057305,600.0,4.416191524381989e-07,581.4187951864935,0.0
941,56520.0,56520,18.581205255115382,-581.4187947448846,147.44618155887858,600.0,4.4163454086312755e-07,581.4187951865192,0.0
942,56580.0,56580,18.581205255106187,-581.4187947448938,137.75586831202645,600.0,4.416354429484628e-07,581.4187951865292,0.0
943,56640.0,56640,18.581205255096638,-581.4187947449034,128.06555506517412,600.0,4.4162238508613364e-07,581.4187951865257,0.0
944,56700.0,56700,18.581205255085926,-581.4187947449141,118.3752418183217,600.0,4.4159578060650204e-07,581.4187951865099,0.0
945,56760.0,56760,18.581205217321862,-256.4187947826783,108.68492857146916,275.0000000000001,5.194115995430486e-07,256.41879530208985,0.0
946,56820.0,56820,18.581204589764138,18.581204589764138,104.41128199045933,0.0,18.58120512983334,5.400692005614771e-07,0.0
947,56880.0,56880,18.581204589852952,18.581204589852952,104.67451572079749,0.0,18.581205129882438,5.400294869511591e-07,0.0
948,56940.0,56940,18.58120458994141,18.58120458994141,104.93774945113701,0.0,18.581205129931444,5.399900315867926e-07,0.0
949,57000.0,57000,18.58120459002951,18.58120459002951,105.20098318147788,0.0,18.58120512998035,5.399508394345138e-07,0.0
950,57060.0,57060,18.581204590117245,18.581204590117245,105.4642169118201,0.0,18.581205130029158,5.399119154904541e-07,0.0
951,57120.0,57120,18.58120459020461,18.58120459020461,105.72745064216365,0.0,18.581205130077876,5.398732647796459e-07,0.0
952,57180.0,57180,18.581204590291605,18.581204590291605,105.99068437250854,0.0,18.58120513012649,5.398348923557487e-07,0.0
953,57240.0,57240,18.581204590378217,18.581204590378217,106.25391810285475,0.0,18.581205130175018,5.397968033003112e-07,0.0
954,57300.0,57300,18.58120459046445,18.58120459046445,106.5171518332023,0.0,18.58120513022345,5.397590027218888e-07,0.0
955,57360.0,57360,18.581204590550293,18.581204590550293,106.78038556355116,0.0,18.58120513027179,5.397214957556288e-07,0.0
956,57420.0,57420,18.58120459063575,18.58120459063575,107.04361929390133,0.0,18.581205130320036,5.396842875621874e-07,0.0
957,57480.0,57480,18.58120459072081,18.58120459072081,107.30685302425279,0.0,18.58120513036819,5.396473833272691e-07,0.0
958,57540.0,57540,18.581204590805463,18.581204590805463,107.57008675460555,0.0,18.581205130416254,5.396107882605639e-07,0.0
959,57600.0,57600,18.58120459088972,18.58120459088972,107.83332048495961,0.0,18.581205130464227,5.395745075951311e-07,0.0
960,57660.0,57660,18.581204590973563,18.581204590973563,108.09655421531495,0.0,18.58120513051211,5.39538546586666e-07,0.0
961,57720.0,57720,18.581204591056995,18.581204591056995,108.35978794567158,0.0,18.581205130559905,5.395029105122493e-07,0.0
962,57780.0,57780,18.581204591140008,18.581204591140008,108.62302167602947,0.0,18.58120513060761,5.394676046700221e-07,0.0
963,57840.0,57840,18.581204591222598,18.581204591222598,108.88625540638863,0.0,18.581205130655235,5.39432634377838e-07,0.0
964,57900.0,57900,18.58120459130476,18.58120459130476,109.14948913674904,0.0,18.581205130702767,5.393980049728991e-07,0.0
965,57960.0,57960,18.581204591386495,18.581204591386495,109.4127228671107,0.0,18.581205130750217,5.393637218102136e-07,0.0
966,58020.0,58020,18.581204591467785,18.581204591467785,109.67595659747361,0.0,18.581205130797578,5.393297902624653e-07,0.0
967,58080.0,58080,18.58120459154864,18.581204591548637,109.93919032783776,0.0,18.581205130844857,5.392962157183867e-07,0.0
968,58140.0,58140,18.581204591629046,18.581204591629046,110.20242405820312,0.0,18.58120513089205,5.392630035824478e-07,0.0
969,58200.0,58200,18.581204591709003,18.581204591709003,110.46565778856971,0.0,18.58120513093916,5.392301592735324e-07,0.0
970,58260.0,58260,18.581204591788506,18.581204591788506,110.72889151893753,0.0,18.58120513098619,5.391976882242845e-07,0.0
971,58320.0,58320,18.581204591867547,18.581204591867547,110.99212524930654,0.0,18.58120513103314,5.391655958801151e-07,0.0
972,58380.0,58380,18.58120459194612,18.58120459194612,111.25535897967674,0.0,18.581205131080008,5.39133887698243e-07,0.0
973,58440.0,58440,18.58120459202422,18.58120459202422,111.51859271004815,0.0,18.581205131126794,5.391025691468781e-07,0.0
974,58500.0,58500,18.58120459210185,18.58120459210185,111.78182644042074,0.0,18.5812051311735,5.39071645704287e-07,0.0
975,58560.0,58560,18.581204592179002,18.581204592179002,112.04506017079451,0.0,18.581205131220127,5.390411228578793e-07,0.0
976,58620.0,58620,18.581204592255666,18.581204592255666,112.30829390116946,0.0,18.581205131266675,5.390110061034226e-07,0.0
977,58680.0,58680,18.581204592331844,18.581204592331844,112.57152763154556,0.0,18.581205131313144,5.389813009440248e-07,0.0
978,58740.0,58740,18.581204592407524,18.581204592407524,112.83476136192282,0.0,18.581205131359535,5.389520128893816e-07,0.0
979,58800.0,58800,18.581204592482703,18.581204592482703,113.09799509230122,0.0,18.58120513140585,5.389231474549143e-07,0.0
980,58860.0,58860,18.581204592557377,18.581204592557377,113.36122882268076,0.0,18.581205131452087,5.388947101607844e-07,0.0
981,58920.0,58920,18.581204592631536,18.581204592631536,113.62446255306142,0.0,18.581205131498244,5.388667065313357e-07,0.0
982,58980.0,58980,18.581204592705188,18.581204592705184,113.8876962834432,0.0,18.58120513154433,5.388391420940889e-07,0.0
983,59040.0,59040,18.58120459277831,18.58120459277831,114.1509300138261,0.0,18.58120513159033,5.388120223789836e-07,0.0
984,59100.0,59100,18.58120459285091,18.58120459285091,114.41416374421011,0.0,18.58120513163626,5.38785352917639e-07,0.0
985,59160.0,59160,18.581204592922973,18.581204592922973,114.6773974745952,0.0,18.58120513168211,5.387591392425557e-07,0.0
986,59220.0,59220,18.5812045929945,18.5812045929945,114.94063120498139,0.0,18.581205131727888,5.387333868864939e-07,0.0
987,59280.0,59280,18.58120459306548,18.58120459306548,115.20386493536866,0.0,18.58120513177358,5.387081013815526e-07,0.0
988,59340.0,59340,18.581204593135915,18.581204593135915,115.46709866575698,0.0,18.5812051318192,5.386832882587865e-07,0.0
989,59400.0,59400,18.581204593205793,18.58120459320579,115.73033239614637,0.0,18.581205131864746,5.386589530472145e-07,0.0
990,59460.0,59460,18.581204593275107,18.581204593275107,115.9935661265368,0.0,18.581205131910206,5.386351012734303e-07,0.0
991,59520.0,59520,18.581204593343852,18.581204593343852,116.25679985692828,0.0,18.581205131955592,5.386117384607529e-07,0.0
992,59580.0,59580,18.581204593412025,18.581204593412025,116.5200335873208,0.0,18.581205132000896,5.385888701288965e-07,0.0
993,59640.0,59640,18.58120459347962,18.58120459347962,116.78326731771433,0.0,18.58120513204612,5.385665017932174e-07,0.0
994,59700.0,59700,18.581204593546627,18.581204593546627,117.04650104810888,0.0,18.581205132091263,5.385446389642869e-07,0.0
995,59760.0,59760,18.58120459361304,18.58120459361304,117.30973477850442,0.0,18.581205132136326,5.385232871473136e-07,0.0
996,59820.0,59820,18.581204593678855,18.581204593678855,117.57296850890097,0.0,18.581205132181307,5.385024518416772e-07,0.0
997,59880.0,59880,18.58120459374406,18.58120459374406,117.8362022392985,0.0,18.581205132226202,5.384821385405253e-07,0.0
998,59940.0,59940,18.581204593808657,18.581204593808657,118.099435969697,0.0,18.581205132271013,5.384623527302367e-07,0.0
999,60000.0,60000,18.581204593872634,18.58120459387263,118.36266970009648,0.0,18.581205132315734,5.384430998902841e-07,0.0
1000,60060.0,60060,18.581204593935983,18.58120459393598,118.62590343049689,0.0,18.581205132360367,5.384243854925862e-07,0.0
1001,60120.0,60120,18.581204593998695,18.581204593998695,118.88913716089826,0.0,18.58120513240491,5.384062150012936e-07,0.0
1002,60180.0,60180,18.581204594060768,18.581204594060768,119.15237089130055,0.0,18.581205132449362,5.383885938726007e-07,0.0
1003,60240.0,60240,18.581204594122195,18.581204594122195,119.41560462170378,0.0,18.581205132493718,5.383715275543631e-07,0.0
1004,60300.0,60300,18.581204594182957,18.581204594182957,119.67883835210792,0.0,18.581205132537978,5.38355021485871e-07,0.0
1005,60360.0,60360,18.58120459424306,18.58120459424306,119.94207208251296,0.0,18.58120513258214,5.383390810977319e-07,0.0
1006,60420.0,60420,18.581204594302495,18.58120459430249,120.2053058129189,0.0,18.581205132626206,5.383237118114885e-07,0.0
1007,60480.0,60480,18.581204594361242,18.581204594361242,120.46853954332569,0.0,18.581205132670163,5.383089190398845e-07,0.0
1008,60540.0,60540,18.581204594419304,18.581204594419304,120.73177327373338,0.0,18.581205132714015,5.382947081863909e-07,0.0
1009,60600.0,60600,18.58120459447667,18.58120459447667,120.99500700414193,0.0,18.581205132757756,5.382810846452585e-07,0.0
1010,60660.0,60660,18.581204594533332,18.581204594533332,121.25824073455132,0.0,18.581205132801383,5.382680538016661e-07,0.0
1011,60720.0,60720,18.581204594589273,18.581204594589273,121.52147446496153,0.0,18.581205132844893,5.382556210312547e-07,0.0
1012,60780.0,60780,18.581204594644497,18.581204594644497,121.78470819537257,0.0,18.581205132888286,5.382437917006845e-07,0.0
1013,60840.0,60840,18.58120459469899,18.58120459469899,122.04794192578443,0.0,18.581205132931558,5.382325711674405e-07,0.0
1014,60900.0,60900,18.581204594752734,18.581204594752734,122.31117565619708,0.0,18.5812051329747,5.382219647798517e-07,0.0
1015,60960.0,60960,18.58120459480573,18.58120459480573,122.57440938661053,0.0,18.581205133017708,5.382119778774161e-07,0.0
1016,61020.0,61020,18.581204594857965,18.581204594857965,122.83764311702473,0.0,18.58120513306058,5.382026157906896e-07,0.0
1017,61080.0,61080,18.58120459490943,18.58120459490943,123.10087684743968,0.0,18.581205133103314,5.381938838418506e-07,0.0
1018,61140.0,61140,18.58120459496011,18.58120459496011,123.36411057785544,0.0,18.5812051331459,5.38185787344557e-07,0.0
1019,61200.0,61200,18.581204595010004,18.58120459501,123.6273443082719,0.0,18.581205133188334,5.381783316042838e-07,0.0
1020,61260.0,61260,18.58120459505909,18.58120459505909,123.89057803868909,0.0,18.58120513323061,5.381715219188028e-07,0.0
1021,61320.0,61320,18.581204595107362,18.581204595107362,124.153811769107,0.0,18.581205133272725,5.381653635781177e-07,0.0
1022,61380.0,61380,18.58120459515481,18.58120459515481,124.4170454995256,0.0,18.581205133314672,5.381598618652547e-07,0.0
1023,61440.0,61440,18.58120459520142,18.58120459520142,124.68027922994489,0.0,18.581205133356445,5.381550220560951e-07,0.0
1024,61500.0,61500,18.581204595247186,18.581204595247183,124.94351296036483,0.0,18.581205133398033,5.381508494203013e-07,0.0
1025,61560.0,61560,18.58120459529209,18.58120459529209,125.20674669078547,0.0,18.581205133439436,5.381473492212268e-07,0.0
1026,61620.0,61620,18.581204595336118,18.581204595336118,125.46998042120674,0.0,18.581205133480644,5.381445267167197e-07,0.0
1027,61680.0,61680,18.581204595379262,18.581204595379262,125.73321415162864,0.0,18.581205133521646,5.381423871594023e-07,0.0
1028,61740.0,61740,18.581204595421504,18.581204595421504,125.99644788205117,0.0,18.581205133562438,5.381409357972796e-07,0.0
1029,61800.0,61800,18.581204595462836,18.581204595462836,126.25968161247428,0.0,18.581205133603014,5.381401778739606e-07,0.0
1030,61860.0,61860,18.58120459550324,18.58120459550324,126.52291534289797,0.0,18.58120513364336,5.381401186296436e-07,0.0
1031,61920.0,61920,18.581204595542708,18.581204595542708,126.78614907332228,0.0,18.581205133683472,5.381407633012652e-07,0.0
1032,61980.0,61980,18.581204595581223,18.581204595581223,127.04938280374708,0.0,18.581205133723337,5.38142117123259e-07,0.0
1033,62040.0,62040,18.581204595618765,18.581204595618765,127.31261653417249,0.0,18.581205133762946,5.381441853280878e-07,0.0
1034,62100.0,62100,18.58120459565532,18.58120459565532,127.57585026459839,0.0,18.581205133802293,5.381469731469107e-07,0.0
1035,62160.0,62160,18.581204595690874,18.581204595690874,127.8390839950248,0.0,18.58120513384136,5.381504858101023e-07,0.0
1036,62220.0,62220,18.58120459572542,18.581204595725417,128.1023177254517,0.0,18.581205133880147,5.381547285479399e-07,0.0
1037,62280.0,62280,18.581204595758926,18.581204595758926,128.36555145587909,0.0,18.581205133918633,5.381597065913946e-07,0.0
1038,62340.0,62340,18.581204595791384,18.581204595791384,128.62878518630694,0.0,18.58120513395681,5.381654251725207e-07,0.0
1039,62400.0,62400,18.581204595822776,18.581204595822776,128.89201891673525,0.0,18.581205133994665,5.381718895253757e-07,0.0
1040,62460.0,62460,18.581204595853084,18.58120459585308,129.155252647164,0.0,18.581205134032185,5.381791048865655e-07,0.0
1041,62520.0,62520,18.581204595882287,18.581204595882287,129.41848637759313,0.0,18.581205134069364,5.381870764960096e-07,0.0
1042,62580.0,62580,18.581204595910368,18.581204595910368,129.68172010802266,0.0,18.581205134106177,5.381958095977059e-07,0.0
1043,62640.0,62640,18.581204595937308,18.581204595937308,129.94495383845256,0.0,18.581205134142618,5.382053094402887e-07,0.0
1044,62700.0,62700,18.58120459596309,18.58120459596309,130.2081875688828,0.0,18.58120513417867,5.382155812778777e-07,0.0
1045,62760.0,62760,18.58120459598769,18.58120459598769,130.47142129931342,0.0,18.58120513421432,5.382266303708503e-07,0.0
1046,62820.0,62820,18.581204596011084,18.581204596011084,130.73465502974435,0.0,18.581205134249547,5.382384619862687e-07,0.0
1047,62880.0,62880,18.58120459603326,18.581204596033256,130.99788876017558,0.0,18.58120513428434,5.382510813990931e-07,0.0
1048,62940.0,62940,18.581204596054185,18.581204596054185,131.26112249060708,0.0,18.58120513431868,5.382644938923955e-07,0.0
1049,63000.0,63000,18.581204596073846,18.581204596073846,131.52435622103886,0.0,18.581205134352548,5.382787047585723e-07,0.0
1050,63060.0,63060,18.581204596092213,18.581204596092213,131.78758995147086,0.0,18.581205134385932,5.382937192996226e-07,0.0
1051,63120.0,63120,18.581204596109266,18.581204596109266,132.05082368190307,0.0,18.581205134418806,5.383095428282451e-07,0.0
1052,63180.0,63180,18.581204596124973,18.581204596124973,132.31405741233553,0.0,18.581205134451153,5.383261806682845e-07,0.0
1053,63240.0,63240,18.581204596139322,18.581204596139322,132.57729114276816,0.0,18.581205134482957,5.383436381556786e-07,0.0
1054,63300.0,63300,18.581204596152272,18.581204596152272,132.84052487320093,0.0,18.581205134514192,5.383619206387568e-07,0.0
1055,63360.0,63360,18.581204596163808,18.581204596163808,133.10375860363385,0.0,18.58120513454484,5.383810334794067e-07,0.0
1056,63420.0,63420,18.581204596173897,18.581204596173897,133.3669923340669,0.0,18.58120513457488,5.384009820534703e-07,0.0
1057,63480.0,63480,18.58120459618251,18.58120459618251,133.63022606450002,0.0,18.581205134604282,5.38421771751288e-07,0.0
1058,63540.0,63540,18.58120459618962,18.58120459618962,133.89345979493322,0.0,18.581205134633027,5.384434079787174e-07,0.0
1059,63600.0,63600,18.581204596195196,18.581204596195196,134.15669352536645,0.0,18.581205134661094,5.384658961573462e-07,0.0
1060,63660.0,63660,18.581204596199207,18.581204596199207,134.41992725579973,0.0,18.58120513468845,5.384892417253236e-07,0.0
1061,63720.0,63720,18.581204596201626,18.581204596201626,134.683160986233,0.0,18.581205134715074,5.385134501377543e-07,0.0
1062,63780.0,63780,18.58120459620241,18.58120459620241,134.94639471666622,0.0,18.581205134740937,5.385385268674391e-07,0.0
1063,63840.0,63840,18.581204596201534,18.581204596201534,135.20962844709942,0.0,18.581205134766012,5.38564477405263e-07,0.0
1064,63900.0,63900,18.581204596198962,18.58120459619896,135.47286217753253,0.0,18.581205134790263,5.385913072605911e-07,0.0
1065,63960.0,63960,18.58120459619465,18.58120459619465,135.7360959079655,0.0,18.581205134813672,5.386190219619169e-07,0.0
1066,64020.0,64020,18.581204596188574,18.581204596188574,135.9993296383984,0.0,18.5812051348362,5.386476270570829e-07,0.0
1067,64080.0,64080,18.581204596180687,18.581204596180687,136.2625633688311,0.0,18.581205134857814,5.386771281136632e-07,0.0
1068,64140.0,64140,18.581204596170956,18.581204596170956,136.52579709926363,0.0,18.581205134878488,5.387075307194757e-07,0.0
1069,64200.0,64200,18.58120459615934,18.58120459615934,136.78903082969597,0.0,18.581205134898177,5.387388404825754e-07,0.0
1070,64260.0,64260,18.581204596145792,18.581204596145792,137.05226456012804,0.0,18.58120513491685,5.387710630315983e-07,0.0
1071,64320.0,64320,18.581204596130274,18.58120459613027,137.31549829055984,0.0,18.581205134934475,5.388042040160662e-07,0.0
1072,64380.0,64380,18.58120459611274,18.58120459611274,137.5787320209913,0.0,18.58120513495101,5.388382691061466e-07,0.0
1073,64440.0,64440,18.58120459609315,18.58120459609315,137.8419657514225,0.0,18.581205134966414,5.388732639930419e-07,0.0
1074,64500.0,64500,18.581204596071455,18.581204596071455,138.10519948185328,0.0,18.58120513498065,5.389091943888466e-07,0.0
1075,64560.0,64560,18.581204596047602,18.581204596047602,138.3684332122837,0.0,18.58120513499367,5.389460660263855e-07,0.0
1076,64620.0,64620,18.58120459602155,18.58120459602155,138.63166694271365,0.0,18.581205135005433,5.389838846590769e-07,0.0
1077,64680.0,64680,18.58120459599324,18.58120459599324,138.89490067314318,0.0,18.581205135015896,5.390226560608103e-07,0.0
1078,64740.0,64740,18.581204595962625,18.581204595962625,139.15813440357218,0.0,18.581205135025012,5.390623860254723e-07,0.0
1079,64800.0,64800,18.581204595929652,18.581204595929652,139.42136813400063,0.0,18.581205135032732,5.391030803666161e-07,0.0
1080,64860.0,64860,18.581204595894263,18.581204595894263,139.68460186442854,0.0,18.581205135039006,5.391447449168392e-07,0.0
1081,64920.0,64920,18.5812045958564,18.5812045958564,139.94783559485583,0.0,18.581205135043785,5.391873855273037e-07,0.0
1082,64980.0,64980,18.581204595816004,18.581204595816004,140.2110693252825,0.0,18.58120513504701,5.392310080669703e-07,0.0
1083,65040.0,65040,18.581204595773016,18.581204595773016,140.47430305570848,0.0,18.581205135048634,5.392756184217048e-07,0.0
1084,65100.0,65100,18.58120459572737,18.58120459572737,140.73753678613375,0.0,18.58120513504859,5.393212224933494e-07,0.0
1085,65160.0,65160,18.581204595679004,18.581204595679004,141.00077051655822,0.0,18.581205135046833,5.393678261987062e-07,0.0
1086,65220.0,65220,18.58120459562785,18.58120459562785,141.26400424698193,0.0,18.581205135043287,5.394154354682325e-07,0.0
1087,65280.0,65280,18.58120459557384,18.58120459557384,141.52723797740478,0.0,18.581205135037898,5.394640562448225e-07,0.0
1088,65340.0,65340,18.581204595516905,18.5812045955169,141.79047170782673,0.0,18.581205135030597,5.395136944820178e-07,0.0
1089,65400.0,65400,18.581204595456963,18.581204595456963,142.0537054382478,0.0,18.581205135021317,5.395643561425994e-07,0.0
1090,65460.0,65460,18.58120459539395,18.58120459539395,142.31693916866783,0.0,18.581205135009995,5.396160471967475e-07,0.0
1091,65520.0,65520,18.581204595327776,18.581204595327776,142.58017289908685,0.0,18.581205134996548,5.39668773619771e-07,0.0
1092,65580.0,65580,18.581205217891107,-281.4187947821089,142.8434066295048,300.0,5.214598343864175e-07,281.41879530356874,0.0
1093,65640.0,65640,18.58120521786008,-281.4187947821399,138.1530933818327,300.0,5.214757093053331e-07,281.41879530361564,0.0
1094,65700.0,65700,18.58120521783298,-281.4187947821671,133.46278013416,300.0,5.214905030186873e-07,281.41879530365753,0.0
1095,65760.0,65760,18.58120521780961,-281.4187947821904,128.77246688648682,300.0,5.215041485379691e-07,281.4187953036946,0.0
1096,65820.0,65820,18.58120521778982,-281.4187947822102,124.08215363881322,300.0,5.215165670887683e-07,281.4187953037267,0.0
1097,65880.0,65880,18.581205217773487,-281.41879478222654,119.39184039113925,300.0,5.215276755948942e-07,281.41879530375417,0.0
1098,65940.0,65940,18.581205217760505,-281.41879478223944,114.701527143465,300.0,5.215373913641716e-07,281.41879530377685,0.0
1099,66000.0,66000,18.58120525444137,-581.4187947455587,110.01121389579049,600.0,4.440224555762348e-07,581.4187951895811,0.0
1100,66060.0,66060,18.581205254442366,-581.4187947455576,100.32090064892111,600.0,4.4404386795829787e-07,581.4187951896015,0.0
1101,66120.0,66120,18.581205215568392,-326.4187947844316,90.6305874020517,345.0,5.282363236948155e-07,326.4187953126679,0.0
1102,66180.0,66180,18.58120521776614,-281.4187947822339,85.1902741543239,300.0,5.215439614294771e-07,281.41879530377787,0.0
1103,66240.0,66240,18.581205217778884,-281.4187947822211,80.49996090664948,300.0,5.215385806188214e-07,281.41879530375974,0.0
1104,66300.0,66300,18.58120521779431,-281.4187947822057,75.80964765897528,300.0,5.215313784439751e-07,281.4187953037371,0.0
1105,66360.0,66360,18.581205217812386,-281.41879478218766,71.11933441130135,300.0,5.215223226082066e-07,281.41879530370994,0.0
1106,66420.0,66420,18.58120521783308,-281.4187947821669,66.42902116362774,300.0,5.21511385110457e-07,281.4187953036783,0.0
1107,66480.0,66480,18.581205217856358,-281.4187947821436,61.738707915954514,300.0,5.214985418968779e-07,281.4187953036421,0.0
1108,66540.0,66540,18.581205221002957,-151.4187947789972,57.0483946682817,170.00000000000014,5.147458863358058e-07,151.41879529374313,0.0
1109,66600.0,66600,18.58120459539977,18.58120459539977,54.524748087344875,0.0,18.581205135173445,5.397736740539181e-07,0.0
1110,66660.0,66660,18.581204595448508,18.581204595448508,54.787981817763594,0.0,18.58120513519436,5.397458500427557e-07,0.0
1111,66720.0,66720,18.581204595496207,18.581204595496207,55.05121554818307,0.0,18.581205135214674,5.39718467623181e-07,0.0
1112,66780.0,66780,18.581204595542857,18.581204595542854,55.314449278603306,0.0,18.58120513523439,5.396915351239866e-07,0.0
1113,66840.0,66840,18.581204595588442,18.581204595588442,55.57768300902427,0.0,18.581205135253505,5.396650608590903e-07,0.0
1114,66900.0,66900,18.581204595632958,18.581204595632958,55.84091673944593,0.0,18.581205135272008,5.396390531245721e-07,0.0
1115,66960.0,66960,18.581204595676386,18.581204595676382,56.104150469868294,0.0,18.581205135289903,5.396135201952562e-07,0.0
1116,67020.0,67020,18.581204595718717,18.581204595718717,56.36738420029133,0.0,18.581205135307187,5.39588470321794e-07,0.0
1117,67080.0,67080,18.58120459575994,18.58120459575994,56.63061793071504,0.0,18.58120513532385,5.395639117271879e-07,0.0
1118,67140.0,67140,18.581204595800042,18.58120459580004,56.893851661139394,0.0,18.581205135339893,5.395398526038024e-07,0.0
1119,67200.0,67200,18.581204595839008,18.581204595839008,57.15708539156437,0.0,18.581205135355308,5.395163011099404e-07,0.0
1120,67260.0,67260,18.58120459587683,18.58120459587683,57.42031912198996,0.0,18.581205135370098,5.394932653668276e-07,0.0
1121,67320.0,67320,18.581204595913498,18.581204595913498,57.68355285241614,0.0,18.58120513538425,5.394707534551251e-07,0.0
1122,67380.0,67380,18.581204595948996,18.581204595948996,57.946786582842904,0.0,18.58120513539777,5.394487734118091e-07,0.0
1123,67440.0,67440,18.581204595983316,18.581204595983316,58.21002031327022,0.0,18.58120513541065,5.394273332271565e-07,0.0
1124,67500.0,67500,18.58120459601644,18.58120459601644,58.47325404369807,0.0,18.581205135422884,5.394064408409387e-07,0.0
1125,67560.0,67560,18.58120459604837,18.58120459604837,58.736487774126445,0.0,18.581205135434473,5.393861041398599e-07,0.0
1126,67620.0,67620,18.581204596079075,18.581204596079075,58.999721504555325,0.0,18.581205135445405,5.39366330953998e-07,0.0
1127,67680.0,67680,18.58120459610856,18.58120459610856,59.262955234984695,0.0,18.581205135455686,5.393471290537753e-07,0.0
1128,67740.0,67740,18.5812045961368,18.5812045961368,59.526188965414526,0.0,18.581205135465307,5.393285061465362e-07,0.0
1129,67800.0,67800,18.581204596163793,18.581204596163793,59.789422695844806,0.0,18.581205135474264,5.393104698738291e-07,0.0
1130,67860.0,67860,18.581204596189522,18.581204596189522,60.052656426275504,0.0,18.581205135482552,5.392930278079704e-07,0.0
1131,67920.0,67920,18.58120459621398,18.58120459621398,60.31589015670662,0.0,18.58120513549017,5.392761874492758e-07,0.0
1132,67980.0,67980,18.58120459623715,18.58120459623715,60.57912388713812,0.0,18.581205135497108,5.39259956222565e-07,0.0
1133,68040.0,68040,18.581204596259024,18.581204596259024,60.84235761756999,0.0,18.581205135503364,5.392443414748338e-07,0.0
1134,68100.0,68100,18.581204596279587,18.581204596279587,61.10559134800221,0.0,18.58120513550894,5.392293504717336e-07,0.0
1135,68160.0,68160,18.581204596298832,18.581204596298832,61.36882507843476,0.0,18.581205135513823,5.39214990394893e-07,0.0
1136,68220.0,68220,18.58120459631674,18.58120459631674,61.63205880886762,0.0,18.58120513551801,5.39201268339227e-07,0.0
1137,68280.0,68280,18.581204596333308,18.581204596333308,61.89529253930076,0.0,18.5812051355215,5.391881913097921e-07,0.0
1138,68340.0,68340,18.58120459634852,18.58120459634852,62.15852626973416,0.0,18.581205135524286,5.391757662193808e-07,0.0
1139,68400.0,68400,18.58120459636236,18.58120459636236,62.42176000016782,0.0,18.581205135526364,5.391639998857008e-07,0.0
1140,68460.0,68460,18.581204596374825,18.581204596374825,62.68499373060172,0.0,18.58120513552772,5.391528990286776e-07,0.0
1141,68520.0,68520,18.5812045963859,18.581204596385895,62.9482274610358,0.0,18.581205135528364,5.391424702680616e-07,0.0
1142,68580.0,68580,18.581204596395562,18.581204596395562,63.21146119147007,0.0,18.581205135528283,5.391327201208483e-07,0.0
1143,68640.0,68640,18.58120459640382,18.581204596403815,63.47469492190451,0.0,18.581205135527473,5.391236549988644e-07,0.0
1144,68700.0,68700,18.58120459641064,18.58120459641064,63.737928652339065,0.0,18.58120513552592,5.391152812065264e-07,0.0
1145,68760.0,68760,18.581204596416026,18.581204596416026,64.00116238277376,0.0,18.58120513552363,5.391076049383943e-07,0.0
1146,68820.0,68820,18.58120459641996,18.58120459641996,64.26439611320853,0.0,18.58120513552059,5.391006322772014e-07,0.0
1147,68880.0,68880,18.58120459642243,18.58120459642243,64.5276298436434,0.0,18.5812051355168,5.390943691915322e-07,0.0
1148,68940.0,68940,18.581204596423426,18.581204596423426,64.79086357407829,0.0,18.581205135512246,5.390888215339753e-07,0.0
1149,69000.0,69000,18.581204596422932,18.581204596422932,65.05409730451323,0.0,18.581205135506927,5.390839950389958e-07,0.0
1150,69060.0,69060,18.58120459642094,18.58120459642094,65.31733103494817,0.0,18.581205135500834,5.390798953213989e-07,0.0
1151,69120.0,69120,18.581204596417436,18.581204596417436,65.58056476538309,0.0,18.58120513549396,5.390765278741575e-07,0.0
1152,69180.0,69180,18.581204596412405,18.581204596412405,65.84379849581796,0.0,18.581205135486304,5.390738980670896e-07,0.0
1153,69240.0,69240,18.58120459640584,18.58120459640584,66.10703222625278,0.0,18.581205135477852,5.390720111450037e-07,0.0
1154,69300.0,69300,18.581204596397722,18.581204596397722,66.3702659566875,0.0,18.581205135468593,5.390708722264475e-07,0.0
1155,69360.0,69360,18.581204596388044,18.581204596388044,66.63349968712211,0.0,18.58120513545853,5.390704863021578e-07,0.0
1156,69420.0,69420,18.58120459637679,18.58120459637679,66.89673341755659,0.0,18.581205135447647,5.390708582338548e-07,0.0
1157,69480.0,69480,18.581204596363946,18.581204596363946,67.15996714799091,0.0,18.58120513543594,5.390719927529192e-07,0.0
1158,69540.0,69540,18.581204596349504,18.581204596349504,67.42320087842505,0.0,18.5812051354234,5.390738944595492e-07,0.0
1159,69600.0,69600,18.581204596333446,18.581204596333446,67.68643460885897,0.0,18.581205135410016,5.390765678214573e-07,0.0
1160,69660.0,69660,18.5812052184364,-281.4187947815636,67.94966833929267,300.0,5.213104903345554e-07,281.41879530287406,0.0
1161,69720.0,69720,18.581205218432753,-281.4187947815672,63.25935509162999,300.0,5.213167108847831e-07,281.41879530288395,0.0
1162,69780.0,69780,18.581205218432558,-281.41879478156744,58.569041843967234,300.0,5.213210906638175e-07,281.4187953028885,0.0
1163,69840.0,69840,18.581205218435727,-281.41879478156426,53.87872859630446,300.0,5.213235895856677e-07,281.4187953028878,0.0
1164,69900.0,69900,18.581205218442186,-281.41879478155784,49.18841534864173,300.0,5.213241738722404e-07,281.41879530288196,0.0
1165,69960.0,69960,18.581205218451863,-281.4187947815481,44.49810210097912,300.0,5.213228153804272e-07,281.41879530287093,0.0
1166,70020.0,70020,18.58120521846469,-281.4187947815353,39.80778885331667,300.0,5.213194909965148e-07,281.41879530285485,0.0
1167,70080.0,70080,18.581205218480605,-281.4187947815194,35.117475605654434,300.0,5.213141820912517e-07,281.4187953028336,0.0
1168,70140.0,70140,18.581205218499555,-281.4187947815005,30.427162357992483,300.0,5.213068740306638e-07,281.4187953028074,0.0
1169,70200.0,70200,18.581205220442264,-61.418794779557885,25.736849110330866,80.00000000000014,5.088915607992073e-07,61.418795288449445,0.0
1170,70260.0,70260,18.581204596436695,18.581204596436695,24.71320252939933,0.0,18.581205135347794,5.389111013115016e-07,0.0
1171,70320.0,70320,18.58120459646472,18.58120459646472,24.976436259834895,0.0,18.581205135347343,5.388826237579601e-07,0.0
1172,70380.0,70380,18.581204596491684,18.581204596491684,25.23966999027093,0.0,18.581205135346277,5.388545941168078e-07,0.0
1173,70440.0,70440,18.581204596517573,18.581204596517573,25.502903720707415,0.0,18.581205135344593,5.38827019898625e-07,0.0
1174,70500.0,70500,18.581204596542385,18.581204596542385,25.766137451144335,0.0,18.581205135342294,5.387999085511725e-07,0.0
1175,70560.0,70560,18.58120459656611,18.58120459656611,26.029371181581674,0.0,18.581205135339378,5.387732674557283e-07,0.0
1176,70620.0,70620,18.58120459658874,18.58120459658874,26.292604912019417,0.0,18.581205135335846,5.387471039242088e-07,0.0
1177,70680.0,70680,18.58120459661027,18.58120459661027,26.555838642457545,0.0,18.581205135331693,5.387214251957316e-07,0.0
1178,70740.0,70740,18.58120459663069,18.58120459663069,26.819072372896045,0.0,18.58120513532693,5.38696238433238e-07,0.0
1179,70800.0,70800,18.581204596649997,18.581204596649997,27.082306103334897,0.0,18.581205135321547,5.38671550720678e-07,0.0
1180,70860.0,70860,18.58120459666818,18.58120459666818,27.34553983377408,0.0,18.581205135315546,5.386473690596782e-07,0.0
1181,70920.0,70920,18.581204596685232,18.581204596685232,27.608773564213582,0.0,18.581205135308934,5.386237003665064e-07,0.0
1182,70980.0,70980,18.581204596701152,18.58120459670115,27.872007294653386,0.0,18.581205135301705,5.386005514689339e-07,0.0
1183,71040.0,71040,18.581204596715928,18.581204596715928,28.135241025093475,0.0,18.581205135293853,5.385779291034922e-07,0.0
1184,71100.0,71100,18.581204596729552,18.581204596729552,28.398474755533822,0.0,18.58120513528539,5.385558399122508e-07,0.0
1185,71160.0,71160,18.581204596742026,18.581204596742026,28.661708485974426,0.0,18.581205135276317,5.385342904402295e-07,0.0
1186,71220.0,71220,18.58120459675334,18.58120459675334,28.92494221641526,0.0,18.581205135266625,5.385132871323965e-07,0.0
1187,71280.0,71280,18.581204596763484,18.581204596763484,29.188175946856305,0.0,18.58120513525632,5.384928363309772e-07,0.0
1188,71340.0,71340,18.581204596772455,18.581204596772455,29.451409677297548,0.0,18.581205135245398,5.384729442729519e-07,0.0
1189,71400.0,71400,18.581204596780253,18.58120459678025,29.71464340773896,0.0,18.581205135233866,5.384536170871501e-07,0.0
1190,71460.0,71460,18.58120459678686,18.58120459678686,29.97787713818054,0.0,18.58120513522172,5.384348607919878e-07,0.0
1191,71520.0,71520,18.58120459679228,18.58120459679228,30.241110868622254,0.0,18.581205135208958,5.384166812928868e-07,0.0
1192,71580.0,71580,18.581204596796503,18.581204596796503,30.504344599064094,0.0,18.58120513519559,5.383990843800898e-07,0.0
1193,71640.0,71640,18.581204596799527,18.581204596799527,30.767578329506037,0.0,18.5812051351816,5.383820757259948e-07,0.0
1194,71700.0,71700,18.581204596801346,18.581204596801346,31.030812059948065,0.0,18.581205135167007,5.383656608834696e-07,0.0
1195,71760.0,71760,18.581204596801953,18.581204596801953,31.294045790390157,0.0,18.5812051351518,5.383498452833423e-07,0.0
1196,71820.0,71820,18.58120459680135,18.58120459680135,31.557279520832296,0.0,18.581205135135985,5.383346342325081e-07,0.0
1197,71880.0,71880,18.58120459679952,18.58120459679952,31.82051325127447,0.0,18.581205135119554,5.383200329120547e-07,0.0
1198,71940.0,71940,18.581204596796468,18.581204596796468,32.08374698171665,0.0,18.581205135102515,5.38306046375493e-07,0.0
1199,72000.0,72000,18.581204596792187,18.581204596792187,32.346980712158825,0.0,18.58120513508487,5.382926795466814e-07,0.0
1200,72060.0,72060,18.58120459678667,18.58120459678667,32.61021444260097,0.0,18.581205135066607,5.382799372186595e-07,0.0
1201,72120.0,72120,18.581204596779916,18.581204596779916,32.87344817304307,0.0,18.581205135047735,5.382678240518507e-07,0.0
1202,72180.0,72180,18.581204596771915,18.581204596771915,33.1366819034851,0.0,18.58120513502826,5.382563445725136e-07,0.0
1203,72240.0,72240,18.581204596762667,18.581204596762667,33.39991563392705,0.0,18.581205135008172,5.382455031716978e-07,0.0
1204,72300.0,72300,18.58120459675217,18.58120459675217,33.6631493643689,0.0,18.581205134987474,5.382353041038945e-07,0.0
1205,72360.0,72360,18.581204596740417,18.581204596740417,33.92638309481062,0.0,18.58120513496617,5.382257514858249e-07,0.0
1206,72420.0,72420,18.581204596727403,18.581204596727403,34.1896168252522,0.0,18.581205134944252,5.382168492954992e-07,0.0
1207,72480.0,72480,18.581204596713125,18.581204596713125,34.452850555693615,0.0,18.581205134921728,5.38208601371381e-07,0.0
1208,72540.0,72540,18.58120459669758,18.58120459669758,34.71608428613486,0.0,18.581205134898592,5.382010114115432e-07,0.0
1209,72600.0,72600,18.581204596680767,18.581204596680767,34.97931801657589,0.0,18.581205134874846,5.381940829729689e-07,0.0
1210,72660.0,72660,18.581204596662673,18.581204596662673,35.242551747016705,0.0,18.581205134850492,5.381878194709214e-07,0.0
1211,72720.0,72720,18.581204596643303,18.581204596643303,35.50578547745727,0.0,18.581205134825524,5.381822241786726e-07,0.0
1212,72780.0,72780,18.581204596622648,18.581204596622648,35.769019207897585,0.0,18.581205134799948,5.381773002270682e-07,0.0
1213,72840.0,72840,18.58120459660071,18.58120459660071,36.03225293833762,0.0,18.581205134773757,5.381730506041064e-07,0.0
1214,72900.0,72900,18.58120459657748,18.58120459657748,36.29548666877734,0.0,18.581205134746956,5.381694781551775e-07,0.0
1215,72960.0,72960,18.581204596552954,18.581204596552954,36.55872039921677,0.0,18.58120513471954,5.381665855827921e-07,0.0
1216,73020.0,73020,18.581204596527133,18.58120459652713,36.821954129655836,0.0,18.58120513469151,5.38164375446801e-07,0.0
1217,73080.0,73080,18.58120459650001,18.58120459650001,37.08518786009454,0.0,18.58120513466286,5.381628501646614e-07,0.0
1218,73140.0,73140,18.581204596471583,18.581204596471583,37.34842159053287,0.0,18.581205134633596,5.381620120117028e-07,0.0
1219,73200.0,73200,18.58120459644185,18.58120459644185,37.61165532097081,0.0,18.581205134603714,5.381618631215867e-07,0.0
1220,73260.0,73260,18.58120521888059,-281.41879478111946,37.87488905140832,300.0,5.213283032574017e-07,281.4187953024477,0.0
1221,73320.0,73320,18.581205218875816,-281.4187947811242,33.184575803753,300.0,5.213357705611841e-07,281.41879530245996,0.0
1222,73380.0,73380,18.581205218874768,-281.4187947811252,28.494262556097578,300.0,5.213414120871875e-07,281.4187953024666,0.0
1223,73440.0,73440,18.581205218877354,-281.4187947811226,23.803949308442125,300.0,5.213451977646514e-07,281.41879530246786,0.0
1224,73500.0,73500,18.581205218883476,-281.4187947811165,19.113636060786707,300.0,5.213471033061524e-07,281.41879530246365,0.0
1225,73560.0,73560,18.58120521889305,-281.41879478110695,14.423322813131382,300.0,5.213471095580462e-07,281.41879530245404,0.0
1226,73620.0,73620,18.581205218905996,-281.418794781094,9.733009565476218,300.0,5.213452019243693e-07,281.4187953024392,0.0
1227,73680.0,73680,18.581205218922246,-281.4187947810778,5.042696317821276,300.0,5.213413698558435e-07,281.41879530241914,0.0
1228,73740.0,73740,18.581205218941733,-281.41879478105824,0.352383070166614,300.0,5.213356063967961e-07,281.41879530239385,0.0
1229,73800.0,73800,18.581205222041437,-211.4187947779587,-4.337930177487708,230.0000000000001,5.152257164408241e-07,211.41879529318442,0.0
1230,73860.0,73860,18.581204596431377,18.581204596431377,-7.861576758408431,0.0,18.581205134383005,5.379516274408767e-07,0.0
1231,73920.0,73920,18.581204596454135,18.581204596454135,-7.598343027970546,0.0,18.581205134370506,5.379163738945499e-07,0.0
1232,73980.0,73980,18.581204596476077,18.581204596476077,-7.335109297532248,0.0,18.58120513435753,5.378814552356035e-07,0.0
1233,74040.0,74040,18.581204596497194,18.581204596497194,-7.071875567093555,0.0,18.58120513434407,5.37846877232986e-07,0.0
1234,74100.0,74100,18.581204596517487,18.581204596517487,-6.808641836654474,0.0,18.58120513433013,5.378126455762139e-07,0.0
1235,74160.0,74160,18.581204596536956,18.581204596536956,-6.545408106215022,0.0,18.58120513431572,5.377787658718834e-07,0.0
1236,74220.0,74220,18.581204596555594,18.581204596555594,-6.282174375775209,0.0,18.58120513430084,5.377452436418091e-07,0.0
1237,74280.0,74280,18.58120459657341,18.58120459657341,-6.018940645335046,0.0,18.58120513428549,5.377120843199512e-07,0.0
1238,74340.0,74340,18.58120459659039,18.58120459659039,-5.755706914894551,0.0,18.581205134269684,5.376792932499052e-07,0.0
1239,74400.0,74400,18.58120459660654,18.58120459660654,-5.492473184453732,0.0,18.581205134253416,5.376468756825037e-07,0.0
1240,74460.0,74460,18.581204596621856,18.581204596621856,-5.229239454012602,0.0,18.581205134236694,5.376148367732674e-07,0.0
1241,74520.0,74520,18.58120459663634,18.58120459663634,-4.966005723571177,0.0,18.58120513421952,5.375831815802523e-07,0.0
1242,74580.0,74580,18.58120459664999,18.58120459664999,-4.702771993129467,0.0,18.581205134201902,5.375519150614371e-07,0.0
1243,74640.0,74640,18.5812045966628,18.5812045966628,-4.439538262687486,0.0,18.581205134183843,5.375210420727645e-07,0.0
1244,74700.0,74700,18.58120459667478,18.58120459667478,-4.176304532245245,0.0,18.581205134165344,5.374905673657941e-07,0.0
1245,74760.0,74760,18.58120459668592,18.58120459668592,-3.913070801802761,0.0,18.581205134146416,5.374604955856728e-07,0.0
1246,74820.0,74820,18.58120459669623,18.581204596696228,-3.649837071360041,0.0,18.58120513412706,5.374308312691831e-07,0.0
1247,74880.0,74880,18.581204596705703,18.5812045967057,-3.386603340917102,0.0,18.581205134107275,5.37401578842694e-07,0.0
1248,74940.0,74940,18.581204596714336,18.581204596714336,-3.1233696104739566,0.0,18.581205134087075,5.37372742620462e-07,0.0
1249,75000.0,75000,18.581204596722138,18.581204596722134,-2.860135880030615,0.0,18.581205134066465,5.373443268027381e-07,0.0
1250,75060.0,75060,18.581204596729105,18.581204596729105,-2.596902149587093,0.0,18.581205134045437,5.373163354741203e-07,0.0
1251,75120.0,75120,18.58120459673524,18.581204596735237,-2.3336684191434025,0.0,18.58120513402401,5.372887726019462e-07,0.0
1252,75180.0,75180,18.58120459674054,18.58120459674054,-2.0704346886995553,0.0,18.581205134002182,5.372616420348139e-07,0.0
1253,75240.0,75240,18.58120459674501,18.58120459674501,-1.8072009582555661,0.0,18.581205133979957,5.372349475012983e-07,0.0
1254,75300.0,75300,18.581204596748655,18.581204596748655,-1.543967227811447,0.0,18.581205133957347,5.372086926082525e-07,0.0
1255,75360.0,75360,18.58120459675147,18.581204596751466,-1.28073349736721,0.0,18.58120513393435,5.371828808400878e-07,0.0
1256,75420.0,75420,18.581204596753455,18.581204596753455,-1.0174997669228691,0.0,18.581205133910974,5.371575155571657e-07,0.0
1257,75480.0,75480,18.58120459675462,18.581204596754617,-0.7542660364784357,0.0,18.58120513388722,5.371325999950912e-07,0.0
1258,75540.0,75540,18.58120459675496,18.58120459675496,-0.49103230603392456,0.0,18.581205133863097,5.371081372635715e-07,0.0
1259,75600.0,75600,18.581204596754482,18.581204596754482,-0.22779857558934768,0.0,18.581205133838612,5.370841303456702e-07,0.0
1260,75660.0,75660,18.58120459675319,18.58120459675319,0.03543515485528272,0.0,18.581205133813768,5.370605820971328e-07,0.0
1261,75720.0,75720,18.581204596751075,18.58120459675107,0.2986688852999538,0.0,18.581205133788572,5.370374952455058e-07,0.0
1262,75780.0,75780,18.581204596748147,18.581204596748147,0.5619026157446525,0.0,18.58120513376302,5.37014872389798e-07,0.0
1263,75840.0,75840,18.581204596744417,18.581204596744417,0.825136346189366,0.0,18.581205133737132,5.369927160000149e-07,0.0
1264,75900.0,75900,18.581204596739873,18.581204596739873,1.0883700766340827,0.0,18.581205133710903,5.369710284167431e-07,0.0
1265,75960.0,75960,18.58120459673453,18.58120459673453,1.351603807078788,0.0,18.581205133684342,5.369498118508847e-07,0.0
1266,76020.0,76020,18.581204596728384,18.581204596728384,1.614837537523472,0.0,18.581205133657452,5.369290683835923e-07,0.0
1267,76080.0,76080,18.58120459672144,18.58120459672144,1.87807126796812,0.0,18.58120513363024,5.369087999661847e-07,0.0
1268,76140.0,76140,18.581204596713704,18.581204596713704,2.141304998412721,0.0,18.581205133602715,5.368890084202768e-07,0.0
1269,76200.0,76200,18.581204596705177,18.581204596705177,2.404538728857261,0.0,18.581205133574873,5.368696954376819e-07,0.0
1270,76260.0,76260,18.581204596695866,18.581204596695862,2.6677724593017276,0.0,18.581205133546725,5.368508625811255e-07,0.0
1271,76320.0,76320,18.58120459668577,18.58120459668577,2.931006189746111,0.0,18.58120513351828,5.368325112841932e-07,0.0
1272,76380.0,76380,18.581204596674894,18.581204596674894,3.194239920190397,0.0,18.581205133489537,5.368146428519205e-07,0.0
1273,76440.0,76440,18.581204596663248,18.581204596663248,3.4574736506345736,0.0,18.581205133460504,5.367972584613896e-07,0.0
1274,76500.0,76500,18.581204596650828,18.581204596650824,3.7207073810786286,0.0,18.581205133431183,5.367803591623328e-07,0.0
1275,76560.0,76560,18.58120459663764,18.58120459663764,3.9839411115225487,0.0,18.581205133401586,5.367639458779747e-07,0.0
1276,76620.0,76620,18.581204596623692,18.581204596623692,4.247174841966324,0.0,18.581205133371714,5.367480194057328e-07,0.0
1277,76680.0,76680,18.58120459660899,18.58120459660899,4.510408572409942,0.0,18.58120513334157,5.367325804182877e-07,0.0
1278,76740.0,76740,18.581204596593533,18.581204596593533,4.773642302853389,0.0,18.581205133311162,5.367176294645362e-07,0.0
1279,76800.0,76800,18.58120459657733,18.58120459657733,5.036876033296654,0.0,18.58120513328049,5.367031669707578e-07,0.0
1280,76860.0,76860,18.58120459656038,18.58120459656038,5.300109763739727,0.0,18.581205133249572,5.366891932418541e-07,0.0
1281,76920.0,76920,18.581204596542694,18.581204596542694,5.563343494182594,0.0,18.581205133218404,5.366757084625738e-07,0.0
1282,76980.0,76980,18.581204596524273,18.581204596524273,5.826577224625244,0.0,18.581205133186984,5.3666271269903e-07,0.0
1283,77040.0,77040,18.581204596505124,18.581204596505124,6.089810955067666,0.0,18.58120513315533,5.366502059001983e-07,0.0
1284,77100.0,77100,18.58120459648525,18.58120459648525,6.353044685509849,0.0,18.581205133123436,5.36638187899272e-07,0.0
1285,77160.0,77160,18.58120459646466,18.58120459646466,6.616278415951778,0.0,18.58120513309132,5.366266584156006e-07,0.0
1286,77220.0,77220,18.581204596443353,18.581204596443353,6.879512146393446,0.0,18.581205133058972,5.366156170563305e-07,0.0
1287,77280.0,77280,18.58120459642134,18.58120459642134,7.142745876834839,0.0,18.5812051330264,5.36605063318052e-07,0.0
1288,77340.0,77340,18.581204596398624,18.581204596398624,7.405979607275946,0.0,18.58120513299362,5.36594996589004e-07,0.0
1289,77400.0,77400,18.581204596375212,18.581204596375212,7.669213337716758,0.0,18.581205132960626,5.365854161508504e-07,0.0
1290,77460.0,77460,18.581204596351107,18.581204596351103,7.932447068157262,0.0,18.581205132927423,5.365763211807554e-07,0.0
1291,77520.0,77520,18.58120459632631,18.58120459632631,8.195680798597447,0.0,18.58120513289402,5.365677107536658e-07,0.0
1292,77580.0,77580,18.581204596300832,18.581204596300832,8.458914529037301,0.0,18.58120513286042,5.365595838442756e-07,0.0
1293,77640.0,77640,18.58120459627468,18.58120459627468,8.722148259476814,0.0,18.581205132826618,5.365519393294577e-07,0.0
1294,77700.0,77700,18.581204596247858,18.581204596247858,8.985381989915979,0.0,18.58120513279263,5.365447759906179e-07,0.0
1295,77760.0,77760,18.581204596220363,18.581204596220363,9.24861572035478,0.0,18.581205132758456,5.365380925159121e-07,0.0
1296,77820.0,77820,18.58120459619221,18.58120459619221,9.511849450793207,0.0,18.5812051327241,5.365318875029893e-07,0.0
1297,77880.0,77880,18.581204596163403,18.581204596163403,9.775083181231253,0.0,18.581205132689565,5.365261594612936e-07,0.0
1298,77940.0,77940,18.581204596133947,18.581204596133947,10.038316911668902,0.0,18.581205132654855,5.365209068146707e-07,0.0
1299,78000.0,78000,18.58120459610384,18.58120459610384,10.301550642106148,0.0,18.58120513261997,5.365161279042665e-07,0.0
1300,78060.0,78060,18.5812045960731,18.5812045960731,10.56478437254298,0.0,18.58120513258492,5.365118209909196e-07,0.0
1301,78120.0,78120,18.581204596041722,18.581204596041722,10.828018102979387,0.0,18.581205132549705,5.365079842578719e-07,0.0
1302,78180.0,78180,18.581204596009716,18.581204596009716,11.09125183341536,0.0,18.581205132514327,5.365046158140692e-07,0.0
1303,78240.0,78240,18.58120459597708,18.58120459597708,11.354485563850886,0.0,18.581205132478793,5.365017136964301e-07,0.0
1304,78300.0,78300,18.58120459594383,18.581204595943827,11.617719294285958,0.0,18.581205132443102,5.364992758730042e-07,0.0
1305,78360.0,78360,18.581204595909963,18.581204595909963,11.880953024720567,0.0,18.58120513240726,5.364973002459488e-07,0.0
1306,78420.0,78420,18.581204595875484,18.581204595875484,12.144186755154697,0.0,18.58120513237127,5.3649578465442e-07,0.0
1307,78480.0,78480,18.581204595840404,18.581204595840404,12.407420485588345,0.0,18.581205132335132,5.364947268775947e-07,0.0
1308,78540.0,78540,18.58120459580472,18.58120459580472,12.6706542160215,0.0,18.581205132298848,5.364941246377836e-07,0.0
1309,78600.0,78600,18.581204595768444,18.581204595768444,12.93388794645415,0.0,18.58120513226242,5.364939756035167e-07,0.0
1310,78660.0,78660,18.581204595731574,18.581204595731574,13.197121676886285,0.0,18.581205132225854,5.364942773924683e-07,0.0
1311,78720.0,78720,18.58120459569412,18.58120459569412,13.460355407317897,0.0,18.581205132189147,5.364950275749782e-07,0.0
1312,78780.0,78780,18.581204595656082,18.581204595656082,13.723589137748977,0.0,18.581205132152306,5.364962236768843e-07,0.0
1313,78840.0,78840,18.58120459561747,18.58120459561747,13.986822868179514,0.0,18.581205132115333,5.364978631829019e-07,0.0
1314,78900.0,78900,18.58120459557828,18.58120459557828,14.250056598609502,0.0,18.581205132078225,5.364999435398005e-07,0.0
1315,78960.0,78960,18.581204595538523,18.581204595538523,14.513290329038927,0.0,18.581205132040985,5.365024621596462e-07,0.0
1316,79020.0,79020,18.5812045954982,18.581204595498196,14.776524059467784,0.0,18.581205132003614,5.365054164230951e-07,0.0
1317,79080.0,79080,18.58120459545731,18.581204595457308,15.039757789896061,0.0,18.581205131966115,5.365088036826231e-07,0.0
1318,79140.0,79140,18.581204595415866,18.581204595415866,15.30299152032375,0.0,18.58120513192849,5.365126212657806e-07,0.0
1319,79200.0,79200,18.581204595373865,18.581204595373862,15.566225250750847,0.0,18.58120513189073,5.365168664787137e-07,0.0
1320,79260.0,79260,18.581204595331315,18.58120459533131,15.829458981177336,0.0,18.581205131852848,5.365215366092375e-07,0.0
1321,79320.0,79320,18.58120459528821,18.58120459528821,16.092692711603206,0.0,18.581205131814837,5.36526628930169e-07,0.0
1322,79380.0,79380,18.58120459524456,18.58120459524456,16.35592644202846,0.0,18.581205131776702,5.365321407027509e-07,0.0
1323,79440.0,79440,18.581204595200372,18.581204595200372,16.61916017245308,0.0,18.58120513173844,5.365380691801468e-07,0.0
1324,79500.0,79500,18.58120459515564,18.58120459515564,16.882393902877055,0.0,18.581205131700052,5.365444116103128e-07,0.0
1325,79560.0,79560,18.581204595110368,18.581204595110368,17.145627633300382,0.0,18.581205131661534,5.365511652397728e-07,0.0
1326,79620.0,79620,18.581204595064563,18.581204595064563,17.40886136372305,0.0,18.58120513162289,5.365583273167684e-07,0.0
1327,79680.0,79680,18.581204595018225,18.581204595018225,17.672095094145053,0.0,18.581205131584117,5.365658950944825e-07,0.0
1328,79740.0,79740,18.581204594971354,18.58120459497135,17.93532882456638,0.0,18.581205131545214,5.365738658344886e-07,0.0
1329,79800.0,79800,18.58120459492395,18.58120459492395,18.198562554987024,0.0,18.581205131506184,5.365822368101354e-07,0.0
1330,79860.0,79860,18.581204594876017,18.581204594876017,18.46179628540698,0.0,18.581205131467023,5.36591005309614e-07,0.0
1331,79920.0,79920,18.581204594827557,18.581204594827557,18.725030015826228,0.0,18.581205131427726,5.366001686394336e-07,0.0
1332,79980.0,79980,18.58120459477857,18.58120459477857,18.98826374624477,0.0,18.581205131388295,5.366097241276181e-07,0.0
1333,80040.0,80040,18.581204594729055,18.581204594729055,19.25149747666259,0.0,18.581205131348725,5.366196691269868e-07,0.0
1334,80100.0,80100,18.58120459467902,18.581204594679015,19.514731207079688,0.0,18.581205131309016,5.366300010184816e-07,0.0
1335,80160.0,80160,18.581204594628453,18.581204594628453,19.777964937496048,0.0,18.58120513126917,5.366407172141616e-07,0.0
1336,80220.0,80220,18.581204594577358,18.581204594577358,20.04119866791167,0.0,18.581205131229176,5.366518151606409e-07,0.0
1337,80280.0,80280,18.581204594525744,18.58120459452574,20.304432398326536,0.0,18.581205131189034,5.366632923421807e-07,0.0
1338,80340.0,80340,18.581204594473597,18.581204594473597,20.56766612874064,0.0,18.581205131148742,5.366751462837958e-07,0.0
1339,80400.0,80400,18.581204594420925,18.581204594420925,20.830899859153984,0.0,18.581205131108298,5.366873745545807e-07,0.0
1340,80460.0,80460,18.581204594367726,18.581204594367723,21.094133589566542,0.0,18.581205131067698,5.366999747706276e-07,0.0
1341,80520.0,80520,18.58120459431399,18.58120459431399,21.357367319978316,0.0,18.581205131026937,5.367129445981584e-07,0.0
1342,80580.0,80580,18.58120459425973,18.58120459425973,21.6206010503893,0.0,18.58120513098601,5.367262817566821e-07,0.0
1343,80640.0,80640,18.581204594204934,18.581204594204934,21.883834780799482,0.0,18.581205130944916,5.367399840218874e-07,0.0
1344,80700.0,80700,18.5812045941496,18.5812045941496,22.147068511208857,0.0,18.581205130903648,5.367540492288261e-07,0.0
1345,80760.0,80760,18.58120459409373,18.581204594093727,22.410302241617405,0.0,18.581205130862205,5.367684752746881e-07,0.0
1346,80820.0,80820,18.581204594037317,18.581204594037317,22.673535972025128,0.0,18.581205130820578,5.367832601219338e-07,0.0
1347,80880.0,80880,18.581204593980363,18.58120459398036,22.936769702432017,0.0,18.581205130778763,5.367984018009589e-07,0.0
1348,80940.0,80940,18.581204593922855,18.581204593922855,23.20000343283806,0.0,18.581205130736752,5.36813898413252e-07,0.0
1349,81000.0,81000,18.581204593864797,18.581204593864797,23.463237163243246,0.0,18.581205130694542,5.368297481340147e-07,0.0
1350,81060.0,81060,18.581204593806184,18.581204593806184,23.726470893647573,0.0,18.58120513065213,5.368459492151178e-07,0.0
1351,81120.0,81120,18.581204593747007,18.581204593747007,23.98970462405103,0.0,18.581205130609504,5.368624999877734e-07,0.0
1352,81180.0,81180,18.581204593687268,18.581204593687268,24.2529383544536,0.0,18.581205130566662,5.368793988653228e-07,0.0
1353,81240.0,81240,18.581204593626957,18.581204593626957,24.51617208485529,0.0,18.581205130523596,5.368966443458693e-07,0.0
1354,81300.0,81300,18.581204593566067,18.581204593566067,24.77940581525608,0.0,18.581205130480303,5.3691423501504e-07,0.0
1355,81360.0,81360,18.5812045935046,18.581204593504598,25.042639545655966,0.0,18.581205130436768,5.369321695485021e-07,0.0
1356,81420.0,81420,18.58120459344254,18.58120459344254,25.305873276054935,0.0,18.581205130392988,5.369504467146412e-07,0.0
1357,81480.0,81480,18.58120459337989,18.581204593379887,25.569107006452978,0.0,18.581205130348952,5.36969065377005e-07,0.0
1358,81540.0,81540,18.581204593316635,18.581204593316635,25.832340736850085,0.0,18.581205130304657,5.369880244969819e-07,0.0
1359,81600.0,81600,18.581204593252767,18.581204593252767,26.095574467246248,0.0,18.58120513026009,5.370073231360511e-07,0.0
1360,81660.0,81660,18.58120459318829,18.58120459318829,26.358808197641462,0.0,18.581205130215245,5.370269604581747e-07,0.0
1361,81720.0,81720,18.581204593123182,18.581204593123182,26.622041928035713,0.0,18.581205130170115,5.370469357326124e-07,0.0
1362,81780.0,81780,18.58120459305744,18.58120459305744,26.885275658428988,0.0,18.581205130124687,5.370672483356784e-07,0.0
1363,81840.0,81840,18.581204592991057,18.581204592991057,27.148509388821285,0.0,18.581205130078953,5.370878977534523e-07,0.0
1364,81900.0,81900,18.581204592924024,18.581204592924024,27.411743119212584,0.0,18.581205130032906,5.371088835839117e-07,0.0
1365,81960.0,81960,18.581204592856327,18.581204592856327,27.67497684960289,0.0,18.581205129986532,5.371302055391373e-07,0.0
1366,82020.0,82020,18.58120459278796,18.58120459278796,27.938210579992177,0.0,18.58120512993982,5.371518634475176e-07,0.0
1367,82080.0,82080,18.581204592718912,18.581204592718912,28.20144431038044,0.0,18.581205129892766,5.371738572558039e-07,0.0
1368,82140.0,82140,18.58120459264917,18.58120459264917,28.464678040767676,0.0,18.58120512984535,5.371961870313546e-07,0.0
1369,82200.0,82200,18.58120459257872,18.581204592578718,28.727911771153863,0.0,18.58120512979757,5.37218852964099e-07,0.0
1370,82260.0,82260,18.581204592507557,18.581204592507557,28.991145501539002,0.0,18.581205129749414,5.372418553684967e-07,0.0
1371,82320.0,82320,18.581204592435665,18.581204592435665,29.25437923192307,0.0,18.58120512970086,5.372651946856566e-07,0.0
1372,82380.0,82380,18.581204592363033,18.581204592363033,29.51761296230606,0.0,18.581205129651906,5.372888714850759e-07,0.0
1373,82440.0,82440,18.581204592289648,18.581204592289648,29.780846692687962,0.0,18.581205129602534,5.373128864666817e-07,0.0
1374,82500.0,82500,18.581204592215492,18.581204592215492,30.04408042306877,0.0,18.581205129552732,5.373372404626406e-07,0.0
1375,82560.0,82560,18.58120459214056,18.58120459214056,30.307314153448463,0.0,18.58120512950249,5.373619344391031e-07,0.0
1376,82620.0,82620,18.58120459206483,18.581204592064825,30.570547883827032,0.0,18.581205129451796,5.373869694979991e-07,0.0
1377,82680.0,82680,18.581204591988282,18.581204591988282,30.83378161420446,0.0,18.58120512940063,5.374123468788543e-07,0.0
1378,82740.0,82740,18.581204591910915,18.581204591910915,31.097015344580743,0.0,18.581205129348984,5.374380679602353e-07,0.0
1379,82800.0,82800,18.581204591832705,18.581204591832705,31.36024907495587,0.0,18.581205129296837,5.374641342615527e-07,0.0
1380,82860.0,82860,18.58120459175364,18.581204591753636,31.62348280532983,0.0,18.581205129244182,5.374905474448837e-07,0.0
1381,82920.0,82920,18.581205221996978,-131.41879477800302,31.886716535702597,150.0,5.208572769225018e-07,131.41879529886032,0.0
1382,82980.0,82980,18.581205221930126,-131.4187947780699,29.69640328810038,150.0,5.208158711521094e-07,131.41879529888575,0.0
1383,83040.0,83040,18.581205221866483,-131.41879477813353,27.50609004049716,150.0,5.207769577510709e-07,131.41879529891048,0.0
1384,83100.0,83100,18.58120522180593,-131.41879477819407,25.315776792892976,150.0,5.207404588502008e-07,131.41879529893453,0.0
1385,83160.0,83160,18.58120522174837,-131.41879477825162,23.12546354528787,150.0,5.207063009263692e-07,131.41879529895792,0.0
1386,83220.0,83220,18.581205221693683,-131.41879477830634,20.935150297681897,150.0,5.206744145218051e-07,131.41879529898074,0.0
1387,83280.0,83280,18.581205221641785,-131.41879477835823,18.744837050075088,150.0,5.206447339866022e-07,131.41879529900297,0.0
1388,83340.0,83340,18.581205221592576,-131.41879477840743,16.55452380246749,150.0,5.206171972422122e-07,131.41879529902462,0.0
1389,83400.0,83400,18.58120522154598,-131.41879477845401,14.36421055485914,150.0,5.205917455642109e-07,131.41879529904574,0.0
1390,83460.0,83460,18.5812052215019,-131.4187947784981,12.173897307250078,150.0,5.205683233824664e-07,131.4187952990664,0.0
1391,83520.0,83520,18.581205221460273,-131.41879477853973,9.983584059640338,150.0,5.205468780971886e-07,131.4187952990866,0.0
1392,83580.0,83580,18.581205221421023,-131.418794778579,7.7932708120299585,150.0,5.205273599094118e-07,131.41879529910636,0.0
1393,83640.0,83640,18.58120522138408,-131.4187947786159,5.602957564418972,150.0,5.205097216648216e-07,131.41879529912566,0.0
1394,83700.0,83700,18.581205221349386,-131.4187947786506,3.412644316807416,150.0,5.204939187093906e-07,131.41879529914453,0.0
1395,83760.0,83760,18.581205221316875,-131.41879477868312,1.2223310691953204,150.0,5.204799087567693e-07,131.418795299163,0.0
1396,83820.0,83820,18.581205221286492,-131.41879477871353,-0.9679821784172808,150.0,5.204676517648194e-07,131.4187952991812,0.0
1397,83880.0,83880,18.581205221258184,-131.41879477874184,-3.1582954260303597,150.0,5.204571098225358e-07,131.41879529919893,0.0
1398,83940.0,83940,18.581205221231905,-131.41879477876807,-5.3486086736438825,150.0,5.204482470447425e-07,131.41879529921636,0.0
1399,84000.0,84000,18.5812052212076,-131.4187947787924,-7.538921921257823,150.0,5.204410294751212e-07,131.41879529923344,0.0
1400,84060.0,84060,18.58120520944727,-16.41879479055288,-9.72923516887215,35.00000000000014,5.689791062205692e-07,16.418795359531984,0.0
1401,84120.0,84120,18.58120459041083,18.58120459041083,-10.002881750137162,0.0,18.581205128156448,5.377456151024786e-07,0.0
1402,84180.0,84180,18.581204590358112,18.581204590358112,-9.739648019784056,0.0,18.581205128105307,5.37747193696137e-07,0.0
1403,84240.0,84240,18.581204590304562,18.581204590304562,-9.476414289431702,0.0,18.581205128053746,5.377491812382831e-07,0.0
1404,84300.0,84300,18.581204590250174,18.581204590250174,-9.213180559080108,0.0,18.581205128001752,5.377515795375894e-07,0.0
1405,84360.0,84360,18.581204590194936,18.581204590194936,-8.949946828729294,0.0,18.581205127949325,5.377543904239705e-07,0.0
1406,84420.0,84420,18.581204590138846,18.581204590138846,-8.686713098379268,0.0,18.58120512789646,5.377576157505739e-07,0.0
1407,84480.0,84480,18.581204590081896,18.581204590081892,-8.423479368030048,0.0,18.581205127843152,5.377612573963934e-07,0.0
1408,84540.0,84540,18.581204590024072,18.581204590024072,-8.160245637681642,0.0,18.58120512778939,5.377653172686421e-07,0.0
1409,84600.0,84600,18.58120458996537,18.58120458996537,-7.897011907334064,0.0,18.581205127735167,5.377697973049636e-07,0.0
1410,84660.0,84660,18.581204589905788,18.581204589905788,-7.633778176987328,0.0,18.581205127680484,5.377746994761878e-07,0.0
1411,84720.0,84720,18.581204589845306,18.581204589845303,-7.370544446641451,0.0,18.581205127625328,5.377800257888274e-07,0.0
1412,84780.0,84780,18.58120458978392,18.58120458978392,-7.107310716296442,0.0,18.5812051275697,5.377857782873731e-07,0.0
1413,84840.0,84840,18.581204589721626,18.581204589721626,-6.844076985952318,0.0,18.581205127513584,5.377919590571468e-07,0.0
1414,84900.0,84900,18.58120458965841,18.58120458965841,-6.580843255609092,0.0,18.58120512745698,5.377985702267656e-07,0.0
1415,84960.0,84960,18.58120458959426,18.58120458959426,-6.317609525266778,0.0,18.581205127399876,5.37805613970846e-07,0.0
1416,85020.0,85020,18.58120458952917,18.58120458952917,-6.05437579492539,0.0,18.581205127342265,5.378130925124089e-07,0.0
1417,85080.0,85080,18.581204589463134,18.58120458946313,-5.7911420645849425,0.0,18.58120512728414,5.378210081260056e-07,0.0
1418,85140.0,85140,18.581204589396133,18.58120458939613,-5.527908334245453,0.0,18.581205127225495,5.378293631400713e-07,0.0
1419,85200.0,85200,18.581204589328163,18.581204589328163,-5.26467460390693,0.0,18.58120512716632,5.378381599397392e-07,0.0
1420,85260.0,85260,18.58120458925921,18.58120458925921,-5.001440873569393,0.0,18.58120512710661,5.37847400969681e-07,0.0
1421,85320.0,85320,18.58120458918927,18.58120458918927,-4.7382071432328585,0.0,18.581205127046356,5.378570887367583e-07,0.0
1422,85380.0,85380,18.581204589118318,18.581204589118318,-4.474973412897335,0.0,18.581205126985544,5.378672258129864e-07,0.0
1423,85440.0,85440,18.581204589046358,18.581204589046358,-4.211739682562845,0.0,18.58120512692417,5.378778148379594e-07,0.0
1424,85500.0,85500,18.58120458897337,18.58120458897337,-3.9485059522293997,0.0,18.581205126862226,5.378888585222151e-07,0.0
1425,85560.0,85560,18.581204588899343,18.58120458889934,-3.6852722218970158,0.0,18.581205126799702,5.379003596496475e-07,0.0
1426,85620.0,85620,18.581204588824264,18.581204588824264,-3.42203849156571,0.0,18.581205126736585,5.379123210804636e-07,0.0
1427,85680.0,85680,18.581204588748122,18.581204588748122,-3.1588047612354972,0.0,18.581205126672867,5.379247457542241e-07,0.0
1428,85740.0,85740,18.581204588670904,18.581204588670904,-2.8955710309063933,0.0,18.58120512660854,5.379376366925676e-07,0.0
1429,85800.0,85800,18.5812045885926,18.5812045885926,-2.6323373005784165,0.0,18.581205126543594,5.379509970019783e-07,0.0
1430,85860.0,85860,18.581204588513188,18.581204588513184,-2.3691035702515824,0.0,18.581205126478018,5.379648298769579e-07,0.0
1431,85920.0,85920,18.581204588432662,18.58120458843266,-2.105869839925908,0.0,18.5812051264118,5.379791386026312e-07,0.0
1432,85980.0,85980,18.581204588351003,18.581204588351003,-1.8426361096014097,0.0,18.58120512634493,5.379939265579695e-07,0.0
1433,86040.0,86040,18.581204588268204,18.5812045882682,-1.5794023792781053,0.0,18.581205126277396,5.380091972184812e-07,0.0
1434,86100.0,86100,18.58120458818424,18.58120458818424,-1.3161686489560118,0.0,18.581205126209195,5.380249541591431e-07,0.0
1435,86160.0,86160,18.581204588099105,18.581204588099105,-1.0529349186351482,0.0,18.581205126140304,5.380412010573566e-07,0.0
1436,86220.0,86220,18.581204588012778,18.581204588012774,-0.7897011883155309,0.0,18.581205126070717,5.380579416958982e-07,0.0
1437,86280.0,86280,18.581204587925246,18.581204587925242,-0.526467457997177,0.0,18.581205126000423,5.38075179965812e-07,0.0
1438,86340.0,86340,18.58120458783649,18.58120458783649,-0.26323372768010855,0.0,18.581205125929408,5.380929198692103e-07,0.0
1439,86400.0,86400,5.637431882439941e-10,5.637429312059107e-10,2.635659446586326e-09,0.0,1.057979729726841e-06,1.0574159872458637e-06,0.0
1440,,86460,,,,,,,
