,time,time_x,P_Grid,P_BTMS,E_BTMS,P_Charge,P_BTMS_Ch,P_BTMS_DCh,"param: btms size, a,b_sys,b_cap,b_loan,c"
0,60.0,60,1.8660825352623837e-08,1.866082535790153e-08,-1.306029288721132e-14,0.0,4.951144883818407e-08,3.08506234715434e-08,1.1907729210471264e-07
1,120.0,120,1.863378278929653e-08,1.8633782794693958e-08,1.8721142208775094e-10,0.0,4.948805230094854e-08,3.085426949779408e-08,0.09863013698630137
2,180.0,180,1.8606898082539307e-08,1.860689808799004e-08,3.7404369136319265e-10,0.0,4.9464779055700283e-08,3.0857880959275585e-08,0.04323985936321764
3,240.0,240,1.8580171450441702e-08,1.8580171455816517e-08,5.604860612862147e-10,0.0,4.944162932770616e-08,3.086145786354121e-08,0.023148148148148147
4,300.0,300,1.8553603090695452e-08,1.855360309616577e-08,7.465408684223574e-10,0.0,4.941860332004968e-08,3.0865000215410284e-08,0.009341992564003648
5,360.0,360,1.852719318363918e-08,1.8527193189008745e-08,9.322104402898415e-10,0.0,4.939570121451459e-08,3.086850801708653e-08,0.12
6,420.0,420,1.8500941890338002e-08,1.8500941895618118e-08,1.1174971001856793e-09,0.0,4.937292317232469e-08,3.087198126827152e-08,0.0
7,480.0,480,1.8474849354873218e-08,1.8474849360257522e-08,1.3024031848042088e-09,0.0,4.9350269334906304e-08,3.087541996628419e-08,0.0
8,540.0,540,1.8448915704914366e-08,1.8448915710165203e-08,1.4869310295909402e-09,0.0,4.932773982470316e-08,3.087882410617155e-08,0.0
9,600.0,600,1.8423141051141938e-08,1.8423141056496963e-08,1.671082977295786e-09,0.0,4.930533474582984e-08,3.0882193680812807e-08,0.0
10,660.0,660,1.839752548998557e-08,1.839752549534423e-08,1.8548613620745152e-09,0.0,4.928305418485437e-08,3.0885528681030455e-08,0.0
11,720.0,720,1.8372069102002043e-08,1.837206910738897e-08,2.038268526534866e-09,0.0,4.926089821148234e-08,3.0888829095715856e-08,0.0
12,780.0,780,1.8346771953629332e-08,1.8346771958918534e-08,2.2213068036748444e-09,0.0,4.923886687923615e-08,3.089209491191042e-08,0.0
13,840.0,840,1.8321634097419624e-08,1.8321634102782326e-08,2.403978549934473e-09,0.0,4.921696022613182e-08,3.0895326114939675e-08,0.0
14,900.0,900,1.8296655573361056e-08,1.8296655578479637e-08,2.5862860946964188e-09,0.0,4.919517827532835e-08,3.089852268848796e-08,0.0
15,960.0,960,1.8271836407662578e-08,1.8271836412805994e-08,2.7682317962728232e-09,0.0,4.917352103576822e-08,3.090168461472323e-08,0.0
16,1020.0,1020,1.8247176614782824e-08,1.824717662002841e-08,2.9498179864149343e-09,0.0,4.91519885028025e-08,3.0904811874386686e-08,0.0
17,1080.0,1080,1.822267619844533e-08,1.8222676203532415e-08,3.1310470145053413e-09,0.0,4.913058065877562e-08,3.090790444689942e-08,0.0
18,1140.0,1140,1.819833514947825e-08,1.8198335154708493e-08,3.3119212240130067e-09,0.0,4.9109297473634346e-08,3.091096231044557e-08,0.0
19,1200.0,1200,1.8174153449783002e-08,1.8174153455149134e-08,3.4924429656008725e-09,0.0,4.9088138905475355e-08,3.091398544208338e-08,0.0
20,1260.0,1260,1.8150131069654857e-08,1.8150131074936385e-08,3.6726145693434218e-09,0.0,4.9067104901116284e-08,3.091697381783772e-08,0.0
21,1320.0,1320,1.8126267970458716e-08,1.8126267975555085e-08,3.8524383909144544e-09,0.0,4.904619539662716e-08,3.091992741276988e-08,0.0
22,1380.0,1380,1.8102564103158975e-08,1.8102564108399108e-08,4.031916777208699e-09,0.0,4.902541031785538e-08,3.092284620109593e-08,0.0
23,1440.0,1440,1.807901941116774e-08,1.8079019416384657e-08,4.211052058772364e-09,0.0,4.9004749580932144e-08,3.092573015626104e-08,0.0
24,1500.0,1500,1.8055633828157088e-08,1.8055633833450733e-08,4.389846581264399e-09,0.0,4.898421309276023e-08,3.0928579251015375e-08,0.0
25,1560.0,1560,1.8032407280448112e-08,1.803240728567371e-08,4.568302694289954e-09,0.0,4.896380075148492e-08,3.093139345751386e-08,0.0
26,1620.0,1620,1.8009339686073442e-08,1.800933969131479e-08,4.746422732060478e-09,0.0,4.894351244698503e-08,3.093417274739126e-08,0.0
27,1680.0,1680,1.7986430956081217e-08,1.7986430961106108e-08,4.924209031382347e-09,0.0,4.8923348061281595e-08,3.0936917091838956e-08,0.0
28,1740.0,1740,1.7963680993958616e-08,1.796368099920723e-08,5.101663934226102e-09,0.0,4.8903307469016814e-08,3.093962646168406e-08,0.0
29,1800.0,1800,1.7941089696858893e-08,1.7941089702058243e-08,5.278789770021707e-09,0.0,4.888339053781913e-08,3.094230082746616e-08,0.0
30,1860.0,1860,1.7918656955858436e-08,1.7918656961205183e-08,5.455588881813092e-09,0.0,4.886359712875872e-08,3.0944940159507975e-08,0.0
31,1920.0,1920,1.7896382655228235e-08,1.7896382660429196e-08,5.632063600263981e-09,0.0,4.884392709671179e-08,3.0947544427981205e-08,0.0
32,1980.0,1980,1.7874266674329683e-08,1.7874266679593642e-08,5.808216263439347e-09,0.0,4.88243802907555e-08,3.095011360298808e-08,0.0
33,2040.0,2040,1.7852308886248004e-08,1.7852308891602424e-08,5.984049200714181e-09,0.0,4.8804956554527376e-08,3.0952647654620734e-08,0.0
34,2100.0,2100,1.783050916032247e-08,1.7830509165364523e-08,6.159564729262175e-09,0.0,4.8785655726592e-08,3.095514655301049e-08,0.0
35,2160.0,2160,1.780886735882225e-08,1.7808867364060364e-08,6.334765187515282e-09,0.0,4.8766477640758426e-08,3.0957610268419486e-08,0.0
36,2220.0,2220,1.778738334174737e-08,1.778738334706706e-08,6.509652891469108e-09,0.0,4.874742212645087e-08,3.096003877128111e-08,0.0
37,2280.0,2280,1.7766056963248346e-08,1.776605696851574e-08,6.684230178206202e-09,0.0,4.8728489008989824e-08,3.096243203225649e-08,0.0
38,2340.0,2340,1.7744888074326193e-08,1.7744888079465976e-08,6.8584993491679345e-09,0.0,4.870967810993608e-08,3.0964790022300365e-08,0.0
39,2400.0,2400,1.7723876521622156e-08,1.7723876526556993e-08,7.032462749735112e-09,0.0,4.869098924735808e-08,3.096711271270343e-08,0.0
40,2460.0,2460,1.770302214769755e-08,1.7703022152832888e-08,7.206122682599977e-09,0.0,4.867242223613158e-08,3.096940007515338e-08,0.0
41,2520.0,2520,1.7682324793243734e-08,1.7682324798429555e-08,7.379481464454849e-09,0.0,4.8653976888240074e-08,3.097165208177727e-08,0.0
42,2580.0,2580,1.7661784294340115e-08,1.7661784299587517e-08,7.552541403047755e-09,0.0,4.863565301300417e-08,3.097386870518917e-08,0.0
43,2640.0,2640,1.7641400485482447e-08,1.764140049072622e-08,7.72530481170214e-09,0.0,4.8617450417353014e-08,3.097604991854145e-08,0.0
44,2700.0,2700,1.7621173197298592e-08,1.7621173202402634e-08,7.897774006889125e-09,0.0,4.859936890610124e-08,3.097819569555592e-08,0.0
45,2760.0,2760,1.7601102258332617e-08,1.760110226342939e-08,8.069951283127878e-09,0.0,4.8581408282134003e-08,3.0980306010572224e-08,0.0
46,2820.0,2820,1.7581187494819688e-08,1.758118750007456e-08,8.241838948975306e-09,0.0,4.8563568346684754e-08,3.098238083857978e-08,0.0
47,2880.0,2880,1.7561428730998213e-08,1.756142873613113e-08,8.413439300537236e-09,0.0,4.854584889954448e-08,3.098442015526259e-08,0.0
48,2940.0,2940,1.7541825789132666e-08,1.7541825794130703e-08,8.584754649008004e-09,0.0,4.852824973925873e-08,3.098642393702754e-08,0.0
49,3000.0,3000,1.752237848916629e-08,1.7522378494299812e-08,8.75578728437295e-09,0.0,4.851077066335055e-08,3.098839216103748e-08,0.0
50,3060.0,3060,1.7503086650107858e-08,1.7503086655135375e-08,8.92653949198454e-09,0.0,4.8493411468508665e-08,3.099032480523868e-08,0.0
51,3120.0,3120,1.7483950089489127e-08,1.7483950094463947e-08,9.0970135808235e-09,0.0,4.847617195079748e-08,3.099222184838833e-08,0.0
52,3180.0,3180,1.7464968622516582e-08,1.7464968627624866e-08,9.267211826442991e-09,0.0,4.8459051905805695e-08,3.099408327009529e-08,0.0
53,3240.0,3240,1.7446142065083628e-08,1.7446142070060668e-08,9.437136504755077e-09,0.0,4.8442051128851424e-08,3.099590905081849e-08,0.0
54,3300.0,3300,1.742747022999334e-08,1.7427470235152912e-08,9.606789929170331e-09,0.0,4.842516941513729e-08,3.099769917190772e-08,0.0
55,3360.0,3360,1.740895293132389e-08,1.7408952936305977e-08,9.776174359083346e-09,0.0,4.840840655991922e-08,3.0999453615616545e-08,0.0
56,3420.0,3420,1.73905899803444e-08,1.7390589985421992e-08,9.945292078945034e-09,0.0,4.839176235865749e-08,3.1001172365130575e-08,0.0
57,3480.0,3480,1.7372381189400194e-08,1.7372381194548255e-08,1.011414536451915e-08,0.0,4.837523660716694e-08,3.10028554045598e-08,0.0
58,3540.0,3540,1.735432636991223e-08,1.7354326374898357e-08,1.0282736486466015e-08,0.0,4.8358829101752643e-08,3.100450271898177e-08,0.0
59,3600.0,3600,1.7336425331917934e-08,1.733642533701814e-08,1.0451067721408039e-08,0.0,4.834253963937472e-08,3.1006114294431964e-08,0.0
60,3660.0,3660,1.7318677886618172e-08,1.7318677891735138e-08,1.061914132828752e-08,0.0,4.8326368017751663e-08,3.100769011793118e-08,0.0
61,3720.0,3720,1.730108384491457e-08,1.730108384992957e-08,1.0786959581934355e-08,0.0,4.831031403550253e-08,3.100923017748762e-08,0.0
62,3780.0,3780,1.72836430172179e-08,1.728364302230034e-08,1.0954524737439694e-08,0.0,4.829437749224868e-08,3.101073446209197e-08,0.0
63,3840.0,3840,1.726635521387835e-08,1.7266355219003798e-08,1.1121839060812507e-08,0.0,4.827855818876401e-08,3.101220296174534e-08,0.0
64,3900.0,3900,1.7249220246737473e-08,1.724922025168927e-08,1.1288904803593045e-08,0.0,4.8262855927051703e-08,3.1013635667455585e-08,0.0
65,3960.0,3960,1.7232237926251265e-08,1.7232237931330673e-08,1.1455724224469194e-08,0.0,4.824727051047746e-08,3.101503257122923e-08,0.0
66,4020.0,4020,1.7215408064887214e-08,1.7215408069852944e-08,1.1622299575117091e-08,0.0,4.8231801743857536e-08,3.1016393666079976e-08,0.0
67,4080.0,4080,1.7198730474596508e-08,1.7198730479540636e-08,1.1788633105759881e-08,0.0,4.8216449433554086e-08,3.101771894603109e-08,0.0
68,4140.0,4140,1.71822049685483e-08,1.7182204973526346e-08,1.1954727055385277e-08,0.0,4.8201213387593854e-08,3.101900840611462e-08,0.0
69,4200.0,4200,1.7165831360424198e-08,1.716583136548261e-08,1.212058368103332e-08,0.0,4.818609341570613e-08,3.1020262042356855e-08,0.0
70,4260.0,4260,1.7149609464636954e-08,1.7149609469740798e-08,1.2286205210122923e-08,0.0,4.817108932946654e-08,3.1021479851781944e-08,0.0
71,4320.0,4320,1.7133539097092295e-08,1.7133539101985538e-08,1.2451593894871355e-08,0.0,4.815620094234146e-08,3.1022661832403445e-08,0.0
72,4380.0,4380,1.7117620073482308e-08,1.7117620078500538e-08,1.261675196153408e-08,0.0,4.8141428069788955e-08,3.102380798321701e-08,0.0
73,4440.0,4440,1.710185221221669e-08,1.710185221716768e-08,1.2781681652407008e-08,0.0,4.812677052930404e-08,3.102491830418832e-08,0.0
74,4500.0,4500,1.7086235331376197e-08,1.7086235336380494e-08,1.2946385191770254e-08,0.0,4.811222814052768e-08,3.1025992796248214e-08,0.0
75,4560.0,4560,1.707076925107611e-08,1.707076925616178e-08,1.3110864803321402e-08,0.0,4.809780072528074e-08,3.102703146127653e-08,0.0
76,4620.0,4620,1.7055453792801102e-08,1.7055453797815696e-08,1.3275122734651824e-08,0.0,4.8083488107644756e-08,3.102803430208677e-08,0.0
77,4680.0,4680,1.7040288778745583e-08,1.704028878369617e-08,1.3439161189161253e-08,0.0,4.806929011403054e-08,3.102900132242409e-08,0.0
78,4740.0,4740,1.7025274033398337e-08,1.7025274038320254e-08,1.3602982385815363e-08,0.0,4.8055206573220225e-08,3.102993252693659e-08,0.0
79,4800.0,4800,1.7010409382390393e-08,1.7010409387254156e-08,1.3766588558786159e-08,0.0,4.804123731643915e-08,3.103082792116285e-08,0.0
80,4860.0,4860,1.6995694652972548e-08,1.699569465803782e-08,1.3929981907925704e-08,0.0,4.802738217738731e-08,3.103168751151896e-08,0.0
81,4920.0,4920,1.6981129674234053e-08,1.698112967912124e-08,1.4093164658331065e-08,0.0,4.801364099232906e-08,3.103251130527715e-08,0.0
82,4980.0,4980,1.6966714276829416e-08,1.69667142816742e-08,1.4256139012530711e-08,0.0,4.800001360009148e-08,3.1033299310551624e-08,0.0
83,5040.0,5040,1.6952448292980215e-08,1.6952448297992993e-08,1.4418907192864945e-08,0.0,4.798649984214997e-08,3.1034051536266285e-08,0.0
84,5100.0,5100,1.6938331557614318e-08,1.6938331562604884e-08,1.4581471384838863e-08,0.0,4.797309956265413e-08,3.103476799214341e-08,0.0
85,5160.0,5160,1.6924363906914897e-08,1.6924363911947464e-08,1.4743833810244362e-08,0.0,4.7959812608472146e-08,3.1035448688689115e-08,0.0
86,5220.0,5220,1.691054517908572e-08,1.6910545184229943e-08,1.4905996659139348e-08,0.0,4.7946638829235246e-08,3.103609363715015e-08,0.0
87,5280.0,5280,1.6896875214993812e-08,1.689687521987676e-08,1.506796213776472e-08,0.0,4.79335780773627e-08,3.10367028495058e-08,0.0
88,5340.0,5340,1.6883353856703784e-08,1.688335386175775e-08,1.522973244274956e-08,0.0,4.792063020811273e-08,3.103727633844813e-08,0.0
89,5400.0,5400,1.6869980949252237e-08,1.6869980954347798e-08,1.539130976362436e-08,0.0,4.790779507959867e-08,3.103781411733918e-08,0.0
90,5460.0,5460,1.68567563400479e-08,1.6856756344881778e-08,1.5552696289803114e-08,0.0,4.789507255283417e-08,3.103831620020041e-08,0.0
91,5520.0,5520,1.6843679877304534e-08,1.6843679882252497e-08,1.571389422342298e-08,0.0,4.788246249175581e-08,3.103878260168329e-08,0.0
92,5580.0,5580,1.6830751413465048e-08,1.683075141840473e-08,1.5874905744785054e-08,0.0,4.786996476325787e-08,3.103921333704019e-08,0.0
93,5640.0,5640,1.68179708022428e-08,1.6817970807206916e-08,1.6035733040034304e-08,0.0,4.7857579237212476e-08,3.103960842210497e-08,0.0
94,5700.0,5700,1.6805337900497212e-08,1.680533790540035e-08,1.6196378296142547e-08,0.0,4.784530578648819e-08,3.103996787325106e-08,0.0
95,5760.0,5760,1.679285256703782e-08,1.679285257183394e-08,1.6356843691758803e-08,0.0,4.7833144286996066e-08,3.104029170738127e-08,0.0
96,5820.0,5820,1.6780514662975597e-08,1.678051466788459e-08,1.6517131411033104e-08,0.0,4.782109461769204e-08,3.104057994188102e-08,0.0
97,5880.0,5880,1.6768324053170295e-08,1.6768324058203666e-08,1.6677243622691896e-08,0.0,4.780915666059392e-08,3.104083259461183e-08,0.0
98,5940.0,5940,1.6756280604264594e-08,1.675628060924143e-08,1.6837182505826595e-08,0.0,4.7797330300824996e-08,3.10410496838641e-08,0.0
99,6000.0,6000,1.674438418563209e-08,1.6744384190485958e-08,1.6996950239084205e-08,0.0,4.7785615426594626e-08,3.1041231228327615e-08,0.0
100,6060.0,6060,1.67326346695772e-08,1.673263467453566e-08,1.715654899428837e-08,0.0,4.777401192926855e-08,3.1041377247085914e-08,0.0
101,6120.0,6120,1.6721031931079118e-08,1.6721031935935207e-08,1.7315980934981726e-08,0.0,4.776251970333008e-08,3.1041487759550014e-08,0.0
102,6180.0,6180,1.670957584833338e-08,1.67095758533403e-08,1.7475248227482873e-08,0.0,4.775113864641809e-08,3.104156278545645e-08,0.0
103,6240.0,6240,1.6698266301961532e-08,1.669826630679218e-08,1.7634353044444108e-08,0.0,4.7739868659360106e-08,3.104160234483412e-08,0.0
104,6300.0,6300,1.6687103175408737e-08,1.668710318037689e-08,1.7793297553825198e-08,0.0,4.772870964613921e-08,3.104160645795503e-08,0.0
105,6360.0,6360,1.6676086355989866e-08,1.6676086360829197e-08,1.7952083912581473e-08,0.0,4.771766151394574e-08,3.10415751453363e-08,0.0
106,6420.0,6420,1.6665215732784154e-08,1.6665215737760585e-08,1.8110714283370972e-08,0.0,4.7706724173188555e-08,3.104150842767438e-08,0.0
107,6480.0,6480,1.6654491198974977e-08,1.6654491203836115e-08,1.8269190822230305e-08,0.0,4.769589753746035e-08,3.104140632583652e-08,0.0
108,6540.0,6540,1.664391265008472e-08,1.664391265505873e-08,1.8427515698253396e-08,0.0,4.768518152360789e-08,3.1041268860839795e-08,0.0
109,6600.0,6600,1.6633479985306193e-08,1.663347999023134e-08,1.85856910496236e-08,0.0,4.7674576051677936e-08,3.104109605378205e-08,0.0
110,6660.0,6660,1.662319310657041e-08,1.6623193111404292e-08,1.8743719050296193e-08,0.0,4.766408104497616e-08,3.1040887925856034e-08,0.0
111,6720.0,6720,1.661305191894697e-08,1.6613051923898766e-08,1.8901601843661546e-08,0.0,4.765369643005586e-08,3.104064449829406e-08,0.0
112,6780.0,6780,1.660305633147614e-08,1.660305633656807e-08,1.905934158492517e-08,0.0,4.7643422136707466e-08,3.104036579233977e-08,0.0
113,6840.0,6840,1.6593206256294e-08,1.659320626106367e-08,1.92169404297681e-08,0.0,4.763325809798599e-08,3.104005182923355e-08,0.0
114,6900.0,6900,1.6583501607251077e-08,1.658350161222448e-08,1.9374400517809105e-08,0.0,4.7623204250214255e-08,3.103970263015764e-08,0.0
115,6960.0,6960,1.657394230406661e-08,1.657394230905516e-08,1.953172399782186e-08,0.0,4.7613260532965136e-08,3.103931821623453e-08,0.0
116,7020.0,7020,1.656452826800592e-08,1.6564528272887048e-08,1.9688913019642913e-08,0.0,4.760342688909467e-08,3.1038898608470384e-08,0.0
117,7080.0,7080,1.6555259424498838e-08,1.655525942932868e-08,1.9845969736042066e-08,0.0,4.759370326472347e-08,3.103844382775508e-08,0.0
118,7140.0,7140,1.6546135701964173e-08,1.6546135706802697e-08,2.0002896290035338e-08,0.0,4.758408960925371e-08,3.1037953894809276e-08,0.0
119,7200.0,7200,1.6537157032902275e-08,1.653715703747952e-08,2.0159694816445183e-08,0.0,4.75745858753602e-08,3.1037428830161824e-08,0.0
120,7260.0,7260,1.6528323352330572e-08,1.6528323357121645e-08,2.031636746598508e-08,0.0,4.756519201897672e-08,3.103686865413278e-08,0.0
121,7320.0,7320,1.651963460028353e-08,1.6519634604895703e-08,2.047291637423871e-08,0.0,4.755590799934844e-08,3.103627338679829e-08,0.0
122,7380.0,7380,1.651109071858861e-08,1.6511090723297908e-08,2.0629343684740008e-08,0.0,4.7546733778988375e-08,3.103564304795909e-08,0.0
123,7440.0,7440,1.6502691653890817e-08,1.6502691658849682e-08,2.078565154088177e-08,0.0,4.7537669323669264e-08,3.103497765711707e-08,0.0
124,7500.0,7500,1.6494437356439957e-08,1.64944373611543e-08,2.094184207828321e-08,0.0,4.752871460248335e-08,3.1034277233445825e-08,0.0
125,7560.0,7560,1.64863277793476e-08,1.648632778430909e-08,2.109791743471073e-08,0.0,4.751986958776808e-08,3.1033541795776066e-08,0.0
126,7620.0,7620,1.647836288019313e-08,1.6478362884905455e-08,2.1253879754266052e-08,0.0,4.751113425515457e-08,3.103277136254923e-08,0.0
127,7680.0,7680,1.6470542618989816e-08,1.6470542623933944e-08,2.1409731164237318e-08,0.0,4.7502508583540936e-08,3.103196595181585e-08,0.0
128,7740.0,7740,1.646286696136967e-08,1.646286696624272e-08,2.1565473813244744e-08,0.0,4.7493992555118956e-08,3.103112558119634e-08,0.0
129,7800.0,7800,1.6455335874972552e-08,1.6455335879788868e-08,2.172110982651854e-08,0.0,4.7485586155330457e-08,3.1030250267849176e-08,0.0
130,7860.0,7860,1.6447949331829405e-08,1.6447949336794934e-08,2.1876641347589816e-08,0.0,4.747728937292061e-08,3.102934002846598e-08,0.0
131,7920.0,7920,1.644070730797416e-08,1.6440707312874066e-08,2.2032070501333004e-08,0.0,4.746910219987173e-08,3.102839487923882e-08,0.0
132,7980.0,7980,1.643360978309887e-08,1.6433609787909122e-08,2.218739942754417e-08,0.0,4.746102463146138e-08,3.1027414835827545e-08,0.0
133,8040.0,8040,1.64266567402789e-08,1.642665674503423e-08,2.2342630267110928e-08,0.0,4.745305666622366e-08,3.1026399913356084e-08,0.0
134,8100.0,8100,1.6419848167126064e-08,1.6419848171983166e-08,2.2497765152588213e-08,0.0,4.744519830594997e-08,3.102535012637737e-08,0.0
135,8160.0,8160,1.641318405432072e-08,1.64131840591231e-08,2.2652806210132627e-08,0.0,4.743744955568418e-08,3.102426548885715e-08,0.0
136,8220.0,8220,1.6406664397248263e-08,1.6406664401999357e-08,2.2807755572713846e-08,0.0,4.74298104237517e-08,3.102314601414736e-08,0.0
137,8280.0,8280,1.64002891942023e-08,1.6400289199103013e-08,2.2962615383645708e-08,0.0,4.742228092171832e-08,3.1021991714969134e-08,0.0
138,8340.0,8340,1.6394058448486177e-08,1.639405845335337e-08,2.3117387772443906e-08,0.0,4.74148610643845e-08,3.102080260340555e-08,0.0
139,8400.0,8400,1.6387972166633918e-08,1.6387972171414893e-08,2.3272074867073808e-08,0.0,4.7407550869827423e-08,3.101957869085197e-08,0.0
140,8460.0,8460,1.638203035884896e-08,1.6382030363679205e-08,2.3426678805429023e-08,0.0,4.7400350359353304e-08,3.101831998802813e-08,0.0
141,8520.0,8520,1.637623304025485e-08,1.6376233045025325e-08,2.3581201721695152e-08,0.0,4.739325955750227e-08,3.1017026504940613e-08,0.0
142,8580.0,8580,1.6370580228855256e-08,1.63705802335591e-08,2.3735645748203007e-08,0.0,4.738627849205559e-08,3.1015698250875146e-08,0.0
143,8640.0,8640,1.6365071947294104e-08,1.6365071952110618e-08,2.389001302085287e-08,0.0,4.737940719403166e-08,3.101433523437684e-08,0.0
144,8700.0,8700,1.6359708221839307e-08,1.6359708226732147e-08,2.4044305674590365e-08,0.0,4.73726456976731e-08,3.1012937463237234e-08,0.0
145,8760.0,8760,1.635448908352279e-08,1.635448908824279e-08,2.419852583531041e-08,0.0,4.736599404044509e-08,3.10115049444584e-08,0.0
146,8820.0,8820,1.6349414566377172e-08,1.6349414571101614e-08,2.4352675657263453e-08,0.0,4.735945226304671e-08,3.1010037684274296e-08,0.0
147,8880.0,8880,1.6344484708819676e-08,1.6344484713560268e-08,2.4506757259321768e-08,0.0,4.735302040937541e-08,3.100853568809466e-08,0.0
148,8940.0,8940,1.6339699553492425e-08,1.6339699558264516e-08,2.466077277751082e-08,0.0,4.73466985265609e-08,3.100699896052725e-08,0.0
149,9000.0,9000,1.6335059147064364e-08,1.633505915187987e-08,2.4814724357571096e-08,0.0,4.73404866649248e-08,3.10054275053398e-08,0.0
150,9060.0,9060,1.6330563540120408e-08,1.6330563544904817e-08,2.4968614135333815e-08,0.0,4.7334384878019387e-08,3.100382132546133e-08,0.0
151,9120.0,9120,1.6326212787063304e-08,1.632621279189072e-08,2.512244424734096e-08,0.0,4.7328393222567014e-08,3.1002180422959046e-08,0.0
152,9180.0,9180,1.6322006946790457e-08,1.6322006951727517e-08,2.527621682946333e-08,0.0,4.7322511758518295e-08,3.1000504799030725e-08,0.0
153,9240.0,9240,1.6317946082575618e-08,1.6317946087459166e-08,2.542993402833832e-08,0.0,4.731674054900764e-08,3.099879445399499e-08,0.0
154,9300.0,9300,1.631403026074954e-08,1.63140302654974e-08,2.558359797782807e-08,0.0,4.7311079660358964e-08,3.0997049387285257e-08,0.0
155,9360.0,9360,1.6310259552015685e-08,1.6310259556941638e-08,2.5737210830041498e-08,0.0,4.730552916208481e-08,3.099526959742552e-08,0.0
156,9420.0,9420,1.6306634032416392e-08,1.630663403729853e-08,2.5890774711487354e-08,0.0,4.730008912688398e-08,3.0993455082030344e-08,0.0
157,9480.0,9480,1.6303153780304118e-08,1.6303153785183226e-08,2.6044291775778843e-08,0.0,4.7294759630645557e-08,3.0991605837796775e-08,0.0
158,9540.0,9540,1.629981887954667e-08,1.6299818884403163e-08,2.61977641684416e-08,0.0,4.728954075242224e-08,3.098972186049184e-08,0.0
159,9600.0,9600,1.6296629417083e-08,1.6296629421933843e-08,2.635119402956002e-08,0.0,4.7284432574453795e-08,3.0987803144948486e-08,0.0
160,9660.0,9660,1.629358548461932e-08,1.6293585489417057e-08,2.6504583515769596e-08,0.0,4.7279435182141974e-08,3.098584968505432e-08,0.0
161,9720.0,9720,1.6290687178008788e-08,1.629068718266922e-08,2.6657934768897663e-08,0.0,4.727454866406672e-08,3.098386147373982e-08,0.0
162,9780.0,9780,1.6287934596623967e-08,1.6287934601386774e-08,2.6811249937191287e-08,0.0,4.726977311197805e-08,3.09818385029966e-08,0.0
163,9840.0,9840,1.6285327844747432e-08,1.628532784942321e-08,2.6964531175684764e-08,0.0,4.7265108620784764e-08,3.097978076382522e-08,0.0
164,9900.0,9900,1.628286702966505e-08,1.6282867034506804e-08,2.7117780641448503e-08,0.0,4.7260555288557665e-08,3.097768824628778e-08,0.0
165,9960.0,9960,1.6280552264885154e-08,1.6280552269509444e-08,2.7271000475909243e-08,0.0,4.7256113216526353e-08,3.0975560939449686e-08,0.0
166,10020.0,10020,1.6278383665176037e-08,1.6278383669984878e-08,2.7424192839332524e-08,0.0,4.7251782509083234e-08,3.0973398831412406e-08,0.0
167,10080.0,10080,1.627636135189977e-08,1.627636135673264e-08,2.7577359903164e-08,0.0,4.7247563273767385e-08,3.097120190929085e-08,0.0
168,10140.0,10140,1.627448544955762e-08,1.6274485454412298e-08,2.773050381190478e-08,0.0,4.7243455621283934e-08,3.096897015921012e-08,0.0
169,10200.0,10200,1.6272756086723512e-08,1.627275609160242e-08,2.788362673591179e-08,0.0,4.7239459665497595e-08,3.096670356632331e-08,0.0
170,10260.0,10260,1.6271173395927518e-08,1.6271173400855086e-08,2.8036730832255847e-08,0.0,4.723557552339713e-08,3.0964402114775937e-08,0.0
171,10320.0,10320,1.626973751494529e-08,1.626973751980522e-08,2.8189818263045987e-08,0.0,4.723180331514867e-08,3.096206578773302e-08,0.0
172,10380.0,10380,1.6268448584128748e-08,1.6268448589081958e-08,2.8342891202837778e-08,0.0,4.7228143164052064e-08,3.095969456736089e-08,0.0
173,10440.0,10440,1.6267306749018236e-08,1.626730675394661e-08,2.8495951818837437e-08,0.0,4.722459519656194e-08,3.095728843483488e-08,0.0
174,10500.0,10500,1.626631215956861e-08,1.6266312164287197e-08,2.864900228055949e-08,0.0,4.722115954228763e-08,3.095484737032841e-08,0.0
175,10560.0,10560,1.626546496844566e-08,1.626546497335425e-08,2.8802044767678887e-08,0.0,4.721783633397062e-08,3.095237135303037e-08,0.0
176,10620.0,10620,1.6264765333974677e-08,1.626476533872759e-08,2.895508143793359e-08,0.0,4.721462570751763e-08,3.0949860361125295e-08,0.0
177,10680.0,10680,1.6264213417768972e-08,1.626421342270179e-08,2.9108114488369013e-08,0.0,4.721152780197235e-08,3.0947314371805906e-08,0.0
178,10740.0,10740,1.6263809385907233e-08,1.6263809390778668e-08,2.9261146087300708e-08,0.0,4.720854275954049e-08,3.094473336126749e-08,0.0
179,10800.0,10800,1.6263553408433178e-08,1.6263553413214964e-08,2.9414178428233698e-08,0.0,4.720567072555502e-08,3.094211730472317e-08,0.0
180,10860.0,10860,1.6263445659562528e-08,1.6263445664498777e-08,2.956721368553334e-08,0.0,4.7202911848521466e-08,3.0939466176388225e-08,0.0
181,10920.0,10920,1.6263486318025042e-08,1.626348632293444e-08,2.9720254052469227e-08,0.0,4.7200266280099235e-08,3.093677994949016e-08,0.0
182,10980.0,10980,1.6263675566332788e-08,1.626367557113214e-08,2.987330171773269e-08,0.0,4.719773417508071e-08,3.093405859627191e-08,0.0
183,11040.0,11040,1.6264013591115498e-08,1.6264013595819952e-08,3.002635888016663e-08,0.0,4.719531569141945e-08,3.0931302087991084e-08,0.0
184,11100.0,11100,1.6264500582929795e-08,1.626450058764818e-08,3.017942772116227e-08,0.0,4.719301099024558e-08,3.0928510394933255e-08,0.0
185,11160.0,11160,1.6265136737013317e-08,1.626513674188435e-08,3.033251045621053e-08,0.0,4.719082023582377e-08,3.0925683486393804e-08,0.0
186,11220.0,11220,1.6265922252586307e-08,1.626592225737233e-08,3.048560927108786e-08,0.0,4.7188743595601706e-08,3.092282133070819e-08,0.0
187,11280.0,11280,1.6266857332651706e-08,1.6266857337484373e-08,3.063872637364142e-08,0.0,4.718678124017938e-08,3.09199238952342e-08,0.0
188,11340.0,11340,1.6267942184558714e-08,1.6267942189253268e-08,3.0791863980416504e-08,0.0,4.718493334332851e-08,3.0916991146376166e-08,0.0
189,11400.0,11400,1.626917702009141e-08,1.626917702485644e-08,3.0945024296134595e-08,0.0,4.7183200081998954e-08,3.091402304957125e-08,0.0
190,11460.0,11460,1.6270562054763896e-08,1.6270562059401716e-08,3.109820953122899e-08,0.0,4.718158163630986e-08,3.0911019569298316e-08,0.0
191,11520.0,11520,1.6272097507890322e-08,1.627209751274904e-08,3.125142190386476e-08,0.0,4.718007818955936e-08,3.0907980669091655e-08,0.0
192,11580.0,11580,1.6273783604083944e-08,1.6273783609050482e-08,3.1404663637217345e-08,0.0,4.7178689928250376e-08,3.090490631154666e-08,0.0
193,11640.0,11640,1.6275620571177766e-08,1.6275620576034464e-08,3.1557936946052346e-08,0.0,4.717741704203495e-08,3.090179645830647e-08,0.0
194,11700.0,11700,1.6277608641111587e-08,1.6277608645952937e-08,3.171124406280832e-08,0.0,4.7176259723803045e-08,3.0898651070101964e-08,0.0
195,11760.0,11760,1.627974805029219e-08,1.6279748055203404e-08,3.1864587213779084e-08,0.0,4.7175218169605e-08,3.089547010671343e-08,0.0
196,11820.0,11820,1.6282039039228295e-08,1.6282039044066617e-08,3.201796863263125e-08,0.0,4.717429257875335e-08,3.089225352701613e-08,0.0
197,11880.0,11880,1.6284481852388402e-08,1.628448185706842e-08,3.2171390554641915e-08,0.0,4.7173483153707264e-08,3.088900128897672e-08,0.0
198,11940.0,11940,1.6287076738047345e-08,1.6287076742882233e-08,3.232485522519367e-08,0.0,4.71727901001881e-08,3.0885713349635865e-08,0.0
199,12000.0,12000,1.6289823949452342e-08,1.6289823954285618e-08,3.2478364881245175e-08,0.0,4.717221362713331e-08,3.088238966514943e-08,0.0
200,12060.0,12060,1.6292723743397685e-08,1.629272374829093e-08,3.263192177006736e-08,0.0,4.717175394670217e-08,3.087903019077556e-08,0.0
201,12120.0,12120,1.6295776381045524e-08,1.6295776385823875e-08,3.2785528154392284e-08,0.0,4.7171411274309596e-08,3.087563488088195e-08,0.0
202,12180.0,12180,1.629898212746084e-08,1.6298982132134397e-08,3.293918627552182e-08,0.0,4.717118582860607e-08,3.0872203688966443e-08,0.0
203,12240.0,12240,1.6302341251510504e-08,1.6302341256272907e-08,3.309289840241152e-08,0.0,4.7171077831516323e-08,3.0868736567652165e-08,0.0
204,12300.0,12300,1.6305854027108906e-08,1.6305854031789127e-08,3.324666678757405e-08,0.0,4.717108750820786e-08,3.0865233468691186e-08,0.0
205,12360.0,12360,1.6309520731753425e-08,1.6309520736465952e-08,3.34004936987159e-08,0.0,4.717121508713782e-08,3.086169434299077e-08,0.0
206,12420.0,12420,1.631334164695272e-08,1.631334165179609e-08,3.355438141480565e-08,0.0,4.7171460800045694e-08,3.085811914059475e-08,0.0
207,12480.0,12480,1.6317317058701224e-08,1.631731706362314e-08,3.370833220745928e-08,0.0,4.7171824881963015e-08,3.0854507810727625e-08,0.0
208,12540.0,12540,1.6321447257015956e-08,1.632144726180077e-08,3.386234835459984e-08,0.0,4.7172307571223054e-08,3.0850860301760965e-08,0.0
209,12600.0,12600,1.63257325357148e-08,1.6325732540440452e-08,3.4016432137636287e-08,0.0,4.717290910948343e-08,3.084717656125587e-08,0.0
210,12660.0,12660,1.6330173193295867e-08,1.6330173198124696e-08,3.417058584098973e-08,0.0,4.717362974170756e-08,3.0843456535944765e-08,0.0
211,12720.0,12720,1.633476953210599e-08,1.6334769536950166e-08,3.4324811770869294e-08,0.0,4.7174469716222754e-08,3.0839700171765736e-08,0.0
212,12780.0,12780,1.6339521858510554e-08,1.6339521863279415e-08,3.4479112207952574e-08,0.0,4.717542928468069e-08,3.083590741383991e-08,0.0
213,12840.0,12840,1.63444304831176e-08,1.6344430487964202e-08,3.463348946232832e-08,0.0,4.717650870210184e-08,3.083207820651388e-08,0.0
214,12900.0,12900,1.6349495721097083e-08,1.6349495725965286e-08,3.4787945839926605e-08,0.0,4.7177708226906104e-08,3.082821249333543e-08,0.0
215,12960.0,12960,1.635471789124253e-08,1.635471789603643e-08,3.4942483645431265e-08,0.0,4.717902812085957e-08,3.082431021709317e-08,0.0
216,13020.0,13020,1.636009731697379e-08,1.6360097321672385e-08,3.509710519308609e-08,0.0,4.718046864914716e-08,3.0820371319787e-08,0.0
217,13080.0,13080,1.6365634325183878e-08,1.6365634329992113e-08,3.52518128128391e-08,0.0,4.7182030080382336e-08,3.081639574267742e-08,0.0
218,13140.0,13140,1.6371329247895892e-08,1.637132925265648e-08,3.5406608808133166e-08,0.0,4.718371268657562e-08,3.0812383426267324e-08,0.0
219,13200.0,13200,1.637718242046658e-08,1.6377182425234836e-08,3.556149552113954e-08,0.0,4.718551674321291e-08,3.08083343103109e-08,0.0
220,13260.0,13260,1.6383194182770957e-08,1.6383194187660567e-08,3.571647529203292e-08,0.0,4.718744252921589e-08,3.0804248333837875e-08,0.0
221,13320.0,13320,1.6389364879601535e-08,1.6389364884385137e-08,3.587155044799063e-08,0.0,4.718949032700186e-08,3.0800125435147025e-08,0.0
222,13380.0,13380,1.6395694858042554e-08,1.6395694862934788e-08,3.602672334614996e-08,0.0,4.719166042246348e-08,3.079596555181872e-08,0.0
223,13440.0,13440,1.6402184471830812e-08,1.640218447658231e-08,3.618199631555195e-08,0.0,4.719395310500031e-08,3.079176862073104e-08,0.0
224,13500.0,13500,1.640883407684987e-08,1.6408834081829128e-08,3.6337371722552574e-08,0.0,4.719636866753817e-08,3.0787534578048934e-08,0.0
225,13560.0,13560,1.6415644034759928e-08,1.6415644039583307e-08,3.6492851929361264e-08,0.0,4.719890740655499e-08,3.0783263359245545e-08,0.0
226,13620.0,13620,1.6422614710645678e-08,1.6422614715334783e-08,3.664843930013717e-08,0.0,4.7201569622080815e-08,3.077895489912086e-08,0.0
227,13680.0,13680,1.6429746473451852e-08,1.64297464783247e-08,3.6804136199694026e-08,0.0,4.7204355617721244e-08,3.077460913178833e-08,0.0
228,13740.0,13740,1.643703969764217e-08,1.6437039702420117e-08,3.695994499440681e-08,0.0,4.720726570068485e-08,3.077022599068862e-08,0.0
229,13800.0,13800,1.644449476063458e-08,1.6444494765475728e-08,3.7115868092234374e-08,0.0,4.7210300181791283e-08,3.0765805408603763e-08,0.0
230,13860.0,13860,1.6452112045201867e-08,1.645211205009733e-08,3.727190785720056e-08,0.0,4.721345937549956e-08,3.07613473176656e-08,0.0
231,13920.0,13920,1.6459891938002683e-08,1.6459891942803447e-08,3.742806668565525e-08,0.0,4.721674359992253e-08,3.075685164934288e-08,0.0
232,13980.0,13980,1.646783482966941e-08,1.6467834834553362e-08,3.758434697928333e-08,0.0,4.722015317686494e-08,3.07523183344857e-08,0.0
233,14040.0,14040,1.6475941115946938e-08,1.647594112079455e-08,3.774075112927248e-08,0.0,4.722368843181364e-08,3.074774730330366e-08,0.0
234,14100.0,14100,1.648421119626939e-08,1.6484211200937902e-08,3.789728156559609e-08,0.0,4.7227349693984475e-08,3.074313848537032e-08,0.0
235,14160.0,14160,1.649264547399371e-08,1.649264547897196e-08,3.805394069092765e-08,0.0,4.7231137296330395e-08,3.073849180965997e-08,0.0
236,14220.0,14220,1.6501244358446504e-08,1.6501244363303805e-08,3.821073092786979e-08,0.0,4.723505157558742e-08,3.073380720452215e-08,0.0
237,14280.0,14280,1.651000826210205e-08,1.65100082668275e-08,3.8367654700803236e-08,0.0,4.723909287225612e-08,3.07290845977035e-08,0.0
238,14340.0,14340,1.651893760206821e-08,1.6518937606709663e-08,3.852471444196404e-08,0.0,4.72432615306767e-08,3.072432391636306e-08,0.0
239,14400.0,14400,1.6528032799276334e-08,1.6528032804204507e-08,3.868191259034361e-08,0.0,4.724755789901446e-08,3.0719525087052935e-08,0.0
240,14460.0,14460,1.653729428098946e-08,1.6537294285882502e-08,3.883925159499561e-08,0.0,4.725198232929456e-08,3.0714688035754174e-08,0.0
241,14520.0,14520,1.654672247711474e-08,1.654672248182303e-08,3.8996733906326186e-08,0.0,4.725653517744236e-08,3.070981268785989e-08,0.0
242,14580.0,14580,1.6556317822552495e-08,1.65563178273785e-08,3.915436198128637e-08,0.0,4.7261216803281014e-08,3.070489896819738e-08,0.0
243,14640.0,14640,1.6566080757071063e-08,1.6566080761844167e-08,3.931213827743661e-08,0.0,4.726602757059609e-08,3.069994680101933e-08,0.0
244,14700.0,14700,1.6576011724466207e-08,1.6576011729362885e-08,3.947006527774647e-08,0.0,4.7270967847126676e-08,3.069495611002595e-08,0.0
245,14760.0,14760,1.6586111173622987e-08,1.6586111178568326e-08,3.962814544978096e-08,0.0,4.7276038004622733e-08,3.068992681835897e-08,0.0
246,14820.0,14820,1.6596379557545968e-08,1.659637956252462e-08,3.978638127788228e-08,0.0,4.7281238418843474e-08,3.0684858848605643e-08,0.0
247,14880.0,14880,1.6606817334322755e-08,1.6606817339108174e-08,3.994477525697874e-08,0.0,4.728656946961066e-08,3.0679752122807655e-08,0.0
248,14940.0,14940,1.661742496576187e-08,1.6617424970584642e-08,4.010332987678313e-08,0.0,4.72920315408264e-08,3.067460656247726e-08,0.0
249,15000.0,15000,1.6628202919414543e-08,1.662820292423045e-08,4.026204764876231e-08,0.0,4.7297625020516714e-08,3.0669422088584364e-08,0.0
250,15060.0,15060,1.663915166649315e-08,1.6639151671454035e-08,4.0420931073555993e-08,0.0,4.730335030083079e-08,3.066419862156097e-08,0.0
251,15120.0,15120,1.6650271684270594e-08,1.6650271689080444e-08,4.057998267614127e-08,0.0,4.7309207778116845e-08,3.0658936081323795e-08,0.0
252,15180.0,15180,1.6661563453071733e-08,1.6661563457737617e-08,4.0739204974127704e-08,0.0,4.731519785291166e-08,3.065363438726215e-08,0.0
253,15240.0,15240,1.6673027459161213e-08,1.6673027463975305e-08,4.089860051007164e-08,0.0,4.732132093001002e-08,3.064829345825044e-08,0.0
254,15300.0,15300,1.6684664193046543e-08,1.6684664197982393e-08,4.105817180730173e-08,0.0,4.732757741845587e-08,3.0642913212641335e-08,0.0
255,15360.0,15360,1.6696474150713838e-08,1.669647415559779e-08,4.1217921418537174e-08,0.0,4.733396773162381e-08,3.0637493568287977e-08,0.0
256,15420.0,15420,1.6708457832100703e-08,1.6708457836987484e-08,4.1377851893382005e-08,0.0,4.734049228722e-08,3.063203444252577e-08,0.0
257,15480.0,15480,1.6720615742352587e-08,1.6720615747229677e-08,4.153796579933854e-08,0.0,4.734715150731035e-08,3.0626535752186546e-08,0.0
258,15540.0,15540,1.6732948392005093e-08,1.673294839697385e-08,4.169826569500294e-08,0.0,4.735394581841182e-08,3.062099741360623e-08,0.0
259,15600.0,15600,1.6745456296154907e-08,1.6745456301017055e-08,4.1858754158705114e-08,0.0,4.736087565145365e-08,3.061541934261314e-08,0.0
260,15660.0,15660,1.675813997470757e-08,1.6758139979537413e-08,4.20194337735256e-08,0.0,4.736794144185974e-08,3.060980145455218e-08,0.0
261,15720.0,15720,1.6770999952658523e-08,1.6770999957524102e-08,4.218030712709779e-08,0.0,4.737514362958743e-08,3.060414366425784e-08,0.0
262,15780.0,15780,1.6784036760385895e-08,1.6784036765194333e-08,4.234137681863053e-08,0.0,4.7382482659144425e-08,3.059844588608403e-08,0.0
263,15840.0,15840,1.6797250932907254e-08,1.6797250937929927e-08,4.2502645450080336e-08,0.0,4.7389958979640524e-08,3.0592708033886335e-08,0.0
264,15900.0,15900,1.6810643010974592e-08,1.6810643015889037e-08,4.2664115634608484e-08,0.0,4.739757304483445e-08,3.058693002103776e-08,0.0
265,15960.0,15960,1.6824213539924414e-08,1.682421354472094e-08,4.28257899975098e-08,0.0,4.740532531314677e-08,3.058111176041823e-08,0.0
266,16020.0,16020,1.683796307064835e-08,1.6837963075515545e-08,4.298767116411707e-08,0.0,4.7413216247740665e-08,3.0575253164420244e-08,0.0
267,16080.0,16080,1.6851892158781854e-08,1.6851892163674287e-08,4.314976177137653e-08,0.0,4.7421246316530816e-08,3.0569354144948064e-08,0.0
268,16140.0,16140,1.68660013659999e-08,1.6866001370894152e-08,4.331206446347107e-08,0.0,4.742941599222619e-08,3.0563414613431054e-08,0.0
269,16200.0,16200,1.6880291259080703e-08,1.688029126391943e-08,4.347458189172659e-08,0.0,4.7437725752419744e-08,3.0557434480797e-08,0.0
270,16260.0,16260,1.689476240902374e-08,1.689476241413041e-08,4.363731672133257e-08,0.0,4.744617607956574e-08,3.055141365749799e-08,0.0
271,16320.0,16320,1.690941539477592e-08,1.6909415399673204e-08,4.3800271621301974e-08,0.0,4.7454767461075905e-08,3.0545352053498687e-08,0.0
272,16380.0,16380,1.6924250798220824e-08,1.692425080313123e-08,4.3963449266590586e-08,0.0,4.746350038932831e-08,3.053924957827711e-08,0.0
273,16440.0,16440,1.693926920794788e-08,1.6939269212965097e-08,4.412685234809589e-08,0.0,4.747237536175055e-08,3.05331061408154e-08,0.0
274,16500.0,16500,1.6954471218622984e-08,1.6954471223313906e-08,4.4290483560377304e-08,0.0,4.748139288083346e-08,3.052692164961715e-08,0.0
275,16560.0,16560,1.6969857428601662e-08,1.6969857433636648e-08,4.445434560403643e-08,0.0,4.749055345419254e-08,3.05206960126973e-08,0.0
276,16620.0,16620,1.6985428444381506e-08,1.698542844917278e-08,4.461844119269765e-08,0.0,4.749985759464383e-08,3.0514429137566825e-08,0.0
277,16680.0,16680,1.7001184876129747e-08,1.7001184881011277e-08,4.478277304061209e-08,0.0,4.750930582018859e-08,3.0508120931252893e-08,0.0
278,16740.0,16740,1.701712734117821e-08,1.7017127346021175e-08,4.494734390080531e-08,0.0,4.751889865413444e-08,3.050177130029001e-08,0.0
279,16800.0,16800,1.7033256461627384e-08,1.7033256466494178e-08,4.511215648154283e-08,0.0,4.752863662509295e-08,3.0495380150703835e-08,0.0
280,16860.0,16860,1.704957286608593e-08,1.7049572871161908e-08,4.527721355083725e-08,0.0,4.7538520267078156e-08,3.048894738802859e-08,0.0
281,16920.0,16920,1.706607718931449e-08,1.7066077194280423e-08,4.54425178574658e-08,0.0,4.754855011950497e-08,3.0482472917285595e-08,0.0
282,16980.0,16980,1.7082770071690027e-08,1.7082770076453436e-08,4.560807217979212e-08,0.0,4.755872672730626e-08,3.047595664300231e-08,0.0
283,17040.0,17040,1.7099652159096557e-08,1.7099652163879755e-08,4.577387927770206e-08,0.0,4.756905064092721e-08,3.046939846918281e-08,0.0
284,17100.0,17100,1.7116724104262667e-08,1.7116724109152072e-08,4.5939941943607817e-08,0.0,4.757952241641903e-08,3.046279829932357e-08,0.0
285,17160.0,17160,1.7133986566233494e-08,1.7133986571116235e-08,4.610626297440815e-08,0.0,4.7590142615499506e-08,3.045615603639808e-08,0.0
286,17220.0,17220,1.7151440209794256e-08,1.715144021477796e-08,4.627284517198026e-08,0.0,4.760091180557723e-08,3.0449471582869e-08,0.0
287,17280.0,17280,1.7169085706171107e-08,1.7169085711211747e-08,4.643969134816715e-08,0.0,4.761183055983883e-08,3.044274484065138e-08,0.0
288,17340.0,17340,1.71869237333764e-08,1.7186923738151523e-08,4.660680433170577e-08,0.0,4.7622899457299066e-08,3.043597571114822e-08,0.0
289,17400.0,17400,1.7204954974625685e-08,1.720495497961383e-08,4.677418695229338e-08,0.0,4.7634119082859764e-08,3.0429164095209256e-08,0.0
290,17460.0,17460,1.7223180121211565e-08,1.7223180126148828e-08,4.6941842056202145e-08,0.0,4.764549002737687e-08,3.042230989315401e-08,0.0
291,17520.0,17520,1.7241599870056277e-08,1.7241599875043613e-08,4.7109772493214364e-08,0.0,4.7657012887719386e-08,3.041541300474268e-08,0.0
292,17580.0,17580,1.726021492458276e-08,1.72602149295709e-08,4.727798112622074e-08,0.0,4.7668688266840466e-08,3.0408473329187455e-08,0.0
293,17640.0,17640,1.727902599595401e-08,1.7279026000808887e-08,4.744647083405368e-08,0.0,4.7680516773815386e-08,3.0401490765138823e-08,0.0
294,17700.0,17700,1.7298033800388204e-08,1.729803380529457e-08,4.7615244501817925e-08,0.0,4.7692499023944885e-08,3.0394465210675014e-08,0.0
295,17760.0,17760,1.731723906252667e-08,1.7317239067506738e-08,4.7784305014721606e-08,0.0,4.770463563879155e-08,3.038739656330729e-08,0.0
296,17820.0,17820,1.7336642513348083e-08,1.733664251831644e-08,4.795365529002506e-08,0.0,4.7716927246281556e-08,3.038028471995287e-08,0.0
297,17880.0,17880,1.7356244890882445e-08,1.7356244895907134e-08,4.812329823570046e-08,0.0,4.772937448073215e-08,3.037312957695028e-08,0.0
298,17940.0,17940,1.7376046939868017e-08,1.7376046944795387e-08,4.829323677486373e-08,0.0,4.774197798294774e-08,3.036593103003915e-08,0.0
299,18000.0,18000,1.7396049412954365e-08,1.73960494178783e-08,4.8463473857724744e-08,0.0,4.7754738400293413e-08,3.0358688974348955e-08,0.0
300,18060.0,18060,1.7416253069395527e-08,1.7416253074381047e-08,4.8634012416490495e-08,0.0,4.7767656386755486e-08,3.035140330440217e-08,0.0
301,18120.0,18120,1.743665867573614e-08,1.74366586808101e-08,4.880485542112474e-08,0.0,4.7780732603008555e-08,3.0344073914094945e-08,0.0
302,18180.0,18180,1.7457267006688766e-08,1.7457267011776052e-08,4.897600583752141e-08,0.0,4.779396771653344e-08,3.033670069668981e-08,0.0
303,18240.0,18240,1.747807884387272e-08,1.7478078848840675e-08,4.91474666529372e-08,0.0,4.7807362401621964e-08,3.0329283544814074e-08,0.0
304,18300.0,18300,1.749909497588212e-08,1.7499094980970416e-08,4.931924084795424e-08,0.0,4.782091733952323e-08,3.032182235044446e-08,0.0
305,18360.0,18360,1.7520316200430027e-08,1.752031620553589e-08,4.949133144169082e-08,0.0,4.783463321848473e-08,3.031431700489096e-08,0.0
306,18420.0,18420,1.7541743321979372e-08,1.7541743327019608e-08,4.9663741440105145e-08,0.0,4.784851073384366e-08,3.0306767398807765e-08,0.0
307,18480.0,18480,1.756337715267519e-08,1.7563377157768133e-08,4.983647387711275e-08,0.0,4.786255058810121e-08,3.0299173422154045e-08,0.0
308,18540.0,18540,1.758521851367386e-08,1.75852185186721e-08,5.000953178364079e-08,0.0,4.787675349101866e-08,3.029153496420247e-08,0.0
309,18600.0,18600,1.7607268232894938e-08,1.7607268238003628e-08,5.01829182178348e-08,0.0,4.7891120159685285e-08,3.028385191352868e-08,0.0
310,18660.0,18660,1.7629527147712724e-08,1.762952715263403e-08,5.035663623934576e-08,0.0,4.79056513186176e-08,3.0276124157988287e-08,0.0
311,18720.0,18720,1.7651996101974343e-08,1.7651996107077783e-08,5.053068892692677e-08,0.0,4.792034769983619e-08,3.026835158471809e-08,0.0
312,18780.0,18780,1.7674675949656882e-08,1.767467595471731e-08,5.0705079371122065e-08,0.0,4.79352100429698e-08,3.0260534080107386e-08,0.0
313,18840.0,18840,1.769756755247566e-08,1.7697567557568194e-08,5.0879810662475025e-08,0.0,4.795023909532248e-08,3.025267152981251e-08,0.0
314,18900.0,18900,1.7720671780060118e-08,1.7720671785085614e-08,5.1054885920399887e-08,0.0,4.79654356119801e-08,3.024476381871687e-08,0.0
315,18960.0,18960,1.7743989511906337e-08,1.7743989516860963e-08,5.1230308266683786e-08,0.0,4.79808003559057e-08,3.023681083092891e-08,0.0
316,19020.0,19020,1.7767521635042693e-08,1.7767521640126545e-08,5.1406080840368045e-08,0.0,4.799633409802995e-08,3.0228812449775665e-08,0.0
317,19080.0,19080,1.779126904643488e-08,1.779126905137961e-08,5.158220679234404e-08,0.0,4.801203761733837e-08,3.0220768557782156e-08,0.0
318,19140.0,19140,1.781523265109435e-08,1.781523265617921e-08,5.175868929172166e-08,0.0,4.802791170097794e-08,3.021267903665483e-08,0.0
319,19200.0,19200,1.783941336386327e-08,1.7839413368902497e-08,5.193553150290938e-08,0.0,4.8043957144370975e-08,3.020454376727228e-08,0.0
320,19260.0,19260,1.7863812108140207e-08,1.786381211323254e-08,5.211273662524076e-08,0.0,4.806017475128703e-08,3.019636262967435e-08,0.0
321,19320.0,19320,1.7888429817917687e-08,1.7888429822740865e-08,5.229030785922612e-08,0.0,4.807656533396968e-08,3.01881355030411e-08,0.0
322,19380.0,19380,1.7913267434484884e-08,1.791326743947444e-08,5.2468248429004867e-08,0.0,4.8093129713221327e-08,3.01798622656775e-08,0.0
323,19440.0,19440,1.793832591029756e-08,1.7938325915366873e-08,5.264656154921661e-08,0.0,4.810986871852842e-08,3.0171542795013e-08,0.0
324,19500.0,19500,1.7963606207255507e-08,1.7963606212399935e-08,5.282525047845658e-08,0.0,4.81267831881777e-08,3.01631769675531e-08,0.0
325,19560.0,19560,1.79891092972128e-08,1.7989109302255665e-08,5.3004318470692064e-08,0.0,4.814387396931361e-08,3.015476465890395e-08,0.0
326,19620.0,19620,1.801483616113439e-08,1.8014836166206933e-08,5.318376880171996e-08,0.0,4.8161141918124805e-08,3.014630574372834e-08,0.0
327,19680.0,19680,1.804078779091677e-08,1.8040787795988307e-08,5.336360474950815e-08,0.0,4.817858789990558e-08,3.0137800095741276e-08,0.0
328,19740.0,19740,1.8066965188092706e-08,1.8066965193310227e-08,5.354382962085253e-08,0.0,4.819621278918751e-08,3.012924758768089e-08,0.0
329,19800.0,19800,1.809336936515882e-08,1.8093369370146963e-08,5.3724446734459676e-08,0.0,4.821401746986542e-08,3.012064809131167e-08,0.0
330,19860.0,19860,1.81200013444493e-08,1.8120001349659753e-08,5.3905459409954427e-08,0.0,4.823200283530726e-08,3.011200147738973e-08,0.0
331,19920.0,19920,1.814686215937648e-08,1.814686216459703e-08,5.408687100344392e-08,0.0,4.825016978848008e-08,3.0103307615651925e-08,0.0
332,19980.0,19980,1.8173952853717476e-08,1.8173952858999408e-08,5.4268684872981755e-08,0.0,4.8268519242071993e-08,3.0094566374802087e-08,0.0
333,20040.0,20040,1.8201274482517546e-08,1.8201274487836225e-08,5.4450904391820995e-08,0.0,4.828705211863838e-08,3.008577762247956e-08,0.0
334,20100.0,20100,1.8228828112129066e-08,1.8228828117291864e-08,5.463353294839558e-08,0.0,4.830576935068584e-08,3.0076941225255935e-08,0.0
335,20160.0,20160,1.8256614818910784e-08,1.8256614823901148e-08,5.4816573945003054e-08,0.0,4.832467188086368e-08,3.00680570486044e-08,0.0
336,20220.0,20220,1.828463569173118e-08,1.8284635696963846e-08,5.500003081323255e-08,0.0,4.8343760662048637e-08,3.005912495688719e-08,0.0
337,20280.0,20280,1.831289183071902e-08,1.831289183585093e-08,5.518390698489452e-08,0.0,4.836303665750164e-08,3.005014481334104e-08,0.0
338,20340.0,20340,1.834138434757226e-08,1.8341384352677515e-08,5.536820591625874e-08,0.0,4.8382500841006675e-08,3.004111648003887e-08,0.0
339,20400.0,20400,1.8370114365614398e-08,1.837011437081173e-08,5.55529310681454e-08,0.0,4.8402154197008106e-08,3.0032039817889736e-08,0.0
340,20460.0,20460,1.839908302093915e-08,1.8399083025921033e-08,5.573808594307527e-08,0.0,4.8421997720759305e-08,3.002291468660937e-08,0.0
341,20520.0,20520,1.842829146027818e-08,1.8428291465492675e-08,5.59236740150254e-08,0.0,4.84420324184688e-08,3.001374094470038e-08,0.0
342,20580.0,20580,1.8457740844420597e-08,1.8457740849580973e-08,5.610969882813154e-08,0.0,4.846225930742632e-08,3.000451844942523e-08,0.0
343,20640.0,20640,1.8487432345899348e-08,1.8487432351091832e-08,5.6296163905314484e-08,0.0,4.848267941619415e-08,2.9995247056798914e-08,0.0
344,20700.0,20700,1.8517367149506957e-08,1.8517367154834523e-08,5.6483072802798306e-08,0.0,4.8503293784747734e-08,2.998592662155347e-08,0.0
345,20760.0,20760,1.8547546454060858e-08,1.8547546459197206e-08,5.6670429089358216e-08,0.0,4.852410346460969e-08,2.9976556997126234e-08,0.0
346,20820.0,20820,1.8577971469732438e-08,1.857797147487747e-08,5.685823634799322e-08,0.0,4.85451095190461e-08,2.9967138035629585e-08,0.0
347,20880.0,20880,1.8608643421862873e-08,1.8608643427064847e-08,5.704649818763322e-08,0.0,4.856631302320058e-08,2.995766958783435e-08,0.0
348,20940.0,20940,1.863956354748208e-08,1.8639563552633577e-08,5.723521823324356e-08,0.0,4.858771506426875e-08,2.9948151503138725e-08,0.0
349,21000.0,21000,1.8670733098471534e-08,1.867073310376134e-08,5.7424400121805184e-08,0.0,4.8609316741692016e-08,2.9938583629557804e-08,0.0
350,21060.0,21060,1.8702153340066447e-08,1.8702153345242573e-08,5.761404750753303e-08,0.0,4.863111916729981e-08,2.9928965813687194e-08,0.0
351,21120.0,21120,1.873382555114371e-08,1.873382555641595e-08,5.7804164063783704e-08,0.0,4.865312346549527e-08,2.991929790068323e-08,0.0
352,21180.0,21180,1.8765751025288825e-08,1.8765751030635167e-08,5.799475349973621e-08,0.0,4.867533077343944e-08,2.990957973424443e-08,0.0
353,21240.0,21240,1.879793107083566e-08,1.8797931076144445e-08,5.8185819516819205e-08,0.0,4.8697742241237e-08,2.989981115657552e-08,0.0
354,21300.0,21300,1.8830367009767645e-08,1.883036701521353e-08,5.8377365846152736e-08,0.0,4.872035903210107e-08,2.988999200838342e-08,0.0
355,21360.0,21360,1.8863060180004256e-08,1.886306018518745e-08,5.85693962516715e-08,0.0,4.874318232259302e-08,2.988012212881746e-08,0.0
356,21420.0,21420,1.8896011933603565e-08,1.889601193887621e-08,5.8761914490515323e-08,0.0,4.876621330274774e-08,2.987020135547746e-08,0.0
357,21480.0,21480,1.892922363798262e-08,1.8929223643307764e-08,5.895492436274095e-08,0.0,4.878945317633365e-08,2.986022952436407e-08,0.0
358,21540.0,21540,1.8962696677235553e-08,1.896269668265297e-08,5.9148429678162525e-08,0.0,4.881290316102152e-08,2.985020646987473e-08,0.0
359,21600.0,21600,1.899643244986141e-08,1.899643245525197e-08,5.934243426115159e-08,0.0,4.883656448859123e-08,2.984013202474913e-08,0.0
360,21660.0,21660,1.9030432371177875e-08,1.9030432376494943e-08,5.953694196796549e-08,0.0,4.88604384051539e-08,2.983000602006883e-08,0.0
361,21720.0,21720,1.9064697872025566e-08,1.9064697877584326e-08,5.973195666654044e-08,0.0,4.888452617136588e-08,2.9819828285214036e-08,0.0
362,21780.0,21780,1.9099230401057754e-08,1.9099230406321915e-08,5.992748224939959e-08,0.0,4.890882906263473e-08,2.980959864783818e-08,0.0
363,21840.0,21840,1.9134031421943634e-08,1.913403142710603e-08,6.012352262682347e-08,0.0,4.8933348369344565e-08,2.9799316933837598e-08,0.0
364,21900.0,21900,1.9169102415808888e-08,1.916910242113948e-08,6.032008173618167e-08,0.0,4.8958085397101564e-08,2.9788982967337428e-08,0.0
365,21960.0,21960,1.9204444882246268e-08,1.9204444887644303e-08,6.051716352689983e-08,0.0,4.8983041466933496e-08,2.9778596570638286e-08,0.0
366,22020.0,22020,1.924006033750542e-08,1.9240060342781497e-08,6.071477198784918e-08,0.0,4.9008217915563476e-08,2.9768157564209006e-08,0.0
367,22080.0,22080,1.9275950314894303e-08,1.9275950320230752e-08,6.091291110440943e-08,0.0,4.903361609561594e-08,2.975766576663696e-08,0.0
368,22140.0,22140,1.931211636735562e-08,1.9312116372654714e-08,6.111158490927893e-08,0.0,4.9059237375895324e-08,2.9747120994621606e-08,0.0
369,22200.0,22200,1.93485600648813e-08,1.9348560070116185e-08,6.131079743348668e-08,0.0,4.908508314162022e-08,2.973652306291754e-08,0.0
370,22260.0,22260,1.938528299635154e-08,1.938528300162156e-08,6.151055275502332e-08,0.0,4.9111154794678646e-08,2.972587178432521e-08,0.0
371,22320.0,22320,1.9422286770265152e-08,1.942228677563956e-08,6.171085495859852e-08,0.0,4.9137453753888096e-08,2.971516696964084e-08,0.0
372,22380.0,22380,1.94595730138087e-08,1.945957301898463e-08,6.191170816198694e-08,0.0,4.916398145528955e-08,2.9704408427638672e-08,0.0
373,22440.0,22440,1.9497143373210093e-08,1.9497143378592985e-08,6.211311648624079e-08,0.0,4.919073935238813e-08,2.9693595965029753e-08,0.0
374,22500.0,22500,1.953499951598467e-08,1.9534999521335656e-08,6.231508410361258e-08,0.0,4.921772891643984e-08,2.9682729386437727e-08,0.0
375,22560.0,22560,1.9573143128381778e-08,1.9573143133789706e-08,6.251761519943741e-08,0.0,4.9244951636761706e-08,2.967180849434633e-08,0.0
376,22620.0,22620,1.9611575917594558e-08,1.9611575923052156e-08,6.272071397070665e-08,0.0,4.927240902099345e-08,2.966083308909372e-08,0.0
377,22680.0,22680,1.965029961235315e-08,1.965029961797874e-08,6.29243846602725e-08,0.0,4.9300102595402816e-08,2.9649802968807086e-08,0.0
378,22740.0,22740,1.9689315961666568e-08,1.9689315967063997e-08,6.312863152902474e-08,0.0,4.932803390521667e-08,2.9638717929396162e-08,0.0
379,22800.0,22800,1.9728626736252275e-08,1.9728626741529965e-08,6.333345884174617e-08,0.0,4.935620451488272e-08,2.962757776448943e-08,0.0
380,22860.0,22860,1.9768233728682553e-08,1.976823373428109e-08,6.35388709281785e-08,0.0,4.938461600842407e-08,2.9616382265418374e-08,0.0
381,22920.0,22920,1.9808138754466783e-08,1.980813875974932e-08,6.374487211343868e-08,0.0,4.9413269989764706e-08,2.960513122117467e-08,0.0
382,22980.0,22980,1.9848343650426036e-08,1.9848343655729772e-08,6.395146675728292e-08,0.0,4.944216808304609e-08,2.9593824418369402e-08,0.0
383,23040.0,23040,1.9888850277400328e-08,1.988885028291931e-08,6.415865925345881e-08,0.0,4.947131193297126e-08,2.9582461641193874e-08,0.0
384,23100.0,23100,1.992966051948017e-08,1.9929660524902636e-08,6.436645401254973e-08,0.0,4.950070320514643e-08,2.9571042671392183e-08,0.0
385,23160.0,23160,1.9970776284043084e-08,1.997077628939145e-08,6.457485547804823e-08,0.0,4.95303435864574e-08,2.9559567288200607e-08,0.0
386,23220.0,23220,2.0012199502705658e-08,2.0012199508194554e-08,6.478386811155468e-08,0.0,4.956023478541601e-08,2.954803526832663e-08,0.0
387,23280.0,23280,2.0053932132448812e-08,2.0053932137835134e-08,6.499349642504603e-08,0.0,4.959037853253412e-08,2.953644638590088e-08,0.0
388,23340.0,23340,2.0095976153916457e-08,2.0095976159374463e-08,6.520374493102177e-08,0.0,4.962077658070562e-08,2.9524800412425435e-08,0.0
389,23400.0,23400,2.0138333574631223e-08,2.013833357998342e-08,6.541461818940349e-08,0.0,4.9651430705593305e-08,2.9513097116751205e-08,0.0
390,23460.0,23460,2.018100642643434e-08,2.018100643203449e-08,6.562612078236638e-08,0.0,4.9682342706029475e-08,2.950133626501172e-08,0.0
391,23520.0,23520,2.0223996769441608e-08,2.0223996774880026e-08,6.583825732043875e-08,0.0,4.9713514404435106e-08,2.948951762059807e-08,0.0
392,23580.0,23580,2.0267306688837154e-08,2.0267306694277186e-08,6.605103244961593e-08,0.0,4.974494764720675e-08,2.947764094409956e-08,0.0
393,23640.0,23640,2.0310938297530854e-08,2.0310938303002385e-08,6.626445083881721e-08,0.0,4.977664430518657e-08,2.9465705993266948e-08,0.0
394,23700.0,23700,2.0354893736538345e-08,2.0354893742192005e-08,6.64785171913273e-08,0.0,4.9808606274067787e-08,2.945371252295269e-08,0.0
395,23760.0,23760,2.0399175175209386e-08,2.039917518072958e-08,6.669323624839356e-08,0.0,4.984083547483972e-08,2.9441660285081042e-08,0.0
396,23820.0,23820,2.044378481112791e-08,2.0443784816783993e-08,6.690861276767353e-08,0.0,4.9873333854266724e-08,2.942954902857135e-08,0.0
397,23880.0,23880,2.04887248715622e-08,2.0488724877010714e-08,6.71246515447988e-08,0.0,4.990610338536794e-08,2.9417378499319453e-08,0.0
398,23940.0,23940,2.053399761307497e-08,2.0533997618628478e-08,6.734135741133474e-08,0.0,4.993914606786072e-08,2.9405148440113295e-08,0.0
399,24000.0,24000,2.0579605323561516e-08,2.057960532914572e-08,6.755873523052184e-08,0.0,4.997246392868478e-08,2.9392858590607085e-08,0.0
400,24060.0,24060,2.062555032086297e-08,2.062555032625091e-08,6.777678990071701e-08,0.0,5.000605902251183e-08,2.9380508687244548e-08,0.0
401,24120.0,24120,2.0671834954171612e-08,2.0671834959822446e-08,6.799552634261565e-08,0.0,5.003993343223911e-08,2.936809846321816e-08,0.0
402,24180.0,24180,2.0718461606297196e-08,2.0718461612164077e-08,6.82149495184885e-08,0.0,5.0074089269539345e-08,2.9355627648403716e-08,0.0
403,24240.0,24240,2.0765432691299676e-08,2.0765432696928296e-08,6.843506443316954e-08,0.0,5.0108528675406765e-08,2.9343095969300155e-08,0.0
404,24300.0,24300,2.0812750656887172e-08,2.0812750662533563e-08,6.86558761176053e-08,0.0,5.014325382071601e-08,2.9330503148971423e-08,0.0
405,24360.0,24360,2.0860417984997485e-08,2.0860417990678608e-08,6.887738962489669e-08,0.0,5.0178266906787475e-08,2.9317848906987497e-08,0.0
406,24420.0,24420,2.090843719158043e-08,2.090843719746347e-08,6.909961007689626e-08,0.0,5.021357016599469e-08,2.9305132959346048e-08,0.0
407,24480.0,24480,2.0956810829071312e-08,2.0956810834690648e-08,6.932254259737323e-08,0.0,5.024916586234585e-08,2.929235501842116e-08,0.0
408,24540.0,24540,2.1005541484485646e-08,2.1005541490178075e-08,6.954619237110055e-08,0.0,5.0285056292132334e-08,2.9279514792889422e-08,0.0
409,24600.0,24600,2.1054631782109894e-08,2.105463178767875e-08,6.977056461151447e-08,0.0,5.032124378453449e-08,2.9266611987652386e-08,0.0
410,24660.0,24660,2.1104084383532153e-08,2.110408438926335e-08,6.999566456564609e-08,0.0,5.03577307023049e-08,2.9253646303770762e-08,0.0
411,24720.0,24720,2.1153901989076978e-08,2.1153901994778694e-08,7.022149753069381e-08,0.0,5.0394519442429883e-08,2.9240617438388477e-08,0.0
412,24780.0,24780,2.1204087337023964e-08,2.1204087342697414e-08,7.044806882792373e-08,0.0,5.043161243681194e-08,2.9227525084653935e-08,0.0
413,24840.0,24840,2.125464320637925e-08,2.125464321206683e-08,7.067538382638827e-08,0.0,5.046901215299101e-08,2.9214368931628756e-08,0.0
414,24900.0,24900,2.1305572415636154e-08,2.1305572421368158e-08,7.090344794401248e-08,0.0,5.050672109487543e-08,2.9201148664230825e-08,0.0
415,24960.0,24960,2.1356877825378687e-08,2.1356877831057788e-08,7.113226661656926e-08,0.0,5.0544741803484946e-08,2.9187863963106695e-08,0.0
416,25020.0,25020,2.140856233814183e-08,2.1408562343923503e-08,7.136184534234077e-08,0.0,5.058307685771077e-08,2.9174514504587958e-08,0.0
417,25080.0,25080,2.146062889968036e-08,2.1460628905393385e-08,7.159218965097811e-08,0.0,5.062172887514342e-08,2.916109996056647e-08,0.0
418,25140.0,25140,2.15130804995609e-08,2.1513080505180635e-08,7.182330512089277e-08,0.0,5.066070051285532e-08,2.9147619998396218e-08,0.0
419,25200.0,25200,2.156592017250947e-08,2.1565920178185342e-08,7.205519736792346e-08,0.0,5.069999446824647e-08,2.9134074280816587e-08,0.0
420,25260.0,25260,2.1619150998875125e-08,2.1619151004810255e-08,7.228787205540852e-08,0.0,5.07396134799264e-08,2.912046246582355e-08,0.0
421,25320.0,25320,2.1672776106943084e-08,2.1672776112724355e-08,7.252133489220233e-08,0.0,5.0779560328576753e-08,2.9106784206583224e-08,0.0
422,25380.0,25380,2.172679867123662e-08,2.1726798677121677e-08,7.275559161851039e-08,0.0,5.0819837837904326e-08,2.9093039151292175e-08,0.0
423,25440.0,25440,2.1781221917201933e-08,2.178122192288225e-08,7.299064805009047e-08,0.0,5.086044887552952e-08,2.907922694308693e-08,0.0
424,25500.0,25500,2.1836049118600994e-08,2.1836049124668582e-08,7.32265100202744e-08,0.0,5.09013963540282e-08,2.9065347219896202e-08,0.0
425,25560.0,25560,2.1891283602263446e-08,2.189128360810085e-08,7.346318342076881e-08,0.0,5.094268323186217e-08,2.905139961432819e-08,0.0
426,25620.0,25620,2.1946928745277557e-08,2.194692875133626e-08,7.370067418995774e-08,0.0,5.0984312514462205e-08,2.9037383753529665e-08,0.0
427,25680.0,25680,2.2002987980634168e-08,2.2002987986568494e-08,7.393898832185973e-08,0.0,5.1026287255272396e-08,2.9023299259057143e-08,0.0
428,25740.0,25740,2.2059464794508922e-08,2.205946480045132e-08,7.417813185179245e-08,0.0,5.10686105568631e-08,2.9009145746713325e-08,0.0
429,25800.0,25800,2.2116362729981938e-08,2.211636273595826e-08,7.44181108649324e-08,0.0,5.1111285572027735e-08,2.8994922826400506e-08,0.0
430,25860.0,25860,2.2173685387371403e-08,2.217368539325444e-08,7.465893150589544e-08,0.0,5.1154315505006443e-08,2.8980630101967538e-08,0.0
431,25920.0,25920,2.2231436426220424e-08,2.2231436432139404e-08,7.490059995942145e-08,0.0,5.119770361264585e-08,2.8966267171037775e-08,0.0
432,25980.0,25980,2.228961956513427e-08,2.228961957104921e-08,7.514312248360656e-08,0.0,5.124145320567275e-08,2.8951833624817265e-08,0.0
433,26040.0,26040,2.234823858661548e-08,2.2348238592494477e-08,7.538650535849115e-08,0.0,5.1285567649972695e-08,2.8937329047942914e-08,0.0
434,26100.0,26100,2.240729733403995e-08,2.240729733998275e-08,7.563075494769289e-08,0.0,5.133005036793308e-08,2.892275301826036e-08,0.0
435,26160.0,26160,2.2466799717596917e-08,2.2466799723395552e-08,7.587587765417485e-08,0.0,5.137490483979442e-08,2.890810510662571e-08,0.0
436,26220.0,26220,2.2526749712738646e-08,2.2526749718532434e-08,7.612187994521131e-08,0.0,5.142013460509441e-08,2.8893384876712088e-08,0.0
437,26280.0,26280,2.2587151363706694e-08,2.258715136958771e-08,7.63687683422467e-08,0.0,5.1465743264154874e-08,2.887859188475443e-08,0.0
438,26340.0,26340,2.2648008784292328e-08,2.2648008790411605e-08,7.661654943294997e-08,0.0,5.1511734479561394e-08,2.8863725679328978e-08,0.0
439,26400.0,26400,2.2709326160826506e-08,2.2709326166824634e-08,7.68652298460817e-08,0.0,5.155811197779237e-08,2.8848785801112595e-08,0.0
440,26460.0,26460,2.2771107752394714e-08,2.2771107758410206e-08,7.711481628237678e-08,0.0,5.160487955080931e-08,2.883377178260494e-08,0.0
441,26520.0,26520,2.28333578941488e-08,2.2833357900150563e-08,7.736531551060224e-08,0.0,5.16520410577812e-08,2.8818683147862326e-08,0.0
442,26580.0,26580,2.289608099877531e-08,2.2896081004708426e-08,7.761673435164213e-08,0.0,5.1699600426837165e-08,2.880351941219809e-08,0.0
443,26640.0,26640,2.295928155906468e-08,2.2959281565154075e-08,7.786907969365341e-08,0.0,5.174756165687075e-08,2.8788280081893037e-08,0.0
444,26700.0,26700,2.302296414995057e-08,2.3022964155921238e-08,7.81223584841476e-08,0.0,5.179592881945007e-08,2.8772964653850574e-08,0.0
445,26760.0,26760,2.3087133429743194e-08,2.3087133435723555e-08,7.83765777547344e-08,0.0,5.184470606076348e-08,2.8757572615268382e-08,0.0
446,26820.0,26820,2.3151794144293235e-08,2.315179415041534e-08,7.863174458123917e-08,0.0,5.189389760366781e-08,2.8742103443273765e-08,0.0
447,26880.0,26880,2.321695112932397e-08,2.32169511353746e-08,7.888786612358626e-08,0.0,5.1943507749793165e-08,2.8726556604539604e-08,0.0
448,26940.0,26940,2.3282609310868624e-08,2.32826093169241e-08,7.914494960232748e-08,0.0,5.1993540881770405e-08,2.871093155488819e-08,0.0
449,27000.0,27000,2.334877371048427e-08,2.3348773716555492e-08,7.94030023222461e-08,0.0,5.2044001465476523e-08,2.8695227738853882e-08,0.0
450,27060.0,27060,2.3415449447132052e-08,2.3415449453141893e-08,7.966203163784685e-08,0.0,5.209489405246166e-08,2.8679444589245346e-08,0.0
451,27120.0,27120,2.348264173959495e-08,2.3482641745725134e-08,7.992204500114804e-08,0.0,5.214622328237611e-08,2.8663581526644806e-08,0.0
452,27180.0,27180,2.3550355910544778e-08,2.3550355916654364e-08,8.018304992640992e-08,0.0,5.2197993885624354e-08,2.86476379589299e-08,0.0
453,27240.0,27240,2.3618597389140027e-08,2.361859739526496e-08,8.044505401660512e-08,0.0,5.225021068598188e-08,2.8631613280712764e-08,0.0
454,27300.0,27300,2.3687371714385376e-08,2.3687371720588247e-08,8.070806493054826e-08,0.0,5.230287860345187e-08,2.861550687277951e-08,0.0
455,27360.0,27360,2.3756684539595633e-08,2.3756684545771853e-08,8.097209043146174e-08,0.0,5.235600265717284e-08,2.8599318101491738e-08,0.0
456,27420.0,27420,2.3826541634059547e-08,2.3826541640265652e-08,8.123713835052092e-08,0.0,5.240958796848452e-08,2.8583046318131126e-08,0.0
457,27480.0,27480,2.389694888959118e-08,2.389694889584978e-08,8.150321660067408e-08,0.0,5.2463639764117315e-08,2.8566690858231078e-08,0.0
458,27540.0,27540,2.3967912322350384e-08,2.396791232864452e-08,8.177033319936527e-08,0.0,5.2518163379538486e-08,2.8550251040838524e-08,0.0
459,27600.0,27600,2.4039438078231545e-08,2.4039438084439667e-08,8.203849622073026e-08,0.0,5.257316426242831e-08,2.8533726167760773e-08,0.0
460,27660.0,27660,2.4111532437390163e-08,2.411153244343796e-08,8.230771385356582e-08,0.0,5.262864797636229e-08,2.8517115522736027e-08,0.0
461,27720.0,27720,2.4184201817605135e-08,2.4184201823674744e-08,8.257799436232526e-08,0.0,5.268462020462567e-08,2.850041837057081e-08,0.0
462,27780.0,27780,2.4257452781435915e-08,2.4257452787681592e-08,8.28493461165416e-08,0.0,5.274108675422117e-08,2.848363395619701e-08,0.0
463,27840.0,27840,2.43312920399325e-08,2.4331292046191104e-08,8.312177756377966e-08,0.0,5.279805356008895e-08,2.846676150370066e-08,0.0
464,27900.0,27900,2.4405726457481448e-08,2.4405726463751762e-08,8.339529726512656e-08,0.0,5.285552668951573e-08,2.8449800215269158e-08,0.0
465,27960.0,27960,2.4480763059989533e-08,2.4480763066367668e-08,8.366991387180972e-08,0.0,5.291351234679336e-08,2.8432749270050012e-08,0.0
466,28020.0,28020,2.455640903820972e-08,2.4556409044718293e-08,8.394563614139547e-08,0.0,5.29720168780616e-08,2.841560782299065e-08,0.0
467,28080.0,28080,2.4632671756222463e-08,2.4632671762624024e-08,8.422247293332909e-08,0.0,5.303104677647639e-08,2.8398375003523532e-08,0.0
468,28140.0,28140,2.470955875649452e-08,2.470955876279189e-08,8.450043320676219e-08,0.0,5.3090608687584e-08,2.8381049914229054e-08,0.0
469,28200.0,28200,2.4787077768688968e-08,2.4787077775126464e-08,8.477952603931158e-08,0.0,5.3150709415015956e-08,2.836363162937005e-08,0.0
470,28260.0,28260,2.4865236716102698e-08,2.486523672247518e-08,8.505976062409669e-08,0.0,5.321135592649641e-08,2.8346119193341467e-08,0.0
471,28320.0,28320,2.4944043724157824e-08,2.4944043730546864e-08,8.534114625273182e-08,0.0,5.32725553601581e-08,2.832851161899205e-08,0.0
472,28380.0,28380,2.502350712835354e-08,2.5023507134711082e-08,8.562369234814316e-08,0.0,5.333431503122497e-08,2.8310807885866022e-08,0.0
473,28440.0,28440,2.5103635483536117e-08,2.510363549015938e-08,8.590740845399809e-08,0.0,5.3396642439092976e-08,2.829300693828816e-08,0.0
474,28500.0,28500,2.51844375744579e-08,2.5184437580854613e-08,8.619230422369346e-08,0.0,5.345954527479132e-08,2.827510768332479e-08,0.0
475,28560.0,28560,2.526592242321351e-08,2.5265922429647782e-08,8.647838945838532e-08,0.0,5.3523031428885434e-08,2.8257108988594236e-08,0.0
476,28620.0,28620,2.534809930259459e-08,2.5348099309205336e-08,8.676567407371311e-08,0.0,5.358710899985572e-08,2.823900967992701e-08,0.0
477,28680.0,28680,2.5430977746889496e-08,2.543097775330317e-08,8.705416812310567e-08,0.0,5.365178630301175e-08,2.822080853885396e-08,0.0
478,28740.0,28740,2.551456756282314e-08,2.551456756932283e-08,8.734388180124287e-08,0.0,5.3717071879896724e-08,2.8202504299907055e-08,0.0
479,28800.0,28800,2.5598878842999774e-08,2.559887884968442e-08,8.763482544229329e-08,0.0,5.378297450833969e-08,2.818409564771988e-08,0.0
480,28860.0,28860,2.5683921981723956e-08,2.56839219882398e-08,8.792700953431817e-08,0.0,5.384950321309652e-08,2.816558121392012e-08,0.0
481,28920.0,28920,2.5769707686273533e-08,2.576970769263915e-08,8.822044470678808e-08,0.0,5.3916667277203287e-08,2.8146959573766854e-08,0.0
482,28980.0,28980,2.5856246993885275e-08,2.585624700045644e-08,8.851514174428576e-08,0.0,5.3984476254053274e-08,2.8128229242567756e-08,0.0
483,29040.0,29040,2.5943551291077846e-08,2.5943551297580363e-08,8.881111159998938e-08,0.0,5.4052939980326106e-08,2.810938867179663e-08,0.0
484,29100.0,29100,2.6031632327061096e-08,2.6031632333709398e-08,8.910836537980666e-08,0.0,5.412206858969059e-08,2.809043624490608e-08,0.0
485,29160.0,29160,2.6120502237094964e-08,2.6120502243788493e-08,8.940691437387389e-08,0.0,5.419187252755108e-08,2.807137027284133e-08,0.0
486,29220.0,29220,2.6210173559930597e-08,2.6210173566607973e-08,8.97067700378003e-08,0.0,5.4262362566742025e-08,2.8052188989175243e-08,0.0
487,29280.0,29280,2.6300659261815815e-08,2.6300659268489558e-08,9.000794401307613e-08,0.0,5.4333549824368656e-08,2.803289054487869e-08,0.0
488,29340.0,29340,2.639197275953336e-08,2.6391972766210734e-08,9.031044813224982e-08,0.0,5.440544577983725e-08,2.801347300264347e-08,0.0
489,29400.0,29400,2.6484127945588342e-08,2.6484127952237048e-08,9.061429441835295e-08,0.0,5.447806229420038e-08,2.7993934330790888e-08,0.0
490,29460.0,29460,2.6577139216260933e-08,2.6577139223088535e-08,9.091949509977573e-08,0.0,5.455141163090664e-08,2.797427239664607e-08,0.0
491,29520.0,29520,2.667102150074407e-08,2.6671021507494537e-08,9.122606261377404e-08,0.0,5.462550647814312e-08,2.7954484959374784e-08,0.0
492,29580.0,29580,150.0000000212993,2.129933446025517e-08,9.153400960701041e-08,150.0,5.0134777635067065e-08,2.8835443165474066e-08,0.0
493,29640.0,29640,150.00000002137904,2.137905957532163e-08,9.176365532190271e-08,150.0,5.019476147822875e-08,2.881570189361412e-08,0.0
494,29700.0,29700,150.00000002145944,2.1459444516794465e-08,9.199447984730754e-08,150.0,5.0255409813840827e-08,2.8795965287753362e-08,0.0
495,29760.0,29760,150.0000000215405,2.154050589749469e-08,9.222649251648725e-08,150.0,5.031672871063653e-08,2.8776222803814918e-08,0.0
496,29820.0,29820,150.00000002162224,2.162226013718456e-08,9.24597029256156e-08,150.0,5.037872467405073e-08,2.875646452736358e-08,0.0
497,29880.0,29880,150.00000002170472,2.170472347697552e-08,9.269412093317835e-08,150.0,5.044140462758545e-08,2.8736681141127123e-08,0.0
498,29940.0,29940,150.00000002178788,2.1787911992342122e-08,9.292975664430462e-08,150.0,5.050477589568576e-08,2.871686389400904e-08,0.0
499,30000.0,30000,150.0000000218718,2.187184160689837e-08,9.316662041948325e-08,150.0,5.056884618807266e-08,2.8697004571601434e-08,0.0
500,30060.0,30060,150.00000002195648,2.1956528107370642e-08,9.340472286337168e-08,150.0,5.0633623585352915e-08,2.8677095468118654e-08,0.0
501,30120.0,30120,150.00000002204197,2.204198715647834e-08,9.364407482292223e-08,150.0,5.069911652587508e-08,2.865712935976694e-08,0.0
502,30180.0,30180,150.0000000221282,2.2128234304720963e-08,9.388468737918107e-08,150.0,5.0765333793772834e-08,2.863709947946811e-08,0.0
503,30240.0,30240,150.00000002221523,2.2215285005267422e-08,9.412657186459489e-08,150.0,5.083228450794519e-08,2.8616999492913897e-08,0.0
504,30300.0,30300,150.00000002230314,2.2303154626627114e-08,9.436973983215476e-08,150.0,5.08999781121642e-08,2.8596823475882252e-08,0.0
505,30360.0,30360,150.00000002239187,2.2391858463718154e-08,9.461420307494817e-08,150.0,5.0968424366071897e-08,2.8576565892748178e-08,0.0
506,30420.0,30420,150.00000002248137,2.248141175096208e-08,9.485997361761718e-08,150.0,5.103763333701239e-08,2.8556221576208097e-08,0.0
507,30480.0,30480,150.0000000225718,2.2571829675017096e-08,9.510706370750634e-08,150.0,5.110761539279032e-08,2.8535785708015815e-08,0.0
508,30540.0,30540,150.0000000226631,2.2663127384611807e-08,9.53554858271557e-08,150.0,5.1178381195137646e-08,2.8515253800860906e-08,0.0
509,30600.0,30600,150.00000002275527,2.2755320003043846e-08,9.560525267180566e-08,150.0,5.1249941693961464e-08,2.8494621681163038e-08,0.0
510,30660.0,30660,150.0000000228484,2.2848422639645903e-08,9.585637717883969e-08,150.0,5.132230812231872e-08,2.8473885472835044e-08,0.0
511,30720.0,30720,150.0000000229424,2.2942450400214712e-08,9.610887249597032e-08,150.0,5.139549199208466e-08,2.845304158194575e-08,0.0
512,30780.0,30780,80.00000002624569,2.6245559886039447e-08,9.636275199644754e-08,80.00000000000014,5.416821073130344e-08,2.7922650833903363e-08,0.0
513,30840.0,30840,2.8878516976541044e-08,2.887851698367112e-08,9.666475154281501e-08,0.0,5.639955201005525e-08,2.7521035014376568e-08,0.0
514,30900.0,30900,2.8987257353649318e-08,2.8987257360875908e-08,9.700505537163002e-08,0.0,5.6488357421971764e-08,2.7501100049120597e-08,0.0
515,30960.0,30960,2.909713912663586e-08,2.9097139133895157e-08,9.734694953946535e-08,0.0,5.657816801410271e-08,2.748102886821775e-08,0.0
516,31020.0,31020,2.9208182357273618e-08,2.9208182364381075e-08,9.769045056319979e-08,0.0,5.6669002235224534e-08,2.7460819858900503e-08,0.0
517,31080.0,31080,2.9320407818936707e-08,2.9320407826134624e-08,9.803557523539273e-08,0.0,5.676087918695072e-08,2.7440471348775415e-08,0.0
518,31140.0,31140,2.9433837036110194e-08,2.9433837043290747e-08,9.838234065844185e-08,0.0,5.685381865771834e-08,2.7419981602408314e-08,0.0
519,31200.0,31200,2.9548492322167855e-08,2.954849232961938e-08,9.87307642334503e-08,0.0,5.6947841159379334e-08,2.739934881763568e-08,0.0
520,31260.0,31260,2.966439682548666e-08,2.9664396832744346e-08,9.908086369324576e-08,0.0,5.7042967966484593e-08,2.7378571121659185e-08,0.0
521,31320.0,31320,2.9781574571972796e-08,2.9781574579530527e-08,9.94326570916642e-08,0.0,5.713922115851921e-08,2.735764656679697e-08,0.0
522,31380.0,31380,2.990005051995265e-08,2.990005052729594e-08,9.9786162835246e-08,0.0,5.723662366553317e-08,2.733657312595707e-08,0.0
523,31440.0,31440,3.0019850610011826e-08,3.001985061745285e-08,1.0014139968952284e-07,0.0,5.733519931715776e-08,2.7315348687740148e-08,0.0
524,31500.0,31500,3.014100182507986e-08,3.0141001832297163e-08,1.0049838679008748e-07,0.0,5.7434972895754854e-08,2.7293971051207423e-08,0.0
525,31560.0,31560,3.0263532253744716e-08,3.026353226118089e-08,1.0085714365889739e-07,0.0,5.753597019376116e-08,2.7272437920188656e-08,0.0
526,31620.0,31620,3.038747115867015e-08,3.038747116617255e-08,1.0121769022490407e-07,0.0,5.7638218075836474e-08,2.7250746897170944e-08,0.0
527,31680.0,31680,3.051284904962002e-08,3.051284905707074e-08,1.0158004683408271e-07,0.0,5.77417445462642e-08,2.722889547670493e-08,0.0
528,31740.0,31740,3.0639697764026585e-08,3.063969777139613e-08,1.0194423427816242e-07,0.0,5.784657882209035e-08,2.720688103822911e-08,0.0
529,31800.0,31800,3.076805055447559e-08,3.076805056178456e-08,1.0231027379754843e-07,0.0,5.7952751412706844e-08,2.7184700838354193e-08,0.0
530,31860.0,31860,3.0897942183769804e-08,3.0897942191402246e-08,1.0267818711548948e-07,0.0,5.8060294206478534e-08,2.7162352002437938e-08,0.0
531,31920.0,31920,3.102940902976074e-08,3.1029409037129075e-08,1.0304799645214748e-07,0.0,5.816924056523525e-08,2.7139831515468222e-08,0.0
532,31980.0,31980,3.11624891952914e-08,3.116248920267912e-08,1.0341972455571516e-07,0.0,5.827962542742442e-08,2.7117136212123504e-08,0.0
533,32040.0,32040,299.99999985539046,-1.4460948472333456e-07,1.0379339471671986e-07,300.0,1.982596909668342e-08,1.6443545393870645e-07,0.0
534,32100.0,32100,299.9999998554152,-1.4458477407879426e-07,1.0133366613201627e-07,300.0,1.9825394957053667e-08,1.644101691544682e-07,0.0
535,32160.0,32160,299.99999985543894,-1.4456100403876024e-07,9.887435084429182e-08,300.0,1.9824839658616082e-08,1.6438584381589923e-07,0.0
536,32220.0,32220,299.99999985546185,-1.445381025226588e-07,9.641543312682323e-08,300.0,1.982430216621356e-08,1.6436240480729896e-07,0.0
537,32280.0,32280,299.9999998554839,-1.4451606817038243e-07,9.395689846490757e-08,300.0,1.982378044484447e-08,1.643398487335475e-07,0.0
538,32340.0,32340,299.9999998555051,-1.4449481863212692e-07,9.149873236112436e-08,300.0,1.982327399560138e-08,1.6431809274596166e-07,0.0
539,32400.0,32400,299.9999998555255,-1.4447438738774296e-07,8.904092169611817e-08,300.0,1.9822780521630557e-08,1.6429716802749102e-07,0.0
540,32460.0,32460,299.9999998555452,-1.4445473495688065e-07,8.65834528036567e-08,300.0,1.9822299093714805e-08,1.6427703416859034e-07,0.0
541,32520.0,32520,299.9999998555641,-1.444357976138272e-07,8.412631266921634e-08,300.0,1.9821829315899636e-08,1.642576270476244e-07,0.0
542,32580.0,32580,299.99999985558236,-1.444176334424223e-07,8.166948934574588e-08,300.0,1.982136885286301e-08,1.6423900241302867e-07,0.0
543,32640.0,32640,215.0000000126026,1.2602509075598289e-08,7.921296992544182e-08,215.0000000000001,4.4452085002846485e-08,3.184957592500349e-08,0.0
544,32700.0,32700,3.24256673238027e-08,3.2425667331526815e-08,7.931187610629201e-08,0.0,5.9328033366280784e-08,2.6902366021720267e-08,0.0
545,32760.0,32760,3.250936968468519e-08,3.250936969247513e-08,7.970397840019551e-08,0.0,5.939747106108734e-08,2.6888101355268364e-08,0.0
546,32820.0,32820,3.259404637230601e-08,3.259404638023365e-08,8.009730215543072e-08,0.0,5.9467755009195997e-08,2.6873708615950043e-08,0.0
547,32880.0,32880,3.26797137682769e-08,3.267971377631156e-08,8.04918614913046e-08,0.0,5.953889997536945e-08,2.685918618604195e-08,0.0
548,32940.0,32940,3.2766388787475376e-08,3.2766388795187776e-08,8.088767077345163e-08,0.0,5.961092119486395e-08,2.6844532386490225e-08,0.0
549,33000.0,33000,3.2854088904677046e-08,3.285408891253604e-08,8.128474459992505e-08,0.0,5.968383439887565e-08,2.6829745473111656e-08,0.0
550,33060.0,33060,3.294283218848406e-08,3.294283219602928e-08,8.168309782599455e-08,0.0,5.975765584171362e-08,2.6814823632566245e-08,0.0
551,33120.0,33120,3.303263733078026e-08,3.3032637338631175e-08,8.208274557029031e-08,0.0,5.983240233000032e-08,2.679976497791869e-08,0.0
552,33180.0,33180,3.312352368890305e-08,3.312352369685937e-08,8.248370321448382e-08,0.0,5.990809125395238e-08,2.6784567543911512e-08,0.0
553,33240.0,33240,3.3215511317999704e-08,3.321551132592412e-08,8.288598641981848e-08,0.0,5.998474062096019e-08,2.6769229281821043e-08,0.0
554,33300.0,33300,3.330862101684906e-08,3.3308621024704416e-08,8.328961114703225e-08,0.0,6.006236909180839e-08,2.6753748053890977e-08,0.0
555,33360.0,33360,3.340287437087212e-08,3.3402874378744844e-08,8.369459364574895e-08,0.0,6.014099601954977e-08,2.6738121627334263e-08,0.0
556,33420.0,33420,3.349829380244768e-08,3.3498293810372895e-08,8.410095048112321e-08,0.0,6.022064149149885e-08,2.6722347667779687e-08,0.0
557,33480.0,33480,3.359490262125807e-08,3.359490262902822e-08,8.450869854376176e-08,0.0,6.030132637457687e-08,2.6706423732216103e-08,0.0
558,33540.0,33540,3.3692725081656925e-08,3.3692725089566803e-08,8.491785505363903e-08,0.0,6.038307236429974e-08,2.669034726133296e-08,0.0
559,33600.0,33600,3.379178644492282e-08,3.379178645305198e-08,8.532843758676953e-08,0.0,6.04659020378144e-08,2.6674115571153256e-08,0.0
560,33660.0,33660,3.389211304568007e-08,3.389211305373896e-08,8.574046408781062e-08,0.0,6.054983891139963e-08,2.665772584399578e-08,0.0
561,33720.0,33720,3.3993732362469354e-08,3.399373237063566e-08,8.615395286887849e-08,0.0,6.06349075028341e-08,2.6641175118612697e-08,0.0
562,33780.0,33780,3.4096673098091454e-08,3.409667310616003e-08,8.656892264928043e-08,0.0,6.072113339928626e-08,2.6624460279448006e-08,0.0
563,33840.0,33840,3.420096526460965e-08,3.420096527249812e-08,8.698539255868102e-08,0.0,6.080854333110594e-08,2.6607578044942933e-08,0.0
564,33900.0,33900,3.4306640275852064e-08,3.4306640283913375e-08,8.740338216353518e-08,0.0,6.08971652522695e-08,2.659052495475786e-08,0.0
565,33960.0,33960,3.4413731050689095e-08,3.441373105875202e-08,8.782291147653326e-08,0.0,6.098702842827558e-08,2.6573297355809796e-08,0.0
566,34020.0,34020,3.452227212350676e-08,3.4522272131358475e-08,8.824400099527673e-08,0.0,6.107816353216455e-08,2.6555891387032946e-08,0.0
567,34080.0,34080,3.463229976517478e-08,3.463229977328374e-08,8.866667171090093e-08,0.0,6.117060274963531e-08,2.653830296264266e-08,0.0
568,34140.0,34140,3.474385211881364e-08,3.4743852126912504e-08,8.909094513513182e-08,0.0,6.12643798944083e-08,2.6520527753809902e-08,0.0
569,34200.0,34200,3.48569693443675e-08,3.485696935251725e-08,8.951684333785217e-08,0.0,6.135953053486174e-08,2.6502561168538657e-08,0.0
570,34260.0,34260,3.4971693781948175e-08,3.497169379020857e-08,8.994438896712191e-08,0.0,6.145609213341704e-08,2.648439832953873e-08,0.0
571,34320.0,34320,3.50880701281978e-08,3.508807013637259e-08,9.037360527977905e-08,0.0,6.155410420006635e-08,2.6466034049841898e-08,0.0
572,34380.0,34380,3.520614563364237e-08,3.5206145642080456e-08,9.080451618628124e-08,0.0,6.165360846201384e-08,2.644746280593008e-08,0.0
573,34440.0,34440,3.5325970321076466e-08,3.532597032925287e-08,9.123714627216541e-08,0.0,6.17546490511422e-08,2.6428678708028572e-08,0.0
574,34500.0,34500,3.544759722227515e-08,3.544759723061632e-08,9.167152084997269e-08,0.0,6.185727271188638e-08,2.640967546723284e-08,0.0
575,34560.0,34560,3.557108265064211e-08,3.5571082658797114e-08,9.210766599771101e-08,0.0,6.196152903188201e-08,2.639044635905938e-08,0.0
576,34620.0,34620,299.9999998562505,-1.437494405278296e-07,9.25456086137602e-08,300.0,1.980734325876992e-08,1.6355678390157194e-07,0.0
577,34680.0,34680,299.99999985627204,-1.4372789471995854e-07,9.010026132014292e-08,300.0,1.9807021092856103e-08,1.6353491592775373e-07,0.0
578,34740.0,34740,299.9999998562928,-1.4370712016100054e-07,8.76552739436783e-08,300.0,1.9806709565491623e-08,1.6351382984139897e-07,0.0
579,34800.0,34800,299.9999998563128,-1.4368714690261595e-07,8.521063360517034e-08,300.0,1.980640652726031e-08,1.634935535447158e-07,0.0
580,34860.0,34860,299.9999998563321,-1.4366781965698138e-07,8.27663269256185e-08,300.0,1.9806113070423247e-08,1.6347393284224074e-07,0.0
581,34920.0,34920,299.9999998563507,-1.436492820677307e-07,8.032234311375822e-08,300.0,1.980582537873928e-08,1.6345510756123847e-07,0.0
582,34980.0,34980,299.99999985636856,-1.4363139555698219e-07,7.787866899785371e-08,300.0,1.980554448613644e-08,1.6343694015784451e-07,0.0
583,35040.0,35040,299.9999998563858,-1.4361415949332858e-07,7.543529370517762e-08,300.0,1.980526920561122e-08,1.6341942881362693e-07,0.0
584,35100.0,35100,299.9999998564023,-1.435976326428788e-07,7.299220638290833e-08,300.0,1.9804997441919618e-08,1.6340263019939326e-07,0.0
585,35160.0,35160,299.9999998564183,-1.4358168266449082e-07,7.05493952024089e-08,300.0,1.9804730392584777e-08,1.6338641317162764e-07,0.0
586,35220.0,35220,299.9999998564336,-1.435663702516854e-07,6.81068505340295e-08,300.0,1.9804466086896064e-08,1.6337083645307536e-07,0.0
587,35280.0,35280,299.99999985644826,-1.4355166238942502e-07,6.566456175070801e-08,300.0,1.9804204197204092e-08,1.6335586670105475e-07,0.0
588,35340.0,35340,299.9999998564624,-1.435375686986238e-07,6.322251876388214e-08,300.0,1.9803943742627707e-08,1.6334151255558123e-07,0.0
589,35400.0,35400,3.684218249909317e-08,3.6842182507556705e-08,6.078071133264285e-08,0.0,6.303103360324088e-08,2.6188851080987486e-08,0.0
590,35460.0,35460,3.690378064616424e-08,3.690378065486684e-08,6.123716538154275e-08,0.0,6.308232806412386e-08,2.6178547394767094e-08,0.0
591,35520.0,35520,3.696636581487847e-08,3.696636582350797e-08,6.16945178414268e-08,0.0,6.313447071372963e-08,2.616810487567882e-08,0.0
592,35580.0,35580,3.702995593842921e-08,3.702995594689557e-08,6.215278304219272e-08,0.0,6.318747695858641e-08,2.615752099707451e-08,0.0
593,35640.0,35640,3.709456976162908e-08,3.709456977039669e-08,6.261197557812272e-08,0.0,6.324136288794067e-08,2.6146793102953906e-08,0.0
594,35700.0,35700,3.7160226894620895e-08,3.716022690324111e-08,6.307211030679728e-08,0.0,6.329614531717318e-08,2.613591839933997e-08,0.0
595,35760.0,35760,150.00000003013992,3.013994347720385e-08,6.353320237882361e-08,150.0,5.7121426549439385e-08,2.698148306017264e-08,0.0
596,35820.0,35820,150.0000000301926,3.0192632526374913e-08,6.38927265366722e-08,150.0,5.7163513898301345e-08,2.697088135954451e-08,0.0
597,35880.0,35880,150.00000003024616,3.024617874300425e-08,6.425302364088877e-08,150.0,5.720635229597695e-08,2.6960173540565343e-08,0.0
598,35940.0,35940,150.00000003030058,3.030059382792737e-08,6.461410609477086e-08,150.0,5.7249952032167947e-08,2.6949358191947903e-08,0.0
599,36000.0,36000,150.0000000303559,3.035588967140246e-08,6.497598648200734e-08,150.0,5.7294323580919326e-08,2.6938433897137373e-08,0.0
600,36060.0,36060,150.00000003041205,3.0412078362114585e-08,6.533867755211298e-08,150.0,5.7339477609396224e-08,2.6927399234873466e-08,0.0
601,36120.0,36120,150.00000003046915,3.0469172194602235e-08,6.570219222470501e-08,150.0,5.738542498683203e-08,2.691625277974167e-08,0.0
602,36180.0,36180,150.0000000305272,3.052718367848689e-08,6.606654360927156e-08,150.0,5.7432176793592074e-08,2.6904993102683693e-08,0.0
603,36240.0,36240,150.0000000305861,3.058612554690182e-08,6.643174498099905e-08,150.0,5.7479744330482696e-08,2.689361877148447e-08,0.0
604,36300.0,36300,150.000000030646,3.064601076475896e-08,6.679780981532008e-08,150.0,5.752813912827046e-08,2.6882128351193786e-08,0.0
605,36360.0,36360,150.00000003070684,3.070685254038657e-08,6.716475176316656e-08,150.0,5.757737295744437e-08,2.6870520404548675e-08,0.0
606,36420.0,36420,150.00000003076866,3.076866433338296e-08,6.75325846646693e-08,150.0,5.762745783827782e-08,2.685879349231627e-08,0.0
607,36480.0,36480,150.00000003083142,3.0831459864991764e-08,6.79013225637453e-08,150.0,5.767840605120378e-08,2.6846946173614856e-08,0.0
608,36540.0,36540,150.00000003089525,3.0895253129185155e-08,6.827097970183269e-08,150.0,5.773023014749871e-08,2.6834977006175553e-08,0.0
609,36600.0,36600,150.00000003096005,3.096005840124447e-08,6.864157051056274e-08,150.0,5.778294296042907e-08,2.6822884546553115e-08,0.0
610,36660.0,36660,150.00000003102588,3.102589025395833e-08,6.901310964089e-08,150.0,5.783655761672665e-08,2.6810667350286654e-08,0.0
611,36720.0,36720,150.00000003109275,3.109276356385827e-08,6.938561194167213e-08,150.0,5.789108754853237e-08,2.679832397198486e-08,0.0
612,36780.0,36780,150.00000003116065,3.1160693527777476e-08,6.975909248885167e-08,150.0,5.794654650586982e-08,2.6785852965377265e-08,0.0
613,36840.0,36840,142.50000003149438,3.14943837754188e-08,7.013356656651073e-08,142.5,5.8280759291228565e-08,2.6786375503185146e-08,0.0
614,36900.0,36900,3.863604871839372e-08,3.863604872731924e-08,7.051276663081511e-08,0.0,6.454442543724384e-08,2.590837669481278e-08,0.0
615,36960.0,36960,299.9999998568534,-1.4314660822407948e-07,7.099533529095711e-08,300.0,1.9795991640585754e-08,1.6294259997677026e-07,0.0
616,37020.0,37020,299.99999985686776,-1.4313217554753728e-07,6.856006409852423e-08,300.0,1.9795607730044748e-08,1.6292778338960103e-07,0.0
617,37080.0,37080,299.9999998568816,-1.4311841135510073e-07,6.612503442063244e-08,300.0,1.9795226058138904e-08,1.6291363752511223e-07,0.0
618,37140.0,37140,299.99999985689476,-1.4310518195945908e-07,6.369023511621227e-08,300.0,1.9794848047810067e-08,1.629000301190388e-07,0.0
619,37200.0,37200,299.9999998569074,-1.4309258418268327e-07,6.125565725971424e-08,300.0,1.979447131207366e-08,1.628870556063729e-07,0.0
620,37260.0,37260,299.9999998569195,-1.4308051812502588e-07,5.882129031641182e-08,300.0,1.9794096817476175e-08,1.6287461505399283e-07,0.0
621,37320.0,37320,299.99999985693097,-1.4306900725565545e-07,5.638712542603347e-08,300.0,1.9793723509253833e-08,1.6286273087626053e-07,0.0
622,37380.0,37380,299.99999985694194,-1.4305802748682033e-07,5.3953153326051376e-08,300.0,1.9793351175496138e-08,1.6285137877353002e-07,0.0
623,37440.0,37440,299.9999998569524,-1.4304754889278506e-07,5.151936516496204e-08,300.0,1.9792979743711263e-08,1.628405287476069e-07,0.0
624,37500.0,37500,299.9999998569623,-1.430376430821493e-07,4.908575258642082e-08,300.0,1.9792607475828806e-08,1.6283025066891663e-07,0.0
625,37560.0,37560,220.00000001880662,1.8806775253714186e-08,4.665230604677487e-08,219.99999999999983,4.8343442943193805e-08,2.9536667684717014e-08,0.0
626,37620.0,37620,299.99999985698105,-1.4301890835093107e-07,4.6844889401157723e-08,300.0,1.9791847664119455e-08,1.628107561256777e-07,0.0
627,37680.0,37680,299.9999998569899,-1.4301007167125744e-07,4.441175702718985e-08,300.0,1.979145997309326e-08,1.6280153175481011e-07,0.0
628,37740.0,37740,299.9999998569982,-1.430016992861891e-07,4.197877290770077e-08,300.0,1.9791072052742496e-08,1.62792771449245e-07,0.0
629,37800.0,37800,299.9999998570061,-1.4299383477761256e-07,3.95459293104348e-08,300.0,1.9790682764243146e-08,1.6278451765200372e-07,0.0
630,37860.0,37860,299.99999985701345,-1.4298645662503545e-07,3.71132177703472e-08,300.0,1.9790292088465237e-08,1.6277674882346033e-07,0.0
631,37920.0,37920,299.9999998570204,-1.4297954561082555e-07,3.4680630182631526e-08,300.0,1.9789899992967666e-08,1.627694457135758e-07,0.0
632,37980.0,37980,299.99999985702686,-1.4297310230574246e-07,3.2248158769667124e-08,300.0,1.9789506136644528e-08,1.627626085519614e-07,0.0
633,38040.0,38040,299.9999998570329,-1.4296705366379192e-07,2.981579573516981e-08,300.0,1.9789111437342296e-08,1.6275616521055597e-07,0.0
634,38100.0,38100,299.99999985703846,-1.429614771891554e-07,2.738353451044107e-08,300.0,1.9788714305000366e-08,1.6275019160338932e-07,0.0
635,38160.0,38160,299.99999985704363,-1.429563574457998e-07,2.495136722311782e-08,300.0,1.978831473034815e-08,1.627446722851838e-07,0.0
636,38220.0,38220,110.0000000337179,3.371775604629539e-08,2.2519286272561997e-08,110.00000000000014,6.014043991156095e-08,2.6422683851937052e-08,0.0
637,38280.0,38280,3.9582044657776436e-08,3.958204466696808e-08,2.2930893577211764e-08,0.0,6.533235449734321e-08,2.575030981509651e-08,0.0
638,38340.0,38340,3.9592244304653697e-08,3.9592244313457254e-08,2.3427259248848177e-08,0.0,6.533939790953046e-08,2.5747153580440436e-08,0.0
639,38400.0,38400,3.960312345207192e-08,3.960312346124458e-08,2.392377730843989e-08,0.0,6.534703297561794e-08,2.5743909498758754e-08,0.0
640,38460.0,38460,3.961468306103784e-08,3.9614683070221e-08,2.4420457609638e-08,0.0,6.535526031464264e-08,2.5740577229147876e-08,0.0
641,38520.0,38520,3.962692432173614e-08,3.962692433080421e-08,2.4917310007326908e-08,0.0,6.536408075441429e-08,2.573715640807423e-08,0.0
642,38580.0,38580,3.963984865646294e-08,3.963984866555726e-08,2.5414344384742514e-08,0.0,6.537349532985395e-08,2.5733646649003537e-08,0.0
643,38640.0,38640,299.99999985708433,-1.42915636956491e-07,2.5911570636271337e-08,300.0,1.9785240886857345e-08,1.6270087795087995e-07,0.0
644,38700.0,38700,299.9999998570894,-1.4291055359152725e-07,2.348017610430233e-08,300.0,1.9784877924466084e-08,1.6269543162331293e-07,0.0
645,38760.0,38760,299.9999998570941,-1.4290582518137916e-07,2.1048867208188234e-08,300.0,1.978451377462246e-08,1.626903390631734e-07,0.0
646,38820.0,38820,299.99999985709843,-1.4290157108361803e-07,1.861763803674757e-08,300.0,1.97841462023351e-08,1.6268571739292764e-07,0.0
647,38880.0,38880,299.99999985710224,-1.4289769617890357e-07,1.6186480693163173e-08,300.0,1.978377659944404e-08,1.626814728851406e-07,0.0
648,38940.0,38940,299.9999998571057,-1.428942521483942e-07,1.3755388858377112e-08,300.0,1.9783403902196992e-08,1.626776561571829e-07,0.0
649,39000.0,39000,299.9999998571088,-1.428912013282707e-07,1.1324355362767181e-08,300.0,1.978302856625089e-08,1.6267423000091864e-07,0.0
650,39060.0,39060,299.9999998571114,-1.4288856351214718e-07,8.893373657832467e-09,300.0,1.978265009384438e-08,1.6267121371217336e-07,0.0
651,39120.0,39120,299.99999985711366,-1.4288627039246856e-07,6.462436867172587e-09,300.0,1.978226948527428e-08,1.6266853998374897e-07,0.0
652,39180.0,39180,299.99999985711554,-1.4288441847050084e-07,4.031539250877941e-09,300.0,1.978188497651526e-08,1.6266630355278053e-07,0.0
653,39240.0,39240,299.9999998571171,-1.4288289572287844e-07,1.6006734694896374e-09,300.0,1.9781498330361775e-08,1.6266439415882191e-07,0.0
654,39300.0,39300,15.00000003919598,3.9195980557343936e-08,-8.301659645366995e-10,15.0,6.492751546650263e-08,2.573153489388209e-08,0.0
655,39360.0,39360,3.961851867645241e-08,3.961851868552491e-08,-3.3922249818953766e-10,0.0,6.532969463891549e-08,2.5711175938069968e-08,0.0
656,39420.0,39420,3.960588313180972e-08,3.9605883140958554e-08,1.5775782308674296e-10,0.0,6.531669842795124e-08,2.5710815271710433e-08,0.0
657,39480.0,39480,3.959382606840188e-08,3.9593826077635924e-08,6.545600480086299e-10,0.0,6.530420944757317e-08,2.5710383354646507e-08,0.0
658,39540.0,39540,3.958234516392582e-08,3.958234517282105e-08,1.151192546739321e-09,0.0,6.529222532759331e-08,2.5709880139530806e-08,0.0
659,39600.0,39600,3.957143828954873e-08,3.957143829863618e-08,1.6476636640862659e-09,0.0,6.528074387806807e-08,2.57093055641448e-08,0.0
660,39660.0,39660,3.956110350967627e-08,3.956110351854888e-08,2.14398170624013e-09,0.0,6.526976308507084e-08,2.5708659551461815e-08,0.0
661,39720.0,39720,3.95513390728413e-08,3.95513390817022e-08,2.640154957602873e-09,0.0,6.525928110658987e-08,2.5707942009675292e-08,0.0
662,39780.0,39780,3.954214341205115e-08,3.954214342115839e-08,3.136191679938327e-09,0.0,6.524929626861439e-08,2.5707152832228683e-08,0.0
663,39840.0,39840,3.953351513895873e-08,3.9533515148290094e-08,3.632100103327971e-09,0.0,6.523980706133124e-08,2.5706291897855012e-08,0.0
664,39900.0,39900,3.9525453040662525e-08,3.9525453049601767e-08,4.127888453276192e-09,0.0,6.523081213553885e-08,2.5705359070586994e-08,0.0
665,39960.0,39960,150.00000003221976,3.2219783918372736e-08,4.6235649255294126e-09,150.0,5.873856933912982e-08,2.651878540795276e-08,0.0
666,40020.0,40020,150.00000003221697,3.2217010872458514e-08,5.0137108540858734e-09,150.0,5.8734287403142165e-08,2.651727651796857e-08,0.0
667,40080.0,40080,150.00000003221456,3.221457419137404e-08,5.403821274841848e-09,150.0,5.873029715907981e-08,2.6515722954834408e-08,0.0
668,40140.0,40140,150.00000003221245,3.221247223316679e-08,5.793901065094297e-09,150.0,5.872659740054216e-08,2.651412515464333e-08,0.0
669,40200.0,40200,150.0000000322107,3.221070330737423e-08,6.18395507622724e-09,150.0,5.872318689219076e-08,2.6512483572178983e-08,0.0
670,40260.0,40260,150.00000003220924,3.220926567721015e-08,6.573988136141208e-09,150.0,5.872006437132907e-08,2.651079868100163e-08,0.0
671,40320.0,40320,150.00000003220813,3.220815756338331e-08,6.964005048536137e-09,150.0,5.871722854947587e-08,2.6509070973520832e-08,0.0
672,40380.0,40380,150.00000003220734,3.220737714006964e-08,7.354010586039753e-09,150.0,5.871467811391668e-08,2.6507300961106914e-08,0.0
673,40440.0,40440,150.00000003220688,3.22069225421933e-08,7.74400949682538e-09,150.0,5.87124117292368e-08,2.6505489174220594e-08,0.0
674,40500.0,40500,150.00000003220674,3.220679186373586e-08,8.13400649995847e-09,150.0,5.8710428038930155e-08,2.6503636162515553e-08,0.0
675,40560.0,40560,150.00000003220697,3.2206983159013233e-08,8.524006291004031e-09,150.0,5.87087256668466e-08,2.6501742495004e-08,0.0
676,40620.0,40620,150.00000003220748,3.220749444560301e-08,8.914013531244081e-09,150.0,5.870730321880083e-08,2.6499808760213384e-08,0.0
677,40680.0,40680,150.00000003220833,3.2208323704952686e-08,9.304032847907938e-09,150.0,5.870615928410208e-08,2.64978355663592e-08,0.0
678,40740.0,40740,150.00000003220947,3.220946888237923e-08,9.69406885651417e-09,150.0,5.870529243709111e-08,2.649582354153482e-08,0.0
679,40800.0,40800,150.00000003221092,3.2210927891820175e-08,1.0084126121661053e-08,150.0,5.87047012386756e-08,2.649377333394004e-08,0.0
680,40860.0,40860,150.00000003221268,3.221269861294623e-08,1.047420918714492e-08,150.0,5.870438423794221e-08,2.649168561209554e-08,0.0
681,40920.0,40920,150.00000003221476,3.221477889593618e-08,1.0864322561822391e-08,150.0,5.870433997367019e-08,2.6489561065107366e-08,0.0
682,40980.0,40980,150.00000003221717,3.2217166560167276e-08,1.1254470722642543e-08,150.0,5.870456697594264e-08,2.6487400402927832e-08,0.0
683,41040.0,41040,150.00000003221984,3.221985939836136e-08,1.1644658119623238e-08,150.0,5.870506376773118e-08,2.6485204356658774e-08,0.0
684,41100.0,41100,150.00000003222283,3.222285517473051e-08,1.2034889155559544e-08,150.0,5.8705828866499936e-08,2.6482973678869797e-08,0.0
685,41160.0,41160,150.00000003222613,3.222615162921884e-08,1.242516821739124e-08,150.0,5.87068607858516e-08,2.648070914394191e-08,0.0
686,41220.0,41220,150.00000003222974,3.2229746475983736e-08,1.2815499643049955e-08,150.0,5.870815803716374e-08,2.647841154842656e-08,0.0
687,41280.0,41280,130.00000003328532,3.3285494728579144e-08,1.320588774484554e-08,129.99999999999986,5.97212502847366e-08,2.6435755543133855e-08,0.0
688,41340.0,41340,3.944414633747762e-08,3.9444146346269464e-08,1.3611338926685868e-08,0.0,6.511906272943796e-08,2.5674916368013058e-08,0.0
689,41400.0,41400,3.944544001965352e-08,3.944544002839045e-08,1.4105939775603062e-08,0.0,6.511874185114099e-08,2.5673301807683947e-08,0.0
690,41460.0,41460,3.9447287568227227e-08,3.9447287577111146e-08,1.4600562990964335e-08,0.0,6.511890377663995e-08,2.5671616184614447e-08,0.0
691,41520.0,41520,3.9449689592290134e-08,3.94496896010206e-08,1.5095216605225432e-08,0.0,6.511954901061687e-08,2.566985939454461e-08,0.0
692,41580.0,41580,3.945264682220549e-08,3.9452646831076483e-08,1.5589908641387363e-08,0.0,6.512067816733708e-08,2.5668031321153613e-08,0.0
693,41640.0,41640,3.945616010773051e-08,3.9456160116602315e-08,1.6084647146771164e-08,0.0,6.512229196800489e-08,2.566613183611629e-08,0.0
694,41700.0,41700,3.946023041497758e-08,3.946023042392692e-08,1.6579440180608313e-08,0.0,6.512439123835511e-08,2.5664160799204906e-08,0.0
695,41760.0,41760,3.946485882394438e-08,3.946485883273017e-08,1.7074295810681452e-08,0.0,6.51269769063343e-08,2.566211805833076e-08,0.0
696,41820.0,41820,3.9470046526607825e-08,3.947004653532214e-08,1.7569222122134403e-08,0.0,6.513005000002902e-08,2.5660003449643113e-08,0.0
697,41880.0,41880,3.947579482401361e-08,3.947579483274731e-08,1.8064227216988773e-08,0.0,6.513361164562738e-08,2.5657816797601873e-08,0.0
698,41940.0,41940,3.948210512658638e-08,3.948210513544486e-08,1.8559319219783692e-08,0.0,6.513766306566958e-08,2.5655557915047465e-08,0.0
699,42000.0,42000,3.948897894999083e-08,3.9488978958754406e-08,1.9054506273842174e-08,0.0,6.514220557733401e-08,2.56532266032913e-08,0.0
700,42060.0,42060,3.9496417914546154e-08,3.949641792352578e-08,1.9549796537875074e-08,0.0,6.514724059091651e-08,2.5650822652179965e-08,0.0
701,42120.0,42120,3.950442374424553e-08,3.9504423753081396e-08,2.0045198203006903e-08,0.0,6.51527696084298e-08,2.5648345840188514e-08,0.0
702,42180.0,42180,3.9512998263937396e-08,3.9512998272683607e-08,2.0540719483446862e-08,0.0,6.515879422239845e-08,2.564579593449237e-08,0.0
703,42240.0,42240,3.952214339932581e-08,3.9522143408406396e-08,2.1036368620655007e-08,0.0,6.516531611464342e-08,2.564317269104765e-08,0.0
704,42300.0,42300,3.9531861176844086e-08,3.9531861185782924e-08,2.153215387665758e-08,0.0,6.517233705535149e-08,2.5640475854670758e-08,0.0
705,42360.0,42360,3.9542153718984446e-08,3.954215372778396e-08,2.2028083549426807e-08,0.0,6.517985890217807e-08,2.563770515911751e-08,0.0
706,42420.0,42420,3.955302324815665e-08,3.955302325707328e-08,2.2524165965212086e-08,0.0,6.518788359949037e-08,2.5634860327157462e-08,0.0
707,42480.0,42480,3.9564472083148825e-08,3.9564472091851016e-08,2.3020409485422133e-08,0.0,6.519641317773258e-08,2.5631941070655047e-08,0.0
708,42540.0,42540,3.957650263854145e-08,3.957650264722345e-08,2.351682250355017e-08,0.0,6.520544975289925e-08,2.562894709064594e-08,0.0
709,42600.0,42600,3.95891174246957e-08,3.958911743350855e-08,2.4013413444919534e-08,0.0,6.52149955261379e-08,2.562587807741173e-08,0.0
710,42660.0,42660,3.960231904898593e-08,3.960231905780322e-08,2.4510190775442404e-08,0.0,6.522505278344548e-08,2.562273371054214e-08,0.0
711,42720.0,42720,3.961611021235576e-08,3.9616110221359624e-08,2.500716299704436e-08,0.0,6.523562389547026e-08,2.5619513659027077e-08,0.0
712,42780.0,42780,3.963049371251082e-08,3.963049372105835e-08,2.5504338652167942e-08,0.0,6.524671131744824e-08,2.561621758130027e-08,0.0
713,42840.0,42840,3.964547243981092e-08,3.9645472448728357e-08,2.6001726319525936e-08,0.0,6.525831758917797e-08,2.561284512532365e-08,0.0
714,42900.0,42900,3.966104938277594e-08,3.9661049391573034e-08,2.6499334624170954e-08,0.0,6.527044533522659e-08,2.5609395928648332e-08,0.0
715,42960.0,42960,3.9677227622794396e-08,3.967722763149941e-08,2.6997172231552618e-08,0.0,6.528309726505253e-08,2.5605869618467127e-08,0.0
716,43020.0,43020,3.969401033780558e-08,3.969401034672342e-08,2.749524785157125e-08,0.0,6.52962761734086e-08,2.5602265811681165e-08,0.0
717,43080.0,43080,3.9711400801943404e-08,3.9711400810736056e-08,2.799357024762936e-08,0.0,6.530998494072637e-08,2.559858411494148e-08,0.0
718,43140.0,43140,3.9729402384769084e-08,3.972940239374871e-08,2.8492148219129957e-08,0.0,6.53242265336598e-08,2.559482412470517e-08,0.0
719,43200.0,43200,3.974801855459309e-08,3.974801856324521e-08,2.899099062107576e-08,0.0,6.53390040056457e-08,2.5590985427283013e-08,0.0
720,43260.0,43260,3.976725287498401e-08,3.976725288365592e-08,2.94901063564743e-08,0.0,6.535432049772032e-08,2.558706759886737e-08,0.0
721,43320.0,43320,3.978710900991742e-08,3.978710901845324e-08,2.998950437882071e-08,0.0,6.537017923922603e-08,2.5583070205579394e-08,0.0
722,43380.0,43380,3.980759072153501e-08,3.980759073016895e-08,3.0489193698713694e-08,0.0,6.538658354880315e-08,2.557899280348684e-08,0.0
723,43440.0,43440,3.982870187284702e-08,3.982870188156537e-08,3.098918337706469e-08,0.0,6.540353683534301e-08,2.557483493863512e-08,0.0
724,43500.0,43500,3.9850446428200314e-08,3.9850446436811244e-08,3.148948253227034e-08,0.0,6.542104259909196e-08,2.5570596147050566e-08,0.0
725,43560.0,43560,3.987282845379568e-08,3.9872828462784994e-08,3.199010033893558e-08,0.0,6.543910443287913e-08,2.5566275954765047e-08,0.0
726,43620.0,43620,3.989585212204636e-08,3.989585213050989e-08,3.249104603455099e-08,0.0,6.545772602341669e-08,2.556187387780264e-08,0.0
727,43680.0,43680,3.9919521706289925e-08,3.9919521715151227e-08,3.299232891158859e-08,0.0,6.547691115265835e-08,2.5557389422174797e-08,0.0
728,43740.0,43740,3.994384159130847e-08,3.994384160010031e-08,3.3493958329045025e-08,0.0,6.549666369932427e-08,2.5552822083878718e-08,0.0
729,43800.0,43800,3.996881626771334e-08,3.996881627651447e-08,3.399594370383543e-08,0.0,6.551698764054386e-08,2.55481713488489e-08,0.0
730,43860.0,43860,3.999445033652217e-08,3.9994450345207e-08,3.449829452224415e-08,0.0,6.553788705346374e-08,2.554343669293452e-08,0.0
731,43920.0,43920,4.002074851122127e-08,4.00207485199376e-08,3.500102033205846e-08,0.0,6.555936611713784e-08,2.5538617581858634e-08,0.0
732,43980.0,43980,4.0047715619368816e-08,4.004771562809605e-08,3.550413075680773e-08,0.0,6.55814291144479e-08,2.5533713471157226e-08,0.0
733,44040.0,44040,4.0075356603969115e-08,4.0075356612882515e-08,3.600763548613805e-08,0.0,6.560408043410487e-08,2.5528723806093566e-08,0.0
734,44100.0,44100,4.0103676527180186e-08,4.0103676535975664e-08,3.6511544274388736e-08,0.0,6.562732457279499e-08,2.552364802161179e-08,0.0
735,44160.0,44160,4.013268057142672e-08,4.013268057998071e-08,3.7015866959787686e-08,0.0,6.565116613748395e-08,2.5518485542212914e-08,0.0
736,44220.0,44220,4.0162374041782705e-08,4.016237405053457e-08,3.752061345653671e-08,0.0,6.567560984775267e-08,2.5513235781864784e-08,0.0
737,44280.0,44280,4.0192762370447906e-08,4.019276237929911e-08,3.802579373921143e-08,0.0,6.570066053835365e-08,2.550789814386194e-08,0.0
738,44340.0,44340,4.022385111702892e-08,4.022385112575535e-08,3.853141787708788e-08,0.0,6.572632316179618e-08,2.5502472020701648e-08,0.0
739,44400.0,44400,4.025564597327376e-08,4.0255645982143546e-08,3.9037496014002566e-08,0.0,6.575260279118378e-08,2.549695679391912e-08,0.0
740,44460.0,44460,4.028815276512689e-08,4.028815277390016e-08,3.954403837372588e-08,0.0,6.577950462308217e-08,2.5491351833920757e-08,0.0
741,44520.0,44520,299.99999985747564,-1.4252435419198412e-07,4.005105527159487e-08,300.0,1.9750370724978997e-08,1.622747250050861e-07,0.0
742,44580.0,44580,299.99999985748315,-1.4251683457773217e-07,3.762626989200248e-08,300.0,1.9750084227056676e-08,1.6226691889278342e-07,0.0
743,44640.0,44640,299.9999998574902,-1.4250977924466368e-07,3.5201610567301886e-08,300.0,1.974980132774978e-08,1.6225958066025923e-07,0.0
744,44700.0,44700,299.9999998574968,-1.425031690202142e-07,3.2777069545389826e-08,300.0,1.974952195581674e-08,1.6225269106372426e-07,0.0
745,44760.0,44760,299.999999857503,-1.4249702868366348e-07,3.03526393989024e-08,300.0,1.9749245314725904e-08,1.6224627408589472e-07,0.0
746,44820.0,44820,299.9999998575087,-1.424912749837877e-07,2.792831229356404e-08,300.0,1.9748972488764068e-08,1.6224024755992202e-07,0.0
747,44880.0,44880,299.99999985751396,-1.424859724245097e-07,2.55040817695003e-08,300.0,1.974870205235438e-08,1.6223467456406815e-07,0.0
748,44940.0,44940,299.9999998575189,-1.4248110380751502e-07,2.3079940305239698e-08,300.0,1.9748434005857258e-08,1.622295379003918e-07,0.0
749,45000.0,45000,299.99999985752333,-1.4247660544315806e-07,2.0655880663376876e-08,300.0,1.9748169170737404e-08,1.6222477470075487e-07,0.0
750,45060.0,45060,284.9999998863905,-1.1360995673661364e-07,1.8231896663311644e-08,285.00000000000045,2.289136966235198e-08,1.365013264787432e-07,0.0
751,45120.0,45120,4.04891216639707e-08,4.0489121672726605e-08,1.6281165476820467e-08,0.0,6.593869757116361e-08,2.5449575883059055e-08,0.0
752,45180.0,45180,4.049470924014267e-08,4.0494709248744714e-08,1.679113395361668e-08,0.0,6.594210907424663e-08,2.5447399810069843e-08,0.0
753,45240.0,45240,4.0500853406616786e-08,4.05008534154999e-08,1.7301187034734502e-08,0.0,6.594600772794536e-08,2.544515429697462e-08,0.0
754,45300.0,45300,4.05075563058851e-08,4.050755631477064e-08,1.781133277694345e-08,0.0,6.595039533564491e-08,2.5442839005294e-08,0.0
755,45360.0,45360,4.051482015298662e-08,4.0514820161971094e-08,1.8321579269329357e-08,0.0,6.595527376618525e-08,2.544045358914675e-08,0.0
756,45420.0,45420,4.052264723397355e-08,4.0522647242960444e-08,1.8831934638761067e-08,0.0,6.596064495394276e-08,2.5437997695336204e-08,0.0
757,45480.0,45480,4.0531039911547996e-08,4.053103992026796e-08,1.934240703411106e-08,0.0,6.596651089892794e-08,2.543547096345446e-08,0.0
758,45540.0,45540,4.054000061704064e-08,4.05400006256439e-08,1.9853004652185363e-08,0.0,6.59728736669979e-08,2.543287302598776e-08,0.0
759,45600.0,45600,4.0549531857632064e-08,4.054953186651881e-08,2.036373571064293e-08,0.0,6.597973539007113e-08,2.5430203508400513e-08,0.0
760,45660.0,45660,4.055963621327071e-08,4.055963622195473e-08,2.087460848001937e-08,0.0,6.598709826645543e-08,2.5427462029241882e-08,0.0
761,45720.0,45720,4.057031633634495e-08,4.0570316345455016e-08,2.1385631250508275e-08,0.0,6.599496456117423e-08,2.542464820021123e-08,0.0
762,45780.0,45780,4.058157495593831e-08,4.058157496484767e-08,2.189681236781329e-08,0.0,6.600333660640836e-08,2.5421761626267935e-08,0.0
763,45840.0,45840,4.0593414872162844e-08,4.059341488100032e-08,2.2408160202042097e-08,0.0,6.601221680198061e-08,2.5418801905700474e-08,0.0
764,45900.0,45900,4.060583896159111e-08,4.060583897041284e-08,2.2919683172314746e-08,0.0,6.602160761584854e-08,2.5415768630200705e-08,0.0
765,45960.0,45960,4.061885017578945e-08,4.061885018437655e-08,2.34313897445846e-08,0.0,6.603151158473913e-08,2.541266138494666e-08,0.0
766,46020.0,46020,4.063245154166974e-08,4.063245155065785e-08,2.3943288415628384e-08,0.0,6.604193131474337e-08,2.5409479748664347e-08,0.0
767,46080.0,46080,4.064664616405854e-08,4.064664617275347e-08,2.445538773540921e-08,0.0,6.6052869482081e-08,2.540622329369072e-08,0.0
768,46140.0,46140,4.066143722332138e-08,4.066143723250898e-08,2.496769629138123e-08,0.0,6.606432883381864e-08,2.5402891586043155e-08,0.0
769,46200.0,46200,4.067682797926619e-08,4.067682798792235e-08,2.548022272729573e-08,0.0,6.607631218871289e-08,2.5399484185452166e-08,0.0
770,46260.0,46260,4.0692821768366144e-08,4.069282177735223e-08,2.5992975720758915e-08,0.0,6.60888224380738e-08,2.5396000645434885e-08,0.0
771,46320.0,46320,4.070942200884998e-08,4.070942201784172e-08,2.6505964008861977e-08,0.0,6.610186254672435e-08,2.539244051332052e-08,0.0
772,46380.0,46380,4.072663219958135e-08,4.072663220835139e-08,2.701919637646388e-08,0.0,6.611543555398252e-08,2.5388803330285072e-08,0.0
773,46440.0,46440,4.0744455919200704e-08,4.074445592794894e-08,2.7532681656715943e-08,0.0,6.612954457470973e-08,2.5385088631388093e-08,0.0
774,46500.0,46500,4.076289683073743e-08,4.0762896839746134e-08,2.8046428730786016e-08,0.0,6.614419280048921e-08,2.5381295945609032e-08,0.0
775,46560.0,46560,4.078195868108731e-08,4.078195868970712e-08,2.856044654290773e-08,0.0,6.615938350073643e-08,2.537742479582299e-08,0.0
776,46620.0,46620,4.0801645300636954e-08,4.0801645309723195e-08,2.9074744081353883e-08,0.0,6.61751200240085e-08,2.5373474698851614e-08,0.0
777,46680.0,46680,4.082196060958945e-08,4.082196061848791e-08,2.9589330397713442e-08,0.0,6.619140579927768e-08,2.5369445165439286e-08,0.0
778,46740.0,46740,4.0842908612772666e-08,4.0842908621526956e-08,3.010421459544769e-08,0.0,6.62082443373579e-08,2.5365335700259144e-08,0.0
779,46800.0,46800,4.086449340606587e-08,4.086449341502692e-08,3.061940583812157e-08,0.0,6.62256392322873e-08,2.536114580188162e-08,0.0
780,46860.0,46860,4.0886719175858566e-08,4.088671918456924e-08,3.113491334852494e-08,0.0,6.62435941629421e-08,2.5356874962766334e-08,0.0
781,46920.0,46920,4.0909590201147636e-08,4.090959021004003e-08,3.1650746407094e-08,0.0,6.626211289454443e-08,2.5352522669221735e-08,0.0
782,46980.0,46980,4.0933110854535974e-08,4.0933110863670675e-08,3.216691435956956e-08,0.0,6.628119928038264e-08,2.5348088401356624e-08,0.0
783,47040.0,47040,4.0957285606376655e-08,4.095728561496456e-08,3.268342661937159e-08,0.0,6.630085726353252e-08,2.534357163303574e-08,0.0
784,47100.0,47100,4.098211902258899e-08,4.098211903142889e-08,3.3200292651707196e-08,0.0,6.632109087870033e-08,2.5338971831813926e-08,0.0
785,47160.0,47160,4.100761577101325e-08,4.100761577984184e-08,3.371752200130945e-08,0.0,6.634190425410386e-08,2.5334288458854175e-08,0.0
786,47220.0,47220,4.103378062060378e-08,4.103378062948649e-08,3.423512426777256e-08,0.0,6.636330161348917e-08,2.532952096884441e-08,0.0
787,47280.0,47280,4.106061844436895e-08,4.1060618453114356e-08,3.475310913339123e-08,0.0,6.638528727819421e-08,2.5324668809912294e-08,0.0
788,47340.0,47340,4.108813422163016e-08,4.10881342303473e-08,3.527148633785413e-08,0.0,6.640786566930767e-08,2.5319731423489936e-08,0.0
789,47400.0,47400,4.111633304120324e-08,4.11163330501433e-08,3.579026570200012e-08,0.0,6.643104130995066e-08,2.5314708244217795e-08,0.0
790,47460.0,47460,4.114522010351132e-08,4.1145220112519214e-08,3.630945711599165e-08,0.0,6.64548188276294e-08,2.530959869978353e-08,0.0
791,47520.0,47520,4.117480072152653e-08,4.11748007304892e-08,3.6829070544024196e-08,0.0,6.647920295669224e-08,2.530440221078834e-08,0.0
792,47580.0,47580,4.120508032617819e-08,4.1205080334888865e-08,3.734911603275555e-08,0.0,6.650419854086479e-08,2.529911819055879e-08,0.0
793,47640.0,47640,299.99999985777185,-1.422281353424301e-07,3.786960370309701e-08,300.0,1.9737393987374137e-08,1.6196552940995799e-07,0.0
794,47700.0,47700,299.999999857779,-1.4222097033209373e-07,3.544978812585747e-08,300.0,1.9737159649708507e-08,1.6195813006183666e-07,0.0
795,47760.0,47760,299.99999985778567,-1.4221423609939316e-07,3.303009256071387e-08,300.0,1.9736930596166012e-08,1.6195116677547506e-07,0.0
796,47820.0,47820,299.999999857792,-1.422079666053799e-07,3.061050981894127e-08,300.0,1.97367058273744e-08,1.6194467251253046e-07,0.0
797,47880.0,47880,299.99999985779783,-1.4220212765228205e-07,2.8191032133098454e-08,300.0,1.9736485550280246e-08,1.619386132821937e-07,0.0
798,47940.0,47940,299.99999985780323,-1.421966915999208e-07,2.5771652321723024e-08,300.0,1.9736269886861666e-08,1.6193296156627254e-07,0.0
799,48000.0,48000,299.9999998578083,-1.421916984189574e-07,2.3352363661068878e-08,300.0,1.9736057818089643e-08,1.6192775631636245e-07,0.0
800,48060.0,48060,299.9999998578129,-1.4218705882726336e-07,2.0933158753837082e-08,300.0,1.9735850582013362e-08,1.6192290948847196e-07,0.0
801,48120.0,48120,299.99999985781704,-1.4218286050056684e-07,1.8514031697704827e-08,300.0,1.973564638415465e-08,1.619185069637526e-07,0.0
802,48180.0,48180,299.9999998578209,-1.4217904721705148e-07,1.6094975130702903e-08,300.0,1.9735445937538177e-08,1.6191449323347115e-07,0.0
803,48240.0,48240,205.00000001983872,1.983890357916411e-08,1.3675982626849145e-08,204.99999999999983,4.9487146940444216e-08,2.9648243356508217e-08,0.0
804,48300.0,48300,4.138357048882131e-08,4.1383570497792055e-08,1.3882910053272432e-08,0.0,6.664314209058073e-08,2.5259571577030715e-08,0.0
805,48360.0,48360,4.138619348718956e-08,4.138619349610942e-08,1.440602528282891e-08,0.0,6.664408211727403e-08,2.5257888605592414e-08,0.0
806,48420.0,48420,4.1389356554587035e-08,4.138935656326056e-08,1.4929181883765354e-08,0.0,6.664549671283581e-08,2.525614013415125e-08,0.0
807,48480.0,48480,4.139306168297669e-08,4.1393061691995896e-08,1.5452387670820917e-08,0.0,6.664738754301846e-08,2.5254325835578785e-08,0.0
808,48540.0,48540,4.139731092202919e-08,4.139731093097166e-08,1.597565048884675e-08,0.0,6.66497563250308e-08,2.5252445378518437e-08,0.0
809,48600.0,48600,4.140210637596815e-08,4.1402106384834705e-08,1.6498978213799028e-08,0.0,6.665260482776898e-08,2.5250498427460614e-08,0.0
810,48660.0,48660,4.14074502047292e-08,4.140745021361837e-08,1.7022378744239682e-08,0.0,6.665593487202333e-08,2.524848464286305e-08,0.0
811,48720.0,48720,4.141334462488064e-08,4.1413344633761736e-08,1.754586001833292e-08,0.0,6.665974833078842e-08,2.5246403681225513e-08,0.0
812,48780.0,48780,4.1419791910322156e-08,4.1419791919057065e-08,1.806943000591979e-08,0.0,6.666404712956844e-08,2.5244255195206104e-08,0.0
813,48840.0,48840,4.142679438850649e-08,4.1426794397500656e-08,1.8593096708475808e-08,0.0,6.666883324669695e-08,2.5242038833688705e-08,0.0
814,48900.0,48900,4.143435444730624e-08,4.143435445634806e-08,1.9116868158919712e-08,0.0,6.667410871376583e-08,2.523975424188232e-08,0.0
815,48960.0,48960,4.14424745300532e-08,4.144247453902071e-08,1.9640752428012813e-08,0.0,6.667987561600647e-08,2.5237401061392146e-08,0.0
816,49020.0,49020,4.145115713767379e-08,4.14511571468836e-08,2.0164757623314884e-08,0.0,6.668613609274444e-08,2.5234978930305193e-08,0.0
817,49080.0,49080,4.1460404830125096e-08,4.146040483921134e-08,2.0688891880168392e-08,0.0,6.669289233792293e-08,2.523248748325731e-08,0.0
818,49140.0,49140,4.147022022419725e-08,4.147022023323584e-08,2.1213163382373322e-08,0.0,6.670014660055178e-08,2.5229926351509923e-08,0.0
819,49200.0,49200,4.148060599764619e-08,4.148060600672031e-08,2.173758034577986e-08,0.0,6.670790118532937e-08,2.5227295163008178e-08,0.0
820,49260.0,49260,4.149156488629015e-08,4.149156489527301e-08,2.2262151025371002e-08,0.0,6.671615845319426e-08,2.522459354245162e-08,0.0
821,49320.0,49320,4.150309968634623e-08,4.150309969501733e-08,2.2786883715236516e-08,0.0,6.672492082197215e-08,2.522182111133134e-08,0.0
822,49380.0,49380,4.1515213254583015e-08,4.1515213263607066e-08,2.331178675225308e-08,0.0,6.673419076699051e-08,2.5218977488009934e-08,0.0
823,49440.0,49440,4.152790850972515e-08,4.152790851860705e-08,2.3836868515356952e-08,0.0,6.674397082183696e-08,2.521606228774655e-08,0.0
824,49500.0,49500,4.1541188431631104e-08,4.154118844061638e-08,2.4362137421808545e-08,0.0,6.675426357904415e-08,2.5213075122752597e-08,0.0
825,49560.0,49560,4.155505606431466e-08,4.155505607313033e-08,2.4887601935290064e-08,0.0,6.676507169087734e-08,2.5210015602218423e-08,0.0
826,49620.0,49620,4.156951451341046e-08,4.156951452226166e-08,2.5413270564086658e-08,0.0,6.67763978701314e-08,2.520688333235247e-08,0.0
827,49680.0,49680,4.1584566950091974e-08,4.158456695895934e-08,2.593915185633208e-08,0.0,6.678824489097096e-08,2.5203677916420842e-08,0.0
828,49740.0,49740,4.160021661052313e-08,4.160021661938161e-08,2.646525441402452e-08,0.0,6.680061558981946e-08,2.5200398954740474e-08,0.0
829,49800.0,49800,4.161646679680407e-08,4.161646680588869e-08,2.6991586878169208e-08,0.0,6.681351286627365e-08,2.5197046044729165e-08,0.0
830,49860.0,49860,4.163332087890791e-08,4.1633320887684006e-08,2.7518157943528773e-08,0.0,6.682693968405965e-08,2.5193618780893092e-08,0.0
831,49920.0,49920,4.16507822925954e-08,4.165078230146357e-08,2.8044976350568037e-08,0.0,6.68408990720346e-08,2.519011675484698e-08,0.0
832,49980.0,49980,4.166885454550952e-08,4.1668854554436646e-08,2.8572050889361455e-08,0.0,6.685539412522846e-08,2.5186539555304422e-08,0.0
833,50040.0,50040,4.1687541213280135e-08,4.168754122210388e-08,2.9099390404203315e-08,0.0,6.687042800591267e-08,2.5182886768089187e-08,0.0
834,50100.0,50100,4.170684594475766e-08,4.170684595323572e-08,2.9627003784949124e-08,0.0,6.688600394476948e-08,2.5179157976102495e-08,0.0
835,50160.0,50160,4.172677245806276e-08,4.172677246726369e-08,3.015489997954817e-08,0.0,6.690212524198245e-08,2.5175352759318197e-08,0.0
836,50220.0,50220,4.174732454871877e-08,4.174732455790112e-08,3.0683087987035e-08,0.0,6.6918795268523e-08,2.5171470694769823e-08,0.0
837,50280.0,50280,4.176850608619403e-08,4.1768506095382034e-08,3.1211576861979676e-08,0.0,6.69360174673958e-08,2.51675113564977e-08,0.0
838,50340.0,50340,4.1790321014879185e-08,4.1790321023715856e-08,3.174037571537173e-08,0.0,6.695379535491251e-08,2.516347431553602e-08,0.0
839,50400.0,50400,4.1812773357344515e-08,4.181277336659714e-08,3.226949371384927e-08,0.0,6.697213252208663e-08,2.5159359139855912e-08,0.0
840,50460.0,50460,4.1835867217132005e-08,4.1835867226110825e-08,3.279894008360123e-08,0.0,6.699103263602098e-08,2.5155165394316554e-08,0.0
841,50520.0,50520,4.185960677574843e-08,4.1859606785012354e-08,3.3328724107580475e-08,0.0,6.701049944136727e-08,2.515089264063168e-08,0.0
842,50580.0,50580,4.18839962999642e-08,4.1883996309115865e-08,3.3858855130985885e-08,0.0,6.703053676184442e-08,2.5146540437283154e-08,0.0
843,50640.0,50640,4.190904013746899e-08,4.1909040146593995e-08,3.4389342563579513e-08,0.0,6.705114850181435e-08,2.5142108339457952e-08,0.0
844,50700.0,50700,4.193474272448793e-08,4.1934742733301173e-08,3.492019587155179e-08,0.0,6.707233864787553e-08,2.5137595898979135e-08,0.0
845,50760.0,50760,4.19611085816101e-08,4.196110859064061e-08,3.545142458938369e-08,0.0,6.709411127056711e-08,2.513300266422305e-08,0.0
846,50820.0,50820,4.1988142322017803e-08,4.198814233059198e-08,3.5983038316740484e-08,0.0,6.711647052611026e-08,2.512832818002038e-08,0.0
847,50880.0,50880,4.201584864573031e-08,4.201584865479717e-08,3.6515046714264994e-08,0.0,6.713942065819958e-08,2.5123571987562482e-08,0.0
848,50940.0,50940,4.204423235082561e-08,4.204423235991023e-08,3.7047459518663564e-08,0.0,6.716296599986482e-08,2.511873362430525e-08,0.0
849,51000.0,51000,4.2073298326985507e-08,4.207329833585368e-08,3.7580286528339734e-08,0.0,6.718711097544144e-08,2.5113812623837475e-08,0.0
850,51060.0,51060,4.2103051562095083e-08,4.21030515713267e-08,3.8113537617888976e-08,0.0,6.721186010252049e-08,2.5108808515779887e-08,0.0
851,51120.0,51120,4.213349714357775e-08,4.213349715281502e-08,3.864722273292928e-08,0.0,6.723721799406132e-08,2.51037208256426e-08,0.0
852,51180.0,51180,4.2164640261130026e-08,4.2164640270157306e-08,3.9181351885822895e-08,0.0,6.726318936052555e-08,2.5098549074687412e-08,0.0
853,51240.0,51240,4.219648620771495e-08,4.219648621678019e-08,3.971593517112096e-08,0.0,6.728977901209159e-08,2.5093292779796146e-08,0.0
854,51300.0,51300,4.222904038272328e-08,4.222904039181275e-08,4.025098275777355e-08,0.0,6.731699186096059e-08,2.508795145329498e-08,0.0
855,51360.0,51360,4.2262308296036087e-08,4.226230830529516e-08,4.07865048916734e-08,0.0,6.73448329237657e-08,2.508252460280989e-08,0.0
856,51420.0,51420,4.2296295568071535e-08,4.229629557728539e-08,4.132251189717798e-08,0.0,6.737330732399016e-08,2.5077011731078055e-08,0.0
857,51480.0,51480,4.233100793401631e-08,4.233100794289013e-08,4.185901418015359e-08,0.0,6.740242029457372e-08,2.507141233578267e-08,0.0
858,51540.0,51540,4.2366451246356004e-08,4.236645125536955e-08,4.2396022229498996e-08,0.0,6.743217718052945e-08,2.5065725909341365e-08,0.0
859,51600.0,51600,4.2402631477706774e-08,4.240263148689639e-08,4.293354661833796e-08,0.0,6.746258344172371e-08,2.5059951938723663e-08,0.0
860,51660.0,51660,4.2439554725686417e-08,4.243955473467897e-08,4.347159800394657e-08,0.0,6.749364465568356e-08,2.5054089905225635e-08,0.0
861,51720.0,51720,4.247722721153484e-08,4.247722722052981e-08,4.401018713416687e-08,0.0,6.752536652056262e-08,2.5048139284250213e-08,0.0
862,51780.0,51780,4.2515655288368424e-08,4.25156552974902e-08,4.45493248427822e-08,0.0,6.755775485819394e-08,2.5042099545071365e-08,0.0
863,51840.0,51840,4.2554845441773647e-08,4.2554845450812236e-08,4.5089022058735086e-08,0.0,6.759081561727223e-08,2.503597015060471e-08,0.0
864,51900.0,51900,4.259480429479928e-08,4.259480430387987e-08,4.562928980160671e-08,0.0,6.762455487660961e-08,2.5029750557117567e-08,0.0
865,51960.0,51960,4.263553860982773e-08,4.26355386189075e-08,4.61701391875759e-08,0.0,6.76589788485867e-08,2.5023440213995535e-08,0.0
866,52020.0,52020,4.267705529422467e-08,4.267705530348213e-08,4.671158142746696e-08,0.0,6.769409388263449e-08,2.501703856344084e-08,0.0
867,52080.0,52080,4.271936140353013e-08,4.271936141286998e-08,4.725362783487726e-08,0.0,6.77299064689569e-08,2.5010545040172273e-08,0.0
868,52140.0,52140,4.276246414632792e-08,4.2762464155217085e-08,4.7796289825824244e-08,0.0,6.776642324229606e-08,2.500395907113687e-08,0.0
869,52200.0,52200,4.280637088580036e-08,4.280637089480826e-08,4.83395789100574e-08,0.0,6.780365098591337e-08,2.4997280075171893e-08,0.0
870,52260.0,52260,4.285108914795116e-08,4.285108915694452e-08,4.888350671622913e-08,0.0,6.784159663568187e-08,2.4990507462666416e-08,0.0
871,52320.0,52320,4.289662662405747e-08,4.289662663321317e-08,4.942808497176776e-08,0.0,6.788026728434024e-08,2.4983640635214037e-08,0.0
872,52380.0,52380,4.2942991175517485e-08,4.2942991184680456e-08,4.9973325519387e-08,0.0,6.791967018595194e-08,2.497667898524054e-08,0.0
873,52440.0,52440,299.9999998582594,-1.4174057557728084e-07,5.051924031406772e-08,300.0,1.971961326291075e-08,1.614601889090362e-07,0.0
874,52500.0,52500,299.99999985826815,-1.4173185233115717e-07,4.8107595812671464e-08,300.0,1.9719347412599702e-08,1.6145119981249366e-07,0.0
875,52560.0,52560,299.99999985827634,-1.4172358535787206e-07,4.569609737223242e-08,300.0,1.971909100793408e-08,1.614426764344307e-07,0.0
876,52620.0,52620,299.9999998582842,-1.4171581448362123e-07,4.328473736744681e-08,300.0,1.9718842735960976e-08,1.6143465728805146e-07,0.0
877,52680.0,52680,299.9999998582915,-1.41708460835359e-07,4.087350750799303e-08,300.0,1.9718603391341482e-08,1.614270642950389e-07,0.0
878,52740.0,52740,299.99999985829845,-1.41701515888676e-07,3.846240081379368e-08,300.0,1.9718372585922757e-08,1.614198885428259e-07,0.0
879,52800.0,52800,299.99999985830493,-1.416950610859915e-07,3.6051410456446535e-08,300.0,1.9718148404632244e-08,1.6141320955869323e-07,0.0
880,52860.0,52860,299.99999985831096,-1.416890127946729e-07,3.364052824698437e-08,300.0,1.9717931839342615e-08,1.6140694470193313e-07,0.0
881,52920.0,52920,299.9999998583166,-1.41683340887535e-07,3.1229747392407784e-08,300.0,1.9717722984999016e-08,1.614010639403436e-07,0.0
882,52980.0,52980,299.9999998583218,-1.4167810804096148e-07,2.8819061599664884e-08,300.0,1.9717520353377392e-08,1.61395628461992e-07,0.0
883,53040.0,53040,299.99999985832665,-1.4167332304741636e-07,2.6408463536336514e-08,300.0,1.97173234230007e-08,1.613906465378842e-07,0.0
884,53100.0,53100,5.000000043122594,4.312245264213079e-08,2.399794572113943e-08,5.000000000000142,6.805635382808271e-08,2.4933901170067148e-08,0.0
885,53160.0,53160,4.329542430605191e-08,4.3295424315236686e-08,2.454650993368627e-08,0.0,6.82135393992008e-08,2.491811506793236e-08,0.0
886,53220.0,53220,4.330775779287155e-08,4.3307757801618566e-08,2.5097564050281657e-08,0.0,6.822324976466247e-08,2.491549194703395e-08,0.0
887,53280.0,53280,4.332069954108142e-08,4.332069955010628e-08,2.564879945335436e-08,0.0,6.8233497849972e-08,2.4912798283753997e-08,0.0
888,53340.0,53340,4.3334252720700045e-08,4.333425272971925e-08,2.6200224942463668e-08,0.0,6.824428646273454e-08,2.4910033717039264e-08,0.0
889,53400.0,53400,4.334842056336358e-08,4.3348420572670314e-08,2.6751849350091348e-08,0.0,6.825561847234577e-08,2.4907197883653797e-08,0.0
890,53460.0,53460,4.336320636735512e-08,4.336320637689204e-08,2.7303681567309652e-08,0.0,6.826749681092384e-08,2.490429041817207e-08,0.0
891,53520.0,53520,4.3378613496131556e-08,4.337861350519114e-08,2.7855730527085678e-08,0.0,6.827992447420025e-08,2.4901310952994716e-08,0.0
892,53580.0,53580,4.339464537918452e-08,4.339464538826995e-08,2.8408005207596003e-08,0.0,6.829290452255535e-08,2.4898259118330366e-08,0.0
893,53640.0,53640,4.3411305514718614e-08,4.3411305523827474e-08,2.8960514645224473e-08,0.0,6.830644008197694e-08,2.489513454221584e-08,0.0
894,53700.0,53700,4.342859746932189e-08,4.342859747870939e-08,2.951326791978796e-08,0.0,6.832053434517896e-08,2.4891936850475764e-08,0.0
895,53760.0,53760,4.3446524880647283e-08,4.344652488991202e-08,3.006627416631617e-08,0.0,6.833519057264493e-08,2.48886656667274e-08,0.0
896,53820.0,53820,4.3465091456010515e-08,4.346509146531321e-08,3.0619542569083816e-08,0.0,6.835041209378946e-08,2.4885320612342716e-08,0.0
897,53880.0,53880,4.348430097644699e-08,4.348430098547185e-08,3.117308237079738e-08,0.0,6.836620230810018e-08,2.488190130643463e-08,0.0
898,53940.0,53940,4.3504157295477713e-08,4.350415730446057e-08,3.172690286208177e-08,0.0,6.838256468639378e-08,2.4878407365815825e-08,0.0
899,54000.0,54000,4.352466434183268e-08,4.352466435083169e-08,3.228101339320476e-08,0.0,6.839950277203142e-08,2.4874838404966863e-08,0.0
900,54060.0,54060,4.3545826120932187e-08,4.354582613027042e-08,3.283542337185876e-08,0.0,6.841702018227008e-08,2.4871194035987694e-08,0.0
901,54120.0,54120,4.356764671542069e-08,4.3567646724734694e-08,3.3390142261060076e-08,0.0,6.84351206095483e-08,2.4867473868561748e-08,0.0
902,54180.0,54180,4.359013028738464e-08,4.359013029670995e-08,3.3945179584339765e-08,0.0,6.845380782293344e-08,2.486367750988604e-08,0.0
903,54240.0,54240,4.361328107990157e-08,4.3613281088976505e-08,3.4500544922273904e-08,0.0,6.847308566949976e-08,2.485980456462274e-08,0.0
904,54300.0,54300,4.363710341592073e-08,4.3637103424983547e-08,3.505624792232018e-08,0.0,6.849295807587893e-08,2.4855854634845037e-08,0.0
905,54360.0,54360,4.3661601704363316e-08,4.366160171353194e-08,3.561229828680058e-08,0.0,6.851342904976319e-08,2.4851827319940234e-08,0.0
906,54420.0,54420,4.368678043941986e-08,4.3686780448959195e-08,3.616870578842236e-08,0.0,6.853450268148439e-08,2.4847722216564103e-08,0.0
907,54480.0,54480,4.3712644201671214e-08,4.3712644211073247e-08,3.672548025941813e-08,0.0,6.855618314569704e-08,2.4843538918551647e-08,0.0
908,54540.0,54540,4.37391976608177e-08,4.373919766994837e-08,3.7282631601128405e-08,0.0,6.857847470302846e-08,2.4839277016816136e-08,0.0
909,54600.0,54600,4.3766445577234665e-08,4.376644558632979e-08,3.78401697795082e-08,0.0,6.860138170184998e-08,2.483493609928207e-08,0.0
910,54660.0,54660,4.3794392803257445e-08,4.379439281282101e-08,3.839810483180314e-08,0.0,6.86249085801006e-08,2.4830515750776967e-08,0.0
911,54720.0,54720,4.3823044288516835e-08,4.382304429771776e-08,3.895644686208997e-08,0.0,6.864905986713987e-08,2.4826015552928763e-08,0.0
912,54780.0,54780,4.385240507653802e-08,4.385240508546999e-08,3.951520604728113e-08,0.0,6.867384018568859e-08,2.4821435084061238e-08,0.0
913,54840.0,54840,4.388248030953968e-08,4.3882480318484576e-08,4.007439263745711e-08,0.0,6.86992542538198e-08,2.481677391907852e-08,0.0
914,54900.0,54900,4.391327523213071e-08,4.3913275241333255e-08,4.063401695657034e-08,0.0,6.872530688703363e-08,2.4812031629345947e-08,0.0
915,54960.0,54960,4.394479519244258e-08,4.394479520173962e-08,4.119408939997656e-08,0.0,6.875200300037341e-08,2.480720778258224e-08,0.0
916,55020.0,55020,4.3977045642383694e-08,4.397704565173889e-08,4.1754620446005414e-08,0.0,6.877934761063138e-08,2.4802301942695564e-08,0.0
917,55080.0,55080,4.401003214355642e-08,4.4010032152747654e-08,4.2315620646189754e-08,0.0,6.880734583862713e-08,2.4797313669684167e-08,0.0
918,55140.0,55140,4.404376036627328e-08,4.4043760375632513e-08,4.2877100636403315e-08,0.0,6.883600291157083e-08,2.4792242519468398e-08,0.0
919,55200.0,55200,4.407823609622431e-08,4.407823610532509e-08,4.3439071130116326e-08,0.0,6.886532416545713e-08,2.478708804375258e-08,0.0
920,55260.0,55260,4.4113465232048334e-08,4.411346524142048e-08,4.400154292521138e-08,0.0,6.889531504761499e-08,2.4781849789886924e-08,0.0
921,55320.0,55320,4.414945379296545e-08,4.4149453802186565e-08,4.456452690566018e-08,0.0,6.892598111925908e-08,2.4776527300676492e-08,0.0
922,55380.0,55380,4.4186207918273036e-08,4.418620792749981e-08,4.512803403858924e-08,0.0,6.895732805823504e-08,2.4771120114245523e-08,0.0
923,55440.0,55440,4.422373387222648e-08,4.42237338815324e-08,4.569207538384513e-08,0.0,6.898936166170417e-08,2.4765627763849245e-08,0.0
924,55500.0,55500,4.426203804573121e-08,4.4262038055178474e-08,4.625666208743133e-08,0.0,6.902208784910592e-08,2.4760049777709108e-08,0.0
925,55560.0,55560,4.430112696054907e-08,4.430112696992849e-08,4.6821805385633026e-08,0.0,6.90555126650316e-08,2.4754385678811673e-08,0.0
926,55620.0,55620,4.4341007272385975e-08,4.434100728151663e-08,4.738751661603039e-08,0.0,6.908964228236292e-08,2.4748634984743456e-08,0.0
927,55680.0,55680,4.438168577197824e-08,4.4381685781509505e-08,4.7953807203669775e-08,0.0,6.912448300539128e-08,2.4742797207467185e-08,0.0
928,55740.0,55740,4.44231693943218e-08,4.442316940372626e-08,4.852068867442005e-08,0.0,6.916004127313233e-08,2.473687185314171e-08,0.0
929,55800.0,55800,4.446546521509501e-08,4.4465465224538244e-08,4.908817265301644e-08,0.0,6.919632366268756e-08,2.4730858421900698e-08,0.0
930,55860.0,55860,4.450858045977321e-08,4.450858046895152e-08,4.965627086718935e-08,0.0,6.923333689278905e-08,2.472475640763536e-08,0.0
931,55920.0,55920,4.455252250368762e-08,4.4552522513252e-08,5.022499514541657e-08,0.0,6.927108782741148e-08,2.4718565297785273e-08,0.0
932,55980.0,55980,4.459729888068035e-08,4.4597298890155886e-08,5.0794357424404716e-08,0.0,6.930958347954946e-08,2.4712284573092455e-08,0.0
933,56040.0,56040,4.4642917282127075e-08,4.464291729132316e-08,5.136436974727764e-08,0.0,6.9348831015096e-08,2.4705913707369948e-08,0.0
934,56100.0,56100,4.468938556352116e-08,4.4689385573025774e-08,5.193504426875276e-08,0.0,6.938883775690747e-08,2.4699452167258732e-08,0.0
935,56160.0,56160,4.47367117511288e-08,4.473671176033377e-08,5.2506393255727396e-08,0.0,6.942961118896315e-08,2.4692899411972486e-08,0.0
936,56220.0,56220,4.478490404158924e-08,4.478490405104297e-08,5.307842908885941e-08,0.0,6.947115896069257e-08,2.4686254893039553e-08,0.0
937,56280.0,56280,4.483397081184746e-08,4.483397082117357e-08,5.3651164268367025e-08,0.0,6.95134888914921e-08,2.467951805403801e-08,0.0
938,56340.0,56340,4.488392061908466e-08,4.488392062838251e-08,5.4224611413707405e-08,0.0,6.955660897535846e-08,2.4672688330309364e-08,0.0
939,56400.0,56400,4.4934762211219625e-08,4.493476222062004e-08,5.479878326555378e-08,0.0,6.96005273857307e-08,2.4665765148684347e-08,0.0
940,56460.0,56460,4.4986504527515184e-08,4.498650453683242e-08,5.537369269366458e-08,0.0,6.964525248048156e-08,2.4658747927180434e-08,0.0
941,56520.0,56520,4.50391567069877e-08,4.503915671613936e-08,5.594935268987122e-08,0.0,6.969079280713179e-08,2.4651636074703427e-08,0.0
942,56580.0,56580,4.509272809129602e-08,4.5092728100622946e-08,5.6525776385125566e-08,0.0,6.973715710823239e-08,2.4644428990738108e-08,0.0
943,56640.0,56640,4.514722823622011e-08,4.51472282452062e-08,5.7102977035052375e-08,0.0,6.978435432694966e-08,2.4637126065016695e-08,0.0
944,56700.0,56700,4.520266690977103e-08,4.520266691922314e-08,5.7680968039911566e-08,0.0,6.983239361288924e-08,2.462972667719578e-08,0.0
945,56760.0,56760,4.525905410543508e-08,4.52590541148565e-08,5.825976293597719e-08,0.0,6.988128432815124e-08,2.4622230196509425e-08,0.0
946,56820.0,56820,4.531640004585595e-08,4.5316400055427595e-08,5.8839375402516474e-08,0.0,6.993103605356776e-08,2.4614635981407745e-08,0.0
947,56880.0,56880,4.537471518998497e-08,4.537471519938701e-08,5.94198192669581e-08,0.0,6.998165859524584e-08,2.4606943379211623e-08,0.0
948,56940.0,56940,4.5434010239292073e-08,4.543401024857861e-08,6.000110850741774e-08,0.0,7.003316199134297e-08,2.4599151725714535e-08,0.0
949,57000.0,57000,4.549429614831793e-08,4.549429615779346e-08,6.058325725003032e-08,0.0,7.008555651911075e-08,2.459126034479285e-08,0.0
950,57060.0,57060,4.5555584128085544e-08,4.5555584137578844e-08,6.116627978352685e-08,0.0,7.013885270223893e-08,2.4583268548021372e-08,0.0
951,57120.0,57120,4.561788565810539e-08,4.561788566744766e-08,6.175019055575815e-08,0.0,7.019306131849281e-08,2.457517563424126e-08,0.0
952,57180.0,57180,4.568121249185381e-08,4.5681212501564384e-08,6.23350041763844e-08,0.0,7.024819340765407e-08,2.4566980889130727e-08,0.0
953,57240.0,57240,4.574557666856253e-08,4.5745576678190715e-08,6.292073542608984e-08,0.0,7.030426027978493e-08,2.455868358476287e-08,0.0
954,57300.0,57300,4.581099051859281e-08,4.581099052811196e-08,6.350739925695746e-08,0.0,7.036127352391454e-08,2.4550282979135586e-08,0.0
955,57360.0,57360,4.5877466675006946e-08,4.587746668445017e-08,6.409501079628444e-08,0.0,7.041924501696286e-08,2.4541778315703947e-08,0.0
956,57420.0,57420,4.594501808396771e-08,4.594501809348928e-08,6.468358535521775e-08,0.0,7.047818693314919e-08,2.453316882287823e-08,0.0
957,57480.0,57480,4.601365801359365e-08,4.601365802344717e-08,6.527313842911109e-08,0.0,7.05381117537924e-08,2.4524453713507015e-08,0.0
958,57540.0,57540,4.608340006644636e-08,4.6083400076107656e-08,6.58636857031099e-08,0.0,7.05990322774794e-08,2.451563218435664e-08,0.0
959,57600.0,57600,4.615425818837043e-08,4.61542581979138e-08,6.645524305400174e-08,0.0,7.06609616307764e-08,2.450670341553857e-08,0.0
960,57660.0,57660,4.6226246682951415e-08,4.622624669237203e-08,6.704782656350485e-08,0.0,7.072391327930691e-08,2.4497666569947656e-08,0.0
961,57720.0,57720,4.629938021983244e-08,4.629938022971019e-08,6.764145251246175e-08,0.0,7.07879010394257e-08,2.4488520792669328e-08,0.0
962,57780.0,57780,4.63736738528341e-08,4.637367386276435e-08,6.823613739900129e-08,0.0,7.085293909037659e-08,2.447926521034031e-08,0.0
963,57840.0,57840,4.644914302973294e-08,4.644914303938697e-08,6.883189792998221e-08,0.0,7.09190419870043e-08,2.4469898930527523e-08,0.0
964,57900.0,57900,4.652580360499103e-08,4.6525803614780744e-08,6.942875103617003e-08,0.0,7.098622467308982e-08,2.4460421041036742e-08,0.0
965,57960.0,57960,4.660367185921668e-08,4.66036718689854e-08,7.002671387319648e-08,0.0,7.105450249523261e-08,2.4450830609230105e-08,0.0
966,58020.0,58020,4.6682764509748106e-08,4.6682764519298754e-08,7.062580383410586e-08,0.0,7.112389121754199e-08,2.4441126681281038e-08,0.0
967,58080.0,58080,4.6763098728471335e-08,4.6763098738200474e-08,7.122603854743272e-08,0.0,7.119440703683658e-08,2.443130828142879e-08,0.0
968,58140.0,58140,4.6844692161049095e-08,4.68446921705424e-08,7.182743588710553e-08,0.0,7.126606659877025e-08,2.442137441119014e-08,0.0
969,58200.0,58200,4.6927562939000305e-08,4.692756294855257e-08,7.243001398041185e-08,0.0,7.133888701460077e-08,2.4411324048518633e-08,0.0
970,58260.0,58260,4.7011729705094644e-08,4.701172971494171e-08,7.303379121642223e-08,0.0,7.14128858788705e-08,2.44011561469654e-08,0.0
971,58320.0,58320,4.709721162609918e-08,4.7097211635834784e-08,7.363878624841571e-08,0.0,7.148808128793903e-08,2.439086963476165e-08,0.0
972,58380.0,58380,4.7184028418327235e-08,4.718402842836652e-08,7.424501800345953e-08,0.0,7.156449185951015e-08,2.4380463413894314e-08,0.0
973,58440.0,58440,4.727220036721864e-08,4.727220037684197e-08,7.485250569157448e-08,0.0,7.164213675303508e-08,2.436993635911865e-08,0.0
974,58500.0,58500,4.736174834695952e-08,4.736174835720153e-08,7.546126881375585e-08,0.0,7.172103569133935e-08,2.435928731692647e-08,0.0
975,58560.0,58560,4.7452693851631595e-08,4.745269386135589e-08,7.607132716765131e-08,0.0,7.180120898323342e-08,2.434851510449454e-08,0.0
976,58620.0,58620,4.754505901207295e-08,4.7545059021587246e-08,7.668270086157559e-08,0.0,7.188267754742194e-08,2.4337618508544185e-08,0.0
977,58680.0,58680,4.763886662618006e-08,4.763886663607396e-08,7.729541031511044e-08,0.0,7.196546293761497e-08,2.4326596284174578e-08,0.0
978,58740.0,58740,4.773414018774875e-08,4.7734140197842955e-08,7.790947627882071e-08,0.0,7.204958736908317e-08,2.4315447153624215e-08,0.0
979,58800.0,58800,4.783090391428694e-08,4.783090392424061e-08,7.852491984054193e-08,0.0,7.213507374660547e-08,2.4304169805001255e-08,0.0
980,58860.0,58860,4.792918277575058e-08,4.792918278557745e-08,7.914176242737609e-08,0.0,7.222194569397389e-08,2.4292762890919764e-08,0.0
981,58920.0,58920,4.802900253057528e-08,4.802900254051037e-08,7.976002582943455e-08,0.0,7.231022758517272e-08,2.4281225027092385e-08,0.0
982,58980.0,58980,4.813038975861769e-08,4.813038976870786e-08,8.037973220251956e-08,0.0,7.239994457729729e-08,2.426955479083895e-08,0.0
983,59040.0,59040,4.823337189851336e-08,4.8233371908295e-08,8.100090408491233e-08,0.0,7.24911226454064e-08,2.4257750719539832e-08,0.0
984,59100.0,59100,4.8337977282429705e-08,4.833797729255218e-08,8.162356440530436e-08,0.0,7.258378861930749e-08,2.4245811308999992e-08,0.0
985,59160.0,59160,4.844423518289855e-08,4.844423519310825e-08,8.224773649732972e-08,0.0,7.267797022257892e-08,2.423373501174724e-08,0.0
986,59220.0,59220,4.8552175851050216e-08,4.855217586086416e-08,8.287344411510298e-08,0.0,7.277369611383932e-08,2.422152023521055e-08,0.0
987,59280.0,59280,4.866183056313019e-08,4.866183057289487e-08,8.350071144375353e-08,0.0,7.287099593050857e-08,2.4209165339870092e-08,0.0
988,59340.0,59340,4.877323167032407e-08,4.8773231680431195e-08,8.41295631141817e-08,0.0,7.296990033522105e-08,2.4196668637248563e-08,0.0
989,59400.0,59400,4.8886412649701836e-08,4.8886412659618355e-08,8.476002422508295e-08,0.0,7.307044106505047e-08,2.4184028387843578e-08,0.0
990,59460.0,59460,4.9001408156607936e-08,4.900140816668195e-08,8.539212034702657e-08,0.0,7.31726509837287e-08,2.4171242798945348e-08,0.0
991,59520.0,59520,4.911825408736198e-08,4.911825409721873e-08,8.602587755011183e-08,0.0,7.327656413720833e-08,2.415831002234372e-08,0.0
992,59580.0,59580,299.9999998593289,-1.4067109303670643e-07,8.666132241704243e-08,300.0,1.9683529192857307e-08,1.603546222831891e-07,0.0
993,59640.0,59640,299.9999998593433,-1.406567044254888e-07,8.426759409930661e-08,300.0,1.9683088750115963e-08,1.6033979322915985e-07,0.0
994,59700.0,59700,299.99999985935705,-1.406429247641859e-07,8.1874106707981e-08,300.0,1.9682666672849245e-08,1.603255914905095e-07,0.0
995,59760.0,59760,299.99999985937023,-1.4062970466513058e-07,7.948085004675988e-08,300.0,1.9682262179017652e-08,1.6031196689752585e-07,0.0
996,59820.0,59820,299.99999985938297,-1.4061702016707906e-07,7.708781474606744e-08,300.0,1.9681874174636134e-08,1.6029889439502235e-07,0.0
997,59880.0,59880,299.9999998593951,-1.4060488983759774e-07,7.469499183557393e-08,300.0,1.9681500943612703e-08,1.6028639083442592e-07,0.0
998,59940.0,59940,299.99999985940667,-1.4059328085210956e-07,7.230237204495194e-08,300.0,1.9681141774970926e-08,1.6027442268020046e-07,0.0
999,60000.0,60000,299.99999985941776,-1.405822262099494e-07,6.990994664759296e-08,300.0,1.9680794909046254e-08,1.6026302117198076e-07,0.0
1000,60060.0,60060,299.9999998594283,-1.4057162717362515e-07,6.751770637546655e-08,300.0,1.9680460974102066e-08,1.6025208820060954e-07,0.0
1001,60120.0,60120,299.99999985943845,-1.4056152173221927e-07,6.512564359983228e-08,300.0,1.9680138297053967e-08,1.6024166008205901e-07,0.0
1002,60180.0,60180,80.00000004617827,4.617813713089638e-08,6.273375006796824e-08,80.00000000000014,7.058013281345103e-08,2.440199566537197e-08,0.0
1003,60240.0,60240,5.0176086312841706e-08,5.0176086322758225e-08,6.332693421033522e-08,0.0,7.421648579236865e-08,2.4040399451228755e-08,0.0
1004,60300.0,60300,5.0242782178573304e-08,5.024278218902369e-08,6.397765996903678e-08,0.0,7.427563063884877e-08,2.4032848431528617e-08,0.0
1005,60360.0,60360,5.031076126313497e-08,5.031076127336567e-08,6.462934947440536e-08,0.0,7.433594201826996e-08,2.402518072662035e-08,0.0
1006,60420.0,60420,5.0380041302861224e-08,5.038004131316946e-08,6.528202120057892e-08,0.0,7.439743655771703e-08,2.401739522595187e-08,0.0
1007,60480.0,60480,5.045064054324876e-08,5.0450640553617575e-08,6.593569386904469e-08,0.0,7.446013136782262e-08,2.4009490796025706e-08,0.0
1008,60540.0,60540,5.052257775363576e-08,5.0522577763917346e-08,6.659038646562353e-08,0.0,7.452404406155113e-08,2.400146627936682e-08,0.0
1009,60600.0,60600,5.059587225184943e-08,5.059587226220855e-08,6.724611824753701e-08,0.0,7.458919277401397e-08,2.3993320493450413e-08,0.0
1010,60660.0,60660,5.067054392475947e-08,5.0670543935332626e-08,6.79029087448225e-08,0.0,7.465559618332668e-08,2.3985052229528402e-08,0.0
1011,60720.0,60720,5.074661325250889e-08,5.074661326273636e-08,6.856077777285753e-08,0.0,7.472327353257834e-08,2.3976660251416704e-08,0.0
1012,60780.0,60780,5.082410133003421e-08,5.08241013404111e-08,6.921974544469539e-08,0.0,7.47922446530034e-08,2.396814329420256e-08,0.0
1013,60840.0,60840,5.090302989629573e-08,5.090302990669362e-08,6.987983216763166e-08,0.0,7.486252998836113e-08,2.395950006285738e-08,0.0
1014,60900.0,60900,5.098342136099671e-08,5.09834213716264e-08,7.054105866617747e-08,0.0,7.493415062075506e-08,2.3950729230800706e-08,0.0
1015,60960.0,60960,5.1065298830679054e-08,5.106529884099698e-08,7.120344598359816e-08,0.0,7.50071282977552e-08,2.394182943833536e-08,0.0
1016,61020.0,61020,299.9999998595942,-1.404057193692277e-07,7.186701549456765e-08,300.0,1.9675234781365147e-08,1.6008095420167368e-07,0.0
1017,61080.0,61080,299.99999985960494,-1.4039500236146746e-07,6.947773111495301e-08,300.0,1.9674908741077225e-08,1.600699111535066e-07,0.0
1018,61140.0,61140,299.9999998596152,-1.403847737276853e-07,6.708862617902778e-08,300.0,1.9674593710977336e-08,1.6005936748950886e-07,0.0
1019,61200.0,61200,299.99999985962495,-1.4037500818130016e-07,6.469969251987241e-08,300.0,1.9674289170226492e-08,1.600492974022616e-07,0.0
1020,61260.0,61260,299.9999998596342,-1.4036571772920964e-07,6.231092239489067e-08,300.0,1.967399401998295e-08,1.6003971179981383e-07,0.0
1021,61320.0,61320,299.9999998596431,-1.4035691047917256e-07,5.992230785933405e-08,300.0,1.9673707295564306e-08,1.6003061782522426e-07,0.0
1022,61380.0,61380,299.9999998596514,-1.4034855835859237e-07,5.7533840839776766e-08,300.0,1.9673428723953492e-08,1.600219871328923e-07,0.0
1023,61440.0,61440,299.99999985965934,-1.4034060693443677e-07,5.5145513730430646e-08,300.0,1.967315854799036e-08,1.6001376553267667e-07,0.0
1024,61500.0,61500,299.9999998596668,-1.4033315192638885e-07,5.2757319829971215e-08,300.0,1.9672894445650675e-08,1.6000604642212611e-07,0.0
1025,61560.0,61560,155.00000004238598,4.238584693342761e-08,5.036925085110277e-08,155.00000000000014,6.698873013929076e-08,2.4602883190261465e-08,0.0
1026,61620.0,61620,5.172508171177418e-08,5.1725081722537935e-08,5.090820894263092e-08,0.0,7.5592893521346e-08,2.3867811780248716e-08,0.0
1027,61680.0,61680,5.1768620972678966e-08,5.176862098343142e-08,5.158131054860002e-08,0.0,7.563134286038853e-08,2.3862721858175653e-08,0.0
1028,61740.0,61740,5.18132695544222e-08,5.181326956517304e-08,5.2255041695642964e-08,0.0,7.567079994885036e-08,2.3857530364946746e-08,0.0
1029,61800.0,61800,5.185903967183503e-08,5.185903968242111e-08,5.2929418354310035e-08,0.0,7.571127610427186e-08,2.385223640316097e-08,0.0
1030,61860.0,61860,5.190594386389154e-08,5.19059438745293e-08,5.3604456667288514e-08,0.0,7.575278295420462e-08,2.3846839060484773e-08,0.0
1031,61920.0,61920,5.195399500754319e-08,5.1953995018019426e-08,5.428017296127697e-08,0.0,7.579533244609153e-08,2.384133740921634e-08,0.0
1032,61980.0,61980,5.20032063215747e-08,5.200320633272291e-08,5.49565837447553e-08,0.0,7.583893685761469e-08,2.383573050580826e-08,0.0
1033,62040.0,62040,5.205359138767678e-08,5.205359139868042e-08,5.5633705716040376e-08,0.0,7.588360880755445e-08,2.383001739037001e-08,0.0
1034,62100.0,62100,5.210516415134751e-08,5.210516416221789e-08,5.631155577030549e-08,0.0,7.592936126716452e-08,2.382419708612641e-08,0.0
1035,62160.0,62160,5.2157938943595964e-08,5.2157938954421104e-08,5.699015100004715e-08,0.0,7.597620757212226e-08,2.3818268598851448e-08,0.0
1036,62220.0,62220,5.221193048967058e-08,5.2211930500140353e-08,5.766950870396056e-08,0.0,7.602416143505229e-08,2.3812230916227802e-08,0.0
1037,62280.0,62280,5.226715392211518e-08,5.226715393268106e-08,5.8349646394308735e-08,0.0,7.60732369586899e-08,2.3806083007211624e-08,0.0
1038,62340.0,62340,5.232362479866431e-08,5.232362480925523e-08,5.90305817986719e-08,0.0,7.612344864968394e-08,2.3799823821320148e-08,0.0
1039,62400.0,62400,5.238135911507713e-08,5.238135912606704e-08,5.971233286522643e-08,0.0,7.61748114330881e-08,2.3793452287873327e-08,0.0
1040,62460.0,62460,5.244037332307725e-08,5.244037333371986e-08,6.039491777667702e-08,0.0,7.622734066766364e-08,2.3786967315203514e-08,0.0
1041,62520.0,62520,5.2500684341899926e-08,5.250068435280907e-08,6.107835494513133e-08,0.0,7.628105216184053e-08,2.378036778979812e-08,0.0
1042,62580.0,62580,5.256230958552818e-08,5.256230959614575e-08,6.17626630300543e-08,0.0,7.633596219062594e-08,2.3773652575383734e-08,0.0
1043,62640.0,62640,5.2625266971660295e-08,5.262526698253713e-08,6.244786093921072e-08,0.0,7.639208751332679e-08,2.3766820511963782e-08,0.0
1044,62700.0,62700,5.26895749475204e-08,5.2689574958561194e-08,6.313396783676942e-08,0.0,7.644944539221095e-08,2.3759870414777847e-08,0.0
1045,62760.0,62760,5.275525250881357e-08,5.275525251958541e-08,6.382100315077733e-08,0.0,7.650805361219808e-08,2.3752801073212545e-08,0.0
1046,62820.0,62820,5.28223192218583e-08,5.2822319232745636e-08,6.450898658225058e-08,0.0,7.656793050153992e-08,2.3745611249617474e-08,0.0
1047,62880.0,62880,5.289079524594995e-08,5.289079525662729e-08,6.519793811273425e-08,0.0,7.662909495372254e-08,2.3738299678066252e-08,0.0
1048,62940.0,62940,5.2960701357511564e-08,5.296070136840374e-08,6.588787801067166e-08,0.0,7.669156645041625e-08,2.3730865063014595e-08,0.0
1049,63000.0,63000,5.303205897745922e-08,5.303205898886588e-08,6.657882684406368e-08,0.0,7.675536508586134e-08,2.3723306077909507e-08,0.0
1050,63060.0,63060,5.310489019890978e-08,5.310489020974139e-08,6.727080548681861e-08,0.0,7.682051159246791e-08,2.371562136366562e-08,0.0
1051,63120.0,63120,5.317921781057255e-08,5.317921782141788e-08,6.796383512952806e-08,0.0,7.688702736794298e-08,2.370780952705511e-08,0.0
1052,63180.0,63180,5.3255065334902534e-08,5.325506534576483e-08,6.86579372894796e-08,0.0,7.695493450391327e-08,2.369986913902049e-08,0.0
1053,63240.0,63240,5.3332457053340054e-08,5.33324570641337e-08,6.935313381824229e-08,0.0,7.702425581622239e-08,2.3691798732827875e-08,0.0
1054,63300.0,63300,5.341141804470876e-08,5.3411418055621135e-08,7.004944691878042e-08,0.0,7.709501487694997e-08,2.3683596802153227e-08,0.0
1055,63360.0,63360,5.3491974219041494e-08,5.349197423016063e-08,7.074689915074764e-08,0.0,7.71672360483158e-08,2.3675261798992507e-08,0.0
1056,63420.0,63420,5.357415235705088e-08,5.357415236762484e-08,7.144551344538281e-08,0.0,7.72409445185839e-08,2.366679213146403e-08,0.0
1057,63480.0,63480,5.365798014835781e-08,5.365798015922657e-08,7.214531311713314e-08,0.0,7.731616634014138e-08,2.3658186161458144e-08,0.0
1058,63540.0,63540,5.374348623699125e-08,5.374348624813139e-08,7.284632187675281e-08,0.0,7.739292846979302e-08,2.3649442202114503e-08,0.0
1059,63600.0,63600,5.3830700266202415e-08,5.3830700276891865e-08,7.354856384493728e-08,0.0,7.747125881157475e-08,2.364055851514626e-08,0.0
1060,63660.0,63660,5.3919652923488044e-08,5.391965293441011e-08,7.425206356878428e-08,0.0,7.755118626219782e-08,2.3631533307979303e-08,0.0
1061,63720.0,63720,5.4010375998036504e-08,5.401037600884307e-08,7.495684603111185e-08,0.0,7.763274075924215e-08,2.3622364730672658e-08,0.0
1062,63780.0,63780,5.410290242924501e-08,5.410290244036495e-08,7.56629366718421e-08,0.0,7.771595333242783e-08,2.3613050872642562e-08,0.0
1063,63840.0,63840,5.4197266368231484e-08,5.419726637970357e-08,7.637036140183168e-08,0.0,7.780085615816643e-08,2.3603589759160044e-08,0.0
1064,63900.0,63900,5.4293503238548407e-08,5.4293503250040685e-08,7.707914662038198e-08,0.0,7.788748261745446e-08,2.35939793475771e-08,0.0
1065,63960.0,63960,5.43916498035397e-08,5.4391649814734746e-08,7.77893192333405e-08,0.0,7.79758673576397e-08,2.358421752330007e-08,0.0
1066,64020.0,64020,5.449174423196758e-08,5.44917442432329e-08,7.850090667398152e-08,0.0,7.806604635817719e-08,2.3574302095450055e-08,0.0
1067,64080.0,64080,5.459382617750714e-08,5.459382618845101e-08,7.921393692188193e-08,0.0,7.815805700064423e-08,2.356423079220713e-08,0.0
1068,64140.0,64140,5.469793685712375e-08,5.469793686803531e-08,7.99284385219895e-08,0.0,7.825193814343331e-08,2.355400125580443e-08,0.0
1069,64200.0,64200,5.48041191333694e-08,5.4804119144516805e-08,8.064444061058932e-08,0.0,7.834773020151226e-08,2.354361103713617e-08,0.0
1070,64260.0,64260,5.4912417610534525e-08,5.491241762180469e-08,8.136197293906611e-08,0.0,7.844547523149902e-08,2.3533057589932757e-08,0.0
1071,64320.0,64320,5.502287872665962e-08,5.502287873772949e-08,8.208106589152588e-08,0.0,7.85452170225546e-08,2.3522338264482424e-08,0.0
1072,64380.0,64380,5.513555086183119e-08,5.513555087276052e-08,8.280175052309301e-08,0.0,7.864700119358898e-08,2.351145030083186e-08,0.0
1073,64440.0,64440,5.525048444477338e-08,5.525048445588605e-08,8.352405857749722e-08,0.0,7.875087529724402e-08,2.350039082142315e-08,0.0
1074,64500.0,64500,299.9999998601615,-1.398384414281072e-07,8.424802251999473e-08,300.0,1.9658874022734927e-08,1.59497315495752e-07,0.0
1075,64560.0,64560,299.9999998601742,-1.3982572450631508e-07,8.18682343805232e-08,300.0,1.965860531523812e-08,1.5948432986641865e-07,0.0
1076,64620.0,64620,299.9999998601864,-1.3981356315325114e-07,7.94886588756955e-08,300.0,1.9658347564784133e-08,1.5947191076282319e-07,0.0
1077,64680.0,64680,299.99999986019805,-1.398019049506311e-07,7.710928671785331e-08,300.0,1.9658100403333632e-08,1.5946000539869589e-07,0.0
1078,64740.0,64740,299.9999998602092,-1.3979075762670298e-07,7.47301094946581e-08,300.0,1.965786251046885e-08,1.5944862018183533e-07,0.0
1079,64800.0,64800,299.9999998602199,-1.397801092484722e-07,7.235111866760272e-08,300.0,1.9657632994837372e-08,1.5943774228789897e-07,0.0
1080,64860.0,64860,299.99999986023,-1.3976994069211203e-07,6.99723059009089e-08,300.0,1.9657411170798034e-08,1.5942735190743748e-07,0.0
1081,64920.0,64920,299.9999998602397,-1.3976026280759552e-07,6.759366317651309e-08,300.0,1.965719590641357e-08,1.5941745875844322e-07,0.0
1082,64980.0,64980,299.9999998602489,-1.397510506285923e-07,6.521518230121187e-08,300.0,1.9656986761576234e-08,1.5940803743450172e-07,0.0
1083,65040.0,65040,299.99999986025773,-1.3974224254970928e-07,6.283685549709705e-08,300.0,1.9656783997008795e-08,1.5939902659099087e-07,0.0
1084,65100.0,65100,299.99999986026603,-1.397339582049591e-07,6.045867601300712e-08,300.0,1.96565847823087e-08,1.5939054303141037e-07,0.0
1085,65160.0,65160,165.00000004416708,4.416666378963252e-08,5.80806351103866e-08,165.00000000000043,6.832264789281958e-08,2.4155984087162975e-08,0.0
1086,65220.0,65220,5.631547129238804e-08,5.631547130331495e-08,5.8645939429280326e-08,0.0,7.971077636792037e-08,2.3395305044329377e-08,0.0
1087,65280.0,65280,5.6372231590060205e-08,5.6372231601524214e-08,5.93852535635434e-08,0.0,7.976168413583654e-08,2.3389452514007614e-08,0.0
1088,65340.0,65340,5.643050209668034e-08,5.643050210798443e-08,6.012538644404194e-08,0.0,7.981397774749526e-08,2.3383475619541706e-08,0.0
1089,65400.0,65400,5.649030599422954e-08,5.649030600600854e-08,6.086635977697087e-08,0.0,7.986767873119013e-08,2.3377372705134124e-08,0.0
1090,65460.0,65460,5.655166728568276e-08,5.6551667297488406e-08,6.160819560173406e-08,0.0,7.992280938054994e-08,2.337114206257832e-08,0.0
1091,65520.0,65520,5.6614610828934754e-08,5.6614610840372915e-08,6.235091629883361e-08,0.0,7.997939278903239e-08,2.336478192844158e-08,0.0
1092,65580.0,65580,5.6679162373907514e-08,5.6679162385575055e-08,6.309454460755775e-08,0.0,8.003745288664871e-08,2.3358290481099672e-08,0.0
1093,65640.0,65640,5.6745348609614543e-08,5.674534862112136e-08,6.383910363709914e-08,0.0,8.00970144790393e-08,2.3351665837460984e-08,0.0
1094,65700.0,65700,5.681319720773767e-08,5.681319721931717e-08,6.458461687919888e-08,0.0,8.015810328892803e-08,2.3344906049514523e-08,0.0
1095,65760.0,65760,5.688273686791202e-08,5.6882736879102226e-08,6.533110822016461e-08,0.0,8.022074600027564e-08,2.3338009100520182e-08,0.0
1096,65820.0,65820,5.695399737209974e-08,5.695399738380039e-08,6.607860196111219e-08,0.0,8.028497030531659e-08,2.3330972900958284e-08,0.0
1097,65880.0,65880,5.702700963857676e-08,5.702700965014899e-08,6.682712282888857e-08,0.0,8.035080495461343e-08,2.3323795284103984e-08,0.0
1098,65940.0,65940,5.7101805776847617e-08,5.710180578811375e-08,6.757669599341403e-08,0.0,8.041827981046434e-08,2.3316474001274153e-08,0.0
1099,66000.0,66000,5.717841915535773e-08,5.7178419166716746e-08,6.83273470848402e-08,0.0,8.048742590384534e-08,2.330900671665185e-08,0.0
1100,66060.0,66060,5.7256884461767863e-08,5.725688447315595e-08,6.907910221246072e-08,0.0,8.055827549518945e-08,2.330139100170012e-08,0.0
1101,66120.0,66120,5.733723777785948e-08,5.733723778940102e-08,6.983198798531162e-08,0.0,8.063086213938285e-08,2.3293624329075002e-08,0.0
1102,66180.0,66180,5.741951665644066e-08,5.741951666816797e-08,7.058603152439611e-08,0.0,8.070522075510938e-08,2.3285704066047913e-08,0.0
1103,66240.0,66240,5.750376019943206e-08,5.7503760211187634e-08,7.134126049489188e-08,0.0,8.07813876992148e-08,2.3277627467316192e-08,0.0
1104,66300.0,66300,5.7590009146663266e-08,5.7590009158297694e-08,7.20977031196399e-08,0.0,8.085940084618511e-08,2.3269391667217637e-08,0.0
1105,66360.0,66360,5.7678305969762334e-08,5.7678305981401605e-08,7.285538820672466e-08,0.0,8.093929967338114e-08,2.3260993671212432e-08,0.0
1106,66420.0,66420,5.776869497365029e-08,5.776869498511753e-08,7.361434517306596e-08,0.0,8.102112535250589e-08,2.325243034659379e-08,0.0
1107,66480.0,66480,299.9999998604797,-1.395202828371948e-07,7.437460407166244e-08,300.0,1.9652338937121907e-08,1.5917262181666848e-07,0.0
1108,66540.0,66540,299.9999998604901,-1.395098242424329e-07,7.200013531758596e-08,300.0,1.965218743784848e-08,1.5916201172262993e-07,0.0
1109,66600.0,66600,299.99999986050005,-1.394999007618527e-07,6.962584126502272e-08,300.0,1.9652040090495206e-08,1.591519408946288e-07,0.0
1110,66660.0,66660,299.99999986050955,-1.3949044398217727e-07,6.72517129847031e-08,300.0,1.965189720341776e-08,1.5914234122778892e-07,0.0
1111,66720.0,66720,299.9999998605186,-1.3948138971819996e-07,6.48777426864836e-08,300.0,1.9651759074021682e-08,1.5913314883438138e-07,0.0
1112,66780.0,66780,299.9999998605271,-1.3947280823727514e-07,6.250392365023645e-08,300.0,1.9651623725916022e-08,1.5912443200528307e-07,0.0
1113,66840.0,66840,299.9999998605353,-1.3946467120020228e-07,6.013024798847746e-08,300.0,1.965149094787136e-08,1.5911616219010496e-07,0.0
1114,66900.0,66900,299.99999986054297,-1.394569760975187e-07,5.7756708287510476e-08,300.0,1.9651360131291573e-08,1.591083362707453e-07,0.0
1115,66960.0,66960,299.99999986055025,-1.394496903707086e-07,5.538329717567509e-08,300.0,1.9651231235791767e-08,1.591009216483518e-07,0.0
1116,67020.0,67020,215.00000002786754,2.7867445499454294e-08,5.3010007826448116e-08,215.0000000000001,5.5793488917439205e-08,2.792604341182646e-08,0.0
1117,67080.0,67080,5.848423087298948e-08,5.848423088510608e-08,5.3334981774596124e-08,0.0,8.166565978112872e-08,2.318142887503545e-08,0.0
1118,67140.0,67140,299.9999998605709,-1.394291120796688e-07,5.410555506265615e-08,300.0,1.965082580668952e-08,1.5907993792789675e-07,0.0
1119,67200.0,67200,299.99999986057736,-1.3942252936834422e-07,5.173260973042122e-08,300.0,1.965069080413617e-08,1.5907322021396332e-07,0.0
1120,67260.0,67260,299.9999998605835,-1.3941641045416256e-07,4.9359774456217683e-08,300.0,1.9650555390959305e-08,1.590669658864877e-07,0.0
1121,67320.0,67320,299.99999986058924,-1.3941068532833557e-07,4.698704151287895e-08,300.0,1.9650420328277057e-08,1.5906110569785163e-07,0.0
1122,67380.0,67380,299.99999986059464,-1.394053661651867e-07,4.461440433557038e-08,300.0,1.9650284985426072e-08,1.5905565119170317e-07,0.0
1123,67440.0,67440,299.9999998605996,-1.39400392734314e-07,4.224185615897127e-08,300.0,1.9650150018194568e-08,1.5905054279349236e-07,0.0
1124,67500.0,67500,299.99999986060413,-1.3939578109123176e-07,3.986939121910853e-08,300.0,1.9650014788616074e-08,1.5904579592073572e-07,0.0
1125,67560.0,67560,299.9999998606084,-1.3939156394343783e-07,3.749700348678416e-08,300.0,1.964987839696369e-08,1.590414423811527e-07,0.0
1126,67620.0,67620,299.99999986061226,-1.3938770999247023e-07,3.5124686389035176e-08,300.0,1.964974107880867e-08,1.5903745111188553e-07,0.0
1127,67680.0,67680,299.9999998606158,-1.3938423527743636e-07,3.2752433876009134e-08,300.0,1.9649602272537023e-08,1.5903383759042793e-07,0.0
1128,67740.0,67740,299.9999998606189,-1.3938107935405465e-07,3.038023962890777e-08,300.0,1.9649462765448975e-08,1.590305421598223e-07,0.0
1129,67800.0,67800,115.00000005111902,5.111917165736914e-08,2.8008098337415356e-08,114.99999999999986,7.488525152111596e-08,2.376607984487651e-08,0.0
1130,67860.0,67860,5.8745912674619345e-08,5.874591268629496e-08,2.8672871764324733e-08,0.0,8.189071738896262e-08,2.3144804681596064e-08,0.0
1131,67920.0,67920,5.874799542006741e-08,5.8747995431831054e-08,2.9447243885144523e-08,0.0,8.189142847331466e-08,2.3143433020328407e-08,0.0
1132,67980.0,67980,5.8751175300177115e-08,5.875117531213299e-08,3.02216489471384e-08,0.0,8.189314674889286e-08,2.3141971415912805e-08,0.0
1133,68040.0,68040,5.875546063440459e-08,5.87554606463427e-08,3.099610271933841e-08,0.0,8.189587970462423e-08,2.3140419037280602e-08,0.0
1134,68100.0,68100,5.8760860066390066e-08,5.8760860078257904e-08,3.177062108798099e-08,0.0,8.189963512491219e-08,2.3138775025226908e-08,0.0
1135,68160.0,68160,5.8767382573630474e-08,5.876738258535616e-08,3.2545220066779715e-08,0.0,8.190442109819623e-08,2.3137038491715576e-08,0.0
1136,68220.0,68220,5.877503747415885e-08,5.877503748596046e-08,3.331991579643661e-08,0.0,8.191024602604304e-08,2.313520851910185e-08,0.0
1137,68280.0,68280,5.878383444047252e-08,5.878383445253904e-08,3.409472455352692e-08,0.0,8.191711863270593e-08,2.3133284159319027e-08,0.0
1138,68340.0,68340,5.8793783509443966e-08,5.8793783521202776e-08,3.486966275223233e-08,0.0,8.192504797522401e-08,2.3131264432987197e-08,0.0
1139,68400.0,68400,5.8804895092440913e-08,5.880489510453652e-08,3.5644746954017627e-08,0.0,8.193404345412689e-08,2.312914832845941e-08,0.0
1140,68460.0,68460,5.8817179990278584e-08,5.881718000248726e-08,3.64199938678205e-08,0.0,8.194411482467744e-08,2.3126934800800365e-08,0.0
1141,68520.0,68520,5.8830649405054474e-08,5.883064941692232e-08,3.719542035989575e-08,0.0,8.195527220883494e-08,2.312462277067102e-08,0.0
1142,68580.0,68580,5.8845314952163165e-08,5.884531496375074e-08,3.7971043457010036e-08,0.0,8.196752610783042e-08,2.3122211123130034e-08,0.0
1143,68640.0,68640,5.886118867585923e-08,5.886118868796129e-08,3.874688035307929e-08,0.0,8.198088741558356e-08,2.3119698706363288e-08,0.0
1144,68700.0,68700,5.8878283069731584e-08,5.8878283081382165e-08,3.952294841689964e-08,0.0,8.199536743279492e-08,2.3117084330279376e-08,0.0
1145,68760.0,68760,5.889661108424464e-08,5.889661109622071e-08,4.029926519568987e-08,0.0,8.201097788192973e-08,2.311436676502591e-08,0.0
1146,68820.0,68820,5.8916186150855214e-08,5.891618616262129e-08,4.1075848423670847e-08,0.0,8.202773092314824e-08,2.3111544739378622e-08,0.0
1147,68880.0,68880,299.9999998606908,-1.3930914508790724e-07,4.185271602915318e-08,300.0,1.9647248444885907e-08,1.5895639357065614e-07,0.0
1148,68940.0,68940,299.9999998606953,-1.393046589963638e-07,3.9481779327913885e-08,300.0,1.964716182566203e-08,1.5895182085976763e-07,0.0
1149,69000.0,69000,299.99999986069946,-1.3930048948209376e-07,3.711091761983422e-08,300.0,1.964707490198593e-08,1.5894756442173366e-07,0.0
1150,69060.0,69060,299.9999998607032,-1.3929674682814344e-07,3.474012562872192e-08,300.0,1.9646985454448326e-08,1.589437323201044e-07,0.0
1151,69120.0,69120,299.9999998607067,-1.3929328392137954e-07,3.236939624683631e-08,300.0,1.9646895757185727e-08,1.5894017971598947e-07,0.0
1152,69180.0,69180,299.99999986070975,-1.3929021710337997e-07,2.999872481227266e-08,300.0,1.964680353149124e-08,1.58937020672167e-07,0.0
1153,69240.0,69240,299.9999998607125,-1.3928748095342435e-07,2.762810472852775e-08,300.0,1.964670967619466e-08,1.5893419066678718e-07,0.0
1154,69300.0,69300,299.99999986071487,-1.3928510777549584e-07,2.525753048933403e-08,300.0,1.9646613412700964e-08,1.5893172122521595e-07,0.0
1155,69360.0,69360,299.9999998607169,-1.39283043486892e-07,2.2886996050100196e-08,300.0,1.9646515481675167e-08,1.5892955900544983e-07,0.0
1156,69420.0,69420,274.9999999705633,-2.943688022513696e-08,2.0516496266431298e-08,275.00000000000017,2.062118780204654e-08,5.005806807285619e-08,0.0
1157,69480.0,69480,5.894158206266572e-08,5.894158207488247e-08,1.9974329195912573e-08,0.0,8.203729551151651e-08,2.3095713415698527e-08,0.0
1158,69540.0,69540,299.9999998607219,-1.3927806791194623e-07,2.0751596234251104e-08,300.0,1.9646189100652862e-08,1.5892425704902482e-07,0.0
1159,69600.0,69600,299.9999998607232,-1.3927671968287817e-07,1.8381180210699292e-08,300.0,1.9646075756279505e-08,1.5892279547543096e-07,0.0
1160,69660.0,69660,299.99999986072424,-1.3927568679950962e-07,1.601078694678787e-08,300.0,1.9645960331364887e-08,1.589216471669816e-07,0.0
1161,69720.0,69720,299.999999860725,-1.3927497129237844e-07,1.364041119030518e-08,300.0,1.9645842658688688e-08,1.5892081398700684e-07,0.0
1162,69780.0,69780,299.9999998607254,-1.392745972222941e-07,1.1270047658461539e-08,300.0,1.9645722202136128e-08,1.5892031946016178e-07,0.0
1163,69840.0,69840,299.99999986072544,-1.3927448459109545e-07,8.899690667579049e-09,300.0,1.9645600248632484e-08,1.589200848753054e-07,0.0
1164,69900.0,69900,299.99999986072527,-1.3927472577656766e-07,6.5293358623805525e-09,300.0,1.9645475100287117e-08,1.589202009122382e-07,0.0
1165,69960.0,69960,299.9999998607247,-1.3927525018062047e-07,4.158977353997291e-09,300.0,1.9645347905949604e-08,1.5892059812176148e-07,0.0
1166,70020.0,70020,299.9999998607239,-1.3927603064795073e-07,1.7886104268944471e-09,300.0,1.9645219071078437e-08,1.589212497540655e-07,0.0
1167,70080.0,70080,299.9999998607228,-1.3927716014809604e-07,-5.817691835172293e-10,300.0,1.964508692170018e-08,1.589222471046359e-07,0.0
1168,70140.0,70140,299.9999998607214,-1.392785598462958e-07,-2.9521672852184935e-09,300.0,1.9644952784304625e-08,1.5892351266524806e-07,0.0
1169,70200.0,70200,5.860390742853027e-08,5.860390743998459e-08,-5.3225883784640444e-09,0.0,8.171217049584571e-08,2.3108263034823042e-08,0.0
1170,70260.0,70260,5.856152316054172e-08,5.856152317235787e-08,-4.550136390816369e-09,0.0,8.167201780437981e-08,2.311049461084817e-08,0.0
1171,70320.0,70320,5.8519945765221294e-08,5.851994577725147e-08,-3.778290424596723e-09,0.0,8.163261023600768e-08,2.3112664437764976e-08,0.0
1172,70380.0,70380,5.847917554359408e-08,5.8479175555604065e-08,-3.0070388925877107e-09,0.0,8.159394787407317e-08,2.3114772297763784e-08,0.0
1173,70440.0,70440,5.8439212918124984e-08,5.843921292994194e-08,-2.236370206833554e-09,0.0,8.155603090824445e-08,2.3116817957535002e-08,0.0
1174,70500.0,70500,5.840005843424279e-08,5.840005844603471e-08,-1.4662727702224482e-09,0.0,8.15188596352135e-08,2.311880116834666e-08,0.0
1175,70560.0,70560,5.8361712760670485e-08,5.836171277261021e-08,-6.967349772280116e-10,0.0,8.148243445941243e-08,2.3120721666090046e-08,0.0
1176,70620.0,70620,5.832417668993572e-08,5.8324176701443346e-08,7.225478636594472e-11,0.0,8.144675589378657e-08,2.3122579171341897e-08,0.0
1177,70680.0,70680,5.828745113822946e-08,5.8287451150019765e-08,8.407081478418422e-10,0.0,8.141182456052199e-08,2.3124373389423757e-08,0.0
1178,70740.0,70740,5.825153714853892e-08,5.825153716034942e-08,1.6086367481879152e-09,0.0,8.137764119183631e-08,2.3126104010462956e-08,0.0
1179,70800.0,70800,5.821643588880285e-08,5.8216435900517234e-08,2.376052243666285e-09,0.0,8.134420663075813e-08,2.312777070943179e-08,0.0
1180,70860.0,70860,5.818214865371749e-08,5.818214866523561e-08,3.142966307779232e-09,0.0,8.131152183201777e-08,2.312937314620647e-08,0.0
1181,70920.0,70920,5.814867686458713e-08,5.814867687627244e-08,3.909390632405742e-09,0.0,8.127958786283807e-08,2.3130910965613568e-08,0.0
1182,70980.0,70980,5.8116022074060315e-08,5.8116022085701195e-08,4.675336932622297e-09,0.0,8.1248405903927e-08,2.313238379747606e-08,0.0
1183,71040.0,71040,5.8084185961139993e-08,5.80841859728463e-08,5.440816945254506e-09,0.0,8.12179772503515e-08,2.3133791256654097e-08,0.0
1184,71100.0,71100,5.8053170337139334e-08,5.8053170348810105e-08,6.2058424306159576e-09,0.0,8.118830331256085e-08,2.3135132943091864e-08,0.0
1185,71160.0,71160,5.802297714342102e-08,5.802297715479053e-08,6.9704251772415925e-09,0.0,8.115938561739137e-08,2.313640844184302e-08,0.0
1186,71220.0,71220,5.799360845380815e-08,5.799360846512032e-08,7.734577002295733e-09,0.0,8.113122580922626e-08,2.313761732310865e-08,0.0
1187,71280.0,71280,5.7965066476347366e-08,5.7965066487808145e-08,8.49830975260614e-09,0.0,8.110382565106331e-08,2.3138759142268774e-08,0.0
1188,71340.0,71340,5.793735355338235e-08,5.7937353565123383e-08,9.261635308097605e-09,0.0,8.107718702577161e-08,2.3139833439894855e-08,0.0
1189,71400.0,71400,5.79104721635011e-08,5.7910472174904533e-08,1.0024565580829017e-08,0.0,8.105131193733946e-08,2.3140839741782116e-08,0.0
1190,71460.0,71460,5.7884424920624904e-08,5.7884424932277907e-08,1.078711252332119e-08,0.0,8.102620251219969e-08,2.3141777558947915e-08,0.0
1191,71520.0,71520,5.7859214580589996e-08,5.785921459234476e-08,1.1549288123062931e-08,0.0,8.100186100069153e-08,2.3142646387656395e-08,0.0
1192,71580.0,71580,5.7834844036900836e-08,5.7834844048518297e-08,1.2311104408986595e-08,0.0,8.097828977849024e-08,2.3143445709403117e-08,0.0
1193,71640.0,71640,5.781131632518844e-08,5.7811316336564414e-08,1.3072573450747448e-08,0.0,8.095549134820216e-08,2.3144174990910223e-08,0.0
1194,71700.0,71700,5.778863462479584e-08,5.7788634636198464e-08,1.3833707365957525e-08,0.0,8.093346834103426e-08,2.314483368412039e-08,0.0
1195,71760.0,71760,5.776680225975532e-08,5.7766802271248405e-08,1.4594518314523283e-08,0.0,8.09122235185055e-08,2.314542122616289e-08,0.0
1196,71820.0,71820,5.774582270258934e-08,5.774582271440791e-08,1.5355018507360318e-08,0.0,8.089175977429965e-08,2.3145937039324524e-08,0.0
1197,71880.0,71880,5.772569957283812e-08,5.77256995844887e-08,1.6115220205207313e-08,0.0,8.087208013624404e-08,2.3146380531009643e-08,0.0
1198,71940.0,71940,5.770643664199128e-08,5.770643665357401e-08,1.687513572199217e-08,0.0,8.085318776830135e-08,2.3146751093682392e-08,0.0
1199,72000.0,72000,5.768803783571453e-08,5.76880378474798e-08,1.7634777426017084e-08,0.0,8.08350859727849e-08,2.314704810479524e-08,0.0
1200,72060.0,72060,5.767050723355655e-08,5.7670507245026216e-08,1.839415774297333e-08,0.0,8.081777819262107e-08,2.3147270926716694e-08,0.0
1201,72120.0,72120,5.765384907469709e-08,5.7653849086534245e-08,1.91532891585882e-08,0.0,8.080126801372532e-08,2.314741890663477e-08,0.0
1202,72180.0,72180,5.763806775878052e-08,5.7638067770410097e-08,1.991218421926912e-08,0.0,8.078555916761994e-08,2.314749137644475e-08,0.0
1203,72240.0,72240,5.762316784908346e-08,5.762316786045378e-08,2.067085553510815e-08,0.0,8.077065553403062e-08,2.314748765263246e-08,0.0
1204,72300.0,72300,5.7609154074816646e-08,5.7609154086700644e-08,2.142931578488206e-08,0.0,8.075656114378118e-08,2.3147407036115145e-08,0.0
1205,72360.0,72360,5.7596031337478865e-08,5.759603134886534e-08,2.218757771311444e-08,0.0,8.074328018170191e-08,2.3147248812093296e-08,0.0
1206,72420.0,72420,5.758380470769165e-08,5.758380471945934e-08,2.2945654137653e-08,0.0,8.073081698988375e-08,2.314701224985437e-08,0.0
1207,72480.0,72480,5.757247943589203e-08,5.7572479447486876e-08,2.3703557949159355e-08,0.0,8.071917607086361e-08,2.3146696602574495e-08,0.0
1208,72540.0,72540,5.7562060951854335e-08,5.7562060963426566e-08,2.446130211371454e-08,0.0,8.0708362091242e-08,2.3146301107093966e-08,0.0
1209,72600.0,72600,5.7552554869072635e-08,5.755255488075713e-08,2.5218899679346563e-08,0.0,8.069837988531748e-08,2.314582498364221e-08,0.0
1210,72660.0,72660,5.754396699043457e-08,5.7543967002394484e-08,2.5976363771732413e-08,0.0,8.068923445898445e-08,2.314526743556562e-08,0.0
1211,72720.0,72720,5.753630331260375e-08,5.753630332420102e-08,2.6733707602737517e-08,0.0,8.068093099386438e-08,2.3144627649016192e-08,0.0
1212,72780.0,72780,5.7529570027030146e-08,5.7529570038280934e-08,2.749094447159695e-08,0.0,8.06734748516349e-08,2.314390479259292e-08,0.0
1213,72840.0,72840,5.752377352896687e-08,5.752377354085167e-08,2.8248087766484307e-08,0.0,8.066687157862217e-08,2.314309801697916e-08,0.0
1214,72900.0,72900,5.751892042408171e-08,5.7518920435450415e-08,2.9005150967909173e-08,0.0,8.066112691061942e-08,2.3142206454495588e-08,0.0
1215,72960.0,72960,5.751501752741689e-08,5.751501753885505e-08,2.9762147652654486e-08,0.0,8.065624677800432e-08,2.314122921867414e-08,0.0
1216,73020.0,73020,5.751207187511311e-08,5.751207188676207e-08,3.0519091496725726e-08,0.0,8.065223731113503e-08,2.3140165403737093e-08,0.0
1217,73080.0,73080,5.751009072940337e-08,5.751009074117106e-08,3.127599627747022e-08,0.0,8.0649104846028e-08,2.313901408404177e-08,0.0
1218,73140.0,73140,5.7509081585139715e-08,5.750908159662795e-08,3.20328758779329e-08,0.0,8.064685593040101e-08,2.313777431351398e-08,0.0
1219,73200.0,73200,5.750905217245284e-08,5.7509052184029924e-08,3.2789744288736143e-08,0.0,8.064549733001577e-08,2.3136445124963925e-08,0.0
1220,73260.0,73260,5.751001047397079e-08,5.7510010485689215e-08,3.354661561363166e-08,0.0,8.064503603542509e-08,2.313502552940128e-08,0.0
1221,73320.0,73320,5.751196472206958e-08,5.7511964733531976e-08,3.4303504070238687e-08,0.0,8.064547926906828e-08,2.313351451525461e-08,0.0
1222,73380.0,73380,5.7514923413202055e-08,5.751492342440034e-08,3.506042399799711e-08,0.0,8.06468344927913e-08,2.313191104754026e-08,0.0
1223,73440.0,73440,5.7518895316855686e-08,5.7518895328413385e-08,3.581738985658723e-08,0.0,8.064910941583863e-08,2.3130214066968696e-08,0.0
1224,73500.0,73500,5.752388948282076e-08,5.752388949410466e-08,3.657441623473616e-08,0.0,8.06523120032853e-08,2.312842248893368e-08,0.0
1225,73560.0,73560,5.7529915250233e-08,5.752991526170993e-08,3.733151785042497e-08,0.0,8.06564504849309e-08,2.3126535202488186e-08,0.0
1226,73620.0,73620,5.7536982263310934e-08,5.753698227501966e-08,3.808870955791302e-08,0.0,8.066153336483322e-08,2.3124551069147408e-08,0.0
1227,73680.0,73680,5.754510047717916e-08,5.7545100488818435e-08,3.884600634915654e-08,0.0,8.066756943128624e-08,2.3122468921693433e-08,0.0
1228,73740.0,73740,5.7554280172385356e-08,5.755428018409005e-08,3.960342336275804e-08,0.0,8.067456776752407e-08,2.3120287562777974e-08,0.0
1229,73800.0,73800,5.756453196745137e-08,5.7564531978801494e-08,4.0360975884438334e-08,0.0,8.068253776296368e-08,2.311800576350613e-08,0.0
1230,73860.0,73860,5.7575866830758026e-08,5.757586684271794e-08,4.1118679351790504e-08,0.0,8.06914891252964e-08,2.3115622261821046e-08,0.0
1231,73920.0,73920,5.758829609974983e-08,5.758829611141172e-08,4.187654936436804e-08,0.0,8.070143189313203e-08,2.3113135760840542e-08,0.0
1232,73980.0,73980,5.7601831490336174e-08,5.760183150198675e-08,4.263460168363958e-08,0.0,8.071237644964671e-08,2.3110544926976044e-08,0.0
1233,74040.0,74040,5.7616485116562835e-08,5.761648512829498e-08,4.3392852239653417e-08,0.0,8.072433353695452e-08,2.3107848387972382e-08,0.0
1234,74100.0,74100,5.763226950854056e-08,5.763226952020083e-08,4.4151317139713785e-08,0.0,8.073731427147011e-08,2.3105044730739223e-08,0.0
1235,74160.0,74160,5.764919762895859e-08,5.764919764086682e-08,4.4910012670087513e-08,0.0,8.075133016028414e-08,2.310213249902699e-08,0.0
1236,74220.0,74220,5.766728289564923e-08,5.7667282907429844e-08,4.5668955304512764e-08,0.0,8.076639311853692e-08,2.3099110190925123e-08,0.0
1237,74280.0,74280,5.768653919921514e-08,5.7686539210913375e-08,4.642816171295248e-08,0.0,8.078251548805214e-08,2.309597625613421e-08,0.0
1238,74340.0,74340,5.7706980931580344e-08,5.770698094320992e-08,4.718764876247482e-08,0.0,8.079971005714483e-08,2.3092729093032517e-08,0.0
1239,74400.0,74400,5.772862300400759e-08,5.7728623015513596e-08,4.794743353070069e-08,0.0,8.081799008180962e-08,2.308936704549783e-08,0.0
1240,74460.0,74460,5.77514808763141e-08,5.7751480887964676e-08,4.8707533310553726e-08,0.0,8.083736930834761e-08,2.308588839947691e-08,0.0
1241,74520.0,74520,5.7775570586120346e-08,5.7775570597576274e-08,4.946796561594457e-08,0.0,8.08578619976455e-08,2.3082291379264155e-08,0.0
1242,74580.0,74580,5.7800908774736534e-08,5.7800908786631835e-08,5.022874819462976e-08,0.0,8.087948295100155e-08,2.3078574143474187e-08,0.0
1243,74640.0,74640,5.782751272423691e-08,5.782751273604418e-08,5.098989903380963e-08,0.0,8.090224753796745e-08,2.307473478069014e-08,0.0
1244,74700.0,74700,5.785540038868169e-08,5.785540040041707e-08,5.1751436371167526e-08,0.0,8.092617172612127e-08,2.3070771304735593e-08,0.0
1245,74760.0,74760,5.7884590430574243e-08,5.788459044227974e-08,5.251337870255631e-08,0.0,8.095127211300263e-08,2.3066681649567695e-08,0.0
1246,74820.0,74820,5.7915102264127e-08,5.791510227593588e-08,5.327574479374186e-08,0.0,8.097756596045449e-08,2.3062463663705478e-08,0.0
1247,74880.0,74880,5.794695609476111e-08,5.794695610622754e-08,5.403855369095683e-08,0.0,8.100507123148767e-08,2.3058115104226892e-08,0.0
1248,74940.0,74940,5.798017296711249e-08,5.798017297878972e-08,5.480182473240825e-08,0.0,8.103380663002665e-08,2.305363363022025e-08,0.0
1249,75000.0,75000,5.8014774815500426e-08,5.801477482725842e-08,5.556557756136334e-08,0.0,8.106379164364172e-08,2.3049016795665453e-08,0.0
1250,75060.0,75060,5.8050784515173166e-08,5.805078452716377e-08,5.632983213482628e-08,0.0,8.109504658962623e-08,2.3044262041722406e-08,0.0
1251,75120.0,75120,5.8088225943797124e-08,5.808822595553251e-08,5.7094608743317115e-08,0.0,8.112759266476821e-08,2.3039366688310292e-08,0.0
1252,75180.0,75180,5.8127124041014144e-08,5.8127124052923176e-08,5.785992802173243e-08,0.0,8.116145199904236e-08,2.3034327924941775e-08,0.0
1253,75240.0,75240,5.816750488015092e-08,5.816750489210599e-08,5.8625810963968166e-08,0.0,8.119664771375147e-08,2.302914280073905e-08,0.0
1254,75300.0,75300,5.820939573816606e-08,5.820939574983602e-08,5.939227894218322e-08,0.0,8.123320398436446e-08,2.3023808213541248e-08,0.0
1255,75360.0,75360,5.825282517769683e-08,5.825282518946856e-08,6.015935372183417e-08,0.0,8.127114610868337e-08,2.3018320897996618e-08,0.0
1256,75420.0,75420,5.829782313491299e-08,5.829782314707159e-08,6.092705748078222e-08,0.0,8.131050058077298e-08,2.301267741256275e-08,0.0
1257,75480.0,75480,5.834442101279572e-08,5.8344421024837204e-08,6.16954128313465e-08,0.0,8.135129517126466e-08,2.3006874125247637e-08,0.0
1258,75540.0,75540,5.8392651783273386e-08,5.8392651795490136e-08,6.246444283730301e-08,0.0,8.139355901467634e-08,2.3000907198039895e-08,0.0
1259,75600.0,75600,5.844255010220332e-08,5.844255011412608e-08,6.323417104177333e-08,0.0,8.143732270449892e-08,2.2994772569770104e-08,0.0
1260,75660.0,75660,150.00000004892786,4.892786547788506e-08,6.400462148722887e-08,150.0,7.265124606083052e-08,2.3723380565201437e-08,0.0
1261,75720.0,75720,150.00000004896037,4.896039088118863e-08,6.463845905812775e-08,150.0,7.267868896992606e-08,2.3718298070656626e-08,0.0
1262,75780.0,75780,150.00000004899428,4.899429352460223e-08,6.527277012335159e-08,150.0,7.270743676889618e-08,2.3713143226400516e-08,0.0
1263,75840.0,75840,150.00000004902958,4.902959672765972e-08,6.590757437557654e-08,150.0,7.273750914375055e-08,2.37079123980076e-08,0.0
1264,75900.0,75900,150.0000000490663,4.906632438235631e-08,6.654289184444827e-08,150.0,7.276892626272623e-08,2.3702601862006017e-08,0.0
1265,75960.0,75960,150.00000004910447,4.9104500991826865e-08,6.717874291043168e-08,150.0,7.280170881972621e-08,2.3697207810054384e-08,0.0
1266,76020.0,76020,150.00000004914415,4.9144151706958194e-08,6.781514830883641e-08,150.0,7.283587807804741e-08,2.369172635278994e-08,0.0
1267,76080.0,76080,150.00000004918527,4.9185302373431565e-08,6.845212914116532e-08,150.0,7.287145591476823e-08,2.3686153523268768e-08,0.0
1268,76140.0,76140,150.00000004922796,4.922797956760646e-08,6.908970688507137e-08,150.0,7.29084648660893e-08,2.3680485280051512e-08,0.0
1269,76200.0,76200,150.0000000492722,4.9272210646242087e-08,6.972790340589032e-08,150.0,7.29469281738059e-08,2.367471750984362e-08,0.0
1270,76260.0,76260,150.00000004931798,4.931802378551898e-08,7.036674096479086e-08,150.0,7.29868698334519e-08,2.366884602976367e-08,0.0
1271,76320.0,76320,150.00000004936544,4.936544803693024e-08,7.100624223464201e-08,150.0,7.302831464409818e-08,2.3662866589131557e-08,0.0
1272,76380.0,76380,150.0000000494145,4.941451337127671e-08,7.164643030875368e-08,150.0,7.30712882603864e-08,2.3656774870840703e-08,0.0
1273,76440.0,76440,150.00000004946526,4.946525073699337e-08,7.228732871673036e-08,150.0,7.311581724697297e-08,2.3650566492216204e-08,0.0
1274,76500.0,76500,150.00000004951767,4.951769211216058e-08,7.292896143813517e-08,150.0,7.316192913586763e-08,2.3644237005392833e-08,0.0
1275,76560.0,76560,150.00000004957184,4.9571870571291576e-08,7.357135291443691e-08,150.0,7.320965248682591e-08,2.3637781897179325e-08,0.0
1276,76620.0,76620,150.0000000496278,4.962782034508117e-08,7.42145280697977e-08,150.0,7.32590169514107e-08,2.3631196588349675e-08,0.0
1277,76680.0,76680,150.00000004968555,4.9685576890445705e-08,7.485851232304099e-08,150.0,7.331005334091534e-08,2.3624476432370244e-08,0.0
1278,76740.0,76740,150.00000004974515,4.974517696702916e-08,7.550333160662607e-08,150.0,7.336279369879829e-08,2.361761671349973e-08,0.0
1279,76800.0,76800,150.00000004980663,4.9806658715351347e-08,7.614901238764817e-08,150.0,7.34172713779332e-08,2.3610612644234106e-08,0.0
1280,76860.0,76860,150.00000004987004,4.987006174335647e-08,7.679558168297574e-08,150.0,7.347352112326935e-08,2.360345936208204e-08,0.0
1281,76920.0,76920,150.0000000499354,4.993542721635243e-08,7.744306708325102e-08,150.0,7.353157916045851e-08,2.3596151925581062e-08,0.0
1282,76980.0,76980,150.00000005000277,5.0002797962759266e-08,7.809149677665567e-08,150.0,7.359148329097775e-08,2.358868530953718e-08,0.0
1283,77040.0,77040,150.0000000500722,5.007221857668112e-08,7.874089956791826e-08,150.0,7.365327299453013e-08,2.358105439940314e-08,0.0
1284,77100.0,77100,110.00000005252768,5.2527544367148905e-08,7.939130490890393e-08,110.00000000000014,7.5995688896062e-08,2.346814450932236e-08,0.0
1285,77160.0,77160,299.99999986119605,-1.3880394275907496e-07,8.007677631985124e-08,300.0,1.9643997188118764e-08,1.5844793997202984e-07,0.0
1286,77220.0,77220,299.99999986120446,-1.3879552434287535e-07,7.771426885323108e-08,300.0,1.964388493449575e-08,1.5843940930213616e-07,0.0
1287,77280.0,77280,299.99999986121236,-1.3878761668632096e-07,7.535190198840364e-08,300.0,1.9643774875876786e-08,1.5843139158684368e-07,0.0
1288,77340.0,77340,299.99999986121986,-1.3878009542422902e-07,7.298966720505683e-08,300.0,1.9643668404637003e-08,1.5842376385344028e-07,0.0
1289,77400.0,77400,299.99999986122685,-1.387730394335995e-07,7.062755805531974e-08,300.0,1.964356343584386e-08,1.584166028939126e-07,0.0
1290,77460.0,77460,299.99999986123356,-1.38766441910225e-07,6.826556677948814e-08,300.0,1.964345942816021e-08,1.584099013627202e-07,0.0
1291,77520.0,77520,299.9999998612397,-1.387602365880483e-07,6.590368573437657e-08,300.0,1.964335692352249e-08,1.5840359353578987e-07,0.0
1292,77580.0,77580,299.9999998612455,-1.3875445522504793e-07,6.354190837929149e-08,300.0,1.9643254805007948e-08,1.583977100541453e-07,0.0
1293,77640.0,77640,299.9999998612509,-1.3874905370070989e-07,6.118022764750187e-08,300.0,1.9643153317533542e-08,1.5839220704220526e-07,0.0
1294,77700.0,77700,299.9999998612559,-1.3874405205949966e-07,5.881863720505721e-08,300.0,1.964305162963426e-08,1.5838710371297238e-07,0.0
1295,77760.0,77760,299.9999998612605,-1.3873947971573887e-07,5.645713038880575e-08,300.0,1.964294878341128e-08,1.583824285228315e-07,0.0
1296,77820.0,77820,299.9999998612647,-1.387352605264955e-07,5.409570004576176e-08,300.0,1.9642845690371308e-08,1.5837810624040482e-07,0.0
1297,77880.0,77880,299.9999998612686,-1.3873141598236054e-07,5.173434029066621e-08,300.0,1.9642741595946987e-08,1.5837415760169086e-07,0.0
1298,77940.0,77940,15.000000059983323,5.998332329281893e-08,4.93730448812613e-08,15.0,8.277950108148771e-08,2.2796177766831525e-08,0.0
1299,78000.0,78000,299.9999998612756,-1.387243436260973e-07,5.0165819904715235e-08,300.0,1.964253412954241e-08,1.5836687777872502e-07,0.0
1300,78060.0,78060,299.9999998612788,-1.387211130569956e-07,4.7804642905333837e-08,300.0,1.964243055717181e-08,1.5836354363710492e-07,0.0
1301,78120.0,78120,299.99999986128165,-1.3871824399188677e-07,4.544352001720263e-08,300.0,1.964232530602398e-08,1.5836056932068633e-07,0.0
1302,78180.0,78180,299.99999986128415,-1.387157374508478e-07,4.308244521879481e-08,300.0,1.9642218076695615e-08,1.58357955550151e-07,0.0
1303,78240.0,78240,299.9999998612863,-1.387136066354286e-07,4.0721412472873696e-08,300.0,1.964210838082134e-08,1.5835571503865987e-07,0.0
1304,78300.0,78300,299.9999998612882,-1.3871178961225114e-07,3.8360415523787953e-08,300.0,1.9641997058741398e-08,1.5835378669322718e-07,0.0
1305,78360.0,78360,299.99999986128967,-1.387103358757399e-07,3.599944914342688e-08,300.0,1.964188303255844e-08,1.5835221893033288e-07,0.0
1306,78420.0,78420,299.9999998612908,-1.3870917823984014e-07,3.363850728627763e-08,300.0,1.964176727366153e-08,1.5835094553536963e-07,0.0
1307,78480.0,78480,299.99999986129154,-1.3870840182102644e-07,3.127758501832521e-08,300.0,1.9641648121036623e-08,1.5835004996370848e-07,0.0
1308,78540.0,78540,299.99999986129205,-1.3870794319303622e-07,2.8916675996717062e-08,300.0,1.96415265157207e-08,1.5834946973019197e-07,0.0
1309,78600.0,78600,155.00000005022983,5.022970153980682e-08,2.655577492875264e-08,155.00000000000014,7.371173026421988e-08,2.3482028705726104e-08,0.0
1310,78660.0,78660,299.99999986129234,-1.3870761963596242e-07,2.7208659104141694e-08,300.0,1.964127202668675e-08,1.5834889168366624e-07,0.0
1311,78720.0,78720,299.99999986129217,-1.3870776952312698e-07,2.4847764077882783e-08,300.0,1.9641138938264624e-08,1.5834890848221363e-07,0.0
1312,78780.0,78780,299.9999998612917,-1.3870823005018807e-07,2.248686689242122e-08,300.0,1.9641003308772465e-08,1.5834923337956995e-07,0.0
1313,78840.0,78840,299.999999861291,-1.3870901070632633e-07,2.0125962376085572e-08,300.0,1.9640864867162497e-08,1.5834987559387935e-07,0.0
1314,78900.0,78900,299.99999986128984,-1.387101207016254e-07,1.776504520098449e-08,300.0,1.964072336013803e-08,1.5835084408191087e-07,0.0
1315,78960.0,78960,299.9999998612885,-1.3871153184853368e-07,1.5404109883845262e-08,300.0,1.9640579198657756e-08,1.583521110670903e-07,0.0
1316,79020.0,79020,299.99999986128677,-1.387132337670879e-07,1.304315141335223e-08,300.0,1.9640432495360555e-08,1.5835366628210117e-07,0.0
1317,79080.0,79080,299.9999998612848,-1.3871518496581e-07,1.068216494789625e-08,300.0,1.9640283916935926e-08,1.5835546890219189e-07,0.0
1318,79140.0,79140,299.9999998612825,-1.3871748823792275e-07,8.321146338328568e-09,300.0,1.9640131624095382e-08,1.5835761988118464e-07,0.0
1319,79200.0,79200,255.00000000146957,1.4695987513360348e-09,5.960089725467444e-09,255.0,4.234279758247034e-08,4.087319885058269e-08,0.0
1320,79260.0,79260,6.018686570929034e-08,6.018686572156525e-08,5.878727899765603e-09,0.0,8.297098041346548e-08,2.2784114669701144e-08,0.0
1321,79320.0,79320,6.013903032930634e-08,6.013903034152552e-08,6.674416737152061e-09,0.0,8.292586229611593e-08,2.2786831932810902e-08,0.0
1322,79380.0,79380,6.009206877725231e-08,6.009206878954337e-08,7.469421116962779e-09,0.0,8.28815501922389e-08,2.2789481380924505e-08,0.0
1323,79440.0,79440,6.004598088218496e-08,6.004598089456325e-08,8.263753588218885e-09,0.0,8.283804373898409e-08,2.279206282265062e-08,0.0
1324,79500.0,79500,6.00007666315233e-08,6.000076664352522e-08,9.057426696895697e-09,0.0,8.279534271314016e-08,2.279457604786855e-08,0.0
1325,79560.0,79560,5.995642617003737e-08,5.995642618204736e-08,9.850452991410518e-09,0.0,8.275344703132692e-08,2.279702082773872e-08,0.0
1326,79620.0,79620,5.991295980173497e-08,5.99129598138015e-08,1.0642845021753166e-08,0.0,8.271235675029906e-08,2.279939691472815e-08,0.0
1327,79680.0,79680,5.987036799088659e-08,5.987036800332061e-08,1.1434615341418534e-08,0.0,8.267207206720777e-08,2.2801704042628597e-08,0.0
1328,79740.0,79740,5.982865135998606e-08,5.982865137189105e-08,1.2225776513567654e-08,0.0,8.263259331988509e-08,2.2803941926575553e-08,0.0
1329,79800.0,79800,5.978781069071649e-08,5.978781070280725e-08,1.3016341109583395e-08,0.0,8.259392098724449e-08,2.2806110263047026e-08,0.0
1330,79860.0,79860,5.974784692642983e-08,5.974784693820398e-08,1.3806321712639943e-08,0.0,8.255605568960716e-08,2.2808208729879696e-08,0.0
1331,79920.0,79920,5.970876116917064e-08,5.970876118137204e-08,1.4595730920869445e-08,0.0,8.251899818916888e-08,2.2810236986268104e-08,0.0
1332,79980.0,79980,5.96705546840576e-08,5.967055469628889e-08,1.5384581348615928e-08,0.0,8.248274939044418e-08,2.2812194672760215e-08,0.0
1333,80040.0,80040,5.963322889576705e-08,5.963322890782308e-08,1.61728856269958e-08,0.0,8.244731034081236e-08,2.281408141125661e-08,0.0
1334,80100.0,80100,5.9596785392650343e-08,5.959678540459815e-08,1.6960656411714858e-08,0.0,8.241268223110222e-08,2.2815896804990285e-08,0.0
1335,80160.0,80160,5.956122592417204e-08,5.956122593616507e-08,1.774790638014211e-08,0.0,8.237886639621238e-08,2.2817640438517375e-08,0.0
1336,80220.0,80220,5.9526552404683236e-08,5.9526552416866064e-08,1.8534648234960826e-08,0.0,8.234586431584784e-08,2.281931187769494e-08,0.0
1337,80280.0,80280,5.9492766912298974e-08,5.949276692414339e-08,1.932089470802271e-08,0.0,8.231367761526626e-08,2.282091066965309e-08,0.0
1338,80340.0,80340,5.945987168982944e-08,5.945987170175624e-08,2.010665856215145e-08,0.0,8.228230806613733e-08,2.2822436342764714e-08,0.0
1339,80400.0,80400,5.942786914739682e-08,5.9427869159449614e-08,2.0891952591259984e-08,0.0,8.225175758748127e-08,2.282388840660428e-08,0.0
1340,80460.0,80460,5.939676186162762e-08,5.9396761873520494e-08,2.1676789626271943e-08,0.0,8.222202824667683e-08,2.2825266351889683e-08,0.0
1341,80520.0,80520,5.936655257655726e-08,5.936655258841379e-08,2.2461182535791177e-08,0.0,8.21931222605435e-08,2.282656965046488e-08,0.0
1342,80580.0,80580,5.933724420797775e-08,5.933724422003943e-08,2.3245144227221813e-08,0.0,8.216504199651916e-08,2.2827797755191672e-08,0.0
1343,80640.0,80640,5.930883984025385e-08,5.9308839852786396e-08,2.402868765294727e-08,0.0,8.213778997396678e-08,2.2828950099919397e-08,0.0
1344,80700.0,80700,5.9281342733074355e-08,5.928134274486789e-08,2.4811825808553827e-08,0.0,8.211136886553144e-08,2.2830026099385603e-08,0.0
1345,80760.0,80760,5.925475631651081e-08,5.925475632838188e-08,2.5594571737647924e-08,0.0,8.208578149864247e-08,2.2831025149132054e-08,0.0
1346,80820.0,80820,5.9229084198717775e-08,5.922908421052342e-08,2.6376938534315112e-08,0.0,8.206103085711104e-08,2.2831946625404158e-08,0.0
1347,80880.0,80880,5.920433016484652e-08,5.9204330176501944e-08,2.715893934462554e-08,0.0,8.20371200828069e-08,2.283278988504316e-08,0.0
1348,80940.0,80940,5.918049817878637e-08,5.918049819087794e-08,2.7940587372107906e-08,0.0,8.201405247753217e-08,2.283355426536135e-08,0.0
1349,81000.0,81000,5.915759238756081e-08,5.915759239964833e-08,2.8721895874688815e-08,0.0,8.19918315049468e-08,2.2834239084005162e-08,0.0
1350,81060.0,81060,5.91356171201814e-08,5.9135617132333534e-08,2.9502878172940246e-08,0.0,8.197046079265875e-08,2.28348436387985e-08,0.0
1351,81120.0,81120,5.911457689323765e-08,5.911457690561836e-08,3.028354765108672e-08,0.0,8.194994413448396e-08,2.2835367207585627e-08,0.0
1352,81180.0,81180,5.9094476411193434e-08,5.909447642329469e-08,3.106391775664791e-08,0.0,8.193028549274648e-08,2.2835809048031684e-08,0.0
1353,81240.0,81240,5.907532056995524e-08,5.9075320582013696e-08,3.184400200754326e-08,0.0,8.19114890008695e-08,2.283616839743571e-08,0.0
1354,81300.0,81300,5.905711445985894e-08,5.905711447177685e-08,3.2623813993318043e-08,0.0,8.189355896598739e-08,2.2836444472494823e-08,0.0
1355,81360.0,81360,5.90398633693632e-08,5.9039863381350575e-08,3.340336737587831e-08,0.0,8.187649987185477e-08,2.283663646906632e-08,0.0
1356,81420.0,81420,5.902357278685629e-08,5.902357279869102e-08,3.41826758944528e-08,0.0,8.186031638180918e-08,2.2836743561894736e-08,0.0
1357,81480.0,81480,299.9999998612514,-1.387485194309992e-07,3.496175337028669e-08,300.0,1.963672120989761e-08,1.5838524065203272e-07,0.0
1358,81540.0,81540,299.99999986125226,-1.3874773917384782e-07,3.260018830321389e-08,300.0,1.9636693203387262e-08,1.5838443238816926e-07,0.0
1359,81600.0,81600,299.9999998612527,-1.3874719844072434e-07,3.023863631788632e-08,300.0,1.9636665466532474e-08,1.5838386391805852e-07,0.0
1360,81660.0,81660,299.9999998612529,-1.3874702101390626e-07,2.7877093420694575e-08,300.0,1.9636635665031893e-08,1.5838365668957047e-07,0.0
1361,81720.0,81720,299.9999998612528,-1.3874715408810497e-07,2.5515553561428434e-08,300.0,1.963660458485492e-08,1.583837586834109e-07,0.0
1362,81780.0,81780,299.9999998612524,-1.387476045585308e-07,2.315401156963522e-08,300.0,1.963657197761366e-08,1.5838417654641031e-07,0.0
1363,81840.0,81840,299.9999998612516,-1.3874837251662767e-07,2.079246215567908e-08,300.0,1.963653772902623e-08,1.5838491025572146e-07,0.0
1364,81900.0,81900,299.9999998612505,-1.3874943867526366e-07,1.843090003419711e-08,300.0,1.963650207951191e-08,1.5838594076465777e-07,0.0
1365,81960.0,81960,299.99999986124914,-1.3875082774072825e-07,1.606932023728346e-08,300.0,1.9636464508692066e-08,1.583872922590699e-07,0.0
1366,82020.0,82020,85.00000005368075,5.3680878843298224e-08,1.3707717388108291e-08,84.99999999999986,7.695941923286245e-08,2.3278540369712215e-08,0.0
1367,82080.0,82080,5.8689549178176845e-08,5.868954919009799e-08,1.4410002266878258e-08,0.0,8.154031093411422e-08,2.285076172296321e-08,0.0
1368,82140.0,82140,5.86486986369157e-08,5.864869864890146e-08,1.5184312759511017e-08,0.0,8.150162560805754e-08,2.285292693817131e-08,0.0
1369,82200.0,82200,5.8608660383808604e-08,5.8608660395611836e-08,1.59580391281184e-08,0.0,8.146368472551985e-08,2.285502430886186e-08,0.0
1370,82260.0,82260,5.8569436125420936e-08,5.8569436137216896e-08,1.6731193048286484e-08,0.0,8.14264894915279e-08,2.2857053333369048e-08,0.0
1371,82320.0,82320,5.853102769666585e-08,5.853102770871703e-08,1.7503786223756767e-08,0.0,8.139004122345802e-08,2.2859013493701707e-08,0.0
1372,82380.0,82380,5.849343706246724e-08,5.8493437074432005e-08,1.8275830384946934e-08,0.0,8.1354341351267e-08,2.286090425557523e-08,0.0
1373,82440.0,82440,5.845666631563483e-08,5.845666632782573e-08,1.9047337289950154e-08,0.0,8.13193914178064e-08,2.286272506846325e-08,0.0
1374,82500.0,82500,5.8420717680417824e-08,5.842071769258127e-08,1.981831872916097e-08,0.0,8.128519307918672e-08,2.2864475365639653e-08,0.0
1375,82560.0,82560,5.8385593507688053e-08,5.838559351970854e-08,2.0588786525705177e-08,0.0,8.125174810517313e-08,2.2866154564183815e-08,0.0
1376,82620.0,82620,5.835129628165488e-08,5.8351296293215e-08,2.1358752535772602e-08,0.0,8.12190583796468e-08,2.2867762065044815e-08,0.0
1377,82680.0,82680,5.831782861516862e-08,5.8317828626972654e-08,2.212822865731059e-08,0.0,8.118712590112566e-08,2.2869297253037802e-08,0.0
1378,82740.0,82740,5.8285193253474584e-08,5.828519326533354e-08,2.2897226820179183e-08,0.0,8.115595278336625e-08,2.2870759496875495e-08,0.0
1379,82800.0,82800,5.8253393073585506e-08,5.825339308553169e-08,2.3665758999972082e-08,0.0,8.112554125598873e-08,2.2872148149187164e-08,0.0
1380,82860.0,82860,5.8222431085627135e-08,5.8222431097398054e-08,2.44338372102651e-08,0.0,8.109589366520311e-08,2.287346254651014e-08,0.0
1381,82920.0,82920,5.819231043253211e-08,5.819231044404619e-08,2.5201473512213215e-08,0.0,8.106701247454976e-08,2.287470200930073e-08,0.0
1382,82980.0,82980,5.8163034391456614e-08,5.816303440298604e-08,2.5968680012835123e-08,0.0,8.10389002657871e-08,2.2875865841932594e-08,0.0
1383,83040.0,83040,5.813460637435786e-08,5.813460638592202e-08,2.673546886579907e-08,0.0,8.101155973977033e-08,2.287695333267212e-08,0.0
1384,83100.0,83100,5.810702993126595e-08,5.8107029942754994e-08,2.7501852275999104e-08,0.0,8.098499371744402e-08,2.2877963753658225e-08,0.0
1385,83160.0,83160,5.808030874750063e-08,5.808030875896948e-08,2.8267842500018264e-08,0.0,8.095920514092526e-08,2.2878896360864794e-08,0.0
1386,83220.0,83220,5.805444664822654e-08,5.805444665972124e-08,2.903345184892027e-08,0.0,8.093419707459954e-08,2.287975039405789e-08,0.0
1387,83280.0,83280,5.802944759700914e-08,5.8029447608758255e-08,2.9798692689455787e-08,0.0,8.090997270638733e-08,2.2880525076744853e-08,0.0
1388,83340.0,83340,5.8005315700313355e-08,5.8005315712089124e-08,3.056357744724421e-08,0.0,8.088653534900955e-08,2.2881219616085065e-08,0.0
1389,83400.0,83400,5.7982055205621745e-08,5.798205521735148e-08,3.132811860664444e-08,0.0,8.086388844135663e-08,2.288183320283664e-08,0.0
1390,83460.0,83460,5.7959670505707864e-08,5.79596705176387e-08,3.209232871541877e-08,0.0,8.084203555003683e-08,2.2882365011231233e-08,0.0
1391,83520.0,83520,5.793816613931548e-08,5.793816615122451e-08,3.285622038528892e-08,0.0,8.082098037088247e-08,2.2882814198858144e-08,0.0
1392,83580.0,83580,5.791754679114732e-08,5.791754680308462e-08,3.36198062942977e-08,0.0,8.080072673062589e-08,2.2883179906552058e-08,0.0
1393,83640.0,83640,5.789781729768747e-08,5.7897817309669195e-08,3.438309918865408e-08,0.0,8.078127858864719e-08,2.288346125821978e-08,0.0
1394,83700.0,83700,5.787898264531311e-08,5.787898265683769e-08,3.5146111886681105e-08,0.0,8.076264003890462e-08,2.2883657360671057e-08,0.0
1395,83760.0,83760,5.786104797645856e-08,5.786104798785876e-08,3.590885727610855e-08,0.0,8.074481531181152e-08,2.2883767303428355e-08,0.0
1396,83820.0,83820,5.784401858472251e-08,5.784401859678903e-08,3.667134832480522e-08,0.0,8.072780877638153e-08,2.288379015848415e-08,0.0
1397,83880.0,83880,299.9999998612402,-1.3875979201706977e-07,3.7433598074007466e-08,300.0,1.9636283344779837e-08,1.5839607536589461e-07,0.0
1398,83940.0,83940,299.999999861241,-1.3875895614027168e-07,3.507184646688538e-08,300.0,1.9636305340609738e-08,1.583952614847774e-07,0.0
1399,84000.0,84000,299.9999998612415,-1.3875845720953392e-07,3.271010874430604e-08,300.0,1.963632693572578e-08,1.5839478414900042e-07,0.0
1400,84060.0,84060,299.9999998612417,-1.3875823445439755e-07,3.0348379290068094e-08,300.0,1.963634904077288e-08,1.5839458349878817e-07,0.0
1401,84120.0,84120,299.9999998612416,-1.3875838021812812e-07,2.7986653499873966e-08,300.0,1.963636987554635e-08,1.5839475009711553e-07,0.0
1402,84180.0,84180,299.99999986124106,-1.3875882865059202e-07,2.5624925234698055e-08,300.0,1.9636390471186148e-08,1.5839521912505063e-07,0.0
1403,84240.0,84240,299.9999998612403,-1.3875961645958111e-07,2.3263189450039942e-08,300.0,1.9636410060200246e-08,1.5839602652284927e-07,0.0
1404,84300.0,84300,299.9999998612393,-1.3876068668342486e-07,2.0901440491568362e-08,300.0,1.9636429545272813e-08,1.5839711623159316e-07,0.0
1405,84360.0,84360,299.9999998612379,-1.3876203719099064e-07,1.8539673652759096e-08,300.0,1.9636448873065607e-08,1.5839848606678392e-07,0.0
1406,84420.0,84420,299.9999998612362,-1.3876372412428294e-07,1.617788426226943e-08,300.0,1.96364669719322e-08,1.5840019109874574e-07,0.0
1407,84480.0,84480,299.99999986123424,-1.387657221346693e-07,1.3816066716312438e-08,300.0,1.963648422384578e-08,1.5840220636081875e-07,0.0
1408,84540.0,84540,289.9999996762521,-3.2374796864594125e-07,1.1454215830938345e-08,290.00000000000017,3.314646229294201e-08,3.5689443124168237e-07,0.0
1409,84600.0,84600,299.99999986122947,-1.3877048711034863e-07,5.975552557250868e-09,300.0,1.963651547523254e-08,1.584070025874919e-07,0.0
1410,84660.0,84660,299.9999998612267,-1.387732729742184e-07,3.6136221840374346e-09,300.0,1.9636529192719326e-08,1.5840980216866268e-07,0.0
1411,84720.0,84720,299.99999986122356,-1.3877639763439113e-07,1.251645348884665e-09,300.0,1.9636541544288494e-08,1.5841293918016208e-07,0.0
1412,84780.0,84780,299.9999998612202,-1.3877975144599604e-07,-1.1103835925429427e-09,300.0,1.96365544562848e-08,1.5841630590355715e-07,0.0
1413,84840.0,84840,299.9999998612165,-1.387833890966013e-07,-3.4724684603371794e-09,300.0,1.9636566954235306e-08,1.5841995605191725e-07,0.0
1414,84900.0,84900,299.99999986121264,-1.3878733683132569e-07,-5.834613984964143e-09,300.0,1.963657857593715e-08,1.5842391540808726e-07,0.0
1415,84960.0,84960,299.99999986120844,-1.3879154924258012e-07,-8.196825333212145e-09,300.0,1.9636590137905653e-08,1.5842813938107496e-07,0.0
1416,85020.0,85020,299.99999986120395,-1.3879597869636738e-07,-1.0559106916300153e-08,300.0,1.9636602505363022e-08,1.5843258120212415e-07,0.0
1417,85080.0,85080,299.9999998611992,-1.3880075282900697e-07,-1.2921462354677319e-08,300.0,1.9636613442639438e-08,1.5843736627176918e-07,0.0
1418,85140.0,85140,155.00000004718663,4.7186470848703866e-08,-1.5283897387992775e-08,155.00000000000014,7.092725293885322e-08,2.3740782072448962e-08,0.0
1419,85200.0,85200,5.67817729237978e-08,5.6781772935519454e-08,-1.467477195896325e-08,0.0,7.972669260680674e-08,2.294491965042771e-08,0.0
1420,85260.0,85260,5.671279113328144e-08,5.6712791144896476e-08,-1.3927723427319473e-08,0.0,7.966255004761867e-08,2.29497588821675e-08,0.0
1421,85320.0,85320,5.664445098740927e-08,5.6644450998927394e-08,-1.318166423576553e-08,0.0,7.959900400180914e-08,2.2954552982389245e-08,0.0
1422,85380.0,85380,5.6576751363993583e-08,5.657675137559732e-08,-1.2436585182254436e-08,0.0,7.95360531290149e-08,2.29593017329695e-08,0.0
1423,85440.0,85440,5.650969122744942e-08,5.650969123908062e-08,-1.1692477076905476e-08,0.0,7.947369616165547e-08,2.2964004901741112e-08,0.0
1424,85500.0,85500,5.644326962909585e-08,5.644326964083285e-08,-1.0949330747943582e-08,0.0,7.941193190391309e-08,2.2968662242594607e-08,0.0
1425,85560.0,85560,5.637748570326785e-08,5.6377485714682595e-08,-1.0207137035285458e-08,0.0,7.935075923069728e-08,2.2973273495622748e-08,0.0
1426,85620.0,85620,5.631233866763214e-08,5.631233867904123e-08,-9.465886788589059e-09,0.0,7.92901770866668e-08,2.297783838722675e-08,0.0
1427,85680.0,85680,5.6247827823066e-08,5.6247827834554236e-08,-8.725570869834899e-09,0.0,7.923018448518846e-08,2.2982356630262467e-08,0.0
1428,85740.0,85740,5.618395255143376e-08,5.618395256304961e-08,-7.986180148818564e-09,0.0,7.917078050741895e-08,2.298682792414741e-08,0.0
1429,85800.0,85800,5.6120712314517486e-08,5.612071232596534e-08,-7.247705505239141e-09,0.0,7.911196430127415e-08,2.2991251955028326e-08,0.0
1430,85860.0,85860,5.605810665306957e-08,5.6058106664449575e-08,-6.510137823977191e-09,0.0,7.905373508051087e-08,2.2995628395895097e-08,0.0
1431,85920.0,85920,5.5996135185295095e-08,5.599613519662988e-08,-5.7734679958573936e-09,0.0,7.899609212382385e-08,2.2999956906731757e-08,0.0
1432,85980.0,85980,5.5934797607764565e-08,5.593479761895962e-08,-5.037686917079949e-09,0.0,7.89390347738515e-08,2.30042371346643e-08,0.0
1433,86040.0,86040,5.5874093690584805e-08,5.5874093701972084e-08,-4.3027854863254984e-09,0.0,7.888256243633926e-08,2.3008468714116977e-08,0.0
1434,86100.0,86100,5.581402328093577e-08,5.581402329208964e-08,-3.5687546046743095e-09,0.0,7.882667457925428e-08,2.3012651266948766e-08,0.0
1435,86160.0,86160,5.575458629748149e-08,5.575458630886958e-08,-2.8355851754165746e-09,0.0,7.877137073184293e-08,2.301678440262058e-08,0.0
1436,86220.0,86220,5.569578273356598e-08,5.569578274487169e-08,-2.103268101275479e-09,0.0,7.871665048386998e-08,2.3020867718364456e-08,0.0
1437,86280.0,86280,5.5637612654041586e-08,5.563761266505572e-08,-1.3717942843874656e-09,0.0,7.866251348471484e-08,2.302490079931563e-08,0.0
1438,86340.0,86340,5.558007619244935e-08,5.558007620400947e-08,-6.411546241306704e-10,0.0,7.860895944259935e-08,2.3028883218722515e-08,0.0
1439,86400.0,86400,2.195406866044944e-11,2.195407070221223e-11,8.865998259870672e-11,0.0,3.56174994567392e-08,3.5595545724230224e-08,0.0
1440,,86460,,,,,,,
