,time,time_x,P_Grid,P_BTMS,E_BTMS,P_Charge,P_BTMS_Ch,P_BTMS_DCh,"param: btms size, a,b_sys,b_cap,b_loan,c,d_wait_cost",E_Shift,P_Shift
0,60.0,60,7.162156090827147,7.1621573257725,18.364946098152856,0.0,7.162158327872017,1.0020995103622028e-06,97.60825664430087,-9.867025595754165e-14,1.2349453463164818e-06
1,120.0,120,7.1621563085231505,7.1621564283587205,18.466409991096395,0.0,7.16215744616485,1.0178061224580053e-06,0.1643835616438356,2.058184069542469e-08,1.1983556225755753e-07
2,180.0,180,7.1621563628111025,7.162156377222027,18.567873871287297,0.0,7.162157398676536,1.0214545029230739e-06,0.04323985936321764,2.257862650658563e-08,1.441091814616969e-08
3,240.0,240,7.162156397287278,7.162156399478352,18.669337750744653,0.0,7.1621574219698045,1.022491445127017e-06,0.023148148148148147,2.2818335984128056e-08,2.191068547955547e-09
4,300.0,300,7.162156427941455,7.162156428464475,18.770801630514708,0.0,7.162157451335231,1.0228707486212912e-06,0.009341992564003648,2.2854381774331424e-08,5.230134519477721e-10
5,360.0,360,7.1621564575251275,7.162156457740504,18.87226551069445,0.0,7.162157480806562,1.0230660515329305e-06,0.12,2.286262705929563e-08,2.1536939429295537e-10
6,420.0,420,7.16215648666607,7.162156486794293,18.973729391288447,0.0,7.162157509998186,1.0232038859701632e-06,10.0,2.2865745337450514e-08,1.2821709353708294e-10
7,480.0,480,7.162156515537617,7.1621565156287605,19.075193272293703,0.0,7.162157538950136,1.023321368673696e-06,0.0,2.2867411459404715e-08,9.113731210830288e-11
8,540.0,540,7.162156544196906,7.1621565442672885,19.176657153707147,0.0,7.162157567698074,1.0234307778424591e-06,0.0,2.2868459958791703e-08,7.03762534921403e-11
9,600.0,600,7.162156572668448,7.162156572725185,19.27812103552603,0.0,7.162157596262102,1.0235369094137675e-06,0.0,2.286916280849261e-08,5.673000921639703e-11
10,660.0,660,7.16215660096653,7.162156601013382,19.379584917747803,0.0,7.162157624655392,1.0236420039087982e-06,0.0,2.286963858470054e-08,4.6845177653018464e-11
11,720.0,720,7.162156629101274,7.1621566291404815,19.481048800370058,0.0,7.1621576528877124,1.0237472241652083e-06,0.0,2.2869949974845345e-08,3.920106803319089e-11
12,780.0,780,7.162156657080348,7.16215665711337,19.58251268339052,0.0,7.162157680966528,1.0238531502466182e-06,0.0,2.2870134322393805e-08,3.301664339281971e-11
13,840.0,840,7.1621566849096014,7.162156684937481,19.683976566806997,0.0,7.162157708897484,1.0239599963851628e-06,0.0,2.2870215954154013e-08,2.7873183419061206e-11
14,900.0,900,7.162156712593483,7.162156712617037,19.785440450617386,0.0,7.162157736684789,1.0240677457365327e-06,0.0,2.2870212218707157e-08,2.354555737200482e-11
15,960.0,960,7.162156740135388,7.162156740155306,19.88690433481963,0.0,7.162157764331561,1.0241762486646838e-06,0.0,2.2870136712793388e-08,1.9911473662329238e-11
16,1020.0,1020,7.162156767537941,7.162156767554847,19.98836821941173,0.0,7.162157791840146,1.0242852923068221e-06,0.0,2.287000099522888e-08,1.6900346273964252e-11
17,1080.0,1080,7.1621567948032325,7.162156794817705,20.089832104391714,0.0,7.162157819212357,1.0243946449123457e-06,0.0,2.286981544862462e-08,1.4465674358381224e-11
18,1140.0,1140,7.162156821933005,7.162156821945582,20.191295989757645,0.0,7.162157846449669,1.0245040807425274e-06,0.0,2.286958968077294e-08,1.2570988446391536e-11
19,1200.0,1200,7.162156848928789,7.162156848939977,20.29275987550762,0.0,7.162157873553376,1.0246133922488708e-06,0.0,2.2869332691810468e-08,1.1182816113314466e-11
20,1260.0,1260,7.162156875792026,7.1621568758023,20.394223761639743,0.0,7.162157900524702,1.0247223951415461e-06,0.0,2.2869052924148022e-08,1.0266967350591073e-11
21,1320.0,1320,7.162156902524148,7.162156902533941,20.495687648152142,0.0,7.162157927364876,1.0248309300144524e-06,0.0,2.2868758250489176e-08,9.786485920732175e-12
22,1380.0,1380,7.162156929126623,7.162156929136331,20.597151535042965,0.0,7.1621579540752,1.0249388624497267e-06,0.0,2.2868455927712183e-08,9.700726826909262e-12
23,1440.0,1440,7.162156955600988,7.16215695561096,20.698615422310386,0.0,7.162157980657049,1.0250460823979532e-06,0.0,2.2868152535376676e-08,9.965390607902458e-12
24,1500.0,1500,7.162156981948841,7.162156981959381,20.800079309952597,0.0,7.16215800711189,1.0251525031054388e-06,0.0,2.2867853914808414e-08,1.0533329343748997e-11
25,1560.0,1560,7.1621570081718255,7.162157008183189,20.901543197967808,0.0,7.162158033441255,1.025258059706231e-06,0.0,2.286756512161466e-08,1.1355832298728794e-11
26,1620.0,1620,7.1621570342716065,7.1621570342839975,21.00300708635426,0.0,7.1621580596467105,1.0253627075816223e-06,0.0,2.2867290399629534e-08,1.2384063393533507e-11
27,1680.0,1680,7.162157060249833,7.162157060263411,21.10447097511021,0.0,7.162158085729838,1.0254664205812244e-06,0.0,2.28670331788199e-08,1.357039306771354e-11
28,1740.0,1740,7.162157086108115,7.162157086122992,21.205934864233942,0.0,7.162158111692188,1.0255691891525632e-06,0.0,2.2866796095384506e-08,1.486949555734042e-11
29,1800.0,1800,7.162157111847993,7.162157111864238,21.307398753723763,0.0,7.162158137535264,1.0256710183783055e-06,0.0,2.2866581030145285e-08,1.6239188097587114e-11
30,1860.0,1860,7.162157137470923,7.16215713748857,21.408862643578,0.0,7.162158163260504,1.0257719258978379e-06,0.0,2.2866389160920407e-08,1.764105791152503e-11
31,1920.0,1920,7.162157162978261,7.162157162997309,21.510326533794995,0.0,7.162158188869253,1.0258719397083222e-06,0.0,2.286622102535295e-08,1.904092445636042e-11
32,1980.0,1980,7.162157188371254,7.162157188391672,21.611790424373112,0.0,7.162158214362774,1.0259710958825269e-06,0.0,2.2866076591441125e-08,2.0409169377941496e-11
33,2040.0,2040,7.162157213651046,7.162157213672774,21.713254315310735,0.0,7.162158239742217,1.0260694362822393e-06,0.0,2.2865955333567342e-08,2.1720936773029002e-11
34,2100.0,2100,7.162157238818671,7.162157238841634,21.81471820660626,0.0,7.162158265008648,1.0261670063693936e-06,0.0,2.286585631186583e-08,2.2956194288148736e-11
35,2160.0,2160,7.162157263875064,7.16215726389917,21.916182098258098,0.0,7.162158290163029,1.026263853216083e-06,0.0,2.2865778252613276e-08,2.4099649847505384e-11
36,2220.0,2220,7.162157288821067,7.162157288846214,22.017645990264676,0.0,7.162158315206245,1.0263600237918724e-06,0.0,2.2865719627223865e-08,2.514052136183213e-11
37,2280.0,2280,7.162157313657445,7.162157313683524,22.11910988262443,0.0,7.1621583401390945,1.0264555635765682e-06,0.0,2.286567872741769e-08,2.6072179401241493e-11
38,2340.0,2340,7.162157338384889,7.162157338411787,22.220573775335808,0.0,7.162158364962308,1.026550515509832e-06,0.0,2.286565373442464e-08,2.6891687436496467e-11
39,2400.0,2400,7.16215736300403,7.162157363031636,22.322037668397265,0.0,7.162158389676561,1.026644919262948e-06,0.0,2.286564278053225e-08,2.759927670089776e-11
40,2460.0,2460,7.162157387515449,7.162157387543652,22.423501561807267,0.0,7.1621584142824695,1.0267388107960384e-06,0.0,2.2865644001881075e-08,2.8197789894079643e-11
41,2520.0,2520,7.162157411919684,7.162157411948383,22.524965455564285,0.0,7.162158438780612,1.0268322221534615e-06,0.0,2.2865655581984404e-08,2.869212980041383e-11
42,2580.0,2580,7.162157436217242,7.162157436246338,22.626429349666807,0.0,7.162158463171526,1.0269251814457575e-06,0.0,2.2865675786067255e-08,2.9088735756407097e-11
43,2640.0,2640,7.162157460408603,7.162157460438006,22.727893244113314,0.0,7.1621584874557245,1.0270177129698353e-06,0.0,2.286570298667032e-08,2.9395111823955343e-11
44,2700.0,2700,7.162157484494224,7.162157484523851,22.829357138902306,0.0,7.162158511633694,1.0271098374228095e-06,0.0,2.286573568139813e-08,2.961941532640547e-11
45,2760.0,2760,7.162157508474548,7.162157508504325,22.930821034032284,0.0,7.1621585357059026,1.0272015721751957e-06,0.0,2.2865772503806017e-08,2.9770112034641953e-11
46,2820.0,2820,7.162157532350006,7.162157532379868,23.032284929501753,0.0,7.162158559672806,1.0272929315733195e-06,0.0,2.2865812228541193e-08,2.985569842131376e-11
47,2880.0,2880,7.162157556121019,7.162157556150911,23.133748825309237,0.0,7.162158583534844,1.0273839272523575e-06,0.0,2.2865853771853387e-08,2.9884484272430734e-11
48,2940.0,2940,7.162157579788001,7.1621575798178725,23.235212721453244,0.0,7.162158607292447,1.0274745684428584e-06,0.0,2.2865896188485352e-08,2.9864432254427043e-11
49,3000.0,3000,7.162157603351362,7.162157603381172,23.336676617932305,0.0,7.162158630946041,1.0275648622640084e-06,0.0,2.286593866588591e-08,2.9803044117036146e-11
50,3060.0,3060,7.162157626811507,7.162157626841222,23.438140514744955,0.0,7.162158654496042,1.0276548139961728e-06,0.0,2.2865980516530814e-08,2.9707286531100066e-11
51,3120.0,3120,7.16215765016884,7.162157650198431,23.539604411889734,0.0,7.162158677942863,1.0277444273303857e-06,0.0,2.2866021169002705e-08,2.958354856942745e-11
52,3180.0,3180,7.162157673423761,7.162157673453205,23.641068309365178,0.0,7.162158701286916,1.0278337045950294e-06,0.0,2.286606015836426e-08,2.943762460916879e-11
53,3240.0,3240,7.162157696576667,7.162157696605948,23.742532207169837,0.0,7.162158724528601,1.02792264695911e-06,0.0,2.2866097116249206e-08,2.927471450973081e-11
54,3300.0,3300,7.162157719627958,7.162157719657063,23.843996105302278,0.0,7.1621587476683235,1.0280112546142616e-06,0.0,2.2866131760951646e-08,2.909943886951988e-11
55,3360.0,3360,7.162157742578028,7.162157742606949,23.94546000376105,0.0,7.162158770706482,1.028099526936244e-06,0.0,2.2866163887772777e-08,2.891586327037913e-11
56,3420.0,3420,7.1621577654272714,7.162157765456006,24.04692390254473,0.0,7.162158793643475,1.0281874626293408e-06,0.0,2.286619335977018e-08,2.872752844511773e-11
57,3480.0,3480,7.162157788176083,7.1621577882046275,24.14838780165188,0.0,7.162158816479693,1.0282750598534365e-06,0.0,2.2866220099009934e-08,2.8537485295943595e-11
58,3540.0,3540,7.162157810824854,7.162157810853209,24.249851701081084,0.0,7.1621588392155315,1.0283623163375613e-06,0.0,2.286624407840439e-08,2.8348331252185194e-11
59,3600.0,3600,7.162157833373974,7.162157833402143,24.351315600830922,0.0,7.1621588618513785,1.028449229479343e-06,0.0,2.286626531415323e-08,2.8162247138384106e-11
60,3660.0,3660,7.162157855823833,7.16215785585182,24.45277950089999,0.0,7.1621588843876225,1.0285357964337006e-06,0.0,2.2866283858797367e-08,2.798103488818948e-11
61,3720.0,3720,7.162157878174815,7.162157878202628,24.55424340128687,0.0,7.162158906824649,1.0286220141904763e-06,0.0,2.2866299794909167e-08,2.7806152539168502e-11
62,3780.0,3780,7.162157900427307,7.162157900454952,24.655707301990184,0.0,7.162158929162837,1.028707879642423e-06,0.0,2.2866313229357442e-08,2.7638749868098607e-11
63,3840.0,3840,7.162157922581689,7.162157922609175,24.75717120300851,0.0,7.16215895140257,1.028793389645039e-06,0.0,2.2866324288170222e-08,2.747970065706759e-11
64,3900.0,3900,7.1621579446383405,7.162157944665677,24.858635104340483,0.0,7.162158973544225,1.0288785410678255e-06,0.0,2.286633311193369e-08,2.732963413276271e-11
65,3960.0,3960,7.16215796659764,7.162157966624835,24.960099005984706,0.0,7.162158995588172,1.028963330838885e-06,0.0,2.286633985171893e-08,2.7188964299877527e-11
66,4020.0,4020,7.162157988459959,7.1621579884870235,25.061562907939813,0.0,7.162159017534785,1.0290477559822517e-06,0.0,2.2866344665492186e-08,2.705791693464086e-11
67,4080.0,4080,7.162158010225667,7.162158010252611,25.163026810204414,0.0,7.162159039384431,1.0291318136495986e-06,0.0,2.2866347714977284e-08,2.693655541649007e-11
68,4140.0,4140,7.162158031895134,7.162158031921965,25.264490712777153,0.0,7.162159061137472,1.0292155011459893e-06,0.0,2.2866349162952486e-08,2.6824803961077457e-11
69,4200.0,4200,7.16215805346872,7.16215805349545,25.365954615656662,0.0,7.162159082794271,1.0292988159503558e-06,0.0,2.286634917092615e-08,2.6722469337968472e-11
70,4260.0,4260,7.162158074946785,7.162158074973421,25.46741851884159,0.0,7.162159104355183,1.0293817557316339e-06,0.0,2.2866347897183315e-08,2.662926090587925e-11
71,4320.0,4320,7.162158096329682,7.162158096356233,25.568882422330578,0.0,7.1621591258205575,1.0294643183601307e-06,0.0,2.286634549515869e-08,2.6544808463045105e-11
72,4380.0,4380,7.162158117617762,7.162158117644237,25.67034632612229,0.0,7.162159147190746,1.0295465019150663e-06,0.0,2.286634211211293e-08,2.6468679151289328e-11
73,4440.0,4440,7.162158138811372,7.162158138837779,25.77181023021537,0.0,7.16215916846609,1.0296283046891454e-06,0.0,2.286633788808655e-08,2.640039166802285e-11
74,4500.0,4500,7.162158159910851,7.162158159937196,25.873274134608486,0.0,7.162159189646928,1.0297097251891055e-06,0.0,2.2866332955094017e-08,2.633943018137626e-11
75,4560.0,4560,7.162158180916535,7.162158180942826,25.97473803930031,0.0,7.162159210733594,1.0297907621344062e-06,0.0,2.2866327436546182e-08,2.628525598280487e-11
76,4620.0,4620,7.1621582018287535,7.1621582018549965,26.07620194428951,0.0,7.1621592317264176,1.0298714144530243e-06,0.0,2.286632144687056e-08,2.623731742274374e-11
77,4680.0,4680,7.162158222647834,7.162158222674036,26.177665849574765,0.0,7.162159252625723,1.0299516812753442e-06,0.0,2.2866315091294894e-08,2.6195059687600303e-11
78,4740.0,4740,7.162158243374097,7.162158243400261,26.279129755154752,0.0,7.162159273431829,1.0300315619267363e-06,0.0,2.2866308465793605e-08,2.6157932213923148e-11
79,4800.0,4800,7.162158264007855,7.162158264033987,26.38059366102816,0.0,7.162159294145049,1.0301110559182331e-06,0.0,2.2866301657160164e-08,2.6125395180700793e-11
80,4860.0,4860,7.162158284549421,7.162158284575524,26.482057567193678,0.0,7.162159314765693,1.0301901629367162e-06,0.0,2.286629474318351e-08,2.609692548798616e-11
81,4920.0,4920,7.162158304999096,7.162158305025175,26.583521473650006,0.0,7.162159335294064,1.0302688828336408e-06,0.0,2.2866287792929922e-08,2.6072020681057435e-11
82,4980.0,4980,7.16215832535718,7.162158325383236,26.684985380395844,0.0,7.1621593557304575,1.030347215614157e-06,0.0,2.286628086708443e-08,2.6050203117362047e-11
83,5040.0,5040,7.162158345623966,7.1621583456500035,26.786449287429885,0.0,7.162159376075171,1.0304251614250422e-06,0.0,2.2866274018364117e-08,2.6031022249365688e-11
84,5100.0,5100,7.162158365799741,7.1621583658257615,26.887913194750848,0.0,7.162159396328489,1.0305027205430138e-06,0.0,2.2866267291971648e-08,2.6014056491330755e-11
85,5160.0,5160,7.16215838588479,7.162158385910795,26.989377102357437,0.0,7.162159416490693,1.0305798933630122e-06,0.0,2.2866260726077378e-08,2.5998915251953826e-11
86,5220.0,5220,7.162158405879387,7.1621584059053784,27.090841010248372,0.0,7.162159436562064,1.0306566803865756e-06,0.0,2.2866254352333128e-08,2.5985238436088304e-11
87,5280.0,5280,7.1621584257838045,7.162158425809784,27.19230491842237,0.0,7.162159456542872,1.030733082210808e-06,0.0,2.2866248196384037e-08,2.5972697547351852e-11
88,5340.0,5340,7.162158445598309,7.162158445624276,27.29376882687816,0.0,7.162159476433382,1.030809099517515e-06,0.0,2.2866242278393778e-08,2.596099509678073e-11
89,5400.0,5400,7.162158465323162,7.162158465349117,27.39523273561446,0.0,7.1621594962338575,1.030884733062798e-06,0.0,2.2866236613560207e-08,2.594986356209101e-11
90,5460.0,5460,7.16215848495862,7.162158484984565,27.49669664463001,0.0,7.1621595159445555,1.030959983667865e-06,0.0,2.2866231212615826e-08,2.593906480715049e-11
91,5520.0,5520,7.162158504504933,7.1621585045308676,27.598160553923535,0.0,7.162159535565725,1.0310348522096156e-06,0.0,2.286622608231796e-08,2.5928388717254517e-11
92,5580.0,5580,7.162158523962346,7.16215852398827,27.69962446349378,0.0,7.162159555097617,1.0311093396122137e-06,0.0,2.2866221225914217e-08,2.591765183412493e-11
93,5640.0,5640,7.162158543331103,7.162158543357015,27.80108837333949,0.0,7.1621595745404685,1.0311834468396225e-06,0.0,2.286621664358958e-08,2.5906695235046728e-11
94,5700.0,5700,7.162158562611436,7.162158562637338,27.902552283459396,0.0,7.16215959389452,1.0312571748883964e-06,0.0,2.286621233286972e-08,2.5895383854346106e-11
95,5760.0,5760,7.162158581803582,7.1621585818294715,28.00401619385226,0.0,7.162159613160002,1.031330524781252e-06,0.0,2.2866208289025722e-08,2.588360351875669e-11
96,5820.0,5820,7.162158600907764,7.162158600933642,28.105480104516825,0.0,7.162159632337145,1.0314034975614753e-06,0.0,2.286620450541762e-08,2.5871260212864233e-11
97,5880.0,5880,7.162158619924206,7.16215861995007,28.206944015451857,0.0,7.162159651426171,1.031476094287468e-06,0.0,2.2866200973830585e-08,2.5858277652829434e-11
98,5940.0,5940,7.162158638853124,7.162158638878974,28.308407926656102,0.0,7.162159670427296,1.0315483160284494e-06,0.0,2.2866197684772498e-08,2.5844595904851645e-11
99,6000.0,6000,7.162158657694733,7.16215865772057,28.409871838128325,0.0,7.16215968934074,1.031620163860389e-06,0.0,2.286619462774513e-08,2.583016948142642e-11
100,6060.0,6060,7.162158676449244,7.162158676475065,28.511335749867293,0.0,7.162159708166709,1.0316916388623797e-06,0.0,2.2866191791484122e-08,2.581496571462753e-11
101,6120.0,6120,7.162158695116859,7.162158695142664,28.612799661871765,0.0,7.162159726905411,1.031762742113728e-06,0.0,2.2866189164174915e-08,2.5798963323053453e-11
102,6180.0,6180,7.162158713697781,7.162158713723569,28.71426357414052,0.0,7.162159745557049,1.0318334746913783e-06,0.0,2.2866186733639893e-08,2.5782151023077045e-11
103,6240.0,6240,7.162158732192206,7.162158732217976,28.815727486672333,0.0,7.16215976412182,1.0319038376676585e-06,0.0,2.286618448750716e-08,2.576452609066595e-11
104,6300.0,6300,7.162158750600328,7.16215875062608,28.917191399465963,0.0,7.162159782599918,1.031973832108634e-06,0.0,2.286618241335316e-08,2.574609279038194e-11
105,6360.0,6360,7.162158768922335,7.162158768948069,29.018655312520206,0.0,7.162159800991534,1.0320434590724016e-06,0.0,2.2866180498816477e-08,2.572686181115116e-11
106,6420.0,6420,7.162158787158414,7.1621587871841275,29.120119225833836,0.0,7.162159819296853,1.032112719608007e-06,0.0,2.2866178731708063e-08,2.5706848872225845e-11
107,6480.0,6480,7.162158805308746,7.162158805334438,29.221583139405634,0.0,7.16215983751606,1.032181614754607e-06,0.0,2.2866177100093607e-08,2.5686073625510433e-11
108,6540.0,6540,7.162158823373509,7.162158823399181,29.32304705323439,0.0,7.162159855649332,1.0322501455406782e-06,0.0,2.2866175592359496e-08,2.566455929779142e-11
109,6600.0,6600,7.162158841352879,7.162158841378527,29.42451096731889,0.0,7.1621598736968455,1.0323183129833445e-06,0.0,2.2866174197271598e-08,2.5642331431851723e-11
110,6660.0,6660,7.162158859247025,7.16215885927265,29.525974881657927,0.0,7.162159891658773,1.0323861180883486e-06,0.0,2.2866172904015047e-08,2.5619417356130063e-11
111,6720.0,6720,7.1621588770561155,7.162158877081717,29.627438796250296,0.0,7.162159909535285,1.0324535618496705e-06,0.0,2.2866171702223985e-08,2.5595846011610744e-11
112,6780.0,6780,7.1621588947803145,7.162158894805892,29.728902711094786,0.0,7.1621599273265435,1.032520645249374e-06,0.0,2.2866170582006803e-08,2.557164653837648e-11
113,6840.0,6840,7.162158912419784,7.162158912445338,29.83036662619021,0.0,7.162159945032712,1.0325873692578374e-06,0.0,2.286616953395137e-08,2.5546849021390996e-11
114,6900.0,6900,7.162158929974682,7.162158930000209,29.93183054153535,0.0,7.16215996265395,1.032653734833812e-06,0.0,2.286616854914101e-08,2.5521482940282765e-11
115,6960.0,6960,7.162158947445161,7.162158947470663,30.03329445712902,0.0,7.1621599801904114,1.0327197429244853e-06,0.0,2.2866167619141616e-08,2.5495577861664398e-11
116,7020.0,7020,7.162158964831375,7.16215896485685,30.134758372970023,0.0,7.162159997642251,1.0327853944657388e-06,0.0,2.28661667360069e-08,2.546916254197421e-11
117,7080.0,7080,7.162158982133471,7.162158982158919,30.236222289057164,0.0,7.162160015009617,1.032850690382513e-06,0.0,2.286616589226197e-08,2.5442264782764497e-11
118,7140.0,7140,7.162158999351595,7.1621589993770165,30.337686205389254,0.0,7.162160032292654,1.032915631589023e-06,0.0,2.2866165080888802e-08,2.5414911864660903e-11
119,7200.0,7200,7.162159016485891,7.162159016511283,30.43915012196511,0.0,7.162160049491507,1.032980218989183e-06,0.0,2.2866164295316952e-08,2.5387129453457652e-11
120,7260.0,7260,7.162159033536495,7.162159033561861,30.540614038783534,0.0,7.16216006660632,1.0330444534767287e-06,0.0,2.2866163529398573e-08,2.5358942435423206e-11
121,7320.0,7320,7.162159050503546,7.162159050528883,30.642077955843344,0.0,7.162160083637224,1.0331083359357516e-06,0.0,2.286616277739197e-08,2.533037438579194e-11
122,7380.0,7380,7.162159067387179,7.162159067412486,30.743541873143364,0.0,7.1621601005843605,1.0331718672408344e-06,0.0,2.2866162033943505e-08,2.530144734482189e-11
123,7440.0,7440,7.162159084187524,7.162159084212801,30.84500579068241,0.0,7.162160117447856,1.0332350482575558e-06,0.0,2.2866161294058095e-08,2.527218243626289e-11
124,7500.0,7500,7.162159100904709,7.162159100929958,30.9464697084593,0.0,7.162160134227844,1.033297879842687e-06,0.0,2.2866160553088962e-08,2.5242599310849743e-11
125,7560.0,7560,7.162159117538862,7.16215911756408,31.047933626472858,0.0,7.16216015092445,1.0333603628445426e-06,0.0,2.2866159806707868e-08,2.5212716299178477e-11
126,7620.0,7620,7.162159134090103,7.162159134115292,31.14939754472191,0.0,7.162160167537796,1.033422498103164e-06,0.0,2.286615905088751e-08,2.5182550880354706e-11
127,7680.0,7680,7.162159150558556,7.162159150583715,31.250861463205283,0.0,7.162160184068007,1.033484286450791e-06,0.0,2.2866158281884847e-08,2.5152118842153218e-11
128,7740.0,7740,7.162159166944338,7.162159166969465,31.35232538192181,0.0,7.1621602005152,1.0335457287118164e-06,0.0,2.2866157496212532e-08,2.5121435206651897e-11
129,7800.0,7800,7.162159183247565,7.16215918327266,31.453789300870305,0.0,7.162160216879492,1.0336068257033804e-06,0.0,2.286615669062939e-08,2.5090513784146592e-11
130,7860.0,7860,7.1621591994683484,7.162159199493414,31.555253220049615,0.0,7.162160233160997,1.0336675782351265e-06,0.0,2.2866155862115177e-08,2.5059367407205255e-11
131,7920.0,7920,7.162159215606801,7.162159215631835,31.656717139458564,0.0,7.162160249359828,1.0337279871098264e-06,0.0,2.286615500786035e-08,2.5028007985921376e-11
132,7980.0,7980,7.162159231663032,7.162159231688034,31.75818105909599,0.0,7.162160265476093,1.033788053123258e-06,0.0,2.2866154125245118e-08,2.4996446503553437e-11
133,8040.0,8040,7.162159247637146,7.1621592476621165,31.859644978960723,0.0,7.162160281509898,1.0338477770645866e-06,0.0,2.2866153211828716e-08,2.4964692927845728e-11
134,8100.0,8100,7.162159263529247,7.162159263554186,31.961108899051613,0.0,7.162160297461352,1.0339071597163034e-06,0.0,2.286615226532799e-08,2.4932756764757013e-11
135,8160.0,8160,7.162159279339439,7.162159279364344,32.06257281936749,0.0,7.162160313330552,1.033966201854424e-06,0.0,2.286615128361453e-08,2.4900646800077607e-11
136,8220.0,8220,7.162159295067817,7.162159295092692,32.16403673990719,0.0,7.162160329117602,1.034024904248702e-06,0.0,2.286615026469897e-08,2.4868370855638488e-11
137,8280.0,8280,7.162159310714484,7.162159310739326,32.265500660669574,0.0,7.1621603448226,1.0340832676625218e-06,0.0,2.2866149206715743e-08,2.4835936388729213e-11
138,8340.0,8340,7.162159326279532,7.162159326304341,32.36696458165346,0.0,7.1621603604456405,1.0341412928531268e-06,0.0,2.2866148107918792e-08,2.480335025758931e-11
139,8400.0,8400,7.162159341763054,7.162159341787831,32.468428502857705,0.0,7.162160375986817,1.0341989805716508e-06,0.0,2.2866146966669917e-08,2.4770619035850018e-11
140,8460.0,8460,7.162159357165143,7.162159357189886,32.56989242428116,0.0,7.162160391446223,1.0342563315632247e-06,0.0,2.2866145781434707e-08,2.47377484469145e-11
141,8520.0,8520,7.1621593724858865,7.1621593725105965,32.67135634592266,0.0,7.162160406823948,1.0343133465669144e-06,0.0,2.286614455076756e-08,2.4704744062532535e-11
142,8580.0,8580,7.162159387725372,7.162159387750048,32.772820267781064,0.0,7.16216042212008,1.0343700263157674e-06,0.0,2.286614327331097e-08,2.467161114248458e-11
143,8640.0,8640,7.162159402883684,7.162159402908328,32.87428418985522,0.0,7.162160437334705,1.0344263715371178e-06,0.0,2.28661419477886e-08,2.4638354455841527e-11
144,8700.0,8700,7.162159417960908,7.162159417985518,32.975748112143975,0.0,7.162160452467907,1.0344823829520827e-06,0.0,2.2866140572997694e-08,2.460497852478922e-11
145,8760.0,8760,7.1621594329571225,7.1621594329817,33.07721203464618,0.0,7.162160467519767,1.0345380612761564e-06,0.0,2.2866139147805955e-08,2.4571487853577653e-11
146,8820.0,8820,7.162159447872408,7.162159447896951,33.178675957360696,0.0,7.162160482490364,1.0345934072188154e-06,0.0,2.2866137671149896e-08,2.4537886342021184e-11
147,8880.0,8880,7.1621594627068434,7.162159462731354,33.28013988028638,0.0,7.162160497379781,1.0346484214838826e-06,0.0,2.286613614202578e-08,2.4504177870988754e-11
148,8940.0,8940,7.162159477460504,7.16215947748498,33.38160380342206,0.0,7.16216051218809,1.0347031047691324e-06,0.0,2.2866134559488215e-08,2.447036616859529e-11
149,9000.0,9000,7.162159492133464,7.1621594921579055,33.48306772676663,0.0,7.162160526915369,1.0347574577664576e-06,0.0,2.2866132922649405e-08,2.44364547685647e-11
150,9060.0,9060,7.162159506725795,7.162159506750203,33.58453165031892,0.0,7.162160541561689,1.0348114811622043e-06,0.0,2.286613123067394e-08,2.440244704243815e-11
151,9120.0,9120,7.162159521237569,7.162159521261942,33.68599557407781,0.0,7.162160556127123,1.0348651756365637e-06,0.0,2.2866129482778792e-08,2.4368346341581944e-11
152,9180.0,9180,7.162159535668853,7.162159535693194,33.78745949804213,0.0,7.162160570611741,1.0349185418641041e-06,0.0,2.286612767822925e-08,2.433415558444396e-11
153,9240.0,9240,7.162159550019718,7.162159550044023,33.88892342221077,0.0,7.1621605850156085,1.0349715805134511e-06,0.0,2.2866125816335128e-08,2.4299878142810817e-11
154,9300.0,9300,7.162159564290226,7.162159564314498,33.99038734658259,0.0,7.162160599338796,1.0350242922474715e-06,0.0,2.286612389645648e-08,2.4265516692019815e-11
155,9360.0,9360,7.162159578480445,7.1621595785046805,34.09185127115643,0.0,7.1621606135813645,1.0350766777231347e-06,0.0,2.286612191799407e-08,2.4231074258002835e-11
156,9420.0,9420,7.162159592590433,7.1621595926146355,34.19331519593116,0.0,7.162160627743378,1.0351287375916515e-06,0.0,2.286611988039198e-08,2.419655365813067e-11
157,9480.0,9480,7.162159606620255,7.162159606644423,34.294779120905666,0.0,7.162160641824902,1.0351804724983499e-06,0.0,2.2866117783136688e-08,2.416195754641252e-11
158,9540.0,9540,7.1621596205699705,7.162159620594103,34.39624304607879,0.0,7.162160655825991,1.0352318830827079e-06,0.0,2.2866115625754415e-08,2.4127288761312682e-11
159,9600.0,9600,7.162159634439635,7.162159634463734,34.497706971449404,0.0,7.162160669746709,1.0352829699785048e-06,0.0,2.286611340781258e-08,2.4092549652915024e-11
160,9660.0,9660,7.1621596482293075,7.162159648253371,34.59917089701638,0.0,7.1621606835871106,1.0353337338136231e-06,0.0,2.286611112891383e-08,2.4057743180402196e-11
161,9720.0,9720,7.162159661939043,7.162159661963072,34.700634822778575,0.0,7.162160697347252,1.0353841752100637e-06,0.0,2.2866108788703905e-08,2.402287153601242e-11
162,9780.0,9780,7.162159675568896,7.16215967559289,34.80209874873487,0.0,7.162160711027189,1.0354342947841138e-06,0.0,2.2866106386860456e-08,2.3987937375452017e-11
163,9840.0,9840,7.1621596891189165,7.162159689142875,34.90356267488413,0.0,7.1621607246269745,1.0354840931462856e-06,0.0,2.286610392310088e-08,2.3952943001023986e-11
164,9900.0,9900,7.162159702589159,7.162159702613083,35.00502660122522,0.0,7.162160738146659,1.035533570901302e-06,0.0,2.28661013971752e-08,2.3917890980214396e-11
165,9960.0,9960,7.162159715979672,7.1621597160035595,35.10649052775701,0.0,7.162160751586294,1.0355827286480036e-06,0.0,2.2866098808872478e-08,2.388278338267203e-11
166,10020.0,10020,7.1621597292905035,7.162159729314357,35.20795445447838,0.0,7.16216076494593,1.0356315669796697e-06,0.0,2.2866096158010345e-08,2.384762282469048e-11
167,10080.0,10080,7.162159742521701,7.16215974254552,35.3094183813882,0.0,7.162160778225612,1.0356800864838054e-06,0.0,2.2866093444445722e-08,2.3812411261543668e-11
168,10140.0,10140,7.162159755673312,7.162159755697095,35.410882308485334,0.0,7.162160791425388,1.0357282877420486e-06,0.0,2.286609066806314e-08,2.3777151031047434e-11
169,10200.0,10200,7.162159768745379,7.1621597687691265,35.51234623576866,0.0,7.162160804545304,1.0357761713305378e-06,0.0,2.2866087828781653e-08,2.374184440003722e-11
170,10260.0,10260,7.162159781737947,7.162159781761659,35.613810163237055,0.0,7.162160817585404,1.0358237378195596e-06,0.0,2.2866084926552455e-08,2.3706493256751278e-11
171,10320.0,10320,7.16215979465106,7.162159794674737,35.715274090889395,0.0,7.16216083054573,1.0358709877739463e-06,0.0,2.2866081961355783e-08,2.3671099836984882e-11
172,10380.0,10380,7.162159807484756,7.162159807508397,35.81673801872454,0.0,7.1621608434263235,1.0359179217527857e-06,0.0,2.286607893320259e-08,2.3635666002764025e-11
173,10440.0,10440,7.1621598202390775,7.1621598202626835,35.91820194674139,0.0,7.1621608562272305,1.0359645403095736e-06,0.0,2.286607584213002e-08,2.3600193859695147e-11
174,10500.0,10500,7.162159832914063,7.162159832937634,36.01966587493881,0.0,7.162160868948483,1.0360108439922904e-06,0.0,2.2866072688207352e-08,2.3564685282450375e-11
175,10560.0,10560,7.162159845509751,7.162159845533286,36.12112980331567,0.0,7.1621608815901245,1.036056833343324e-06,0.0,2.2866069471529335e-08,2.3529142165298294e-11
176,10620.0,10620,7.162159858026177,7.162159858049677,36.22259373187085,0.0,7.162160894152191,1.0361025088996842e-06,0.0,2.286606619221882e-08,2.3493566237164978e-11
177,10680.0,10680,7.162159870463379,7.162159870486842,36.32405766060324,0.0,7.162160906634718,1.0361478711927123e-06,0.0,2.2866062850422466e-08,2.3457959340408875e-11
178,10740.0,10740,7.162159882821389,7.162159882844818,36.42552158951169,0.0,7.162160919037743,1.036192920748447e-06,0.0,2.286605944631311e-08,2.3422323141865244e-11
179,10800.0,10800,7.162159895100242,7.162159895123635,36.52698551859512,0.0,7.1621609313612975,1.0362376580874885e-06,0.0,2.2866055980086933e-08,2.338665946588339e-11
180,10860.0,10860,7.162159907299972,7.162159907323328,36.62844944785238,0.0,7.162160943605418,1.0362820837251024e-06,0.0,2.2866052451967008e-08,2.3350969648428093e-11
181,10920.0,10920,7.16215991942061,7.16215991944393,36.72991337728235,0.0,7.162160955770133,1.0363261981711467e-06,0.0,2.2866048862194033e-08,2.3315255440596245e-11
182,10980.0,10980,7.1621599314621855,7.16215993148547,36.83137730688393,0.0,7.1621609678554785,1.0363700019302523e-06,0.0,2.286604521103394e-08,2.3279518292585605e-11
183,11040.0,11040,7.16215994342473,7.162159943447979,36.93284123665598,0.0,7.16216097986148,1.0364134955017174e-06,0.0,2.286604149877123e-08,2.3243759666860906e-11
184,11100.0,11100,7.162159955308272,7.162159955331486,37.034305166597385,0.0,7.162160991788171,1.0364566793797207e-06,0.0,2.2866037725712785e-08,2.3207980974002047e-11
185,11160.0,11160,7.16215996711284,7.162159967136018,37.13576909670704,0.0,7.162161003635578,1.0364995540532295e-06,0.0,2.2866033892182862e-08,2.317218348777899e-11
186,11220.0,11220,7.162159978838462,7.162159978861603,37.237233026983816,0.0,7.162161015403728,1.0365421200059704e-06,0.0,2.2866029998524294e-08,2.3136368537516752e-11
187,11280.0,11280,7.162159990485161,7.162159990508267,37.3386969574266,0.0,7.16216102709265,1.0365843777167018e-06,0.0,2.286602604509729e-08,2.3100537399479173e-11
188,11340.0,11340,7.162160002052966,7.162160002076037,37.44016088803427,0.0,7.1621610387023695,1.0366263276590482e-06,0.0,2.286602203227992e-08,2.3064691222599065e-11
189,11400.0,11400,7.162160013541901,7.162160013564934,37.54162481880571,0.0,7.16216105023291,1.0366679703016964e-06,0.0,2.2866017960464767e-08,2.3028831064964918e-11
190,11460.0,11460,7.162160024951987,7.162160024974986,37.64308874973981,0.0,7.162161061684297,1.0367093061082447e-06,0.0,2.286601383005847e-08,2.299295811564028e-11
191,11520.0,11520,7.16216003628325,7.162160036306213,37.74455268083545,0.0,7.162161073056554,1.0367503355373394e-06,0.0,2.2866009641483846e-08,2.295707336083355e-11
192,11580.0,11580,7.162160047535712,7.162160047558639,37.846016612091496,0.0,7.162161084349704,1.036791059042903e-06,0.0,2.286600539517563e-08,2.2921177831203122e-11
193,11640.0,11640,7.162160058709395,7.162160058732285,37.947480543506856,0.0,7.162161095563768,1.0368314770738608e-06,0.0,2.2866001091582597e-08,2.2885272352043832e-11
194,11700.0,11700,7.162160069804317,7.162160069827171,38.04894447508041,0.0,7.1621611066987665,1.036871590074353e-06,0.0,2.2865996731162327e-08,2.2849357764685173e-11
195,11760.0,11760,7.1621600808205,7.162160080843319,38.15040840681104,0.0,7.162161117754723,1.0369113984837511e-06,0.0,2.286599231438526e-08,2.2813435078223506e-11
196,11820.0,11820,7.162160091757962,7.162160091780744,38.25187233869762,0.0,7.162161128731653,1.036950902736734e-06,0.0,2.2865987841731835e-08,2.2777504983199938e-11
197,11880.0,11880,7.162160102616724,7.16216010263947,38.353336270739064,0.0,7.16216113962958,1.036990103263165e-06,0.0,2.2865983313692014e-08,2.274156809340747e-11
198,11940.0,11940,7.162160113396801,7.162160113419513,38.454800202934244,0.0,7.162161150448519,1.0370290004884586e-06,0.0,2.2865978730762188e-08,2.2705625293254226e-11
199,12000.0,12000,7.162160124098212,7.162160124120888,38.556264135282035,0.0,7.162161161188488,1.0370675948332754e-06,0.0,2.2865974093449455e-08,2.2669677125147863e-11
200,12060.0,12060,7.162160134720974,7.162160134743613,38.657728067781335,0.0,7.162161171849505,1.0371058867137504e-06,0.0,2.2865969402267118e-08,2.2633724208836723e-11
201,12120.0,12120,7.162160145265101,7.162160145287704,38.75919200043103,0.0,7.162161182431586,1.0371438765414022e-06,0.0,2.2865964657734176e-08,2.2597767025758816e-11
202,12180.0,12180,7.162160155730609,7.162160155753177,38.86065593322999,0.0,7.162161192934746,1.0371815647234676e-06,0.0,2.2865959860375114e-08,2.2561806193131467e-11
203,12240.0,12240,7.162160166117513,7.162160166140045,38.962119866177126,0.0,7.162161203359002,1.0372189516625816e-06,0.0,2.2865955010721558e-08,2.2525842154084716e-11
204,12300.0,12300,7.162160176425827,7.162160176448322,39.06358379927132,0.0,7.162161213704365,1.037256037757007e-06,0.0,2.2865950109307754e-08,2.2489875332692172e-11
205,12360.0,12360,7.162160186655564,7.162160186678023,39.16504773251145,0.0,7.162161223970852,1.0372928234006783e-06,0.0,2.286594515667294e-08,2.245390606213639e-11
206,12420.0,12420,7.162160196806737,7.16216019682916,39.2665116658964,0.0,7.162161234158474,1.0373293089830665e-06,0.0,2.2865940153357557e-08,2.2417934910244427e-11
207,12480.0,12480,7.162160206879359,7.162160206901746,39.36797559942508,0.0,7.162161244267245,1.037365494889543e-06,0.0,2.2865935099908225e-08,2.2381961935339256e-11
208,12540.0,12540,7.162160216873439,7.16216021689579,39.46943953309636,0.0,7.162161254297177,1.0374013815010156e-06,0.0,2.28659299968699e-08,2.234598763900699e-11
209,12600.0,12600,7.162160226788991,7.162160226811308,39.57090346690913,0.0,7.162161264248282,1.037436969194445e-06,0.0,2.2865924844793256e-08,2.231001216793669e-11
210,12660.0,12660,7.162160236626026,7.1621602366483055,39.672367400862285,0.0,7.162161274120568,1.037472258342298e-06,0.0,2.2865919644225157e-08,2.2274035695294145e-11
211,12720.0,12720,7.162160246384552,7.1621602464067955,39.77383133495471,0.0,7.16216128391405,1.0375072493131398e-06,0.0,2.2865914395716508e-08,2.2238058591478598e-11
212,12780.0,12780,7.162160256064579,7.1621602560867865,39.87529526918528,0.0,7.162161293628735,1.0375419424713305e-06,0.0,2.2865909099817508e-08,2.2202080857240078e-11
213,12840.0,12840,7.162160265666117,7.162160265688289,39.9767592035529,0.0,7.162161303264632,1.037576338177147e-06,0.0,2.2865903757077396e-08,2.2166102706145343e-11
214,12900.0,12900,7.162160275189174,7.162160275211309,40.07822313805646,0.0,7.162161312821751,1.037610436786889e-06,0.0,2.286589836804518e-08,2.2130124188387127e-11
215,12960.0,12960,7.162160284633758,7.162160284655856,40.17968707269485,0.0,7.162161322300101,1.0376442386527572e-06,0.0,2.2865892933267485e-08,2.209414544475506e-11
216,13020.0,13020,7.162160293999877,7.162160294021941,40.28115100746693,0.0,7.16216133169969,1.0376777441231444e-06,0.0,2.286588745329117e-08,2.20581665331263e-11
217,13080.0,13080,7.162160303287537,7.162160303309565,40.38261494237163,0.0,7.162161341020523,1.0377109535423277e-06,0.0,2.286588192865976e-08,2.202218745778466e-11
218,13140.0,13140,7.162160312496747,7.162160312518738,40.48407887740782,0.0,7.162161350262611,1.0377438672507152e-06,0.0,2.2865876359914415e-08,2.198620817854e-11
219,13200.0,13200,7.162160321627512,7.162160321649467,40.58554281257438,0.0,7.162161359425958,1.0377764855850274e-06,0.0,2.286587074759342e-08,2.1950228799742843e-11
220,13260.0,13260,7.162160330679838,7.162160330701758,40.68700674787022,0.0,7.162161368510572,1.037808808877886e-06,0.0,2.2865865092232443e-08,2.191424907164419e-11
221,13320.0,13320,7.162160339653731,7.162160339675613,40.788470683294214,0.0,7.1621613775164565,1.0378408374583772e-06,0.0,2.2865859394361926e-08,2.187826928853279e-11
222,13380.0,13380,7.162160348549194,7.1621603485710414,40.88993461884525,0.0,7.162161386443619,1.0378725716514744e-06,0.0,2.286585365451325e-08,2.184228896863882e-11
223,13440.0,13440,7.162160357366234,7.1621603573880455,40.991398554522235,0.0,7.1621613952920615,1.0379040117787217e-06,0.0,2.286584787320781e-08,2.180630837233527e-11
224,13500.0,13500,7.162160366104854,7.162160366126629,41.09286249032404,0.0,7.162161404061792,1.0379351581578544e-06,0.0,2.2865842050966512e-08,2.1770327084655713e-11
225,13560.0,13560,7.162160374765058,7.162160374786797,41.194326426249575,0.0,7.162161412752814,1.037966011102768e-06,0.0,2.2865836188303843e-08,2.1734345268120908e-11
226,13620.0,13620,7.162160383346851,7.162160383368555,41.2957903622977,0.0,7.162161421365131,1.0379965709238384e-06,0.0,2.286583028573119e-08,2.1698362601904743e-11
227,13680.0,13680,7.162160391850234,7.162160391871901,41.39725429846734,0.0,7.162161429898744,1.0380268379279065e-06,0.0,2.286582434375399e-08,2.166237889609399e-11
228,13740.0,13740,7.162160400275211,7.162160400296842,41.49871823475736,0.0,7.162161438353659,1.038056812418019e-06,0.0,2.286581836287149e-08,2.162639412558679e-11
229,13800.0,13800,7.1621604086217845,7.16216040864338,41.600182171166665,0.0,7.162161446729879,1.0380864946937183e-06,0.0,2.2865812343579365e-08,2.1590408065583887e-11
230,13860.0,13860,7.1621604168899555,7.162160416911515,41.70164610769413,0.0,7.162161455027405,1.0381158850509964e-06,0.0,2.2865806286366863e-08,2.1554420445706674e-11
231,13920.0,13920,7.162160425079728,7.162160425101251,41.80311004433866,0.0,7.16216146324624,1.0381449837824175e-06,0.0,2.286580019171776e-08,2.1518431112145874e-11
232,13980.0,13980,7.162160433191102,7.1621604332125886,41.904573981099134,0.0,7.162161471386385,1.038173791176873e-06,0.0,2.2865794060109152e-08,2.148243979577545e-11
233,14040.0,14040,7.162160441224077,7.162160441245527,42.00603791797445,0.0,7.162161479447841,1.0382023075200095e-06,0.0,2.2865787892011964e-08,2.1446446416323167e-11
234,14100.0,14100,7.162160449178656,7.162160449200072,42.107501854963495,0.0,7.16216148743061,1.0382305330937705e-06,0.0,2.2865781687892345e-08,2.1410450593745353e-11
235,14160.0,14160,7.162160457054839,7.162160457076219,42.20896579206515,0.0,7.162161495334692,1.038258468176824e-06,0.0,2.286577544820907e-08,2.1374452097134492e-11
236,14220.0,14220,7.162160464852627,7.162160464873971,42.310429729278326,0.0,7.16216150316009,1.0382861130444095e-06,0.0,2.286576917341377e-08,2.133845079740675e-11
237,14280.0,14280,7.162160472572019,7.162160472593326,42.411893666601884,0.0,7.162161510906799,1.0383134679684751e-06,0.0,2.286576286395451e-08,2.1302446245718725e-11
238,14340.0,14340,7.162160480213015,7.162160480234286,42.51335760403474,0.0,7.162161518574824,1.0383405332175257e-06,0.0,2.2865756520268868e-08,2.126643832625686e-11
239,14400.0,14400,7.162160487775615,7.16216048779685,42.61482154157577,0.0,7.162161526164163,1.0383673090567292e-06,0.0,2.286575014279086e-08,2.123042674400731e-11
240,14460.0,14460,7.162160495259816,7.162160495281015,42.71628547922387,0.0,7.162161533674817,1.038393795747947e-06,0.0,2.2865743731945693e-08,2.1194411153403278e-11
241,14520.0,14520,7.1621605026656185,7.162160502686782,42.81774941697793,0.0,7.16216154110678,1.0384199935499172e-06,0.0,2.286573728815238e-08,2.1158391364667093e-11
242,14580.0,14580,7.16216050999302,7.162160510014148,42.91921335483685,0.0,7.162161548460055,1.0384459027177816e-06,0.0,2.2865730811823982e-08,2.1122367006783682e-11
243,14640.0,14640,7.162160517242023,7.162160517263113,43.02067729279949,0.0,7.162161555734642,1.038471523503757e-06,0.0,2.2865724303365475e-08,2.1086337879773874e-11
244,14700.0,14700,7.162160524412618,7.1621605244336735,43.12214123086476,0.0,7.162161562930534,1.0384968561567686e-06,0.0,2.2865717763175627e-08,2.1050303552445637e-11
245,14760.0,14760,7.162160531504809,7.16216053152583,43.223605169031565,0.0,7.1621615700477355,1.0385219009223438e-06,0.0,2.2865711191644892e-08,2.1014263864506067e-11
246,14820.0,14820,7.162160538518593,7.162160538539576,43.32506910729877,0.0,7.162161577086238,1.0385466580430544e-06,0.0,2.2865704589158716e-08,2.0978218467734716e-11
247,14880.0,14880,7.162160545453964,7.162160545474911,43.42653304566527,0.0,7.162161584046044,1.038571127758272e-06,0.0,2.2865697956094445e-08,2.0942167065790173e-11
248,14940.0,14940,7.162160552310922,7.162160552331833,43.52799698412996,0.0,7.162161590927148,1.0385953103040927e-06,0.0,2.2865691292822766e-08,2.0906109309071436e-11
249,15000.0,15000,7.162160559089463,7.1621605591103386,43.629460922691734,0.0,7.162161597729549,1.0386192059135646e-06,0.0,2.2865684599706513e-08,2.0870044944801402e-11
250,15060.0,15060,7.162160565789584,7.1621605658104235,43.73092486134948,0.0,7.162161604453243,1.0386428148166742e-06,0.0,2.2865677877102793e-08,2.083397363575527e-11
251,15120.0,15120,7.162160572411282,7.162160572432084,43.83238880010208,0.0,7.162161611098226,1.0386661372402376e-06,0.0,2.286567112535968e-08,2.0797895157820763e-11
252,15180.0,15180,7.162160578954552,7.162160578975319,43.933852738948424,0.0,7.162161617664497,1.0386891734080241e-06,0.0,2.2865664344822385e-08,2.0761809028867788e-11
253,15240.0,15240,7.1621605854193895,7.16216058544012,44.03531667788741,0.0,7.162161624152048,1.0387119235407556e-06,0.0,2.286565753582302e-08,2.072571514440452e-11
254,15300.0,15300,7.162160591805793,7.1621605918264875,44.13678061691792,0.0,7.162161630560881,1.0387343878561525e-06,0.0,2.2865650698692757e-08,2.068961305946402e-11
255,15360.0,15360,7.162160598113756,7.162160598134414,44.23824455603885,0.0,7.1621616368909855,1.0387565665688111e-06,0.0,2.2865643833752278e-08,2.065350250385466e-11
256,15420.0,15420,7.162160604343275,7.162160604363896,44.33970849524909,0.0,7.162161643142361,1.038778459890372e-06,0.0,2.2865636941316324e-08,2.0617383146233522e-11
257,15480.0,15480,7.162160610494344,7.162160610514931,44.44117243454751,0.0,7.162161649315003,1.0388000680295353e-06,0.0,2.2865630021692493e-08,2.058125481245094e-11
258,15540.0,15540,7.162160616566959,7.162160616587509,44.542636373933036,0.0,7.162161655408905,1.0388213911918622e-06,0.0,2.2865623075184087e-08,2.0545116982985833e-11
259,15600.0,15600,7.1621606225611165,7.162160622581629,44.64410031340452,0.0,7.162161661424063,1.0388424295801555e-06,0.0,2.2865616102083472e-08,2.050896946460724e-11
260,15660.0,15660,7.162160628476808,7.162160628497285,44.74556425296087,0.0,7.162161667360473,1.0388631833941258e-06,0.0,2.286560910267824e-08,2.047281192307876e-11
261,15720.0,15720,7.162160634314029,7.16216063433447,44.84702819260098,0.0,7.162161673218128,1.0388836528306339e-06,0.0,2.2865602077249322e-08,2.0436644152502712e-11
262,15780.0,15780,7.162160640072775,7.16216064009318,44.94849213232372,0.0,7.162161678997023,1.0389038380835387e-06,0.0,2.2865595026072413e-08,2.040046575369177e-11
263,15840.0,15840,7.1621606457530405,7.162160645773409,45.049956072128005,0.0,7.1621616846971525,1.0389237393438502e-06,0.0,2.2865587949415585e-08,2.0364276397363156e-11
264,15900.0,15900,7.162160651354816,7.1621606513751495,45.15142001201269,0.0,7.162161690318511,1.038943356799653e-06,0.0,2.286558084753858e-08,2.0328075906108894e-11
265,15960.0,15960,7.1621606568781,7.162160656898396,45.2528839519767,0.0,7.162161695861092,1.0389626906361665e-06,0.0,2.2865573720698285e-08,2.0291863886227167e-11
266,16020.0,16020,7.162160662322883,7.162160662343143,45.35434789201891,0.0,7.162161701324888,1.0389817410357616e-06,0.0,2.286556656914277e-08,2.0255640072472085e-11
267,16080.0,16080,7.162160667689159,7.162160667709384,45.455811832138195,0.0,7.162161706709897,1.0390005081778528e-06,0.0,2.286555939311393e-08,2.021940417809511e-11
268,16140.0,16140,7.162160672976923,7.16216067299711,45.55727577233346,0.0,7.162161712016107,1.0390189922392186e-06,0.0,2.2865552192848167e-08,2.0183155927679135e-11
269,16200.0,16200,7.162160678186165,7.162160678206317,45.658739712603584,0.0,7.162161717243515,1.0390371933936057e-06,0.0,2.2865544968575705e-08,2.0146895029799008e-11
270,16260.0,16260,7.16216068331688,7.162160683336996,45.760203652947446,0.0,7.162161722392112,1.0390551118119718e-06,0.0,2.2865537720520575e-08,2.0110621134794844e-11
271,16320.0,16320,7.1621606883690605,7.162160688389139,45.86166759336396,0.0,7.162161727461891,1.039072747662548e-06,0.0,2.28655304488999e-08,2.0074334012766524e-11
272,16380.0,16380,7.162160693342698,7.162160693362741,45.96313153385201,0.0,7.162161732452846,1.0390901011106849e-06,0.0,2.286552315392533e-08,2.003803344689752e-11
273,16440.0,16440,7.162160698237787,7.162160698257793,46.06459547441046,0.0,7.16216173736497,1.039107172319067e-06,0.0,2.2865515835805187e-08,2.0001719147457467e-11
274,16500.0,16500,7.162160703054317,7.162160703074288,46.16605941503821,0.0,7.162161742198253,1.0391239614474535e-06,0.0,2.2865508494738974e-08,1.996539067748313e-11
275,16560.0,16560,7.162160707792283,7.162160707812217,46.26752335573417,0.0,7.16216174695269,1.0391404686529673e-06,0.0,2.286550113092001e-08,1.9929047871709304e-11
276,16620.0,16620,7.162160712451675,7.162160712471572,46.3689872964972,0.0,7.16216175162827,1.0391566940898973e-06,0.0,2.2865493744537806e-08,1.9892690540934494e-11
277,16680.0,16680,7.162160717032484,7.162160717052346,46.470451237326195,0.0,7.162161756224988,1.039172637909683e-06,0.0,2.286548633577592e-08,1.9856318323439898e-11
278,16740.0,16740,7.162160721534705,7.162160721554529,46.571915178220046,0.0,7.162161760742833,1.0391883002613567e-06,0.0,2.2865478904811477e-08,1.981993096572739e-11
279,16800.0,16800,7.162160725958325,7.162160725978113,46.67337911917764,0.0,7.162161765181799,1.0392036812907966e-06,0.0,2.2865471451817563e-08,1.978352822085095e-11
280,16860.0,16860,7.162160730303338,7.16216073032309,46.77484306019785,0.0,7.162161769541876,1.0392187811416106e-06,0.0,2.2865463976960352e-08,1.974710989820893e-11
281,16920.0,16920,7.162160734569735,7.16216073458945,46.876307001279585,0.0,7.162161773823053,1.0392335999543437e-06,0.0,2.286545648040388e-08,1.9710675647834593e-11
282,16980.0,16980,7.162160738757505,7.162160738777184,46.97777094242172,0.0,7.162161778025326,1.0392481378669356e-06,0.0,2.2865448962302902e-08,1.967422512978822e-11
283,17040.0,17040,7.162160742866641,7.162160742886283,47.07923488362315,0.0,7.162161782148683,1.0392623950147513e-06,0.0,2.286544142280811e-08,1.96377583429869e-11
284,17100.0,17100,7.162160746897132,7.162160746916737,47.18069882488275,0.0,7.1621617861931135,1.0392763715303518e-06,0.0,2.2865433862067358e-08,1.9601274904394095e-11
285,17160.0,17160,7.162160750848968,7.162160750868537,47.28216276619942,0.0,7.16216179015861,1.0392900675436467e-06,0.0,2.2865426280222537e-08,1.9564774502567955e-11
286,17220.0,17220,7.16216075472214,7.162160754741673,47.38362670757204,0.0,7.1621617940451605,1.039303483181895e-06,0.0,2.2865418677408638e-08,1.952825704080379e-11
287,17280.0,17280,7.162160758516639,7.162160758536134,47.485090648999474,0.0,7.162161797852757,1.0393166185698106e-06,0.0,2.2865411053758265e-08,1.9491722146309846e-11
288,17340.0,17340,7.162160762232452,7.162160762251912,47.586554590480645,0.0,7.162161801581391,1.039329473829106e-06,0.0,2.286540340939832e-08,1.9455169672854676e-11
289,17400.0,17400,7.162160765869571,7.162160765888994,47.68801853201442,0.0,7.162161805231048,1.039342049079284e-06,0.0,2.2865395744451404e-08,1.9418599337509902e-11
290,17460.0,17460,7.1621607694279845,7.162160769447371,47.7894824735997,0.0,7.162161808801719,1.0393543444369074e-06,0.0,2.2865388059034422e-08,1.9382010958023698e-11
291,17520.0,17520,7.162160772907682,7.162160772927032,47.890946415235334,0.0,7.162161812293396,1.039366360016039e-06,0.0,2.2865380353261167e-08,1.9345404238330224e-11
292,17580.0,17580,7.162160776308651,7.162160776327965,47.99241035692025,0.0,7.162161815706065,1.0393780959280919e-06,0.0,2.2865372627240205e-08,1.9308779103687877e-11
293,17640.0,17640,7.1621607796308835,7.16216077965016,48.09387429865332,0.0,7.162161819039716,1.0393895522819181e-06,0.0,2.2865364881077005e-08,1.9272135031962537e-11
294,17700.0,17700,7.1621607828743645,7.162160782893605,48.195338240433415,0.0,7.162161822294339,1.0394007291836123e-06,0.0,2.28653571148687e-08,1.923547215694004e-11
295,17760.0,17760,7.162160786039085,7.162160786058287,48.296802182259434,0.0,7.162161825469918,1.0394116267367397e-06,0.0,2.2865349328714096e-08,1.9198789999535026e-11
296,17820.0,17820,7.162160789125032,7.162160789144197,48.39826612413026,0.0,7.162161828566447,1.0394222450423665e-06,0.0,2.286534152270342e-08,1.9162088463983007e-11
297,17880.0,17880,7.162160792132194,7.1621607921513215,48.49973006604476,0.0,7.16216183158391,1.0394325841987865e-06,0.0,2.286533369692476e-08,1.912536736497942e-11
298,17940.0,17940,7.162160795060557,7.162160795079649,48.60119400800186,0.0,7.162161834522299,1.0394426443018394e-06,0.0,2.2865325851461445e-08,1.908862634342925e-11
299,18000.0,18000,7.1621607979101105,7.162160797929167,48.70265795000041,0.0,7.162161837381598,1.0394524254447142e-06,0.0,2.2865317986392752e-08,1.905186538659778e-11
300,18060.0,18060,7.162160800680843,7.162160800699861,48.8041218920393,0.0,7.162161840161794,1.039461927718086e-06,0.0,2.2865310101795344e-08,1.901508403530979e-11
301,18120.0,18120,7.162160803372737,7.16216080339172,48.90558583411741,0.0,7.162161842862875,1.0394711512100542e-06,0.0,2.2865302197738978e-08,1.8978282404522196e-11
302,18180.0,18180,7.162160805985785,7.16216080600473,49.00704977623364,0.0,7.162161845484831,1.0394800960060527e-06,0.0,2.286529427429341e-08,1.8941460025732882e-11
303,18240.0,18240,7.16216080851997,7.162160808538879,49.10851371838687,0.0,7.162161848027645,1.0394887621889543e-06,0.0,2.286528633152292e-08,1.8904616802938763e-11
304,18300.0,18300,7.162160810975279,7.162160810994151,49.209977660575966,0.0,7.162161850491303,1.0394971498392867e-06,0.0,2.2865278369487265e-08,1.8867752526853414e-11
305,18360.0,18360,7.162160813351698,7.162160813370533,49.31144160279983,0.0,7.162161852875796,1.0395052590347424e-06,0.0,2.2865270388244536e-08,1.883086706459244e-11
306,18420.0,18420,7.162160815649213,7.162160815668011,49.412905545057335,0.0,7.162161855181106,1.0395130898506836e-06,0.0,2.28652623878483e-08,1.8793960080126775e-11
307,18480.0,18480,7.16216081786781,7.162160817886573,49.514369487347366,0.0,7.162161857407218,1.03952064235979e-06,0.0,2.2865254368348554e-08,1.875703152372135e-11
308,18540.0,18540,7.162160820007475,7.162160820026199,49.61583342966882,0.0,7.16216185955412,1.0395279166322277e-06,0.0,2.286524632979196e-08,1.872008110925735e-11
309,18600.0,18600,7.162160822068192,7.1621608220868795,49.717297372020546,0.0,7.162161861621796,1.0395349127356945e-06,0.0,2.2865238272222324e-08,1.8683108647986e-11
310,18660.0,18660,7.162160824049946,7.162160824068596,49.818761314401456,0.0,7.162161863610231,1.0395416307352362e-06,0.0,2.2865230195678693e-08,1.8646114067885334e-11
311,18720.0,18720,7.162160825952721,7.162160825971335,49.92022525681043,0.0,7.16216186551941,1.039548070693477e-06,0.0,2.286522210019987e-08,1.860909701103107e-11
312,18780.0,18780,7.1621608277765025,7.162160827795079,50.02168919924634,0.0,7.162161867349316,1.0395542326705108e-06,0.0,2.286521398581752e-08,1.8572057459624308e-11
313,18840.0,18840,7.162160829521274,7.162160829539812,50.123153141708066,0.0,7.162161869099933,1.0395601167237813e-06,0.0,2.286520585256474e-08,1.8534995084552865e-11
314,18900.0,18900,7.162160831187017,7.16216083120552,50.2246170841945,0.0,7.162161870771246,1.0395657229082933e-06,0.0,2.2865197700467475e-08,1.8497909767192953e-11
315,18960.0,18960,7.1621608327737185,7.162160832792185,50.3260810267045,0.0,7.1621618723632405,1.0395710512766449e-06,0.0,2.2865189529549773e-08,1.8460801418689888e-11
316,19020.0,19020,7.16216083428136,7.162160834299788,50.42754496923698,0.0,7.162161873875894,1.039576101878569e-06,0.0,2.2865181339835678e-08,1.842366972164067e-11
317,19080.0,19080,7.162160835709924,7.162160835728313,50.5290089117908,0.0,7.1621618753091925,1.0395808747617575e-06,0.0,2.2865173131342334e-08,1.8386514476976993e-11
318,19140.0,19140,7.162160837059391,7.162160837077745,50.63047285436485,0.0,7.16216187666312,1.0395853699710372e-06,0.0,2.2865164904084738e-08,1.8349335667936005e-11
319,19200.0,19200,7.162160838329747,7.162160838348062,50.731936796957996,0.0,7.162161877937655,1.039589587548858e-06,0.0,2.286515665807789e-08,1.831213300281119e-11
320,19260.0,19260,7.16216083952097,7.162160839539249,50.83340073956913,0.0,7.162161879132781,1.03959352753508e-06,0.0,2.2865148393330834e-08,1.8274906280564975e-11
321,19320.0,19320,7.162160840633044,7.1621608406512856,50.93486468219712,0.0,7.1621618802484805,1.0395971899671552e-06,0.0,2.2865140109851195e-08,1.8237655528735392e-11
322,19380.0,19380,7.162160841665949,7.162160841684154,51.03632862484087,0.0,7.1621618812847325,1.039600574880037e-06,0.0,2.2865131807646347e-08,1.820038029507056e-11
323,19440.0,19440,7.162160842619665,7.162160842637832,51.13779256749923,0.0,7.162161882241518,1.0396036823059824e-06,0.0,2.2865123486716056e-08,1.8163080578737506e-11
324,19500.0,19500,7.162160843494173,7.162160843512303,51.239256510171096,0.0,7.16216188311882,1.039606512275023e-06,0.0,2.2865115147060795e-08,1.812575617384716e-11
325,19560.0,19560,7.162160844289453,7.162160844307546,51.34072045285536,0.0,7.162161883916615,1.0396090648144633e-06,0.0,2.2865106788677946e-08,1.8088406845239865e-11
326,19620.0,19620,7.162160845005484,7.16216084502354,51.44218439555086,0.0,7.162161884634884,1.039611339949231e-06,0.0,2.2865098411561558e-08,1.805103259150954e-11
327,19680.0,19680,7.162160845642246,7.162160845660264,51.5436483382565,0.0,7.162161885273606,1.0396133377018157e-06,0.0,2.28650900157052e-08,1.8013633067875528e-11
328,19740.0,19740,7.162160846199717,7.162160846217697,51.645112280971155,0.0,7.1621618858327585,1.0396150580918884e-06,0.0,2.2865081601098403e-08,1.7976208172486584e-11
329,19800.0,19800,7.1621608466778754,7.1621608466958175,51.74657622369371,0.0,7.162161886312322,1.039616501137017e-06,0.0,2.286507316772759e-08,1.793875776681033e-11
330,19860.0,19860,7.162160847076699,7.1621608470946025,51.84804016642303,0.0,7.162161886712274,1.0396176668519511e-06,0.0,2.2865064715579198e-08,1.7901281728019484e-11
331,19920.0,19920,7.162160847396163,7.162160847414031,51.94950410915799,0.0,7.162161887032591,1.0396185552492609e-06,0.0,2.286505624463703e-08,1.7863779698160132e-11
332,19980.0,19980,7.162160847636248,7.1621608476540795,52.05096805189748,0.0,7.16216188727325,1.039619166338683e-06,0.0,2.2865047754880377e-08,1.7826251707263175e-11
333,20040.0,20040,7.16216084779693,7.1621608478147225,52.152431994640374,0.0,7.162161887434227,1.0396195001276527e-06,0.0,2.2865039246287812e-08,1.7788697440103414e-11
334,20100.0,20100,7.162160847878183,7.162160847895938,52.253895937385536,0.0,7.1621618875154995,1.039619556621153e-06,0.0,2.286503071883481e-08,1.7751116891717972e-11
335,20160.0,20160,7.162160847879985,7.162160847897702,52.355359880131836,0.0,7.162161887517042,1.0396193358214842e-06,0.0,2.286502217249757e-08,1.7713509802941034e-11
336,20220.0,20220,7.162160847802309,7.1621608478199885,52.45682382287817,0.0,7.16216188743883,1.0396188377285703e-06,0.0,2.2865013607247278e-08,1.7675875933957488e-11
337,20280.0,20280,7.162160847645131,7.162160847662773,52.558287765623405,0.0,7.162161887280839,1.03961806233976e-06,0.0,2.2865005023053224e-08,1.7638215344632107e-11
338,20340.0,20340,7.1621608474084235,7.162160847426029,52.659751708366414,0.0,7.162161887043042,1.0396170096500403e-06,0.0,2.286499641988446e-08,1.760052760938075e-11
339,20400.0,20400,7.162160847092162,7.162160847109729,52.76121565110607,0.0,7.1621618867254115,1.0396156796517321e-06,0.0,2.286498779770599e-08,1.7562812744211563e-11
340,20460.0,20460,7.162160846696319,7.1621608467138484,52.86267959384126,0.0,7.162161886327925,1.0396140723347332e-06,0.0,2.286497915648186e-08,1.7525070443270546e-11
341,20520.0,20520,7.162160846220866,7.162160846238359,52.96414353657082,0.0,7.1621618858505505,1.0396121876864423e-06,0.0,2.2864970496173028e-08,1.7487300752196165e-11
342,20580.0,20580,7.1621608456657775,7.162160845683231,53.06560747929366,0.0,7.16216188529326,1.0396100256917144e-06,0.0,2.2864961816742117e-08,1.7449503327944283e-11
343,20640.0,20640,7.162160845031022,7.162160845048437,53.16707142200865,0.0,7.162161884656028,1.0396075863328898e-06,0.0,2.2864953118145553e-08,1.7411678064011627e-11
344,20700.0,20700,7.162160844316572,7.1621608443339495,53.26853536471464,0.0,7.162161883938823,1.0396048695898252e-06,0.0,2.2864944400339778e-08,1.737382476438222e-11
345,20760.0,20760,7.162160843522398,7.162160843539738,53.36999930741051,0.0,7.162161883141618,1.039601875439955e-06,0.0,2.286493566327931e-08,1.7335943289189676e-11
346,20820.0,20820,7.162160842648468,7.16216084266577,53.47146325009515,0.0,7.162161882264377,1.0395986038580311e-06,0.0,2.2864926906916538e-08,1.7298033437839687e-11
347,20880.0,20880,7.162160841694753,7.1621608417120175,53.57292719276741,0.0,7.162161881307076,1.0395950548163687e-06,0.0,2.2864918131201943e-08,1.7260095194663018e-11
348,20940.0,20940,7.162160840661222,7.162160840678448,53.67439113542616,0.0,7.16216188026968,1.039591228284783e-06,0.0,2.2864909336086e-08,1.722212816830765e-11
349,21000.0,21000,7.16216083954784,7.162160839565028,53.77585507807029,0.0,7.162161879152156,1.0395871242305453e-06,0.0,2.2864900521514435e-08,1.7184132320044913e-11
350,21060.0,21060,7.162160838354577,7.162160838371728,53.87731902069864,0.0,7.162161877954473,1.039582742618428e-06,0.0,2.286489168743296e-08,1.7146107565499817e-11
351,21120.0,21120,7.162160837081399,7.16216083709851,53.97878296331011,0.0,7.162161876676597,1.039578083410567e-06,0.0,2.2864882833787296e-08,1.710805357096134e-11
352,21180.0,21180,7.16216083572827,7.162160835745343,54.08024690590354,0.0,7.1621618753184935,1.0395731465667525e-06,0.0,2.2864873960517924e-08,1.7069970163195692e-11
353,21240.0,21240,7.162160834295157,7.162160834312194,54.18171084847783,0.0,7.16216187388013,1.0395679320440924e-06,0.0,2.286486506756485e-08,1.7031857334718623e-11
354,21300.0,21300,7.162160832782025,7.162160832799023,54.28317479103181,0.0,7.162161872361466,1.0395624397972265e-06,0.0,2.2864856154868315e-08,1.6993714827873392e-11
355,21360.0,21360,7.162160831188837,7.162160831205796,54.38463873356438,0.0,7.1621618707624695,1.0395566697782653e-06,0.0,2.286484722236547e-08,1.6955542447652596e-11
356,21420.0,21420,7.162160829515556,7.162160829532477,54.48610267607439,0.0,7.162161869083103,1.039550621936744e-06,0.0,2.2864838269990837e-08,1.691734012627547e-11
357,21480.0,21480,7.162160827762145,7.162160827779028,54.58756661856071,0.0,7.162161867323327,1.0395442962196533e-06,0.0,2.2864829297680854e-08,1.6879107524346326e-11
358,21540.0,21540,7.162160825928566,7.16216082594541,54.68903056102219,0.0,7.162161865483106,1.0395376925714856e-06,0.0,2.2864820305365524e-08,1.684084460836291e-11
359,21600.0,21600,7.162160824014777,7.162160824031584,54.79049450345772,0.0,7.1621618635624,1.0395308109340964e-06,0.0,2.2864811292977476e-08,1.680255117030834e-11
360,21660.0,21660,7.162160822020742,7.16216082203751,54.89195844586616,0.0,7.162161861561165,1.0395236512468276e-06,0.0,2.2864802260445287e-08,1.6764227029674868e-11
361,21720.0,21720,7.162160819946419,7.162160819963149,54.993422388246366,0.0,7.162161859479366,1.0395162134464768e-06,0.0,2.2864793207697528e-08,1.6725872026317512e-11
362,21780.0,21780,7.162160817791767,7.1621608178084575,55.09488633059719,0.0,7.162161857316958,1.0395084974672356e-06,0.0,2.2864784134660637e-08,1.6687485962975676e-11
363,21840.0,21840,7.162160815556741,7.162160815573393,55.19635027291753,0.0,7.162161855073901,1.0395005032407663e-06,0.0,2.286477504125938e-08,1.6649068710420864e-11
364,21900.0,21900,7.162160813241301,7.162160813257915,55.297814215206216,0.0,7.16216185275015,1.0394922306961416e-06,0.0,2.2864765927418288e-08,1.6610620045625044e-11
365,21960.0,21960,7.1621608108454025,7.1621608108619785,55.39927815746211,0.0,7.162161850345662,1.0394836797598582e-06,0.0,2.28647567930588e-08,1.65721397694401e-11
366,22020.0,22020,7.162160808368999,7.162160808385538,55.50074209968409,0.0,7.162161847860391,1.039474850355747e-06,0.0,2.2864747638101625e-08,1.6533627736336494e-11
367,22080.0,22080,7.162160805812047,7.162160805828547,55.602206041871014,0.0,7.162161845294293,1.0394657424052466e-06,0.0,2.2864738462465354e-08,1.64950838401376e-11
368,22140.0,22140,7.1621608031745,7.16216080319096,55.70366998402173,0.0,7.162161842647319,1.0394563558269764e-06,0.0,2.2864729266068795e-08,1.645650781723151e-11
369,22200.0,22200,7.162160800456309,7.162160800472731,55.805133926135106,0.0,7.162161839919424,1.0394466905371183e-06,0.0,2.2864720048828624e-08,1.6417899492951612e-11
370,22260.0,22260,7.162160797657426,7.162160797673809,55.90659786821,0.0,7.162161837110559,1.0394367464490963e-06,0.0,2.286471081065913e-08,1.6379258671543137e-11
371,22320.0,22320,7.162160794777802,7.162160794794146,56.00806181024525,0.0,7.162161834220673,1.039426523473942e-06,0.0,2.2864701551474373e-08,1.6340585219205593e-11
372,22380.0,22380,7.162160791817387,7.162160791833692,56.10952575223975,0.0,7.162161831249717,1.0394160215198836e-06,0.0,2.286469227118721e-08,1.630187898139043e-11
373,22440.0,22440,7.162160788776129,7.162160788792396,56.210989694192314,0.0,7.1621618281976405,1.039405240492574e-06,0.0,2.2864682969708846e-08,1.626313961644343e-11
374,22500.0,22500,7.162160785653976,7.1621607856702045,56.312453636101836,0.0,7.162161825064389,1.0393941802950455e-06,0.0,2.286467364694809e-08,1.622436712689922e-11
375,22560.0,22560,7.162160782450876,7.162160782467065,56.413917577967155,0.0,7.162161821849909,1.0393828408276793e-06,0.0,2.2864664302813764e-08,1.6185561221481798e-11
376,22620.0,22620,7.162160779166772,7.162160779182923,56.51538151978711,0.0,7.162161818554148,1.0393712219882817e-06,0.0,2.2864654937213493e-08,1.614672166995468e-11
377,22680.0,22680,7.1621607758016115,7.162160775817724,56.61684546156057,0.0,7.1621618151770505,1.039359323671931e-06,0.0,2.2864645550051807e-08,1.6107848412805963e-11
378,22740.0,22740,7.162160772355338,7.16216077237141,56.71830940328639,0.0,7.162161811718559,1.0393471457711004e-06,0.0,2.2864636141233952e-08,1.6068941179377232e-11
379,22800.0,22800,7.162160768827893,7.1621607688439255,56.81977334496342,0.0,7.162161808178618,1.0393346881756122e-06,0.0,2.2864626710663746e-08,1.6029999790835988e-11
380,22860.0,22860,7.162160765219217,7.162160765235212,56.921237286590504,0.0,7.162161804557166,1.0393219507725603e-06,0.0,2.28646172582431e-08,1.5991024048584493e-11
381,22920.0,22920,7.162160761529252,7.162160761545207,57.0227012281665,0.0,7.162161800854145,1.0393089334464646e-06,0.0,2.2864607783872262e-08,1.595201364320665e-11
382,22980.0,22980,7.162160757757938,7.1621607577738535,57.124165169690244,0.0,7.162161797069493,1.0392956360789494e-06,0.0,2.2864598287448857e-08,1.5912968652626947e-11
383,23040.0,23040,7.162160753905211,7.162160753921089,57.22562911116059,0.0,7.162161793203151,1.0392820585492167e-06,0.0,2.2864588768873608e-08,1.5873888629158638e-11
384,23100.0,23100,7.16216074997101,7.162160749986848,57.3270930525764,0.0,7.162161789255053,1.039268200733634e-06,0.0,2.2864579228042238e-08,1.5834773474765403e-11
385,23160.0,23160,7.162160745955269,7.162160745971068,57.42855699393652,0.0,7.162161785225135,1.0392540625058571e-06,0.0,2.2864569664850465e-08,1.579562300203056e-11
386,23220.0,23220,7.1621607418579245,7.1621607418736835,57.53002093523977,0.0,7.162161781113331,1.0392396437368596e-06,0.0,2.2864560079193066e-08,1.5756436988718714e-11
387,23280.0,23280,7.162160737678908,7.162160737694628,57.631484876485004,0.0,7.162161776919577,1.0392249442949187e-06,0.0,2.2864550470962904e-08,1.571721516673949e-11
388,23340.0,23340,7.162160733418153,7.162160733433835,57.73294881767108,0.0,7.162161772643802,1.0392099640455378e-06,0.0,2.286454084005165e-08,1.5677957414931794e-11
389,23400.0,23400,7.162160729075589,7.162160729091232,57.83441275879683,0.0,7.162161768285938,1.039194702851509e-06,0.0,2.286453118635027e-08,1.563866359301801e-11
390,23460.0,23460,7.162160724651147,7.16216072466675,57.93587669986109,0.0,7.162161763845915,1.0391791605728509e-06,0.0,2.286452150974972e-08,1.5599333261461516e-11
391,23520.0,23520,7.162160720144755,7.162160720160317,58.03734064086271,0.0,7.162161759323659,1.0391633370668845e-06,0.0,2.286451181013597e-08,1.5559966473264943e-11
392,23580.0,23580,7.16216071555634,7.162160715571863,58.138804581800535,0.0,7.162161754719099,1.0391472321881133e-06,0.0,2.2864502087398302e-08,1.5520562725842622e-11
393,23640.0,23640,7.162160710885827,7.162160710901311,58.2402685226734,0.0,7.162161750032159,1.039130845788312e-06,0.0,2.286449234141983e-08,1.5481122131830795e-11
394,23700.0,23700,7.16216070613314,7.162160706148585,58.34173246348013,0.0,7.162161745262767,1.0391141777164376e-06,0.0,2.2864482572087704e-08,1.5441644263731e-11
395,23760.0,23760,7.162160701298204,7.162160701313609,58.44319640421957,0.0,7.1621617404108395,1.0390972278186734e-06,0.0,2.2864472779284788e-08,1.540212884789194e-11
396,23820.0,23820,7.162160696380938,7.162160696396304,58.54466034489055,0.0,7.162161735476303,1.0390799959384906e-06,0.0,2.286446296289157e-08,1.5362575986498205e-11
397,23880.0,23880,7.162160691381264,7.16216069139659,58.64612428549193,0.0,7.162161730459076,1.039062481916435e-06,0.0,2.2864453122792577e-08,1.5322985093683493e-11
398,23940.0,23940,7.162160686299099,7.162160686314387,58.74758822602251,0.0,7.162161725359076,1.0390446855902334e-06,0.0,2.2864443258865208e-08,1.5283356160193216e-11
399,24000.0,24000,7.162160681134363,7.162160681149609,58.84905216648114,0.0,7.16216172017622,1.03902660679484e-06,0.0,2.2864433370988752e-08,1.524368888009535e-11
400,24060.0,24060,7.162160675886969,7.162160675902175,58.95051610686665,0.0,7.162161714910424,1.0390082453624349e-06,0.0,2.2864423459041315e-08,1.5203983003709778e-11
401,24120.0,24120,7.1621606705568315,7.162160670571999,59.05198004717785,0.0,7.1621617095616035,1.0389896011221978e-06,0.0,2.2864413522897193e-08,1.516423851632631e-11
402,24180.0,24180,7.162160665143864,7.162160665158991,59.1534439874136,0.0,7.162161704129669,1.0389706739006408e-06,0.0,2.2864403562435206e-08,1.5124454893497948e-11
403,24240.0,24240,7.162160659647977,7.162160659663065,59.25490792757271,0.0,7.162161698614532,1.0389514635212445e-06,0.0,2.286439357752703e-08,1.5084632038842937e-11
404,24300.0,24300,7.162160654069082,7.162160654084129,59.356371867654005,0.0,7.162161693016102,1.038931969804701e-06,0.0,2.2864383568045055e-08,1.5044769736183175e-11
405,24360.0,24360,7.162160648407084,7.162160648422091,59.457835807656316,0.0,7.1621616873342875,1.038912192568792e-06,0.0,2.286437353386167e-08,1.5004867831559602e-11
406,24420.0,24420,7.16216064266189,7.1621606426768585,59.55929974757846,0.0,7.162161681568993,1.0388921316284197e-06,0.0,2.2864363474848796e-08,1.4964925780430874e-11
407,24480.0,24480,7.162160636833407,7.162160636848336,59.660763687419255,0.0,7.162161675720125,1.0388717867955758e-06,0.0,2.2864353390872392e-08,1.4924943735946445e-11
408,24540.0,24540,7.162160630921536,7.162160630936424,59.76222762717754,0.0,7.162161669787586,1.0388511578793268e-06,0.0,2.286434328180342e-08,1.4884921204206128e-11
409,24600.0,24600,7.162160624926178,7.162160624941027,59.863691566852125,0.0,7.1621616637712755,1.038830244685813e-06,0.0,2.2864333147507604e-08,1.4844857988137025e-11
410,24660.0,24660,7.162160618847236,7.1621606188620435,59.965155506441825,0.0,7.162161657671093,1.0388090470182354e-06,0.0,2.286432298785067e-08,1.4804753964715213e-11
411,24720.0,24720,7.162160612684603,7.16216061269937,60.06661944594546,0.0,7.162161651486939,1.0387875646768677e-06,0.0,2.2864312802697392e-08,1.4764608761537336e-11
412,24780.0,24780,7.162160606438178,7.162160606452907,60.16808338536183,0.0,7.162161645218707,1.0387657974589835e-06,0.0,2.2864302591911827e-08,1.47244221246455e-11
413,24840.0,24840,7.162160600107855,7.162160600122542,60.26954732468978,0.0,7.16216163886629,1.0387437451588537e-06,0.0,2.2864292355355652e-08,1.468419381769984e-11
414,24900.0,24900,7.162160593693526,7.162160593708173,60.371011263928104,0.0,7.162161632429584,1.0387214075679006e-06,0.0,2.2864282092888402e-08,1.4643923718668798e-11
415,24960.0,24960,7.162160587195083,7.16216058720969,60.472475203075604,0.0,7.162161625908477,1.038698784474407e-06,0.0,2.2864271804372704e-08,1.4603611434458138e-11
416,25020.0,25020,7.162160580612413,7.162160580626979,60.573939142131096,0.0,7.162161619302856,1.0386758756637155e-06,0.0,2.2864261489666196e-08,1.4563256671728565e-11
417,25080.0,25080,7.162160573945403,7.1621605739599286,60.675403081093386,0.0,7.162161612612613,1.038652680918091e-06,0.0,2.286425114862507e-08,1.452285929724357e-11
418,25140.0,25140,7.162160567193939,7.162160567208424,60.776867019961294,0.0,7.162161605837628,1.0386292000169177e-06,0.0,2.2864240781106486e-08,1.448241902805908e-11
419,25200.0,25200,7.162160560357904,7.1621605603723495,60.878330958733606,0.0,7.162161598977786,1.0386054327363506e-06,0.0,2.2864230386965694e-08,1.4441935534912087e-11
420,25260.0,25260,7.16216055343718,7.162160553451583,60.97979489740914,0.0,7.162161592032966,1.038581378849558e-06,0.0,2.286421996605675e-08,1.4401408587124485e-11
421,25320.0,25320,7.162160546431644,7.162160546446008,61.08125883598668,0.0,7.162161585003049,1.0385570381266298e-06,0.0,2.286420951823109e-08,1.4360838037960889e-11
422,25380.0,25380,7.162160539341174,7.162160539355497,61.18272277446504,0.0,7.16216157788791,1.038532410334655e-06,0.0,2.2864199043343023e-08,1.4320223340533309e-11
423,25440.0,25440,7.162160532165645,7.162160532179927,61.28418671284301,0.0,7.1621615706874255,1.0385074952375528e-06,0.0,2.286418854123993e-08,1.4279564464777821e-11
424,25500.0,25500,7.162160524904929,7.162160524919171,61.385650651119384,0.0,7.162161563401467,1.038482292596104e-06,0.0,2.2864178011772546e-08,1.423886106018918e-11
425,25560.0,25560,7.162160517558901,7.162160517573101,61.487114589292965,0.0,7.162161556029905,1.0384568021679953e-06,0.0,2.286416745478778e-08,1.419811292443156e-11
426,25620.0,25620,7.162160510127424,7.162160510141583,61.58857852736254,0.0,7.16216154857261,1.0384310237078981e-06,0.0,2.2864156870133983e-08,1.4157319521057995e-11
427,25680.0,25680,7.162160502610367,7.162160502624486,61.690042465326904,0.0,7.162161541029446,1.0384049569671152e-06,0.0,2.2864146257653786e-08,1.4116480993981303e-11
428,25740.0,25740,7.162160495007594,7.1621604950216735,61.79150640318484,0.0,7.162161533400278,1.038378601693933e-06,0.0,2.2864135617194814e-08,1.4075596594185466e-11
429,25800.0,25800,7.162160487318969,7.162160487333007,61.89297034093513,0.0,7.162161525684968,1.0383519576334381e-06,0.0,2.2864124948596848e-08,1.4034666464598909e-11
430,25860.0,25860,7.162160479544349,7.162160479558346,61.994434278576556,0.0,7.162161517883374,1.0383250245275476e-06,0.0,2.2864114251704184e-08,1.3993690064433832e-11
431,25920.0,25920,7.1621604716835945,7.16216047169755,62.09589821610792,0.0,7.162161509995355,1.0382978021149334e-06,0.0,2.2864103526356592e-08,1.3952667111300495e-11
432,25980.0,25980,7.162160463736558,7.162160463750472,62.197362153527976,0.0,7.162161502020764,1.0382702901310827e-06,0.0,2.2864092772392902e-08,1.3911597450887776e-11
433,26040.0,26040,7.162160455703093,7.1621604557169665,62.29882609083552,0.0,7.162161493959458,1.0382424883082527e-06,0.0,2.286408198965193e-08,1.3870480678962988e-11
434,26100.0,26100,7.162160447583051,7.162160447596884,62.40029002802933,0.0,7.162161485811282,1.038214396375455e-06,0.0,2.2864071177970594e-08,1.3829316427244877e-11
435,26160.0,26160,7.162160439376279,7.162160439390071,62.50175396510818,0.0,7.162161477576089,1.0381860140584099e-06,0.0,2.2864060337182718e-08,1.3788104647100995e-11
436,26220.0,26220,7.162160431082626,7.162160431096376,62.60321790207082,0.0,7.162161469253719,1.0381573410795468e-06,0.0,2.2864049467124983e-08,1.37468449128578e-11
437,26280.0,26280,7.162160422701931,7.1621604227156395,62.70468183891605,0.0,7.162161460844019,1.0381283771582016e-06,0.0,2.2864038567630733e-08,1.3705536756565005e-11
438,26340.0,26340,7.162160414234036,7.162160414247702,62.80614577564263,0.0,7.162161452346827,1.0380991220100999e-06,0.0,2.2864027638529267e-08,1.3664180106519683e-11
439,26400.0,26400,7.162160405678779,7.162160405692405,62.90760971224931,0.0,7.162161443761984,1.0380695753478577e-06,0.0,2.286401667965298e-08,1.362277454939265e-11
440,26460.0,26460,7.162160397035997,7.162160397049582,63.00907364873486,0.0,7.162161435089321,1.0380397368807552e-06,0.0,2.2864005690830695e-08,1.3581319856780665e-11
441,26520.0,26520,7.162160388305522,7.162160388319064,63.11053758509805,0.0,7.162161426328674,1.0380096063146134e-06,0.0,2.2863994671891472e-08,1.3539815592491395e-11
442,26580.0,26580,7.162160379487185,7.162160379500685,63.21200152133763,0.0,7.162161417479871,1.0379791833520231e-06,0.0,2.2863983622661275e-08,1.3498261478758234e-11
443,26640.0,26640,7.162160370580812,7.162160370594272,63.31346545745236,0.0,7.162161408542742,1.0379484676921009e-06,0.0,2.286397254296417e-08,1.3456657277140477e-11
444,26700.0,26700,7.1621603615862295,7.162160361599647,63.41492939344099,0.0,7.162161399517109,1.0379174590305965e-06,0.0,2.2863961432626835e-08,1.3415002577918565e-11
445,26760.0,26760,7.1621603525032596,7.162160352516636,63.51639332930227,0.0,7.162161390402796,1.0378861570599682e-06,0.0,2.286395029147e-08,1.3373297136204834e-11
446,26820.0,26820,7.162160343331722,7.1621603433450565,63.61785726503495,0.0,7.1621613811996205,1.0378545614689713e-06,0.0,2.2863939119317242e-08,1.333154055279997e-11
447,26880.0,26880,7.162160334071432,7.162160334084724,63.719321200637786,0.0,7.162161371907399,1.037822671943162e-06,0.0,2.286392791598692e-08,1.328973254077026e-11
448,26940.0,26940,7.162160324722205,7.162160324735455,63.82078513610951,0.0,7.162161362525947,1.0377904881646071e-06,0.0,2.2863916681298803e-08,1.3247872763771073e-11
449,27000.0,27000,7.162160315283851,7.16216031529706,63.92224907144886,0.0,7.1621613530550725,1.0377580098118382e-06,0.0,2.286390541507029e-08,1.320596087392025e-11
450,27060.0,27060,7.162160305756179,7.162160305769344,64.02371300665459,0.0,7.162161343494584,1.0377252365600045e-06,0.0,2.286389411711782e-08,1.3163996652411493e-11
451,27120.0,27120,7.162160296138992,7.162160296152117,64.12517694172541,0.0,7.162161333844288,1.0376921680805677e-06,0.0,2.2863882787257363e-08,1.3121979534221017e-11
452,27180.0,27180,7.162160286432093,7.162160286445176,64.22664087666008,0.0,7.162161324103982,1.037658804041653e-06,0.0,2.286387142530036e-08,1.3079909407610069e-11
453,27240.0,27240,7.162160276635283,7.162160276648323,64.32810481145732,0.0,7.16216131427347,1.0376251441077737e-06,0.0,2.286386003106159e-08,1.3037785701411256e-11
454,27300.0,27300,7.162160266748357,7.1621602667613535,64.42956874611585,0.0,7.162161304352545,1.037591187939909e-06,0.0,2.2863848604348442e-08,1.2995608345913739e-11
455,27360.0,27360,7.162160256771105,7.162160256784062,64.5310326806344,0.0,7.162161294340999,1.0375569351953806e-06,0.0,2.2863837144973798e-08,1.295337671391335e-11
456,27420.0,27420,7.162160246703319,7.162160246716234,64.63249661501169,0.0,7.162161284238622,1.0375223855280975e-06,0.0,2.2863825652743854e-08,1.291109070038183e-11
457,27480.0,27480,7.162160236544787,7.162160236557659,64.73396054924643,0.0,7.1621612740452,1.037487538588312e-06,0.0,2.2863814127466252e-08,1.2868749769114008e-11
458,27540.0,27540,7.162160226295289,7.162160226308118,64.83542448333735,0.0,7.162161263760515,1.037452394022497e-06,0.0,2.2863802568946004e-08,1.2826353647863104e-11
459,27600.0,27600,7.162160215954608,7.162160215967394,64.93688841728314,0.0,7.1621612533843475,1.0374169514737127e-06,0.0,2.2863790976986934e-08,1.2783901956441938e-11
460,27660.0,27660,7.162160205522517,7.162160205535262,65.03835235108254,0.0,7.162161242916475,1.0373812105811646e-06,0.0,2.2863779351391914e-08,1.2741394399654902e-11
461,27720.0,27720,7.162160194998793,7.162160195011494,65.13981628473424,0.0,7.162161232356669,1.0373451709805992e-06,0.0,2.286376769196215e-08,1.269883043439336e-11
462,27780.0,27780,7.162160184383204,7.162160184395863,65.24128021823694,0.0,7.162161221704698,1.0373088323039231e-06,0.0,2.286375599849647e-08,1.265620994274815e-11
463,27840.0,27840,7.162160173675517,7.162160173688132,65.34274415158934,0.0,7.162161210960329,1.0372721941794015e-06,0.0,2.2863744270795364e-08,1.2613532290941202e-11
464,27900.0,27900,7.162160162875494,7.162160162888067,65.44420808479013,0.0,7.162161200123326,1.0372352562315972e-06,0.0,2.2863732508652658e-08,1.2570797310222301e-11
465,27960.0,27960,7.162160151982895,7.162160151995426,65.54567201783803,0.0,7.162161189193447,1.037198018081233e-06,0.0,2.286372071186551e-08,1.2528004547163261e-11
466,28020.0,28020,7.162160140997476,7.162160141009964,65.6471359507317,0.0,7.162161178170447,1.0371604793454206e-06,0.0,2.2863708880227505e-08,1.2485153630471238e-11
467,28080.0,28080,7.16216012991899,7.162160129931434,65.74859988346984,0.0,7.162161167054077,1.0371226396373864e-06,0.0,2.286369701353176e-08,1.244224419262786e-11
468,28140.0,28140,7.162160118747184,7.162160118759585,65.85006381605112,0.0,7.162161155844087,1.0370844985666541e-06,0.0,2.2863685111569242e-08,1.2399275803681535e-11
469,28200.0,28200,7.162160107481803,7.162160107494162,65.95152774847423,0.0,7.162161144540219,1.0370460557388318e-06,0.0,2.286367317412901e-08,1.2356248065490516e-11
470,28260.0,28260,7.162160096122589,7.162160096134905,66.05299168073785,0.0,7.1621611331422175,1.037007310755794e-06,0.0,2.286366120099823e-08,1.2313160685909093e-11
471,28320.0,28320,7.162160084669278,7.162160084681552,66.15445561284064,0.0,7.162161121649817,1.0369682632155914e-06,0.0,2.2863649191965488e-08,1.227001318059468e-11
472,28380.0,28380,7.162160073121605,7.162160073133834,66.25591954478126,0.0,7.162161110062749,1.0369289127123278e-06,0.0,2.2863637146814132e-08,1.2226805252433223e-11
473,28440.0,28440,7.162160061479297,7.162160061491484,66.35738347655838,0.0,7.1621610983807455,1.0368892588362525e-06,0.0,2.286362506532942e-08,1.2183536282602062e-11
474,28500.0,28500,7.1621600497420825,7.162160049754225,66.45884740817068,0.0,7.162161086603529,1.0368493011737597e-06,0.0,2.2863612947290888e-08,1.214020621022291e-11
475,28560.0,28560,7.162160037909681,7.1621600379217805,66.5603113396168,0.0,7.1621610747308235,1.0368090393072358e-06,0.0,2.286360079248213e-08,1.2096814283848006e-11
476,28620.0,28620,7.162160025981811,7.162160025993866,66.66177527089539,0.0,7.162161062762342,1.03676847281532e-06,0.0,2.2863588600680065e-08,1.2053360304598699e-11
477,28680.0,28680,7.162160013958183,7.162160013970196,66.7632392020051,0.0,7.162161050697799,1.0367276012724907e-06,0.0,2.286357637166233e-08,1.2009843796714903e-11
478,28740.0,28740,7.16216000183851,7.162160001850478,66.86470313294458,0.0,7.162161038536905,1.0366864242494026e-06,0.0,2.2863564105205134e-08,1.1966264379875583e-11
479,28800.0,28800,7.162159989622493,7.162159989634418,66.96616706371246,0.0,7.162161026279363,1.0366449413126263e-06,0.0,2.28635518010823e-08,1.192262159084403e-11
480,28860.0,28860,7.162159977309837,7.162159977321719,67.0676309943074,0.0,7.162161013924873,1.0366031520248324e-06,0.0,2.2863539459068138e-08,1.187891501186235e-11
481,28920.0,28920,7.162159964900234,7.162159964912072,67.16909492472799,0.0,7.162161001473131,1.036561055944623e-06,0.0,2.286352707893195e-08,1.1835144232704026e-11
482,28980.0,28980,7.162159952393379,7.162159952405173,67.2705588549729,0.0,7.162160988923828,1.0365186526265315e-06,0.0,2.2863514660443748e-08,1.179130887299914e-11
483,29040.0,29040,7.162159939788958,7.162159939800707,67.37202278504073,0.0,7.162160976276652,1.0364759416210086e-06,0.0,2.2863502203372126e-08,1.1747408341782326e-11
484,29100.0,29100,7.162159927086654,7.16215992709836,67.4734867149301,0.0,7.162160963531285,1.0364329224744817e-06,0.0,2.286348970748163e-08,1.1703442425395867e-11
485,29160.0,29160,7.1621599142861445,7.162159914297806,67.57495064463961,0.0,7.1621609506874035,1.0363895947293412e-06,0.0,2.2863477172539176e-08,1.1659410511981893e-11
486,29220.0,29220,7.1621599013871045,7.162159901398723,67.67641457416791,0.0,7.162160937744684,1.0363459579237253e-06,0.0,2.286346459830645e-08,1.1615312318313731e-11
487,29280.0,29280,7.162159888389203,7.162159888400778,67.77787850351358,0.0,7.162160924702791,1.0363020115916749e-06,0.0,2.286345198454657e-08,1.157114718183515e-11
488,29340.0,29340,7.162159875292104,7.162159875303634,67.87934243267522,0.0,7.162160911561392,1.0362577552633289e-06,0.0,2.2863439331016934e-08,1.1526914889068967e-11
489,29400.0,29400,7.162159862095467,7.162159862106952,67.98080636165142,0.0,7.162160898320144,1.0362131884641797e-06,0.0,2.2863426637477083e-08,1.1482614822362039e-11
490,29460.0,29460,7.162159848798946,7.162159848810386,68.08227029044076,0.0,7.162160884978699,1.0361683107159867e-06,0.0,2.2863413903683705e-08,1.1438246644038697e-11
491,29520.0,29520,7.162159835402191,7.162159835413586,68.18373421904187,0.0,7.162160871536711,1.0361231215360444e-06,0.0,2.286340112939134e-08,1.1393809717334797e-11
492,29580.0,29580,7.162159821904847,7.162159821916199,68.2851981474533,0.0,7.162160857993821,1.0360776204375796e-06,0.0,2.2863388314352153e-08,1.1349303836410615e-11
493,29640.0,29640,7.162159808306554,7.162159808317861,68.38666207567363,0.0,7.162160844349669,1.0360318069294608e-06,0.0,2.2863375458319017e-08,1.1304728313897288e-11
494,29700.0,29700,7.1621597946069455,7.162159794618207,68.48812600370142,0.0,7.16216083060389,1.035985680516321e-06,0.0,2.2863362561040052e-08,1.1260082836466963e-11
495,29760.0,29760,7.16215978080565,7.162159780816868,68.58958993153526,0.0,7.162160816756111,1.0359392406985878e-06,0.0,2.2863349622265273e-08,1.1215366784982292e-11
496,29820.0,29820,7.162159766902294,7.162159766913467,68.69105385917369,0.0,7.162160802805956,1.0358924869723614e-06,0.0,2.2863336641738752e-08,1.1170579820777055e-11
497,29880.0,29880,7.162159752896494,7.1621597529076215,68.79251778661526,0.0,7.162160788753043,1.0358454188293995e-06,0.0,2.2863323619206457e-08,1.1125721359134006e-11
498,29940.0,29940,7.162159738787865,7.162159738798947,68.89398171385855,0.0,7.162160774596986,1.0357980357571173e-06,0.0,2.2863310554409835e-08,1.108079102653775e-11
499,30000.0,30000,7.162159724576012,7.16215972458705,68.99544564090206,0.0,7.162160760337389,1.0357503372386484e-06,0.0,2.2863297447091058e-08,1.103578829723908e-11
500,30060.0,30060,7.162159710260539,7.162159710271532,69.09690956774438,0.0,7.162160745973858,1.035702322752784e-06,0.0,2.2863284296989897e-08,1.0990712559845751e-11
501,30120.0,30120,7.162159695841044,7.162159695851992,69.198373494384,0.0,7.162160731505985,1.0356539917737898e-06,0.0,2.2863271103841857e-08,1.0945563483111914e-11
502,30180.0,30180,7.162159681317116,7.162159681328018,69.29983742081947,0.0,7.162160716933363,1.035605343771726e-06,0.0,2.2863257867383622e-08,1.090034054734623e-11
503,30240.0,30240,7.162159666688338,7.162159666699196,69.4013013470493,0.0,7.162160702255576,1.0355563782120823e-06,0.0,2.2863244587349973e-08,1.0855043146724995e-11
504,30300.0,30300,7.162159651954293,7.162159651965105,69.502765273072,0.0,7.162160687472202,1.0355070945559594e-06,0.0,2.2863231263471648e-08,1.0809670923542068e-11
505,30360.0,30360,7.162159637114553,7.1621596371253196,69.6042291988861,0.0,7.1621606725828135,1.0354574922601313e-06,0.0,2.28632178954801e-08,1.0764223211489072e-11
506,30420.0,30420,7.162159622168684,7.162159622179405,69.7056931244901,0.0,7.162160657586979,1.0354075707766481e-06,0.0,2.2863204483102958e-08,1.071869961627488e-11
507,30480.0,30480,7.162159607116247,7.162159607126922,69.80715704988249,0.0,7.162160642484254,1.035357329553279e-06,0.0,2.2863191026067398e-08,1.0673099575530703e-11
508,30540.0,30540,7.162159591956799,7.162159591967428,69.90862097506175,0.0,7.162160627274199,1.035306768033282e-06,0.0,2.286317752409748e-08,1.0627422669869772e-11
509,30600.0,30600,7.162159576689887,7.16215957670047,70.01008490002638,0.0,7.162160611956358,1.0352558856552842e-06,0.0,2.2863163976917757e-08,1.0581668180275357e-11
510,30660.0,30660,7.162159561315053,7.162159561325591,70.11154882477487,0.0,7.162160596530275,1.0352046818535087e-06,0.0,2.2863150384248247e-08,1.0535835668339547e-11
511,30720.0,30720,7.162159545831833,7.162159545842325,70.21301274930566,0.0,7.162160580995483,1.0351531560575923e-06,0.0,2.2863136745807783e-08,1.0489924687420676e-11
512,30780.0,30780,7.162159530239757,7.162159530250202,70.31447667361724,0.0,7.162160565351512,1.0351013076924332e-06,0.0,2.2863123061314955e-08,1.0443934695178855e-11
513,30840.0,30840,7.162159514538346,7.162159514548747,70.41594059770806,0.0,7.162160549597885,1.035049136178709e-06,0.0,2.28631093304855e-08,1.0397864919652552e-11
514,30900.0,30900,7.162159498727117,7.162159498737472,70.51740452157655,0.0,7.162160533734115,1.034996640932084e-06,0.0,2.286309555303111e-08,1.0351715160619112e-11
515,30960.0,30960,7.1621594828055795,7.162159482815888,70.6188684452212,0.0,7.162160517759711,1.0349438213640025e-06,0.0,2.286308172866538e-08,1.0305484641389587e-11
516,31020.0,31020,7.162159466773235,7.162159466783496,70.72033236864041,0.0,7.162160501674174,1.034890676880987e-06,0.0,2.2863067857098328e-08,1.0259172880505981e-11
517,31080.0,31080,7.162159450629576,7.162159450639791,70.82179629183264,0.0,7.162160485477,1.0348372068850496e-06,0.0,2.286305393803736e-08,1.0212779328634378e-11
518,31140.0,31140,7.162159434374094,7.162159434384263,70.9232602147963,0.0,7.1621604691676755,1.0347834107735403e-06,0.0,2.2863039971188214e-08,1.0166303355818665e-11
519,31200.0,31200,7.1621594180062695,7.16215941801639,71.0247241375298,0.0,7.162160452745681,1.0347292879390854e-06,0.0,2.286302595625472e-08,1.0119744596373124e-11
520,31260.0,31260,7.162159401525572,7.162159401535647,71.12618806003155,0.0,7.162160436210487,1.0346748377696793e-06,0.0,2.286301189294143e-08,1.007310224143998e-11
521,31320.0,31320,7.162159384931472,7.162159384941501,71.22765198229997,0.0,7.162160419561562,1.034620059648593e-06,0.0,2.2862997780946457e-08,1.0026375889689205e-11
522,31380.0,31380,7.162159368223424,7.162159368233406,71.32911590433343,0.0,7.16216040279836,1.0345649529544045e-06,0.0,2.2862983619969115e-08,9.979564869964978e-12
523,31440.0,31440,7.162159351400882,7.162159351410816,71.43057982613036,0.0,7.162160385920335,1.034509517060953e-06,0.0,2.286296940970585e-08,9.932668735511713e-12
524,31500.0,31500,7.1621593344632855,7.162159334473173,71.53204374768907,0.0,7.162160368926926,1.034453751337263e-06,0.0,2.286295514985217e-08,9.885686744488094e-12
525,31560.0,31560,7.1621593174100715,7.162159317419912,71.633507669008,0.0,7.162160351817569,1.034397655147742e-06,0.0,2.2862940840099994e-08,9.838618326137693e-12
526,31620.0,31620,7.162159300240667,7.16215930025046,71.73497159008545,0.0,7.1621603345916895,1.034341227851968e-06,0.0,2.2862926480139118e-08,9.791463008689171e-12
527,31680.0,31680,7.16215928295449,7.162159282964237,71.83643551091983,0.0,7.1621603172487065,1.0342844688047336e-06,0.0,2.2862912069658844e-08,9.744220184600611e-12
528,31740.0,31740,7.162159265550951,7.16215926556065,71.93789943150945,0.0,7.162160299788029,1.034227377356063e-06,0.0,2.2862897608347773e-08,9.696889157778532e-12
529,31800.0,31800,7.162159248029454,7.162159248039105,72.03936335185264,0.0,7.16216028220906,1.0341699528511047e-06,0.0,2.28628830958895e-08,9.649469322860354e-12
530,31860.0,31860,7.162159230389391,7.162159230398994,72.14082727194778,0.0,7.162160264511191,1.0341121946303136e-06,0.0,2.2862868531966428e-08,9.601960261528793e-12
531,31920.0,31920,7.162159212630145,7.162159212639702,72.24229119179317,0.0,7.162160246693806,1.034054102029254e-06,0.0,2.2862853916261443e-08,9.554361058247174e-12
532,31980.0,31980,7.162159194751098,7.162159194760607,72.3437551113871,0.0,7.162160228756282,1.0339956743787361e-06,0.0,2.2862839248451472e-08,9.506671389935596e-12
533,32040.0,32040,7.162159176751612,7.162159176761073,72.44521903072788,0.0,7.162160210697987,1.0339369110045724e-06,0.0,2.286282452821511e-08,9.458890471195988e-12
534,32100.0,32100,7.162159158631048,7.162159158640462,72.54668294981384,0.0,7.162160192518273,1.0338778112278369e-06,0.0,2.2862809755227628e-08,9.411017786480255e-12
535,32160.0,32160,7.162159140388755,7.16215914039812,72.64814686864322,0.0,7.162160174216495,1.0338183743648193e-06,0.0,2.2862794929162613e-08,9.363052581948509e-12
536,32220.0,32220,7.162159122024073,7.16215912203339,72.74961078721432,0.0,7.162160155791989,1.0337585997266738e-06,0.0,2.286278004969081e-08,9.314994303055042e-12
537,32280.0,32280,7.16215910353633,7.162159103545599,72.85107470552539,0.0,7.162160137244087,1.0336984866200605e-06,0.0,2.2862765116482246e-08,9.266842358515387e-12
538,32340.0,32340,7.16215908492485,7.16215908493407,72.95253862357471,0.0,7.162160118572106,1.0336380343464433e-06,0.0,2.2862750129204802e-08,9.218595982897657e-12
539,32400.0,32400,7.162159066188942,7.1621590661981145,73.0540025413605,0.0,7.162160099775359,1.0335772422025323e-06,0.0,2.286273508752303e-08,9.17025466731229e-12
540,32460.0,32460,7.1621590473279095,7.162159047337033,73.15546645888104,0.0,7.162160080853145,1.0335161094801313e-06,0.0,2.2862719991102664e-08,9.121817745010673e-12
541,32520.0,32520,7.162159028341041,7.162159028350115,73.2569303761345,0.0,7.1621600618047525,1.033454635466153e-06,0.0,2.286270483960493e-08,9.073284442838744e-12
542,32580.0,32580,7.162159009227617,7.162159009236643,73.35839429311916,0.0,7.162160042629464,1.0333928194425277e-06,0.0,2.2862689632689372e-08,9.024654251819781e-12
543,32640.0,32640,7.16215898998691,7.162158989995888,73.4598582098332,0.0,7.1621600233265506,1.0333306606863554e-06,0.0,2.286267437001578e-08,8.975926430240665e-12
544,32700.0,32700,7.162158970618179,7.162158970627107,73.5613221262748,0.0,7.162160003895268,1.0332681584699216e-06,0.0,2.2862659051239182e-08,8.927100378336755e-12
545,32760.0,32760,7.162158951120673,7.162158951129552,73.66278604244216,0.0,7.162159984334866,1.0332053120603159e-06,0.0,2.2862643676015317e-08,8.878175340992975e-12
546,32820.0,32820,7.16215893149363,7.162158931502461,73.76424995833347,0.0,7.162159964644582,1.033142120719965e-06,0.0,2.286262824399636e-08,8.829150776360061e-12
547,32880.0,32880,7.1621589117362765,7.162158911745058,73.8657138739469,0.0,7.162159944823643,1.0330785837063292e-06,0.0,2.2862612754834473e-08,8.780025874079357e-12
548,32940.0,32940,7.16215889184783,7.162158891856563,73.96717778928057,0.0,7.162159924871264,1.0330147002717939e-06,0.0,2.286259720817755e-08,8.730800028066757e-12
549,33000.0,33000,7.162158871827493,7.1621588718361755,74.06864170433266,0.0,7.162159904786646,1.032950469664098e-06,0.0,2.2862581603674416e-08,8.68147264821972e-12
550,33060.0,33060,7.162158851674459,7.162158851683093,74.1701056191013,0.0,7.162159884568985,1.0328858911259062e-06,0.0,2.286256594097154e-08,8.632042851934417e-12
551,33120.0,33120,7.1621588313879085,7.162158831396492,74.27156953358458,0.0,7.162159864217458,1.0328209638948857e-06,0.0,2.2862550219712273e-08,8.582510074271144e-12
552,33180.0,33180,7.16215881096701,7.162158810975545,74.37303344778063,0.0,7.162159843731233,1.0327556872038732e-06,0.0,2.286253443953879e-08,8.532873661815848e-12
553,33240.0,33240,7.1621587904109205,7.162158790419405,74.47449736168754,0.0,7.162159823109468,1.032690060280891e-06,0.0,2.286251860009374e-08,8.483132837517882e-12
554,33300.0,33300,7.162158769718784,7.162158769727219,74.57596127530341,0.0,7.162159802351304,1.0326240823489178e-06,0.0,2.2862502701016433e-08,8.433286872617182e-12
555,33360.0,33360,7.162158748889731,7.162158748898117,74.67742518862629,0.0,7.1621597814558715,1.0325577526261781e-06,0.0,2.286248674194309e-08,8.3833352096698e-12
556,33420.0,33420,7.162158727922881,7.162158727931216,74.77888910165426,0.0,7.162159760422288,1.0324910703258382e-06,0.0,2.2862470722511594e-08,8.333277018911645e-12
557,33480.0,33480,7.162158706817338,7.162158706825623,74.88035301438539,0.0,7.162159739249659,1.0324240346563256e-06,0.0,2.2862454642357215e-08,8.28311169377072e-12
558,33540.0,33540,7.162158685572195,7.16215868558043,74.98181692681766,0.0,7.162159717937076,1.03235664482107e-06,0.0,2.2862438501113553e-08,8.2328384106459e-12
559,33600.0,33600,7.16215866418653,7.162158664194713,75.08328083894912,0.0,7.162159696483615,1.0322889000187775e-06,0.0,2.2862422298412062e-08,8.182456504967973e-12
560,33660.0,33660,7.1621586426594055,7.162158642667539,75.18474475077781,0.0,7.162159674888341,1.032220799443172e-06,0.0,2.2862406033883962e-08,8.131965339115955e-12
561,33720.0,33720,7.162158620989875,7.162158620997958,75.28620866230169,0.0,7.162159653150302,1.032152342283178e-06,0.0,2.286238970715976e-08,8.081364035793772e-12
562,33780.0,33780,7.162158599176973,7.1621585991850045,75.38767257351877,0.0,7.162159631268534,1.0320835277229955e-06,0.0,2.2862373317866864e-08,8.030652136062222e-12
563,33840.0,33840,7.16215857721972,7.162158577227701,75.48913648442696,0.0,7.162159609242058,1.032014354941813e-06,0.0,2.2862356865634827e-08,7.979828631085337e-12
564,33900.0,33900,7.1621585551171245,7.162158555125055,75.59060039502428,0.0,7.162159587069879,1.031944823114186e-06,0.0,2.286234035008892e-08,7.928892848451962e-12
565,33960.0,33960,7.162158532868176,7.162158532876055,75.69206430530866,0.0,7.162159564750987,1.0318749314098863e-06,0.0,2.2862323770852498e-08,7.877844231216442e-12
566,34020.0,34020,7.162158510471851,7.16215851047968,75.79352821527804,0.0,7.16215954228436,1.0318046789937935e-06,0.0,2.286230712755298e-08,7.826681996615651e-12
567,34080.0,34080,7.162158487927111,7.162158487934889,75.89499212493031,0.0,7.162159519668956,1.0317340650260956e-06,0.0,2.2862290419813245e-08,7.775405319343685e-12
568,34140.0,34140,7.162158465232901,7.162158465240625,75.99645603426335,0.0,7.1621594969037154,1.0316630886624392e-06,0.0,2.2862273647256184e-08,7.724013524195969e-12
569,34200.0,34200,7.162158442388146,7.16215844239582,76.09791994327507,0.0,7.162159473987569,1.0315917490535342e-06,0.0,2.286225680950468e-08,7.672505845499923e-12
570,34260.0,34260,7.16215841939176,7.162158419399383,76.19938385196335,0.0,7.16215945091943,1.0315200453455653e-06,0.0,2.2862239906179005e-08,7.620881669175818e-12
571,34320.0,34320,7.162158396242637,7.162158396250207,76.30084776032601,0.0,7.162159427698184,1.031447976679994e-06,0.0,2.286222293690228e-08,7.569140091826162e-12
572,34380.0,34380,7.162158372939653,7.1621583729471725,76.4023116683609,0.0,7.162159404322715,1.0313755421937558e-06,0.0,2.2862205901294062e-08,7.517280511139427e-12
573,34440.0,34440,7.162158349481672,7.162158349489138,76.50377557606583,0.0,7.16215938079188,1.031302741019048e-06,0.0,2.2862188798976047e-08,7.465302136133322e-12
574,34500.0,34500,7.162158325867531,7.1621583258749455,76.60523948343864,0.0,7.162159357104518,1.031229572283756e-06,0.0,2.2862171629568258e-08,7.41320423592521e-12
575,34560.0,34560,7.162158302096056,7.1621583021034185,76.70670339047709,0.0,7.162159333259455,1.0311560351109495e-06,0.0,2.286215439269192e-08,7.360986087807416e-12
576,34620.0,34620,7.1621582781660535,7.162158278173363,76.80816729717894,0.0,7.162159309255494,1.0310821286195092e-06,0.0,2.2862137087967542e-08,7.308646987125583e-12
577,34680.0,34680,7.162158254076308,7.162158254083566,76.90963120354199,0.0,7.162159285091419,1.031007851923698e-06,0.0,2.286211971501634e-08,7.256186215530449e-12
578,34740.0,34740,7.162158229825588,7.162158229832793,77.01109510956395,0.0,7.162159260765999,1.0309332041333153e-06,0.0,2.28621022734612e-08,7.2036028724833e-12
579,34800.0,34800,7.16215820541264,7.162158205419791,77.11255901524254,0.0,7.162159236277976,1.030858184353924e-06,0.0,2.2862084762921438e-08,7.1508965091790275e-12
580,34860.0,34860,7.16215818083619,7.1621581808432895,77.21402292057547,0.0,7.162159211626084,1.0307827916869118e-06,0.0,2.2862067183023036e-08,7.098066098703039e-12
581,34920.0,34920,7.162158156094948,7.162158156101994,77.31548682556041,0.0,7.162159186809021,1.0307070252288832e-06,0.0,2.2862049533387217e-08,7.045111287297574e-12
582,34980.0,34980,7.1621581311875975,7.162158131194591,77.41695073019504,0.0,7.162159161825476,1.0306308840727999e-06,0.0,2.286203181364162e-08,6.992030934849612e-12
583,35040.0,35040,7.162158106112804,7.162158106119744,77.518414634477,0.0,7.162159136674112,1.0305543673071292e-06,0.0,2.2862014023410096e-08,6.938824668886799e-12
584,35100.0,35100,7.16215808086921,7.162158080876096,77.61987853840394,0.0,7.162159111353572,1.0304774740161787e-06,0.0,2.286199616232219e-08,6.885491493517863e-12
585,35160.0,35160,7.1621580554554365,7.16215805546227,77.72134244197345,0.0,7.162159085862474,1.0304002032804773e-06,0.0,2.2861978230005076e-08,6.832031027649005e-12
586,35220.0,35220,7.162158029870083,7.162158029876863,77.82280634518311,0.0,7.162159060199418,1.0303225541761502e-06,0.0,2.286196022609378e-08,6.778442305757968e-12
587,35280.0,35280,7.162158004111724,7.162158004118449,77.9242702480305,0.0,7.162159034362976,1.0302445257758338e-06,0.0,2.2861942150219762e-08,6.724724667402733e-12
588,35340.0,35340,7.162157978178909,7.162157978185581,78.02573415051319,0.0,7.1621590083517,1.0301661171479283e-06,0.0,2.286192400201829e-08,6.670877637822574e-12
589,35400.0,35400,7.162157952070169,7.162157952076787,78.12719805262867,0.0,7.162158982164114,1.0300873273571768e-06,0.0,2.2861905781131054e-08,6.616900172234476e-12
590,35460.0,35460,7.162157925784004,7.162157925790568,78.2286619543745,0.0,7.162158955798724,1.0300081554645136e-06,0.0,2.2861887487196894e-08,6.562791894218958e-12
591,35520.0,35520,7.162157899318894,7.162157899325403,78.33012585574812,0.0,7.162158929254004,1.0299286005273382e-06,0.0,2.2861869119862267e-08,6.508552041785434e-12
592,35580.0,35580,7.162157872673291,7.162157872679746,78.43158975674703,0.0,7.162158902528408,1.0298486615993163e-06,0.0,2.286185067877625e-08,6.454179840077557e-12
593,35640.0,35640,7.16215784584562,7.162157845852019,78.53305365736865,0.0,7.162158875620359,1.0297683377306556e-06,0.0,2.2861832163589104e-08,6.399674929938497e-12
594,35700.0,35700,7.162157818834281,7.162157818840627,78.63451755761041,0.0,7.162158848528256,1.0296876279681961e-06,0.0,2.2861813573960616e-08,6.345036362899286e-12
595,35760.0,35760,7.162157791637647,7.1621577916439385,78.73598145746969,0.0,7.16215882125047,1.0296065313553953e-06,0.0,2.286179490954939e-08,6.290263723364276e-12
596,35820.0,35820,7.162157764254062,7.1621577642603,78.8374453569439,0.0,7.162158793785347,1.0295250469325257e-06,0.0,2.2861776170023307e-08,6.235356212138197e-12
597,35880.0,35880,7.162157736681843,7.162157736688025,78.93890925603039,0.0,7.1621587661312,1.0294431737365848e-06,0.0,2.2861757355052152e-08,6.180313439319402e-12
598,35940.0,35940,7.162157708919277,7.162157708925403,79.04037315472645,0.0,7.1621587382863146,1.0293609108016895e-06,0.0,2.2861738464314523e-08,6.125134717009136e-12
599,36000.0,36000,7.162157680964619,7.162157680970689,79.14183705302943,0.0,7.1621587102489475,1.0292782571588793e-06,0.0,2.2861719497494018e-08,6.069819401221876e-12
600,36060.0,36060,7.162157652816099,7.1621576528221125,79.2433009509366,0.0,7.162158682017325,1.0291952118365117e-06,0.0,2.2861700454279466e-08,6.014367038831506e-12
601,36120.0,36120,7.1621576244719085,7.162157624477869,79.3447648484452,0.0,7.1621586535896435,1.0291117738601563e-06,0.0,2.2861681334368517e-08,5.958777135722497e-12
602,36180.0,36180,7.162157595930216,7.16215759593612,79.44622874555245,0.0,7.1621586249640625,1.0290279422526699e-06,0.0,2.2861662137466428e-08,5.9030490051933955e-12
603,36240.0,36240,7.162157567189151,7.162157567194999,79.54769264225558,0.0,7.162158596138716,1.0289437160346396e-06,0.0,2.2861642863284646e-08,5.8471823107255524e-12
604,36300.0,36300,7.162157538246813,7.162157538252605,79.64915653855174,0.0,7.1621585671117,1.0288590942241534e-06,0.0,2.2861623511545103e-08,5.7911765128018494e-12
605,36360.0,36360,7.162157509101266,7.1621575091070016,79.7506204344381,0.0,7.162158537881077,1.0287740758372572e-06,0.0,2.2861604081978296e-08,5.7350312439301305e-12
606,36420.0,36420,7.162157479750539,7.162157479756218,79.85208432991179,0.0,7.162158508444879,1.0286886598876662e-06,0.0,2.2861584574325432e-08,5.6787458802095115e-12
607,36480.0,36480,7.162157450192629,7.162157450198251,79.95354822496988,0.0,7.162158478801097,1.0286028453874194e-06,0.0,2.286156498833606e-08,5.622320219728477e-12
608,36540.0,36540,7.162157420425491,7.162157420431058,80.05501211960943,0.0,7.1621584489476895,1.028516631346712e-06,0.0,2.2861545323772336e-08,5.565753762085513e-12
609,36600.0,36600,7.162157390447049,7.162157390452559,80.1564760138275,0.0,7.162158418882576,1.0284300167740634e-06,0.0,2.286152558040785e-08,5.5090462885601415e-12
610,36660.0,36660,7.162157360255184,7.162157360260636,80.2579399076211,0.0,7.162158388603638,1.0283430006765298e-06,0.0,2.2861505758029763e-08,5.452197399703264e-12
611,36720.0,36720,7.162157329847741,7.162157329853136,80.35940380098718,0.0,7.162158358108719,1.0282555820600705e-06,0.0,2.28614858564369e-08,5.395206816727384e-12
612,36780.0,36780,7.162157299222524,7.162157299227862,80.46086769392272,0.0,7.162158327395623,1.0281677599292587e-06,0.0,2.2861465875443324e-08,5.338074343929259e-12
613,36840.0,36840,7.162157268377297,7.162157268382577,80.56233158642462,0.0,7.162158296462111,1.0280795332880271e-06,0.0,2.2861445814876428e-08,5.280799732467816e-12
614,36900.0,36900,7.16215723730978,7.162157237315005,80.66379547848975,0.0,7.162158265305906,1.0279909011394706e-06,0.0,2.28614256745817e-08,5.223382929686523e-12
615,36960.0,36960,7.162157206017656,7.162157206022822,80.76525937011499,0.0,7.162158233924685,1.0279018624860594e-06,0.0,2.286140545442034e-08,5.1658235230858026e-12
616,37020.0,37020,7.162157174498557,7.162157174503666,80.86672326129712,0.0,7.162158202316084,1.027812416330157e-06,0.0,2.2861385154269028e-08,5.108121838651911e-12
617,37080.0,37080,7.1621571427500745,7.1621571427551265,80.96818715203297,0.0,7.162158170477688,1.0277225616738525e-06,0.0,2.286136477402753e-08,5.050277675488501e-12
618,37140.0,37140,7.162157110769755,7.162157110774747,81.06965104231926,0.0,7.162158138407045,1.0276322975194943e-06,0.0,2.2861344313613478e-08,4.992290860220796e-12
619,37200.0,37200,7.1621570785550945,7.162157078560028,81.17111493215276,0.0,7.162158106101652,1.027541622869644e-06,0.0,2.286132377296282e-08,4.934161732874804e-12
620,37260.0,37260,7.162157046103542,7.162157046108419,81.27257882153009,0.0,7.162158073558956,1.0274505367277619e-06,0.0,2.2861303152036755e-08,4.875890327346896e-12
621,37320.0,37320,7.162157013412501,7.1621570134173185,81.37404271044791,0.0,7.162158040776357,1.0273590380978725e-06,0.0,2.2861282450819333e-08,4.817476903843195e-12
622,37380.0,37380,7.162156980479319,7.1621569804840775,81.47550659890284,0.0,7.162158007751204,1.0272671259852801e-06,0.0,2.286126166931936e-08,4.758921587489386e-12
623,37440.0,37440,7.162156947301294,7.162156947305995,81.57697048689144,0.0,7.162157974480794,1.0271747993967518e-06,0.0,2.2861240807570403e-08,4.700224899124029e-12
624,37500.0,37500,7.162156913875672,7.162156913880313,81.67843437441024,0.0,7.162157940962371,1.0270820573406234e-06,0.0,2.286121986563532e-08,4.6413869299732115e-12
625,37560.0,37560,7.162156880199643,7.162156880204226,81.77989826145576,0.0,7.1621579071931265,1.0269888988274106e-06,0.0,2.286119884360267e-08,4.582408518607476e-12
626,37620.0,37620,7.162156846270342,7.162156846274867,81.88136214802441,0.0,7.16215787317019,1.0268953228698226e-06,0.0,2.2861177741596733e-08,4.5232898245352886e-12
627,37680.0,37680,7.162156812084849,7.162156812089312,81.98282603411263,0.0,7.162157838890642,1.0268013284832355e-06,0.0,2.286115655976702e-08,4.464031913611049e-12
628,37740.0,37740,7.162156777640178,7.162156777644583,82.0842899197168,0.0,7.162157804351499,1.026706914686072e-06,0.0,2.2861135298304704e-08,4.40463509899963e-12
629,37800.0,37800,7.162156742933292,7.162156742937638,82.18575380483324,0.0,7.162157769549719,1.0266120804999555e-06,0.0,2.2861113957430012e-08,4.345100497971362e-12
630,37860.0,37860,7.162156707961086,7.162156707965372,82.28721768945822,0.0,7.162157734482197,1.0265168249504854e-06,0.0,2.2861092537406487e-08,4.285428792910931e-12
631,37920.0,37920,7.162156672720395,7.162156672724621,82.388681573588,0.0,7.162157699145768,1.0264211470671168e-06,0.0,2.2861071038531256e-08,4.225621167935697e-12
632,37980.0,37980,7.162156637207988,7.162156637212154,82.49014545721877,0.0,7.162157663537201,1.026325045883936e-06,0.0,2.286104946114881e-08,4.1656786530390035e-12
633,38040.0,38040,7.162156601420566,7.162156601424672,82.59160934034672,0.0,7.162157627653193,1.0262285204398603e-06,0.0,2.28610278056446e-08,4.105602575185627e-12
634,38100.0,38100,7.162156565354764,7.16215656535881,82.69307322296788,0.0,7.162157591490381,1.0261315697793066e-06,0.0,2.286100607245192e-08,4.045394168318101e-12
635,38160.0,38160,7.162156529007145,7.162156529011132,82.79453710507836,0.0,7.162157555045324,1.0260341929523913e-06,0.0,2.28609842620505e-08,3.9850551675916525e-12
636,38220.0,38220,7.162156492374202,7.162156492378128,82.89600098667415,0.0,7.162157518314516,1.0259363890156144e-06,0.0,2.286096237497577e-08,3.924586912051095e-12
637,38280.0,38280,7.162156455452352,7.162156455456216,82.99746486775125,0.0,7.162157481294375,1.0258381570321652e-06,0.0,2.286094041181174e-08,3.863991400803914e-12
638,38340.0,38340,7.162156418237937,7.16215641824174,83.0989287483055,0.0,7.162157443981237,1.0257394960726073e-06,0.0,2.2860918373205015e-08,3.803270524008658e-12
639,38400.0,38400,7.162156380727219,7.162156380730962,83.2003926283328,0.0,7.162157406371367,1.0256404052154436e-06,0.0,2.2860896259859357e-08,3.742426229240487e-12
640,38460.0,38460,7.162156342916385,7.162156342920066,83.30185650782893,0.0,7.16215736846095,1.0255408835474649e-06,0.0,2.286087407254042e-08,3.681460834217139e-12
641,38520.0,38520,7.162156304801534,7.162156304805154,83.40332038678967,0.0,7.162157330246084,1.0254409301644368e-06,0.0,2.2860851812080756e-08,3.620376947931136e-12
642,38580.0,38580,7.162156266378682,7.162156266382243,83.5047842652107,0.0,7.162157291722786,1.0253405441720142e-06,0.0,2.286082947938577e-08,3.5591771457638855e-12
643,38640.0,38640,7.162156227643763,7.162156227647261,83.60624814308765,0.0,7.162157252886987,1.0252397246858164e-06,0.0,2.2860807075433247e-08,3.4978639918290587e-12
644,38700.0,38700,7.162156188592616,7.162156188596053,83.7077120204161,0.0,7.162157213734523,1.0251384708326467e-06,0.0,2.286078460127453e-08,3.4364408779332915e-12
645,38760.0,38760,7.162156149220988,7.162156149224365,83.80917589719158,0.0,7.1621571742611465,1.0250367817507967e-06,0.0,2.2860762058048103e-08,3.374910838601533e-12
646,38820.0,38820,7.162156109524538,7.162156109527852,83.91063977340954,0.0,7.162157134462508,1.024934656591114e-06,0.0,2.2860739446974583e-08,3.3132776068514627e-12
647,38880.0,38880,7.162156069498821,7.162156069502073,84.01210364906541,0.0,7.162157094334168,1.024832094517519e-06,0.0,2.2860716769368633e-08,3.2515445823434263e-12
648,38940.0,38940,7.162156029139299,7.16215602914249,84.11356752415449,0.0,7.162157053871584,1.0247290947078584e-06,0.0,2.2860694026633714e-08,3.189716137359169e-12
649,39000.0,39000,7.162155988441325,7.162155988444454,84.21503139867205,0.0,7.162157013070111,1.0246256563549267e-06,0.0,2.286067122027947e-08,3.1277963358616367e-12
650,39060.0,39060,7.1621559474001515,7.162155947403217,84.31649527261335,0.0,7.162156971924996,1.024521778667121e-06,0.0,2.286064835191887e-08,3.065789896762726e-12
651,39120.0,39120,7.162155906010921,7.162155906013924,84.41795914597346,0.0,7.162156930431386,1.0244174608695682e-06,0.0,2.286062542327392e-08,3.003701668359968e-12
652,39180.0,39180,7.162155864268664,7.162155864271606,84.51942301874749,0.0,7.162156888584307,1.0243127022048873e-06,0.0,2.286060243618543e-08,2.9415367945094576e-12
653,39240.0,39240,7.162155822168297,7.162155822171177,84.62088689093042,0.0,7.162156846378679,1.0242075019343473e-06,0.0,2.286057939261587e-08,2.879301041990887e-12
654,39300.0,39300,7.162155779704621,7.162155779707438,84.72235076251721,0.0,7.162156803809298,1.0241018593390103e-06,0.0,2.2860556294659363e-08,2.817000153861259e-12
655,39360.0,39360,7.162155736872311,7.162155736875066,84.82381463350268,0.0,7.16215676087084,1.0239957737206144e-06,0.0,2.286053314454263e-08,2.754640435766289e-12
656,39420.0,39420,7.162155693665922,7.162155693668614,84.92527850388161,0.0,7.162156717557859,1.0238892444029607e-06,0.0,2.2860509944635976e-08,2.6922288356833654e-12
657,39480.0,39480,7.1621556500798755,7.162155650082505,85.02674237364872,0.0,7.162156673864776,1.0237822707330106e-06,0.0,2.2860486697464194e-08,2.6297723558481663e-12
658,39540.0,39540,7.162155606108465,7.162155606111031,85.12820624279864,0.0,7.1621566297858825,1.023674852082242e-06,0.0,2.2860463405708032e-08,2.5672785799997546e-12
659,39600.0,39600,7.162155561745844,7.162155561748349,85.22967011132589,0.0,7.162156585315337,1.0235669878479588e-06,0.0,2.2860440072215603e-08,2.504755736668769e-12
660,39660.0,39660,7.16215551698603,7.162155516988472,85.33113397922493,0.0,7.162156540447149,1.0234586774547696e-06,0.0,2.2860416700011663e-08,2.442212366054313e-12
661,39720.0,39720,7.162155471822892,7.162155471825272,85.43259784649015,0.0,7.162156495175192,1.0233499203560658e-06,0.0,2.2860393292307398e-08,2.3796575498182717e-12
662,39780.0,39780,7.162155426250153,7.16215542625247,85.53406171311582,0.0,7.162156449493185,1.0232407160356056e-06,0.0,2.2860369852507304e-08,2.31710112856706e-12
663,39840.0,39840,7.162155380261381,7.162155380263636,85.63552557909615,0.0,7.162156403394699,1.0231310640090533e-06,0.0,2.286034638422419e-08,2.254553357521591e-12
664,39900.0,39900,7.162155333849985,7.162155333852178,85.73698944442526,0.0,7.162156356873142,1.0230209638258996e-06,0.0,2.2860322891286095e-08,2.192025055449698e-12
665,39960.0,39960,7.162155287009217,7.1621552870113465,85.83845330909712,0.0,7.1621563099217616,1.0229104150710603e-06,0.0,2.2860299377747462e-08,2.1295281295057173e-12
666,40020.0,40020,7.162155239732153,7.162155239734219,85.93991717310568,0.0,7.162156262533636,1.022799417367148e-06,0.0,2.286027584790772e-08,2.067074639672281e-12
667,40080.0,40080,7.1621551920117,7.162155192013706,86.04138103644478,0.0,7.1621562147016755,1.0226879703759947e-06,0.0,2.2860252306317228e-08,2.004677827195427e-12
668,40140.0,40140,7.1621551438405895,7.162155143842532,86.14284489910811,0.0,7.162156166418605,1.022576073801258e-06,0.0,2.2860228757793226e-08,1.942351413600984e-12
669,40200.0,40200,7.162155095211364,7.162155095213244,86.2443087610893,0.0,7.162156117676971,1.0224637273904769e-06,0.0,2.2860205207434607e-08,1.8801102079608515e-12
670,40260.0,40260,7.16215504611638,7.1621550461181975,86.34577262238184,0.0,7.1621560684691286,1.0223509309372528e-06,0.0,2.28601816606369e-08,1.8179698111818585e-12
671,40320.0,40320,7.1621549965477955,7.1621549965495515,86.44723648297915,0.0,7.162156018787236,1.0222376842840665e-06,0.0,2.286015812310919e-08,1.755946662620508e-12
672,40380.0,40380,7.16215494649757,7.162154946499265,86.54870034287451,0.0,7.162155968623251,1.0221239873246404e-06,0.0,2.2860134600888138e-08,1.6940582966388267e-12
673,40440.0,40440,7.162154895957453,7.162154895959086,86.65016420206112,0.0,7.162155917968925,1.0220098400068189e-06,0.0,2.2860111100358492e-08,1.6323233851190428e-12
674,40500.0,40500,7.162154844918979,7.16215484492055,86.75162806053201,0.0,7.162155866815792,1.0218952423356906e-06,0.0,2.286008762827258e-08,1.5707613539705797e-12
675,40560.0,40560,7.162154793373461,7.16215479337497,86.85309191828017,0.0,7.162155815155165,1.0217801943760433e-06,0.0,2.2860064191766037e-08,1.5093931704852818e-12
676,40620.0,40620,7.162154741311984,7.162154741313432,86.95455577529837,0.0,7.162155762978127,1.0216646962564612e-06,0.0,2.2860040798380656e-08,1.4482409079202932e-12
677,40680.0,40680,7.162154688725396,7.162154688726783,87.05601963157932,0.0,7.162155710275531,1.0215487481721593e-06,0.0,2.286001745609105e-08,1.3873278924314698e-12
678,40740.0,40740,7.162154635604301,7.162154635605628,87.1574834871156,0.0,7.162155657037978,1.021432350388656e-06,0.0,2.2859994173322283e-08,1.3266788342071522e-12
679,40800.0,40800,7.162154581939051,7.1621545819403165,87.2589473418996,0.0,7.162155603255819,1.0213155032459937e-06,0.0,2.285997095897437e-08,1.266319946142108e-12
680,40860.0,40860,7.162154527719737,7.1621545277209435,87.36041119592362,0.0,7.1621555489191495,1.0211982071624709e-06,0.0,2.2859947822452535e-08,1.2062789325846815e-12
681,40920.0,40920,7.162154472936185,7.16215447293733,87.46187504917982,0.0,7.162155494017793,1.0210804626389857e-06,0.0,2.285992477369195e-08,1.1465851544936097e-12
682,40980.0,40980,7.162154417577937,7.162154417579025,87.56333890166025,0.0,7.162155438541294,1.0209622702636523e-06,0.0,2.2859901823186802e-08,1.0872697731074075e-12
683,41040.0,41040,7.162154361634254,7.162154361635282,87.6648027533567,0.0,7.162155382478912,1.0208436307166006e-06,0.0,2.2859878982022654e-08,1.0283656595617558e-12
684,41100.0,41100,7.162154305094096,7.162154305095066,87.76626660426093,0.0,7.162155325819609,1.0207245447750194e-06,0.0,2.285985626190835e-08,9.699076327074019e-13
685,41160.0,41160,7.162154247946117,7.162154247947029,87.86773045436445,0.0,7.162155268552041,1.0206050133186115e-06,0.0,2.285983367520817e-08,9.11932625859977e-13
686,41220.0,41220,7.162154190178656,7.16215419017951,87.9691943036587,0.0,7.162155210664546,1.020485037335262e-06,0.0,2.2859811234981806e-08,8.5447960452151e-13
687,41280.0,41280,7.162154131779721,7.162154131780517,88.07065815213484,0.0,7.162155152145134,1.0203646179272545e-06,0.0,2.2859788955019615e-08,7.975900724605783e-13
688,41340.0,41340,7.16215407273698,7.162154072737721,88.17212199978398,0.0,7.162155092981477,1.0202437563173658e-06,0.0,2.2859766849887126e-08,7.413077680544176e-13
689,41400.0,41400,7.162154013037754,7.162154013038439,88.27358584659697,0.0,7.162155033160891,1.0201224538561955e-06,0.0,2.285974493496457e-08,6.856791277205214e-13
690,41460.0,41460,7.162153952668997,7.162153952669628,88.37504969256452,0.0,7.162154972670338,1.0200007120289764e-06,0.0,2.2859723226496155e-08,6.307531314608175e-13
691,41520.0,41520,7.162153891617287,7.162153891617863,88.47651353767715,0.0,7.162154911496395,1.0198785324634365e-06,0.0,2.285970174163483e-08,5.765821037483063e-13
692,41580.0,41580,7.162153829868814,7.162153829869336,88.5779773819252,0.0,7.162154849625252,1.0197559169381501e-06,0.0,2.285968049849823e-08,5.232211214111218e-13
693,41640.0,41640,7.162153767409364,7.162153767409833,88.67944122529877,0.0,7.162154787042699,1.0196328673908704e-06,0.0,2.285965951622248e-08,4.707286714819443e-13
694,41700.0,41700,7.162153704224303,7.162153704224721,88.78090506778781,0.0,7.1621547237341066,1.0195093859282371e-06,0.0,2.285963881501934e-08,4.191669122891446e-13
695,41760.0,41760,7.162153640298569,7.1621536402989365,88.88236890938202,0.0,7.162154659684411,1.0193854748353142e-06,0.0,2.2859618416240244e-08,3.6860158554421093e-13
696,41820.0,41820,7.162153575616647,7.162153575616966,88.98383275007095,0.0,7.162154594878102,1.0192611365860875e-06,0.0,2.2859598342442472e-08,3.1910283926866664e-13
697,41880.0,41880,7.1621535101625575,7.162153510162828,89.08529658984384,0.0,7.162154529299201,1.0191363738548325e-06,0.0,2.2859578617462983e-08,2.707448835413142e-13
698,41940.0,41940,7.162153443919844,7.162153443920067,89.18676042868978,0.0,7.162154462931255,1.0190111895279069e-06,0.0,2.2859559266493856e-08,2.236066980714888e-13
699,42000.0,42000,7.162153376871543,7.1621533768717205,89.2882242665976,0.0,7.162154395757306,1.0188855867164587e-06,0.0,2.2859540316162065e-08,1.777723588686372e-13
700,42060.0,42060,7.162153309000177,7.162153309000309,89.38968810355587,0.0,7.162154327759876,1.0187595687698953e-06,0.0,2.2859521794622556e-08,1.3333153703509209e-13
701,42120.0,42120,7.162153240287729,7.162153240287818,89.49115193955294,0.0,7.162154258920956,1.0186331392906785e-06,0.0,2.2859503731653724e-08,9.037955434729087e-14
702,42180.0,42180,7.162153170715624,7.162153170715672,89.59261577457691,0.0,7.162154189221973,1.0185063021493642e-06,0.0,2.2859486158757396e-08,4.901832978494291e-14
703,42240.0,42240,7.162153100264706,7.162153100264714,89.69407960861558,0.0,7.162154118643775,1.0183790615014374e-06,0.0,2.2859469109273355e-08,9.356825419930394e-15
704,42300.0,42300,7.162153028915219,7.162153028915189,89.79554344165652,0.0,7.16215404716661,1.0182514218048974e-06,0.0,2.285945261850337e-08,-2.848840373271934e-14
705,42360.0,42360,7.1621529566467785,7.162152956646713,89.89700727368698,0.0,7.162153974770099,1.0181233878392115e-06,0.0,2.2859436723843575e-08,-6.439259216933634e-14
706,42420.0,42420,7.162152883438351,7.162152883438251,89.99847110469396,0.0,7.162153901433215,1.01799496472555e-06,0.0,2.285942146492517e-08,-9.822155026665949e-14
707,42480.0,42480,7.162152809268226,7.162152809268095,90.09993493466415,0.0,7.162153827134251,1.0178661579485748e-06,0.0,2.2859406883781058e-08,-1.2983107277937574e-13
708,42540.0,42540,7.162152734113989,7.162152734113829,90.2013987635839,0.0,7.162153751850801,1.0177369733797825e-06,0.0,2.2859393025017058e-08,-1.5906590838223313e-13
709,42600.0,42600,7.162152657952496,7.162152657952309,90.30286259143928,0.0,7.162153675559724,1.0176074173024468e-06,0.0,2.2859379936005422e-08,-1.857580626569656e-13
710,42660.0,42660,7.162152580759836,7.162152580759625,90.40432641821603,0.0,7.16215359823712,1.0174774964386647e-06,0.0,2.285936766710318e-08,-2.097262784486938e-13
711,42720.0,42720,7.162152502511306,7.162152502511075,90.50579024389955,0.0,7.1621535198582915,1.0173472179780317e-06,0.0,2.2859356271882102e-08,-2.307737067989882e-13
712,42780.0,42780,7.162152423181379,7.162152423181129,90.60725406847489,0.0,7.162153440397717,1.0172165896091523e-06,0.0,2.2859345807397507e-08,-2.4868644360378744e-13
713,42840.0,42840,7.162152342743654,7.162152342743389,90.70871789192668,0.0,7.1621533598290075,1.017085619552734e-06,0.0,2.2859336334481314e-08,-2.632315297033917e-13
714,42900.0,42900,7.162152261170839,7.162152261170563,90.81018171423929,0.0,7.162153278124878,1.0169543165981567e-06,0.0,2.285932791806918e-08,-2.741543896225584e-13
715,42960.0,42960,7.1621521784346935,7.162152178434411,90.91164553539662,0.0,7.1621531952571,1.0168226901420511e-06,0.0,2.2859320627571408e-08,-2.8117665424680015e-13
716,43020.0,43020,7.162152094505997,7.162152094505712,91.01310935538216,0.0,7.162153111196462,1.0166907502308417e-06,0.0,2.285931453728077e-08,-2.8399247413532186e-13
717,43080.0,43080,7.162152009354497,7.162152009354212,91.11457317417903,0.0,7.162153025912719,1.016558507605893e-06,0.0,2.2859309726843206e-08,-2.822655418935482e-13
718,43140.0,43140,7.162151922948862,7.162151922948586,91.21603699176991,0.0,7.1621529393745575,1.016425973753014e-06,0.0,2.28593062817749e-08,-2.7562474573407646e-13
719,43200.0,43200,7.1621518352566325,7.162151835256368,91.31750080813705,0.0,7.162152851549527,1.0162931609557273e-06,0.0,2.28593042940594e-08,-2.636600102588074e-13
720,43260.0,43260,7.16215174624416,7.162151746243913,91.41896462326224,0.0,7.162152762403993,1.0161600823531377e-06,0.0,2.2859303862810167e-08,-2.4591672334265555e-13
721,43320.0,43320,7.162151655876552,7.162151655876329,91.52042843712671,0.0,7.162152671903079,1.0160267520028316e-06,0.0,2.2859305095026715e-08,-2.2188998724355154e-13
722,43380.0,43380,7.1621515641175995,7.162151564117407,91.62189224971134,0.0,7.1621525800105905,1.0158931849488013e-06,0.0,2.2859308106451685e-08,-1.9101783062167783e-13
723,43440.0,43440,7.162151470929713,7.16215147092956,91.72335606099635,0.0,7.162152486688955,1.0157593972960466e-06,0.0,2.2859313022536966e-08,-1.5267346904116616e-13
724,43500.0,43500,7.162151376273845,7.162151376273738,91.82481987096155,0.0,7.162152391899142,1.015625406290933e-06,0.0,2.2859319979545265e-08,-1.0615647603464029e-13
725,43560.0,43560,7.162151280109397,7.162151280109345,91.92628367958613,0.0,7.162152295600574,1.0154912304095061e-06,0.0,2.285932912579645e-08,-5.0682937792781525e-14
726,43620.0,43620,7.162151182394138,7.162151182394151,92.0277474868487,0.0,7.1621521977510385,1.0153568894533763e-06,0.0,2.285934062308052e-08,1.4626085583976917e-14
727,43680.0,43680,7.162151083084095,7.162151083084184,92.1292112927273,0.0,7.162152098306587,1.0152224046546711e-06,0.0,2.2859354648266783e-08,9.075716720289733e-14
728,43740.0,43740,7.162150982133438,7.162150982133615,92.23067509719937,0.0,7.162151997221413,1.0150877987906771e-06,0.0,2.2859371395120136e-08,1.7881930493236593e-13
729,43800.0,43800,7.16215087949436,7.1621508794946385,92.33213890024163,0.0,7.162151894447733,1.014953096309515e-06,0.0,2.285939107637089e-08,2.800600465958195e-13
730,43860.0,43860,7.162150775116925,7.162150775117319,92.43360270183017,0.0,7.162151789935642,1.0148183234674085e-06,0.0,2.285941392605271e-08,3.958841139908259e-13
731,43920.0,43920,7.162150668948915,7.162150668949442,92.53506650194038,0.0,7.162151683632949,1.0146835084797877e-06,0.0,2.2859440202154052e-08,5.278741538625488e-13
732,43980.0,43980,7.162150560935645,7.162150560936321,92.63653030054685,0.0,7.162151575485002,1.014548681686718e-06,0.0,2.285947018961817e-08,6.778142047008575e-13
733,44040.0,44040,7.162150451019748,7.162150451020594,92.7379940976235,0.0,7.1621514654344685,1.0144138757350556e-06,0.0,2.2859504203737392e-08,8.477151064505302e-13
734,44100.0,44100,7.162150339140947,7.162150339141984,92.83945789314332,0.0,7.16215135342111,1.0142791257784942e-06,0.0,2.2859542593971376e-08,1.0398441671502116e-12
735,44160.0,44160,7.162150225235768,7.162150225237023,92.94092168707854,0.0,7.162151239381491,1.0141444696980727e-06,0.0,2.2859585748270114e-08,1.2567570202512582e-12
736,44220.0,44220,7.162150109237224,7.162150109238723,93.04238547940045,0.0,7.1621511232486705,1.0140099483452191e-06,0.0,2.285963409792331e-08,1.5013334069469558e-12
737,44280.0,44280,7.162149991074432,7.162149991076206,93.14384927007939,0.0,7.162151004951811,1.013875605809144e-06,0.0,2.2859688123016865e-08,1.7768165545903523e-12
738,44340.0,44340,7.162149870672173,7.162149870674258,93.24531305908468,0.0,7.162150884415746,1.0137414897128921e-06,0.0,2.2859748358547167e-08,2.0868569168523312e-12
739,44400.0,44400,7.162149747950365,7.162149747952798,93.34677684638461,0.0,7.162150761560448,1.0136076515393068e-06,0.0,2.28598154012715e-08,2.435559785691953e-12
740,44460.0,44460,7.162149622823428,7.162149622826254,93.44824063194632,0.0,7.162150636300398,1.0134741469917476e-06,0.0,2.285988991735863e-08,2.827538266340233e-12
741,44520.0,44520,7.1621494951995395,7.162149495202805,93.54970441573573,0.0,7.1621505085438395,1.0133410363926585e-06,0.0,2.2859972650925552e-08,3.2679716638445918e-12
742,44580.0,44580,7.162149364979714,7.162149364983477,93.65116819771747,0.0,7.16215037819186,1.0132083851243552e-06,0.0,2.2860064433559566e-08,3.762669882125664e-12
743,44640.0,44640,7.162149232056704,7.16214923206102,93.75263197785476,0.0,7.1621502451372825,1.013076264117048e-06,0.0,2.2860166194919855e-08,4.318145933806299e-12
744,44700.0,44700,7.16214909631364,7.162149096318581,93.85409575610933,0.0,7.162150109263329,1.01294475038922e-06,0.0,2.2860278974557755e-08,4.941698544332717e-12
745,44760.0,44760,7.162148957622375,7.162148957628014,93.9555595324412,0.0,7.1621499704419405,1.0128139276475945e-06,0.0,2.286040393512785e-08,5.641506904917862e-12
746,44820.0,44820,7.162148815841424,7.162148815847849,94.05702330680863,0.0,7.162149828531733,1.0126838869530028e-06,0.0,2.2860542377185414e-08,6.426744661163969e-12
747,44880.0,44880,7.1621486708134094,7.162148670820716,94.1584870791678,0.0,7.162149683375441,1.0125547274635958e-06,0.0,2.2860695755904604e-08,7.307717270627764e-12
748,44940.0,44940,7.162148522361863,7.162148522370157,94.25995084947274,0.0,7.162149534796714,1.012426557265362e-06,0.0,2.286086570010295e-08,8.296037429998637e-12
749,45000.0,45000,7.162148370287199,7.162148370296602,94.36141461767495,0.0,7.162149382596095,1.0122994943084347e-06,0.0,2.286105403420631e-08,9.404850678326868e-12
750,45060.0,45060,7.1621482143616175,7.162148214372264,94.46287838372311,0.0,7.162149226545929,1.0121736674687846e-06,0.0,2.2861262804003273e-08,1.064913787371396e-11
751,45120.0,45120,7.162148054322615,7.162148054334659,94.56434214756267,0.0,7.162149066383874,1.0120492177670666e-06,0.0,2.2861494307465622e-08,1.2046126584288103e-11
752,45180.0,45180,7.162147889864658,7.162147889878271,94.66580590913532,0.0,7.162148901804569,1.011926299786154e-06,0.0,2.2861751132466354e-08,1.3615862140686893e-11
753,45240.0,45240,7.162147720628455,7.162147720643834,94.76726966837846,0.0,7.162148732448915,1.0118050833471528e-06,0.0,2.286203620405289e-08,1.5382009735378346e-11
754,45300.0,45300,7.162147546187011,7.162147546204382,94.86873342522442,0.0,7.162148557890136,1.01168575552875e-06,0.0,2.2862352845145436e-08,1.7372992459762933e-11
755,45360.0,45360,7.162147366027409,7.16214736604703,94.97019717959947,0.0,7.162148377615552,1.0115685231479024e-06,0.0,2.2862704856270774e-08,1.9623618333461867e-11
756,45420.0,45420,7.162147179526794,7.1621471795489695,95.07166093142257,0.0,7.162148191002583,1.011453615870056e-06,0.0,2.2863096622495586e-08,2.2177420029789887e-11
757,45480.0,45480,7.162146985920522,7.162146985945611,95.17312468060388,0.0,7.162147997286898,1.0113412901829013e-06,0.0,2.2863533259469358e-08,2.5090040163993104e-11
758,45540.0,45540,7.162146784259547,7.162146784287979,95.27458842704279,0.0,7.162147795519812,1.0112318345628723e-06,0.0,2.2864020816035004e-08,2.8434157931672573e-11
759,45600.0,45600,7.162146573352925,7.16214657338523,95.37605217062514,0.0,7.162147584510803,1.0111255762960399e-06,0.0,2.2864566559142132e-08,3.230670012556571e-11
760,45660.0,45660,7.162146351689545,7.162146351726382,95.47751591121995,0.0,7.16214736274927,1.0110228906098044e-06,0.0,2.2865179379215682e-08,3.6839460697814267e-11
761,45720.0,45720,7.162146117330521,7.162146117372734,95.57897964867486,0.0,7.162147128296945,1.0109242130498341e-06,0.0,2.286587037288192e-08,4.221483542743685e-11
762,45780.0,45780,7.162145867759711,7.162145867808398,95.68044338281001,0.0,7.162146878638452,1.0108300564623007e-06,0.0,2.2866653688463454e-08,4.868926968705151e-11
763,45840.0,45840,7.162145599673635,7.162145599730262,95.78190711340989,0.0,7.162146610471293,1.0107410345814029e-06,0.0,2.286754776301924e-08,5.6628387297265805e-11
764,45900.0,45900,7.162145308682559,7.162145308749117,95.8833708402122,0.0,7.162146319407008,1.0106578952216433e-06,0.0,2.2868577145964773e-08,6.655985484804639e-11
765,45960.0,45960,7.162144988879217,7.1621449889584685,95.9848345628925,0.0,7.162145999540034,1.010581567652376e-06,0.0,2.286977520539749e-08,7.925321762872409e-11
766,46020.0,46020,7.162144632206905,7.162144632302743,96.0862982810426,0.0,7.162145642815972,1.0105132312559947e-06,0.0,2.2871188167507102e-08,9.584075154949134e-11
767,46080.0,46080,7.1621442275174,7.162144227635397,96.18776199414026,0.0,7.162145238089811,1.010454416629568e-06,0.0,2.2872881174016154e-08,1.1800056275487387e-10
768,46140.0,46140,7.162143759138406,7.1621437592866375,96.28922570150526,0.0,7.162144769693791,1.0104071567765397e-06,0.0,2.287494739731864e-08,1.482335989701903e-10
769,46200.0,46200,7.16214320464521,7.162143204835486,96.39068940223545,0.0,7.1621442152096995,1.0103742163390361e-06,0.0,2.2877521782143604e-08,1.9028017840622093e-10
770,46260.0,46260,7.162142531302811,7.1621425315525435,96.492153095111,0.0,7.162143541911984,1.0103594433089125e-06,0.0,2.2880801745147458e-08,2.4973583292240557e-10
771,46320.0,46320,7.162141690213466,7.162141690548387,96.59361677844838,0.0,7.162142700916698,1.0103683156597402e-06,0.0,2.2885078164790423e-08,3.349230460507833e-10
772,46380.0,46380,7.162140606366707,7.162140606824685,96.69508044987151,0.0,7.162141617233492,1.0104088101226358e-06,0.0,2.2890780944582687e-08,4.5798144145648174e-10
773,46440.0,46440,7.1621391611421545,7.162139161777801,96.79654410594178,0.0,7.162140172270649,1.0104928518942012e-06,0.0,2.2898542822565813e-08,6.356491249406523e-10
774,46500.0,46500,7.162137160682692,7.162137161569599,96.89800774154033,0.0,7.162138172208585,1.0106389889340123e-06,0.0,2.2909276336618687e-08,8.869105147279454e-10
775,46560.0,46560,7.162134278549403,7.162134279762351,96.9994713488022,0.0,7.1621352906405855,1.0108782389665474e-06,0.0,2.292421182177594e-08,1.2129510322698792e-09
776,46620.0,46620,7.162129959108494,7.162129960583847,97.10093491523784,0.0,7.162130971853808,1.0112699665294456e-06,0.0,2.2944601729802826e-08,1.4753579689688007e-09
777,46680.0,46680,7.162123307787407,7.162123308398483,97.20239842048413,0.0,7.162124320353364,1.0119548871019664e-06,0.0,2.2969395656937984e-08,6.110809673854394e-10
778,46740.0,46740,7.162113262711505,7.16211325360582,97.30386183148936,0.0,7.162114266973752,1.0133679394838379e-06,0.0,2.2979832463515107e-08,-9.105679003202841e-09
779,46800.0,46800,7.162100089411174,7.162099998067678,97.40532510004805,0.0,7.162101015425081,1.0173574114120074e-06,0.0,2.2828399057426064e-08,-9.134348767514666e-08
780,46860.0,46860,7.162072212016815,7.162071150564443,97.50678818080985,0.0,7.162072190447188,1.0398827602067414e-06,0.0,2.130646625808521e-08,-1.0614523570377762e-06
781,46920.0,46920,7.16217999034444,-292.8378189792805,97.60825085284189,300.0,2.953150036365407e-07,292.8378192745955,0.0,3.6164289953864524e-09,1.03037506363852e-06
782,46980.0,46980,7.162180019314519,-292.8378190832187,92.72762053578208,300.0,2.630558685152351e-07,292.83781934627467,0.0,2.0789836053065675e-08,8.974667820128613e-07
783,47040.0,47040,7.1621800154932185,-292.83781907308236,87.84699021707061,300.0,2.6673440406852205e-07,292.8378193398168,0.0,3.5748190793211016e-08,9.11424431869253e-07
784,47100.0,47100,7.162179997403836,-292.83781901487714,82.96635989851889,300.0,2.858479507409569e-07,292.8378193007251,0.0,5.0939150157045856e-08,9.877189737087516e-07
785,47160.0,47160,7.162179966417733,-292.83781890723486,78.08572958088946,300.0,3.1902170305068824e-07,292.8378192262566,0.0,6.740162361995115e-08,1.1263473606670444e-06
786,47220.0,47220,7.162179918717145,-292.8378187202852,73.20509926497115,300.0,3.707504522507586e-07,292.8378190910356,0.0,8.617449089091884e-08,1.3609976430574214e-06
787,47280.0,47280,7.162179844847179,-292.83781836046376,68.32446895203933,300.0,4.5228173745417893e-07,292.8378188127455,0.0,1.0885810792308458e-07,1.7946890445455451e-06
788,47340.0,47340,7.162179725662557,-292.8378174298949,63.44383864490071,300.0,5.872004900387858e-07,292.8378180170954,0.0,1.387698221450099e-07,2.844442490666475e-06
789,47400.0,47400,7.162179453966197,-162.8378173137774,58.56320835293427,170.00000000000014,8.98943940689241e-07,162.8378182127213,0.0,1.8617733252498485e-07,3.2322565665954266e-06
790,47460.0,47460,7.162174898651585,7.162164205507378,55.84924472879043,0.0,7.162165791391165,1.5858837887077422e-06,0.0,2.400483176331396e-07,-1.0693144205066514e-05
791,47520.0,47520,7.1621737756521275,7.1621725433162755,55.95070871773688,0.0,7.162174076784646,1.53346837148272e-06,0.0,6.182924761846097e-08,-1.232335849453036e-06
792,47580.0,47580,7.1621737109847725,7.162173277346817,56.05217282493333,0.0,7.1621745818237645,1.3044769488271552e-06,0.0,4.1290289518466436e-08,-4.3363795377946947e-07
793,47640.0,47640,7.162173724396477,7.162173352379464,56.15363694310102,0.0,7.162174532332526,1.1799530631825991e-06,0.0,3.406298755013798e-08,-3.720170115204092e-07
794,47700.0,47700,7.162173729771215,7.162173553633838,56.25510106264298,0.0,7.162174624262484,1.0706286479291376e-06,0.0,2.78627450554169e-08,-1.7613737644387989e-07
795,47760.0,47760,7.162173729483521,7.162173658495564,56.356565185309364,0.0,7.162174675278209,1.016782646013431e-06,0.0,2.492717523555664e-08,-7.098795532563038e-08
796,47820.0,47820,7.16217372878116,7.1621737004694666,56.45802930959589,0.0,7.162174696679765,9.96210300109325e-07,0.0,2.374409634393942e-08,-2.8311691967005694e-08
797,47880.0,47880,7.162173729047307,7.162173716913758,56.55949343452848,0.0,7.162174705953101,9.890393448279874e-07,0.0,2.3272287869677338e-08,-1.21335472849186e-08
798,47940.0,47940,7.162173729048713,7.162173722660847,56.66095755971195,0.0,7.16217470989711,9.872362642617932e-07,0.0,2.3070115849118214e-08,-6.387862776992412e-09
799,48000.0,48000,7.162173729861063,7.16217372743473,56.76242168498135,0.0,7.162174712465222,9.850304928927327e-07,0.0,2.2963706214397762e-08,-2.4263301405606717e-09
800,48060.0,48060,7.162173730544419,7.162173729426527,56.8638858103239,0.0,7.162174713851444,9.844249180311706e-07,0.0,2.2923322998062425e-08,-1.117889163672584e-09
801,48120.0,48120,7.162173730718327,7.162173730079695,56.96534993569617,0.0,7.162174714262941,9.84183246601565e-07,0.0,2.2904748340177234e-08,-6.386287176540046e-10
802,48180.0,48180,7.162173730724323,7.1621737297160815,57.0668140610783,0.0,7.162174714444716,9.847286373251604e-07,0.0,2.289416267955767e-08,-1.0082404693259347e-09
803,48240.0,48240,7.1621737314918095,7.1621737310586155,57.168278186453904,0.0,7.162174715491454,9.844328407321384e-07,0.0,2.2877418363885352e-08,-4.3319197034568893e-10
804,48300.0,48300,7.162173732317192,7.1621737324587995,57.26974231184927,0.0,7.16217471632887,9.83870072179145e-07,0.0,2.2870259286265788e-08,1.4160988922232027e-10
805,48360.0,48360,7.162173732709694,7.16217373288504,57.37120643726588,0.0,7.162174716629126,9.837440879330398e-07,0.0,2.28726813017781e-08,1.7534774715412098e-10
806,48420.0,48420,7.1621737328881885,7.162173732872232,57.47267056268884,0.0,7.162174716770912,9.83898682008128e-07,0.0,2.2875666922257767e-08,-1.595408661665373e-11
807,48480.0,48480,7.1621737331213735,7.162173733021428,57.574134688111236,0.0,7.162174717032374,9.840109498564704e-07,0.0,2.28754656102103e-08,-9.994462415602002e-11
808,48540.0,48540,7.162173733420383,7.1621737333230975,57.67559881353546,0.0,7.162174717382057,9.840589628699772e-07,0.0,2.2873865834594252e-08,-9.728501289823617e-11
809,48600.0,48600,7.162173733731948,7.162173733642586,57.777062938963844,0.0,7.162174717741223,9.840986391119276e-07,0.0,2.2872311692053438e-08,-8.935960276796339e-11
810,48660.0,48660,7.162173734045791,7.162173733949424,57.87852706439665,0.0,7.1621747181001405,9.841507190090388e-07,0.0,2.2870890924674993e-08,-9.636464627340022e-11
811,48720.0,48720,7.162173734380093,7.162173734275391,57.97999118983366,0.0,7.162174718482077,9.842066885470706e-07,0.0,2.286935469751571e-08,-1.0470012742487897e-10
812,48780.0,48780,7.162173734747652,7.162173734644008,58.081455315275164,0.0,7.1621747188994105,9.842554033270743e-07,0.0,2.286768083931563e-08,-1.0364139764063066e-10
813,48840.0,48840,7.1621737351465296,7.162173735052805,58.182919440721754,0.0,7.162174719346081,9.842932774600207e-07,0.0,2.2866025913505885e-08,-9.372287625436178e-11
814,48900.0,48900,7.162173735567454,7.162173735487443,58.28438356617404,0.0,7.162174719809103,9.843216614969927e-07,0.0,2.286453757400772e-08,-8.00088168422051e-11
815,48960.0,48960,7.162173736002279,7.16217373593642,58.385847691632414,0.0,7.162174720278957,9.843425388047251e-07,0.0,2.286327907370833e-08,-6.585699529917574e-11
816,49020.0,49020,7.162173736446838,7.162173736394942,58.487311817097094,0.0,7.162174720751935,9.843569948339642e-07,0.0,2.286225770564624e-08,-5.18942051906161e-11
817,49080.0,49080,7.162173736899285,7.162173736861229,58.58877594256823,0.0,7.162174721227117,9.843658905078648e-07,0.0,2.2861470316776333e-08,-3.805377625937618e-11
818,49140.0,49140,7.162173737358299,7.162173737333502,58.69024006804596,0.0,7.162174721703967,9.843704662434223e-07,0.0,2.286091486471975e-08,-2.4794097248087737e-11
819,49200.0,49200,7.162173737822887,7.1621737378100745,58.79170419353036,0.0,7.162174722182234,9.843721613413259e-07,0.0,2.28605816673309e-08,-1.2811293409100002e-11
820,49260.0,49260,7.162173738292672,7.162173738290073,58.8931683190215,0.0,7.1621747226623285,9.843722574832699e-07,0.0,2.286044944074517e-08,-2.5953209750704433e-12
821,49320.0,49320,7.162173738767874,7.162173738773523,58.99463244451943,0.0,7.162174723145241,9.843717190693702e-07,0.0,2.2860488735329595e-08,5.653378408956922e-12
822,49380.0,49380,7.162173739249114,7.16217373926106,59.09609657002422,0.0,7.162174723632249,9.843711905797254e-07,0.0,2.2860666760651933e-08,1.1948160898635097e-11
823,49440.0,49440,7.162173739737203,7.162173739753637,59.19756069553592,0.0,7.1621747241246885,9.843710527011039e-07,0.0,2.286095094863736e-08,1.643706232705919e-11
824,49500.0,49500,7.162173740233004,7.162173740252345,59.2990248210546,0.0,7.162174724623834,9.843714903511265e-07,0.0,2.286131119819228e-08,1.9344604583086586e-11
825,49560.0,49560,7.162173740737344,7.162173740758269,59.40048894658033,0.0,7.162174725130822,9.84372555546888e-07,0.0,2.2861721149978513e-08,2.0928296992086526e-11
826,49620.0,49620,7.162173741250972,7.162173741272416,59.50195307211323,0.0,7.162174725646633,9.843742186225873e-07,0.0,2.2862158736238272e-08,2.144692629936424e-11
827,49680.0,49680,7.16217374177454,7.1621737417956775,59.60341719765341,0.0,7.162174726172081,9.84376406127814e-07,0.0,2.286260620211989e-08,2.113988103690861e-11
828,49740.0,49740,7.162173742308593,7.162173742328807,59.704881323200986,0.0,7.162174726707832,9.843790265259331e-07,0.0,2.2863049782411838e-08,2.0216019948946777e-11
829,49800.0,49800,7.162173742853581,7.162173742872429,59.80634544875611,0.0,7.1621747272544125,9.843819861054701e-07,0.0,2.2863479192755236e-08,1.8849738461066634e-11
830,49860.0,49860,7.1621737434098645,7.162173743427044,59.90780957431893,0.0,7.162174727812238,9.84385197760531e-07,0.0,2.2863887055290313e-08,1.718176299873891e-11
831,49920.0,49920,7.162173743977731,7.16217374399305,60.0092736998896,0.0,7.1621747283816335,9.843885849741556e-07,0.0,2.2864268337534194e-08,1.5322595651744798e-11
832,49980.0,49980,7.162173744557404,7.162173744570759,60.11073782546827,0.0,7.162174728962839,9.84392082818301e-07,0.0,2.2864619848669707e-08,1.3357098903295388e-11
833,50040.0,50040,7.162173745149062,7.162173745160408,60.21220195105513,0.0,7.162174729556043,9.843956372685478e-07,0.0,2.2864939812235114e-08,1.1349252744983655e-11
834,50100.0,50100,7.1621737457528365,7.16217374576218,60.31366607665032,0.0,7.162174730161383,9.843992037016163e-07,0.0,2.2865227518097932e-08,9.346533719217877e-12
835,50160.0,50160,7.162173746368832,7.162173746376213,60.41513020225403,0.0,7.162174730778956,9.844027451216254e-07,0.0,2.286548304740802e-08,7.38366561439352e-12
836,50220.0,50220,7.162173746997125,7.162173747002608,60.51659432786642,0.0,7.162174731408837,9.844062304308854e-07,0.0,2.2865707060057495e-08,5.4856716498567816e-12
837,50280.0,50280,7.162173747637776,7.162173747641442,60.618058453487684,0.0,7.162174732051073,9.844096329100779e-07,0.0,2.286590063300954e-08,3.670270102857608e-12
838,50340.0,50340,7.162173748290827,7.1621737482927745,60.719522579117985,0.0,7.162174732705701,9.844129289747252e-07,0.0,2.286606513854883e-08,1.949696964761709e-12
839,50400.0,50400,7.16217374895631,7.16217374895664,60.8209867047575,0.0,7.162174733372734,9.84416097215586e-07,0.0,2.286620215291437e-08,3.3206639887328944e-13
840,50460.0,50460,7.162173749634246,7.162173749633068,60.92245083040642,0.0,7.162174734052182,9.844191177006528e-07,0.0,2.286631338760082e-08,-1.1776333169377757e-12
841,50520.0,50520,7.162173750324654,7.162173750322074,61.0239149560649,0.0,7.162174734744043,9.844219714987078e-07,0.0,2.28664006372573e-08,-2.5768157871760573e-12
842,50580.0,50580,7.16217375102754,7.162173751023673,61.125379081733136,0.0,7.1621747354483105,9.844246403834085e-07,0.0,2.2866465739658628e-08,-3.864770838987611e-12
843,50640.0,50640,7.16217375174291,7.162173751737864,61.22684320741131,0.0,7.162174736164968,9.844271066739542e-07,0.0,2.2866510544432013e-08,-5.042280738273274e-12
844,50700.0,50700,7.162173752470765,7.16217375246465,61.328307333099595,0.0,7.162174736894001,9.84429353177202e-07,0.0,2.2866536888181414e-08,-6.11133241893875e-12
845,50760.0,50760,7.162173753211106,7.162173753204028,61.429771458798164,0.0,7.1621747376353895,9.844313631987118e-07,0.0,2.2866546574409067e-08,-7.0748961080915085e-12
846,50820.0,50820,7.162173753963929,7.162173753955989,61.531235584507215,0.0,7.1621747383891075,9.844331205981657e-07,0.0,2.2866541357126555e-08,-7.936747630344665e-12
847,50880.0,50880,7.16217375472923,7.162173754720526,61.6326997102269,0.0,7.162174739155134,9.844346098689475e-07,0.0,2.2866522927428218e-08,-8.701319006032263e-12
848,50940.0,50940,7.162173755507008,7.162173755497631,61.73416383595741,0.0,7.162174739933445,9.84435816227204e-07,0.0,2.2866492902549875e-08,-9.373568397410523e-12
849,51000.0,51000,7.1621737562972525,7.162173756287292,61.835627961698926,0.0,7.162174740724014,9.844367256993203e-07,0.0,2.286645281710425e-08,-9.95886359811192e-12
850,51060.0,51060,7.162173757099962,7.162173757089496,61.93709208745162,0.0,7.162174741526818,9.84437325200724e-07,0.0,2.2866404116248913e-08,-1.0462875599015117e-11
851,51120.0,51120,7.162173757915132,7.162173757904237,62.038556213215685,0.0,7.162174742341837,9.844376026003074e-07,0.0,2.286634815063451e-08,-1.0891479891047458e-11
852,51180.0,51180,7.162173758742757,7.162173758731503,62.14002033899129,0.0,7.1621747431690475,9.844375467681957e-07,0.0,2.286628617299503e-08,-1.1250666741908996e-11
853,51240.0,51240,7.162173759582834,7.162173759571285,62.2414844647786,0.0,7.162174744008429,9.844371476057018e-07,0.0,2.286621933623512e-08,-1.1546458099405781e-11
854,51300.0,51300,7.162173760435363,7.162173760423575,62.34294859057782,0.0,7.162174744859969,9.844363960565568e-07,0.0,2.286614869290104e-08,-1.178483292003448e-11
855,51360.0,51360,7.162173761300342,7.162173761288367,62.44441271638911,0.0,7.162174745723649,9.844352841013017e-07,0.0,2.2866075195896835e-08,-1.1971660661940731e-11
856,51420.0,51420,7.162173762177771,7.162173762165656,62.54587684221265,0.0,7.162174746599458,9.844338047356372e-07,0.0,2.2865999700308213e-08,-1.211264279097556e-11
857,51480.0,51480,7.162173763067654,7.162173763055437,62.647340968048624,0.0,7.162174747487386,9.844319519346767e-07,0.0,2.2865922966203058e-08,-1.2213263299979239e-11
858,51540.0,51540,7.162173763969993,7.1621737639577105,62.748805093897204,0.0,7.162174748387429,9.844297206054842e-07,0.0,2.2865845662256142e-08,-1.2278747051389674e-11
859,51600.0,51600,7.162173764884794,7.162173764872476,62.85026921975858,0.0,7.162174749299581,9.844271065301483e-07,0.0,2.2865768370064502e-08,-1.2314026563447078e-11
860,51660.0,51660,7.1621737658120646,7.1621737657997375,62.95173334563292,0.0,7.1621747502238415,9.84424106301529e-07,0.0,2.2865691589023484e-08,-1.2323717149053855e-11
861,51720.0,51720,7.162173766751814,7.162173766739499,63.05319747152039,0.0,7.162174751160213,9.844207172537161e-07,0.0,2.2865615741611578e-08,-1.2312098805025606e-11
862,51780.0,51780,7.162173767704052,7.162173767691765,63.15466159742119,0.0,7.162174752108699,9.844169373901262e-07,0.0,2.286554117897712e-08,-1.2283105651245992e-11
863,51840.0,51840,7.162173768668791,7.162173768656547,63.25612572333549,0.0,7.162174753069309,9.844127653098627e-07,0.0,2.286546818670356e-08,-1.2240321310892948e-11
864,51900.0,51900,7.162173769646046,7.162173769633856,63.357589849263455,0.0,7.162174754042054,9.844082001350058e-07,0.0,2.2865396990652814e-08,-1.2186980241140006e-11
865,51960.0,51960,7.162173770635833,7.162173770623703,63.45905397520528,0.0,7.162174755026943,9.844032414395007e-07,0.0,2.2865327762781947e-08,-1.21259737809397e-11
866,52020.0,52020,7.162173771638167,7.162173771626103,63.56051810116115,0.0,7.162174756023989,9.843978891816593e-07,0.0,2.2865260626862264e-08,-1.2059860664656523e-11
867,52080.0,52080,7.162173772653068,7.162173772641073,63.66198222713122,0.0,7.162174757033214,9.843921436399514e-07,0.0,2.2865195664022915e-08,-1.1990880383028842e-11
868,52140.0,52140,7.162173773680558,7.162173773668634,63.763446353115675,0.0,7.162174758054636,9.843860053537332e-07,0.0,2.2865132918070962e-08,-1.1920970726658707e-11
869,52200.0,52200,7.162173774720657,7.162173774708802,63.86491047911472,0.0,7.162174759088275,9.843794750688816e-07,0.0,2.286507240052003e-08,-1.1851785751980021e-11
870,52260.0,52260,7.1621737757733905,7.162173775761601,63.96637460512851,0.0,7.162174760134152,9.843725536886102e-07,0.0,2.2865014095318273e-08,-1.1784716229684967e-11
871,52320.0,52320,7.162173776838779,7.162173776827055,64.06783873115722,0.0,7.162174761192294,9.843652422298146e-07,0.0,2.2864957963237562e-08,-1.1720911522533788e-11
872,52380.0,52380,7.162173777916853,7.1621737779051875,64.16930285720106,0.0,7.162174762262726,9.843575417844021e-07,0.0,2.286490394589578e-08,-1.1661300035826637e-11
873,52440.0,52440,7.162173779007637,7.162173778996027,64.27076698326019,0.0,7.162174763345477,9.843494534856334e-07,0.0,2.286485196943964e-08,-1.1606612111611574e-11
874,52500.0,52500,7.16217378011116,7.162173780099599,64.37223110933478,0.0,7.162174764440574,9.84340978479628e-07,0.0,2.2864801947845134e-08,-1.1557400527645774e-11
875,52560.0,52560,7.162173781227452,7.162173781215934,64.47369523542501,0.0,7.162174765548048,9.843321179008655e-07,0.0,2.2864753785878496e-08,-1.1514061289501594e-11
876,52620.0,52620,7.1621737823565415,7.162173782345061,64.5751593615311,0.0,7.16217476666793,9.843228728522083e-07,0.0,2.2864707381707903e-08,-1.1476853603447555e-11
877,52680.0,52680,7.162173783498462,7.162173783487012,64.6766234876532,0.0,7.162174767800254,9.843132443885078e-07,0.0,2.2864662629182824e-08,-1.1445917828782304e-11
878,52740.0,52740,7.162173784653246,7.162173784641821,64.7780876137915,0.0,7.162174768945052,9.843032335034535e-07,0.0,2.2864619419815285e-08,-1.1421293199936447e-11
879,52800.0,52800,7.162173785820927,7.16217378580952,64.8795517399462,0.0,7.162174770102358,9.842928411195646e-07,0.0,2.2864577644466656e-08,-1.1402934004556749e-11
880,52860.0,52860,7.162173787001539,7.162173786990144,64.98101586611745,0.0,7.16217477127221,9.842820680808283e-07,0.0,2.28645371947611e-08,-1.1390723379401968e-11
881,52920.0,52920,7.162173788195118,7.16217378818373,65.08247999230545,0.0,7.162174772454641,9.842709151472312e-07,0.0,2.286449796427334e-08,-1.1384487385982206e-11
882,52980.0,52980,7.162173789401701,7.162173789390312,65.18394411851038,0.0,7.162174773649692,9.842593829917266e-07,0.0,2.286445984947788e-08,-1.1384006336796651e-11
883,53040.0,53040,7.162173790621323,7.1621737906099305,65.28540824473245,0.0,7.1621747748574,9.842474721984362e-07,0.0,2.2864422750513938e-08,-1.1389025280559535e-11
884,53100.0,53100,7.162173791854026,7.162173791842623,65.38687237097182,0.0,7.162174776077803,9.842351832624075e-07,0.0,2.2864386571771816e-08,-1.1399263456418786e-11
885,53160.0,53160,7.162173793099846,7.162173793088428,65.48833649722869,0.0,7.162174777310941,9.84222516590283e-07,0.0,2.2864351222322658e-08,-1.1414422169241972e-11
886,53220.0,53220,7.162173794358825,7.162173794347388,65.58980062350322,0.0,7.162174778556857,9.842094725020833e-07,0.0,2.2864316616217922e-08,-1.1434191758638162e-11
887,53280.0,53280,7.162173795631004,7.162173795619541,65.69126474979562,0.0,7.162174779815589,9.841960512337218e-07,0.0,2.2864282672673196e-08,-1.1458257263906706e-11
888,53340.0,53340,7.162173796916423,7.162173796904933,65.7927288761061,0.0,7.162174781087183,9.84182252939624e-07,0.0,2.286424931615437e-08,-1.1486303757246922e-11
889,53400.0,53400,7.162173798215126,7.162173798203605,65.89419300243479,0.0,7.16217478237168,9.841680776965692e-07,0.0,2.2864216476379064e-08,-1.1518019989370666e-11
890,53460.0,53460,7.1621737995271575,7.1621737995156005,65.99565712878193,0.0,7.162174783669124,9.841535255066751e-07,0.0,2.2864184088254736e-08,-1.1553102048193606e-11
891,53520.0,53520,7.16217380085256,7.162173800840965,66.09712125514768,0.0,7.162174784979558,9.841385963016499e-07,0.0,2.2864152091755586e-08,-1.159125594951271e-11
892,53580.0,53580,7.162173802191382,7.162173802179746,66.19858538153225,0.0,7.162174786303032,9.841232899464794e-07,0.0,2.2864120431758773e-08,-1.1632199411599896e-11
893,53640.0,53640,7.162173803543667,7.162173803531988,66.30004950793582,0.0,7.162174787639591,9.84107606243419e-07,0.0,2.2864089057847034e-08,-1.1675663809214651e-11
894,53700.0,53700,7.1621738049094645,7.16217380489774,66.40151363435861,0.0,7.162174788989281,9.840915449355742e-07,0.0,2.286405792408348e-08,-1.1721394892614196e-11
895,53760.0,53760,7.162173806288822,7.162173806277049,66.50297776080076,0.0,7.162174790352151,9.840751057108631e-07,0.0,2.2864026988772546e-08,-1.1769153875032918e-11
896,53820.0,53820,7.162173807681788,7.162173807669966,66.6044418872625,0.0,7.16217479172825,9.840582882057633e-07,0.0,2.2863996214197888e-08,-1.1818717305041329e-11
897,53880.0,53880,7.162173809088414,7.16217380907654,66.705906013744,0.0,7.162174793117628,9.840410920083907e-07,0.0,2.28639655663724e-08,-1.1869877803370972e-11
898,53940.0,53940,7.162173810508751,7.162173810496824,66.80737014024548,0.0,7.162174794520338,9.84023516662202e-07,0.0,2.2863935014765357e-08,-1.1922443181576947e-11
899,54000.0,54000,7.162173811942851,7.16217381193087,66.90883426676713,0.0,7.162174795936429,9.840055616687827e-07,0.0,2.2863904532054612e-08,-1.1976237016140537e-11
900,54060.0,54060,7.162173813390766,7.162173813378732,67.01029839330911,0.0,7.162174797365954,9.83987226490986e-07,0.0,2.2863874093858492e-08,-1.2031097346970087e-11
901,54120.0,54120,7.162173814852554,7.162173814840463,67.11176251987168,0.0,7.1621747988089695,9.83968510555493e-07,0.0,2.2863843678498923e-08,-1.2086876663752872e-11
902,54180.0,54180,7.162173816328267,7.162173816316121,67.21322664645498,0.0,7.16217480026553,9.839494132554175e-07,0.0,2.2863813266757408e-08,-1.2143441151815946e-11
903,54240.0,54240,7.162173817817964,7.162173817805759,67.31469077305925,0.0,7.162174801735689,9.839299339525462e-07,0.0,2.2863782841650505e-08,-1.220066997894343e-11
904,54300.0,54300,7.1621738193216995,7.162173819309436,67.41615489968467,0.0,7.1621748032195045,9.839100719794877e-07,0.0,2.2863752388208665e-08,-1.2258454203715223e-11
905,54360.0,54360,7.162173820839534,7.162173820827214,67.51761902633143,0.0,7.162174804717037,9.838898266415762e-07,0.0,2.286372189328292e-08,-1.2316696714383069e-11
906,54420.0,54420,7.162173822371528,7.162173822359149,67.61908315299975,0.0,7.162174806228342,9.838691972185171e-07,0.0,2.2863691345345834e-08,-1.2375310662162436e-11
907,54480.0,54480,7.16217382391774,7.162173823905302,67.72054727968981,0.0,7.162174807753482,9.838481829661094e-07,0.0,2.2863660734317948e-08,-1.2434219262612535e-11
908,54540.0,54540,7.162173825478236,7.162173825465738,67.82201140640183,0.0,7.162174809292518,9.838267831175102e-07,0.0,2.2863630051404957e-08,-1.249335474480954e-11
909,54600.0,54600,7.162173827053075,7.162173827040519,67.92347553313601,0.0,7.162174810845512,9.838049968845143e-07,0.0,2.2863599288943165e-08,-1.2552657807054811e-11
910,54660.0,54660,7.162173828642324,7.162173828629708,68.02493965989257,0.0,7.162174812412528,9.837828234586815e-07,0.0,2.286356844026119e-08,-1.2612076348427467e-11
911,54720.0,54720,7.162173830246048,7.162173830233372,68.12640378667169,0.0,7.16217481399363,9.83760262012176e-07,0.0,2.2863537499558536e-08,-1.267156583743807e-11
912,54780.0,54780,7.162173831864313,7.162173831851578,68.22786791347357,0.0,7.162174815588885,9.837373116987697e-07,0.0,2.2863506461780353e-08,-1.273108758270358e-11
913,54840.0,54840,7.162173833497188,7.162173833484393,68.32933204029844,0.0,7.162174817198361,9.837139716544087e-07,0.0,2.286347532251937e-08,-1.2790608477597144e-11
914,54900.0,54900,7.162173835144743,7.162173835131888,68.43079616714648,0.0,7.162174818822126,9.836902409977444e-07,0.0,2.2863444077922786e-08,-1.285010082564878e-11
915,54960.0,54960,7.162173836807046,7.162173836794133,68.53226029401795,0.0,7.1621748204602484,9.836661188309877e-07,0.0,2.2863412724603728e-08,-1.2909541295765311e-11
916,55020.0,55020,7.162173838484172,7.162173838471198,68.633724420913,0.0,7.162174822112799,9.836416042399699e-07,0.0,2.286338125956624e-08,-1.2968910529707227e-11
917,55080.0,55080,7.162173840176193,7.1621738401631605,68.73518854783188,0.0,7.162174823779854,9.836166962947063e-07,0.0,2.286334968014076e-08,-1.3028192928030916e-11
918,55140.0,55140,7.162173841883184,7.162173841870091,68.8366526747748,0.0,7.162174825461482,9.835913940494116e-07,0.0,2.2863317983921296e-08,-1.3087375808731782e-11
919,55200.0,55200,7.16217384360522,7.162173843592068,68.93811680174194,0.0,7.162174827157761,9.835656965431091e-07,0.0,2.2863286168715394e-08,-1.3146449413275354e-11
920,55260.0,55260,7.1621738453423776,7.162173845329169,69.03958092873356,0.0,7.162174828868768,9.835396027994183e-07,0.0,2.2863254232497497e-08,-1.3205406357766712e-11
921,55320.0,55320,7.1621738470947385,7.16217384708147,69.14104505574984,0.0,7.162174830594578,9.835131118268734e-07,0.0,2.2863222173368707e-08,-1.3264241233876736e-11
922,55380.0,55380,7.1621738488623805,7.162173848849053,69.24250918279103,0.0,7.162174832335273,9.834862226187717e-07,0.0,2.2863189989523928e-08,-1.3322950601964368e-11
923,55440.0,55440,7.162173850645386,7.1621738506320005,69.3439733098573,0.0,7.16217483409093,9.834589341533721e-07,0.0,2.2863157679217104e-08,-1.338153242639907e-11
924,55500.0,55500,7.162173852443837,7.162173852430392,69.44543743694891,0.0,7.162174835861634,9.834312453939098e-07,0.0,2.2863125240740986e-08,-1.3439985928430644e-11
925,55560.0,55560,7.162173854257819,7.162173854244316,69.54690156406608,0.0,7.162174837647468,9.834031552883828e-07,0.0,2.2863092672405942e-08,-1.3498311601747821e-11
926,55620.0,55620,7.162173856087419,7.162173856073857,69.64836569120898,0.0,7.162174839448516,9.83374662769507e-07,0.0,2.2863059972515684e-08,-1.3556510535065178e-11
927,55680.0,55680,7.162173857932721,7.162173857919103,69.74982981837789,0.0,7.162174841264866,9.833457667547457e-07,0.0,2.286302713936105e-08,-1.361458483143214e-11
928,55740.0,55740,7.162173859793819,7.162173859780141,69.85129394557302,0.0,7.1621748430966035,9.833164661460967e-07,0.0,2.2862994171200042e-08,-1.3672537116096486e-11
929,55800.0,55800,7.1621738616708,7.162173861657065,69.95275807279458,0.0,7.16217484494382,9.832867598299709e-07,0.0,2.2862961066252315e-08,-1.3730370300938549e-11
930,55860.0,55860,7.162173863563757,7.162173863549964,70.0542222000428,0.0,7.162174846806607,9.832566466771152e-07,0.0,2.286292782269206e-08,-1.3788088051429093e-11
931,55920.0,55920,7.162173865472783,7.162173865458934,70.15568632731791,0.0,7.162174848685056,9.83226125542415e-07,0.0,2.2862894438636095e-08,-1.3845693804017836e-11
932,55980.0,55980,7.162173867397976,7.162173867384069,70.25715045462013,0.0,7.162174850579261,9.831951952646813e-07,0.0,2.2862860912148614e-08,-1.3903191476787834e-11
933,56040.0,56040,7.162173869339431,7.162173869325466,70.35861458194972,0.0,7.162174852489316,9.831638546666494e-07,0.0,2.2862827241231445e-08,-1.3960585209604294e-11
934,56100.0,56100,7.162173871297248,7.162173871283225,70.46007870930688,0.0,7.162174854415324,9.83132102554675e-07,0.0,2.286279342382355e-08,-1.4017878976414314e-11
935,56160.0,56160,7.162173873271525,7.162173873257446,70.56154283669184,0.0,7.16217485635738,9.830999377185214e-07,0.0,2.286275945779891e-08,-1.4075076730640828e-11
936,56220.0,56220,7.1621738752623685,7.162173875248232,70.66300696410487,0.0,7.162174858315587,9.83067358931343e-07,0.0,2.286272534097246e-08,-1.413218267357877e-11
937,56280.0,56280,7.162173877269878,7.162173877255685,70.76447109154617,0.0,7.162174860290046,9.830343649494882e-07,0.0,2.286269107109151e-08,-1.4189200780119519e-11
938,56340.0,56340,7.162173879294164,7.162173879279913,70.86593521901601,0.0,7.162174862280864,9.83000954512149e-07,0.0,2.2862656645842674e-08,-1.424613489736271e-11
939,56400.0,56400,7.162173881335329,7.162173881321022,70.9673993465146,0.0,7.162174864288144,9.829671263413449e-07,0.0,2.2862622062852806e-08,-1.4302988972295397e-11
940,56460.0,56460,7.162173883393486,7.162173883379121,71.06886347404217,0.0,7.162174866311996,9.829328791417555e-07,0.0,2.28625873196859e-08,-1.4359766582921737e-11
941,56520.0,56520,7.162173885468744,7.162173885454322,71.170327601599,0.0,7.162174868352531,9.828982116004933e-07,0.0,2.2862552413852632e-08,-1.4416471412043686e-11
942,56580.0,56580,7.162173887561218,7.162173887546741,71.27179172918531,0.0,7.162174870409858,9.82863122386934e-07,0.0,2.2862517342806766e-08,-1.4473107094693365e-11
943,56640.0,56640,7.162173889671022,7.162173889656488,71.37325585680134,0.0,7.162174872484093,9.82827610152581e-07,0.0,2.2862482103944222e-08,-1.4529676826167267e-11
944,56700.0,56700,7.1621738917982745,7.1621738917836835,71.47471998444736,0.0,7.162174874575352,9.827916735308058e-07,0.0,2.286244669461497e-08,-1.458618399227611e-11
945,56760.0,56760,7.162173893943091,7.162173893928444,71.5761841121236,0.0,7.162174876683751,9.827553111369236e-07,0.0,2.2862411112115887e-08,-1.4642631749852813e-11
946,56820.0,56820,7.162173896105595,7.162173896090891,71.6776482398303,0.0,7.1621748788094095,9.827185215676917e-07,0.0,2.286237535369647e-08,-1.4699023039128396e-11
947,56880.0,56880,7.162173898285911,7.162173898271151,71.77911236756775,0.0,7.16217488095245,9.826813034014913e-07,0.0,2.286233941656194e-08,-1.4755360885241634e-11
948,56940.0,56940,7.16217390048416,7.1621739004693445,71.88057649533616,0.0,7.162174883112995,9.826436551978402e-07,0.0,2.2862303297871805e-08,-1.481164829648969e-11
949,57000.0,57000,7.162173902700473,7.1621739026856,71.98204062313582,0.0,7.162174885291171,9.82605575497607e-07,0.0,2.2862266994741764e-08,-1.48678878277998e-11
950,57060.0,57060,7.162173904934976,7.162173904920047,72.08350475096694,0.0,7.162174887487105,9.825670628224913e-07,0.0,2.2862230504248948e-08,-1.4924082487654016e-11
951,57120.0,57120,7.1621739071878014,7.162173907172816,72.18496887882985,0.0,7.162174889700927,9.825281156751165e-07,0.0,2.286219382342621e-08,-1.49802346156399e-11
952,57180.0,57180,7.162173909459083,7.162173909444043,72.28643300672474,0.0,7.1621748919327715,9.824887325388317e-07,0.0,2.2862156949272593e-08,-1.5036347150784038e-11
953,57240.0,57240,7.162173911748958,7.162173911733862,72.38789713465192,0.0,7.162174894182769,9.82448911877421e-07,0.0,2.2862119878743814e-08,-1.5092422406480213e-11
954,57300.0,57300,7.162173914057561,7.162173914042408,72.48936126261165,0.0,7.162174896451057,9.82408652135227e-07,0.0,2.2862082608762248e-08,-1.514846326801474e-11
955,57360.0,57360,7.162173916385036,7.162173916369827,72.59082539060415,0.0,7.162174898737774,9.823679517367836e-07,0.0,2.286204513620862e-08,-1.5204472000766515e-11
956,57420.0,57420,7.162173918731523,7.162173918716258,72.69228951862974,0.0,7.162174901043063,9.823268090866803e-07,0.0,2.2862007457929843e-08,-1.5260451289733955e-11
957,57480.0,57480,7.1621739210971676,7.162173921081847,72.79375364668869,0.0,7.162174903367066,9.82285222569622e-07,0.0,2.28619695707364e-08,-1.531640375711999e-11
958,57540.0,57540,7.162173923482117,7.16217392346674,72.89521777478123,0.0,7.162174905709927,9.822431905499263e-07,0.0,2.2861931471398307e-08,-1.5372331962186873e-11
959,57600.0,57600,7.162173925886521,7.1621739258710875,72.99668190290767,0.0,7.162174908071795,9.822007113718295e-07,0.0,2.2861893156650818e-08,-1.542823844726656e-11
960,57660.0,57660,7.162173928310531,7.162173928295041,73.09814603106828,0.0,7.162174910452821,9.821577833589363e-07,0.0,2.2861854623192288e-08,-1.548412607930232e-11
961,57720.0,57720,7.162173930754301,7.162173930738756,73.19961015926333,0.0,7.162174912853156,9.821144048142515e-07,0.0,2.2861815867679402e-08,-1.5539997302126478e-11
962,57780.0,57780,7.16217393321799,7.162173933202389,73.30107428749312,0.0,7.16217491527296,9.82070574020088e-07,0.0,2.2861776886734332e-08,-1.5595855196826568e-11
963,57840.0,57840,7.162173935701757,7.1621739356861,73.40253841575792,0.0,7.162174917712386,9.820262892378234e-07,0.0,2.2861737676935197e-08,-1.565170245485012e-11
964,57900.0,57900,7.162173938205763,7.162173938190051,73.504002544058,0.0,7.162174920171595,9.819815487077624e-07,0.0,2.286169823482013e-08,-1.5707542061984908e-11
965,57960.0,57960,7.162173940730175,7.162173940714407,73.60546667239366,0.0,7.162174922650752,9.819363506490153e-07,0.0,2.286165855688583e-08,-1.5763377022029148e-11
966,58020.0,58020,7.162173943275157,7.162173943259334,73.7069308007652,0.0,7.162174925150023,9.81890693259315e-07,0.0,2.2861618639584716e-08,-1.581921055594596e-11
967,58080.0,58080,7.162173945840882,7.162173945825002,73.8083949291729,0.0,7.162174927669573,9.818445747149254e-07,0.0,2.2861578479322307e-08,-1.5875045727128597e-11
968,58140.0,58140,7.162173948427522,7.162173948411587,73.90985905761708,0.0,7.1621749302095745,9.817979931703376e-07,0.0,2.2861538072461268e-08,-1.5930886094099363e-11
969,58200.0,58200,7.1621739510352525,7.162173951019261,74.01132318609801,0.0,7.162174932770204,9.817509467583442e-07,0.0,2.2861497415310218e-08,-1.5986734921013393e-11
970,58260.0,58260,7.162173953664253,7.162173953648204,74.11278731461601,0.0,7.162174935351633,9.81703433589569e-07,0.0,2.286145650413183e-08,-1.6042595937795258e-11
971,58320.0,58320,7.1621739563147,7.162173956298598,74.21425144317135,0.0,7.162174937954046,9.81655451752618e-07,0.0,2.2861415335133782e-08,-1.6098472739945216e-11
972,58380.0,58380,7.162173958986784,7.162173958970626,74.31571557176436,0.0,7.1621749405776205,9.8160699931373e-07,0.0,2.2861373904471613e-08,-1.6154369285887177e-11
973,58440.0,58440,7.16217396168069,7.162173961664474,74.41717970039535,0.0,7.162174943222545,9.815580743165616e-07,0.0,2.2861332208241815e-08,-1.621028955033381e-11
974,58500.0,58500,7.162173964396606,7.162173964380335,74.51864382906463,0.0,7.162174945889005,9.815086747821286e-07,0.0,2.2861290242482317e-08,-1.6266237702077744e-11
975,58560.0,58560,7.162173967134727,7.1621739671184,74.6201079577725,0.0,7.162174948577194,9.81458798708606e-07,0.0,2.286124800317034e-08,-1.632221787789483e-11
976,58620.0,58620,7.162173969895248,7.162173969878865,74.7215720865193,0.0,7.162174951287304,9.814084440710849e-07,0.0,2.2861205486221672e-08,-1.6378234746609868e-11
977,58680.0,58680,7.162173972678369,7.16217397266193,74.82303621530531,0.0,7.162174954019534,9.813576088214509e-07,0.0,2.286116268748212e-08,-1.6434292940049957e-11
978,58740.0,58740,7.162173975484293,7.162173975467797,74.92450034413088,0.0,7.1621749567740824,9.813062908880177e-07,0.0,2.286111960272915e-08,-1.649039694312249e-11
979,58800.0,58800,7.162173978313222,7.1621739782966705,75.02596447299632,0.0,7.162174959551154,9.812544881756648e-07,0.0,2.2861076227674055e-08,-1.6546552154544335e-11
980,58860.0,58860,7.162173981165369,7.162173981148761,75.12742860190197,0.0,7.162174962350955,9.812021985653042e-07,0.0,2.286103255794622e-08,-1.6602763464195305e-11
981,58920.0,58920,7.162173984040943,7.162173984024278,75.22889273084816,0.0,7.162174965173693,9.81149419913789e-07,0.0,2.2860988589103135e-08,-1.665903610551317e-11
982,58980.0,58980,7.162173986940161,7.162173986923439,75.3303568598352,0.0,7.162174968019585,9.810961500537752e-07,0.0,2.2860944316623484e-08,-1.6715375841939577e-11
983,59040.0,59040,7.16217398986324,7.162173989846463,75.43182098886346,0.0,7.162174970888845,9.810423867934035e-07,0.0,2.286089973589882e-08,-1.6771788259246423e-11
984,59100.0,59100,7.162173992810404,7.16217399279357,75.53328511793327,0.0,7.162174973781694,9.80988127916024e-07,0.0,2.2860854842237598e-08,-1.6828279340245588e-11
985,59160.0,59160,7.162173995781877,7.162173995764986,75.63474924704495,0.0,7.1621749766983545,9.8093337118012e-07,0.0,2.2860809630857818e-08,-1.6884855021871507e-11
986,59220.0,59220,7.162173998777888,7.162173998760942,75.73621337619886,0.0,7.162174979639051,9.808781143189577e-07,0.0,2.2860764096887e-08,-1.69415217734664e-11
987,59280.0,59280,7.16217400179867,7.162174001781667,75.83767750539538,0.0,7.162174982604017,9.808223550403879e-07,0.0,2.286071823535743e-08,-1.6998286134501835e-11
988,59340.0,59340,7.162174004844459,7.162174004827399,75.9391416346348,0.0,7.162174985593485,9.807660910264966e-07,0.0,2.2860672041199987e-08,-1.7055154656239624e-11
989,59400.0,59400,7.162174007915494,7.162174007898378,76.04060576391751,0.0,7.162174988607694,9.807093199333899e-07,0.0,2.286062550924769e-08,-1.711213449687723e-11
990,59460.0,59460,7.162174011012021,7.162174010994846,76.14206989324387,0.0,7.16217499164688,9.806520393911195e-07,0.0,2.286057863422405e-08,-1.716923277489092e-11
991,59520.0,59520,7.1621740141342825,7.162174014117052,76.24353402261424,0.0,7.162174994711293,9.805942470031029e-07,0.0,2.2860531410744955e-08,-1.722645692460078e-11
992,59580.0,59580,7.162174017282533,7.162174017265244,76.34499815202899,0.0,7.162174997801179,9.805359403459248e-07,0.0,2.286048383331417e-08,-1.7283814546024493e-11
993,59640.0,59640,7.162174020457025,7.162174020439679,76.44646228148848,0.0,7.162175000916791,9.804771169692166e-07,0.0,2.2860435896317848e-08,-1.7341313558943085e-11
994,59700.0,59700,7.162174023658018,7.162174023640614,76.54792641099309,0.0,7.162175004058384,9.80417774395e-07,0.0,2.2860387594023103e-08,-1.7398962144977734e-11
995,59760.0,59760,7.162174026885775,7.162174026868312,76.6493905405432,0.0,7.162175007226219,9.803579101178851e-07,0.0,2.2860338920572298e-08,-1.7456768742789086e-11
996,59820.0,59820,7.1621740301405605,7.16217403012304,76.75085467013916,0.0,7.162175010420556,9.802975216042186e-07,0.0,2.2860289869978038e-08,-1.7514741904768105e-11
997,59880.0,59880,7.162174033422645,7.162174033405068,76.85231879978141,0.0,7.1621750136416695,9.802366062920364e-07,0.0,2.2860240436121993e-08,-1.7572890663858927e-11
998,59940.0,59940,7.162174036732306,7.16217403671467,76.95378292947028,0.0,7.162175016889827,9.801751615907137e-07,0.0,2.286019061274965e-08,-1.7631224064621925e-11
999,60000.0,60000,7.162174040069819,7.1621740400521245,77.05524705920621,0.0,7.1621750201653045,9.801131848805385e-07,0.0,2.2860140393465795e-08,-1.7689751733184746e-11
1000,60060.0,60060,7.162174043435467,7.162174043417713,77.15671118898959,0.0,7.162175023468382,9.800506735124372e-07,0.0,2.2860089771728555e-08,-1.7748483464766617e-11
1001,60120.0,60120,7.162174046829537,7.1621740468117245,77.25817531882079,0.0,7.1621750267993445,9.799876248073352e-07,0.0,2.286003874084655e-08,-1.7807429130307474e-11
1002,60180.0,60180,7.162174050252321,7.162174050234448,77.35963944870022,0.0,7.16217503015848,9.799240360562168e-07,0.0,2.2859987293976976e-08,-1.7866599198673303e-11
1003,60240.0,60240,7.1621740537041125,7.162174053686181,77.46110357862831,0.0,7.162175033546081,9.79859904519349e-07,0.0,2.2859935424114906e-08,-1.7926004447615037e-11
1004,60300.0,60300,7.162174057185212,7.162174057167221,77.56256770860544,0.0,7.162175036962443,9.797952274259005e-07,0.0,2.28598831240909e-08,-1.7985655705727515e-11
1005,60360.0,60360,7.162174060695923,7.162174060677873,77.66403183863206,0.0,7.1621750404078695,9.797300019737425e-07,0.0,2.285983038656886e-08,-1.8045564302162877e-11
1006,60420.0,60420,7.162174064236556,7.162174064218445,77.76549596870856,0.0,7.162175043882664,9.796642253288413e-07,0.0,2.285977720403866e-08,-1.8105741980201268e-11
1007,60480.0,60480,7.16217406780742,7.162174067789249,77.8669600988354,0.0,7.162175047387138,9.795978946247381e-07,0.0,2.2859723568808513e-08,-1.81662006999135e-11
1008,60540.0,60540,7.1621740714088356,7.162174071390604,77.96842422901298,0.0,7.162175050921606,9.795310069622306e-07,0.0,2.2859669473003088e-08,-1.8226952764434378e-11
1009,60600.0,60600,7.162174075041123,7.16217407502283,78.06988835924176,0.0,7.162175054486383,9.79463559408778e-07,0.0,2.2859614908557536e-08,-1.8288010974116693e-11
1010,60660.0,60660,7.162174078704609,7.162174078686254,78.17135248952216,0.0,7.1621750580817976,9.793955489981655e-07,0.0,2.2859559867209404e-08,-1.8349388266998717e-11
1011,60720.0,60720,7.162174082399624,7.162174082381208,78.27281661985462,0.0,7.162175061708176,9.793269727296673e-07,0.0,2.2859504340496017e-08,-1.8411098291681553e-11
1012,60780.0,60780,7.162174086126504,7.162174086108026,78.3742807502396,0.0,7.162175065365848,9.792578275678171e-07,0.0,2.2859448319744244e-08,-1.8473154839261266e-11
1013,60840.0,60840,7.16217408988559,7.16217408986705,78.47574488067757,0.0,7.162175069055156,9.791881104417384e-07,0.0,2.285939179606954e-08,-1.8535572143149988e-11
1014,60900.0,60900,7.162174093677227,7.1621740936586225,78.57720901116893,0.0,7.162175072776436,9.791178182444729e-07,0.0,2.285933476036452e-08,-1.8598364992021234e-11
1015,60960.0,60960,7.1621740975017625,7.162174097483096,78.67867314171421,0.0,7.162175076530038,9.790469478325406e-07,0.0,2.285927720329515e-08,-1.8661548420671304e-11
1016,61020.0,61020,7.162174101359553,7.162174101340822,78.78013727231382,0.0,7.162175080316313,9.789754960253129e-07,0.0,2.2859219115294555e-08,-1.8725138118351933e-11
1017,61080.0,61080,7.162174105250957,7.162174105232163,78.88160140296829,0.0,7.162175084135617,9.789034596043284e-07,0.0,2.285916048655207e-08,-1.878914995041045e-11
1018,61140.0,61140,7.1621741091763385,7.16217410915748,78.98306553367806,0.0,7.16217508798831,9.788308353125e-07,0.0,2.285910130701277e-08,-1.885360053216393e-11
1019,61200.0,61200,7.162174113136067,7.1621741131171435,79.08452966444361,0.0,7.162175091874758,9.787576198537956e-07,0.0,2.285904156636269e-08,-1.8918506817132773e-11
1020,61260.0,61260,7.162174117130515,7.162174117111527,79.18599379526543,0.0,7.162175095795331,9.78683809892155e-07,0.0,2.2858981254027186e-08,-1.898388620634455e-11
1021,61320.0,61320,7.162174121160063,7.162174121141007,79.28745792614401,0.0,7.162175099750405,9.78609402051064e-07,0.0,2.2858920359159718e-08,-1.904975685214758e-11
1022,61380.0,61380,7.162174125225092,7.162174125205969,79.38892205707988,0.0,7.162175103740357,9.78534392912641e-07,0.0,2.2858858870633774e-08,-1.911613713729058e-11
1023,61440.0,61440,7.16217412932599,7.162174129306802,79.49038618807353,0.0,7.162175107765576,9.784587790168432e-07,0.0,2.285879677703715e-08,-1.9183046103734804e-11
1024,61500.0,61500,7.162174133463153,7.162174133443898,79.59185031912546,0.0,7.162175111826449,9.783825568608886e-07,0.0,2.2858734066661944e-08,-1.9250503414856285e-11
1025,61560.0,61560,7.162174137636977,7.162174137617653,79.69331445023616,0.0,7.16217511592337,9.78305722898204e-07,0.0,2.2858670727495052e-08,-1.931852927946669e-11
1026,61620.0,61620,7.1621741418478635,7.162174141828472,79.7947785814062,0.0,7.16217512005674,9.78228273537633e-07,0.0,2.285860674720981e-08,-1.938714443548892e-11
1027,61680.0,61680,7.1621741460962225,7.162174146076762,79.8962427126361,0.0,7.162175124226962,9.781502051426443e-07,0.0,2.2858542113156732e-08,-1.945637016868068e-11
1028,61740.0,61740,7.162174150382465,7.162174150362933,79.99770684392635,0.0,7.162175128434442,9.780715140304165e-07,0.0,2.2858476812356588e-08,-1.9526228483686864e-11
1029,61800.0,61800,7.1621741547070075,7.1621741546874045,80.09917097527754,0.0,7.162175132679597,9.779921964706952e-07,0.0,2.2858410831487802e-08,-1.959674215141071e-11
1030,61860.0,61860,7.162174159070273,7.1621741590506,80.20063510669019,0.0,7.162175136962842,9.77912248685246e-07,0.0,2.2858344156873343e-08,-1.9667934313467503e-11
1031,61920.0,61920,7.162174163472686,7.16217416345294,80.30209923816483,0.0,7.162175141284603,9.77831666846527e-07,0.0,2.285827677447883e-08,-1.9739828912372508e-11
1032,61980.0,61980,7.162174167914679,7.162174167894862,80.40356336970206,0.0,7.162175145645303,9.777504470766234e-07,0.0,2.285820866989586e-08,-1.9812450578146984e-11
1033,62040.0,62040,7.162174172396687,7.162174172376795,80.50502750130241,0.0,7.162175150045376,9.776685854465158e-07,0.0,2.2858139828333686e-08,-1.9885824576856852e-11
1034,62100.0,62100,7.16217417691915,7.162174176899184,80.60649163296647,0.0,7.162175154485256,9.775860779748311e-07,0.0,2.2858070234607534e-08,-1.9959976980287773e-11
1035,62160.0,62160,7.16217418148251,7.16217418146247,80.70795576469477,0.0,7.162175158965386,9.775029206265922e-07,0.0,2.2857999873128145e-08,-2.003493437832384e-11
1036,62220.0,62220,7.162174186087219,7.162174186067102,80.80941989648797,0.0,7.162175163486206,9.774191093123656e-07,0.0,2.2857928727891293e-08,-2.0110724609954156e-11
1037,62280.0,62280,7.162174190733726,7.162174190713532,80.91088402834659,0.0,7.162175168048168,9.773346398868136e-07,0.0,2.285785678246088e-08,-2.0187375429817322e-11
1038,62340.0,62340,7.162174195422488,7.162174195402217,81.01234816027124,0.0,7.162175172651721,9.772495081477799e-07,0.0,2.28577840199675e-08,-2.026491626609177e-11
1039,62400.0,62400,7.162174200153965,7.162174200133617,81.11381229226252,0.0,7.162175177297321,9.771637098345986e-07,0.0,2.285771042308465e-08,-2.0343376472851485e-11
1040,62460.0,62460,7.162174204928622,7.162174204908194,81.21527642432105,0.0,7.162175181985431,9.770772406275152e-07,0.0,2.2857635974029674e-08,-2.0422786887314935e-11
1041,62520.0,62520,7.162174209746925,7.162174209726416,81.31674055644744,0.0,7.162175186716507,9.76990096145675e-07,0.0,2.28575606545378e-08,-2.0503178644828737e-11
1042,62580.0,62580,7.162174214609343,7.162174214588752,81.4182046886423,0.0,7.162175191491019,9.769022719462855e-07,0.0,2.2857484445862152e-08,-2.0584583966348805e-11
1043,62640.0,62640,7.1621742195163485,7.162174219495677,81.51966882090626,0.0,7.162175196309436,9.768137635230921e-07,0.0,2.2857407328754955e-08,-2.0667035746825078e-11
1044,62700.0,62700,7.16217422446842,7.162174224447664,81.62113295323996,0.0,7.162175201172225,9.767245663050685e-07,0.0,2.2857329283453223e-08,-2.0750567567240433e-11
1045,62760.0,62760,7.162174229466033,7.162174229445192,81.72259708564403,0.0,7.162175206079862,9.766346756549227e-07,0.0,2.2857250289676154e-08,-2.0835214171198223e-11
1046,62820.0,62820,7.162174234509667,7.162174234488741,81.82406121811913,0.0,7.162175211032822,9.76544086867833e-07,0.0,2.285717032660156e-08,-2.0921010476776086e-11
1047,62880.0,62880,7.162174239599803,7.162174239578789,81.92552535066588,0.0,7.16217521603158,9.764527951698937e-07,0.0,2.2857089372863254e-08,-2.1007992826160364e-11
1048,62940.0,62940,7.162174244736925,7.162174244715823,82.02698948328499,0.0,7.162175221076613,9.763607957168347e-07,0.0,2.2857007406532943e-08,-2.109619777177323e-11
1049,63000.0,63000,7.162174249921515,7.162174249900323,82.12845361597711,0.0,7.162175226168402,9.762680835922548e-07,0.0,2.2856924405113812e-08,-2.1185662944255666e-11
1050,63060.0,63060,7.1621742551540555,7.162174255132774,82.2299177487429,0.0,7.162175231307422,9.761746538065998e-07,0.0,2.285684034552599e-08,-2.1276426666880133e-11
1051,63120.0,63120,7.16217426043503,7.162174260413656,82.33138188158307,0.0,7.162175236494151,9.760805012953049e-07,0.0,2.2856755204095853e-08,-2.1368527513140943e-11
1052,63180.0,63180,7.16217426576492,7.162174265743452,82.43284601449827,0.0,7.162175241729068,9.759856209177877e-07,0.0,2.2856668956552667e-08,-2.146200523179536e-11
1053,63240.0,63240,7.162174271144206,7.162174271122643,82.53431014748921,0.0,7.162175247012645,9.758900074556058e-07,0.0,2.285658157800933e-08,-2.1556899901177697e-11
1054,63300.0,63300,7.1621742765733645,7.162174276551706,82.6357742805566,0.0,7.162175252345356,9.75793655611176e-07,0.0,2.285649304296283e-08,-2.165325198158409e-11
1055,63360.0,63360,7.162174282052871,7.162174282031114,82.73723841370114,0.0,7.162175257727668,9.75696560006769e-07,0.0,2.285640332528377e-08,-2.1751102599053168e-11
1056,63420.0,63420,7.162174287583196,7.162174287561339,82.83870254692354,0.0,7.162175263160049,9.755987151826503e-07,0.0,2.2856312398209002e-08,-2.1850493051573497e-11
1057,63480.0,63480,7.162174293164802,7.1621742931428445,82.94016668022455,0.0,7.162175268642955,9.755001155963037e-07,0.0,2.2856220234342094e-08,-2.1951464980621622e-11
1058,63540.0,63540,7.162174298798152,7.162174298776091,83.04163081360485,0.0,7.162175274176842,9.75400755620907e-07,0.0,2.2856126805646183e-08,-2.2054060169791973e-11
1059,63600.0,63600,7.162174304483694,7.162174304461529,83.14309494706521,0.0,7.162175279762153,9.75300629544692e-07,0.0,2.285603208344612e-08,-2.2158320398509085e-11
1060,63660.0,63660,7.162174310221873,7.162174310199603,83.24455908060638,0.0,7.16217528539933,9.751997315695583e-07,0.0,2.285593603842824e-08,-2.2264287342981383e-11
1061,63720.0,63720,7.162174316013121,7.162174315990744,83.34602321422908,0.0,7.162175291088794,9.750980558105403e-07,0.0,2.2855838640644162e-08,-2.237200207052857e-11
1062,63780.0,63780,7.162174321857861,7.162174321835374,83.44748734793407,0.0,7.162175296830965,9.749955962951813e-07,0.0,2.2855739859524608e-08,-2.248150571604664e-11
1063,63840.0,63840,7.1621743277564995,7.162174327733901,83.54895148172211,0.0,7.162175302626244,9.748923469629714e-07,0.0,2.285563966387772e-08,-2.259283806757551e-11
1064,63900.0,63900,7.162174333709429,7.1621743336867185,83.65041561559399,0.0,7.162175308475015,9.74788301665224e-07,0.0,2.285553802191526e-08,-2.2706038248202395e-11
1065,63960.0,63960,7.162174339717029,7.162174339694202,83.75187974955045,0.0,7.1621753143776505,9.746834541652448e-07,0.0,2.285543490126524e-08,-2.2821143987866656e-11
1066,64020.0,64020,7.162174345779652,7.162174345756708,83.85334388359227,0.0,7.1621753203345015,9.74577798138711e-07,0.0,2.285533026899759e-08,-2.2938191471312892e-11
1067,64080.0,64080,7.162174351897636,7.1621743518745715,83.95480801772024,0.0,7.162175326345894,9.744713271742677e-07,0.0,2.2855224091651123e-08,-2.3057214754871033e-11
1068,64140.0,64140,7.162174358071288,7.162174358048104,84.05627215193516,0.0,7.162175332412134,9.743640347749737e-07,0.0,2.285511633527253e-08,-2.3178245553941462e-11
1069,64200.0,64200,7.162174364300894,7.162174364277586,84.15773628623779,0.0,7.162175338533496,9.74255914359902e-07,0.0,2.285500696545759e-08,-2.3301312641243427e-11
1070,64260.0,64260,7.162174370586705,7.162174370563273,84.25920042062896,0.0,7.162175344710227,9.741469592664104e-07,0.0,2.2854895947402346e-08,-2.3426441249105016e-11
1071,64320.0,64320,7.16217437692894,7.162174376905381,84.36066455510945,0.0,7.162175350942539,9.740371627529443e-07,0.0,2.28547832459643e-08,-2.355365273722563e-11
1072,64380.0,64380,7.16217438332778,7.16217438330409,84.46212868968004,0.0,7.162175357230603,9.739265180031058e-07,0.0,2.2854668825730504e-08,-2.368296322195179e-11
1073,64440.0,64440,7.1621743897833605,7.1621743897595405,84.56359282434157,0.0,7.162175363574553,9.738150181296146e-07,0.0,2.2854552651106826e-08,-2.3814383568968087e-11
1074,64500.0,64500,7.162174396295774,7.162174396271821,84.66505695909483,0.0,7.162175369974472,9.737026561803272e-07,0.0,2.2854434686410093e-08,-2.39479179104155e-11
1075,64560.0,64560,7.162174402865061,7.1621744028409715,84.76652109394061,0.0,7.162175376430392,9.735894251444832e-07,0.0,2.2854314895979992e-08,-2.408356264623814e-11
1076,64620.0,64620,7.1621744094912,7.162174409466973,84.86798522887973,0.0,7.162175382942285,9.734753179609343e-07,0.0,2.285419324431358e-08,-2.422130524885411e-11
1077,64680.0,64680,7.16217441617411,7.162174416149743,84.96944936391303,0.0,7.1621753895100655,9.733603275271485e-07,0.0,2.2854069696216213e-08,-2.4361122969547487e-11
1078,64740.0,64740,7.162174422913636,7.1621744228891275,85.07091349904128,0.0,7.162175396133569,9.732444467104554e-07,0.0,2.2853944216975125e-08,-2.450298086477143e-11
1079,64800.0,64800,7.162174429709547,7.162174429684895,85.1723776342653,0.0,7.162175402812557,9.73127668360997e-07,0.0,2.2853816772564876e-08,-2.464683017382453e-11
1080,64860.0,64860,7.162174436561523,7.162174436536724,85.27384176958586,0.0,7.1621754095467045,9.730099853267368e-07,0.0,2.2853687329883046e-08,-2.4792605882695082e-11
1081,64920.0,64920,7.162174443469149,7.1621744434442025,85.37530590500381,0.0,7.162175416335588,9.728913904706921e-07,0.0,2.285355585702307e-08,-2.494022416149812e-11
1082,64980.0,64980,7.162174450431903,7.162174450406808,85.47677004051991,0.0,7.162175423178679,9.72771876691809e-07,0.0,2.2853422323591135e-08,-2.508957923889277e-11
1083,65040.0,65040,7.1621744574491455,7.1621744574239,85.57823417613494,0.0,7.16217543007533,9.72651436948122e-07,0.0,2.285328670107517e-08,-2.524054001815045e-11
1084,65100.0,65100,7.162174464520108,7.162174464494708,85.67969831184968,0.0,7.162175437024768,9.725300642840138e-07,0.0,2.2853148963270796e-08,-2.539294534887119e-11
1085,65160.0,65160,7.162174471643876,7.162174471618322,85.7811624476649,0.0,7.16217544402607,9.724077518616172e-07,0.0,2.2853009086786025e-08,-2.5546599710091432e-11
1086,65220.0,65220,7.162174478819377,7.162174478793671,85.88262658358133,0.0,7.162175451078158,9.722844929968515e-07,0.0,2.2852867051616464e-08,-2.5701266592079894e-11
1087,65280.0,65280,7.162174486045362,7.1621744860195,85.98409071959972,0.0,7.162175458179775,9.721602812010649e-07,0.0,2.285272284183264e-08,-2.585666206736792e-11
1088,65340.0,65340,7.1621744933203875,7.16217449329437,86.08555485572079,0.0,7.162175465329475,9.720351102285723e-07,0.0,2.285257644637399e-08,-2.6012445983747322e-11
1089,65400.0,65400,7.162174500642793,7.1621745006166195,86.18701899194524,0.0,7.162175472525587,9.71908974131693e-07,0.0,2.28524278599883e-08,-2.616821238761842e-11
1090,65460.0,65460,7.16217450801068,7.162174507984349,86.28848312827373,0.0,7.162175479766212,9.717818673236931e-07,0.0,2.2852277084331633e-08,-2.6323477688402515e-11
1091,65520.0,65520,7.162174515421882,7.1621745153953995,86.3899472647069,0.0,7.162175487049179,9.716537846510086e-07,0.0,2.28521241292656e-08,-2.6477666553737122e-11
1092,65580.0,65580,7.162174522873943,7.162174522847308,86.49141140124539,0.0,7.162175494372024,9.71524721476119e-07,0.0,2.2851969014388918e-08,-2.6630095384453214e-11
1093,65640.0,65640,7.1621745303640765,7.162174530337292,86.59287553788975,0.0,7.1621755017319595,9.713946737730833e-07,0.0,2.2851811770844148e-08,-2.6779952314948467e-11
1094,65700.0,65700,7.162174537889139,7.162174537862207,86.69433967464059,0.0,7.16217550912584,9.71263638236498e-07,0.0,2.2851652443457565e-08,-2.6926273818244062e-11
1095,65760.0,65760,7.162174545445582,7.162174545418508,86.79580381149833,0.0,7.162175516550114,9.711316124073856e-07,0.0,2.2851491093267742e-08,-2.706791625376963e-11
1096,65820.0,65820,7.162174553029411,7.1621745530022025,86.89726794846347,0.0,7.162175524000792,9.70998594816984e-07,0.0,2.285132780052961e-08,-2.7203523163837462e-11
1097,65880.0,65880,7.162174560636138,7.162174560608801,86.99873208553636,0.0,7.16217553147338,9.70864585152815e-07,0.0,2.2851162668260138e-08,-2.7331484929647764e-11
1098,65940.0,65940,7.162174568260721,7.162174568233266,87.10019622271733,0.0,7.1621755389628445,9.707295844488854e-07,0.0,2.2850995826458953e-08,-2.7449892703849455e-11
1099,66000.0,66000,7.162174575897506,7.162174575869944,87.20166036000667,0.0,7.1621755464635335,9.705935953051602e-07,0.0,2.2850827437090807e-08,-2.7556482658369905e-11
1100,66060.0,66060,7.162174583540154,7.162174583512499,87.30312449740453,0.0,7.162175553969115,9.704566221395502e-07,0.0,2.2850657700002027e-08,-2.764857145662905e-11
1101,66120.0,66120,7.1621745911815635,7.162174591153835,87.40458863491101,0.0,7.162175561472501,9.703186714788912e-07,0.0,2.285048685990543e-08,-2.7722979548841312e-11
1102,66180.0,66180,7.162174598813785,7.162174598786004,87.50605277252606,0.0,7.16217556896575,9.701797522939887e-07,0.0,2.285031521464709e-08,-2.777594244409108e-11
1103,66240.0,66240,7.162174606427918,7.16217460640011,87.60751691024959,0.0,7.1621755764399815,9.700398763862236e-07,0.0,2.2850143124943877e-08,-2.7803006668684206e-11
1104,66300.0,66300,7.1621746140140035,7.162174613986199,87.70898104808136,0.0,7.162175583885252,9.698990588343133e-07,0.0,2.284997102585806e-08,-2.7798910511777948e-11
1105,66360.0,66360,7.162174621560897,7.1621746215331346,87.81044518602091,0.0,7.162175591290447,9.69757318509762e-07,0.0,2.28497994402534e-08,-2.7757445764967526e-11
1106,66420.0,66420,7.162174629056132,7.162174629028454,87.91190932406776,0.0,7.1621755986431275,9.696146786737805e-07,0.0,2.2849628994554627e-08,-2.767130131165705e-11
1107,66480.0,66480,7.162174636485754,7.162174636458215,88.01337346222114,0.0,7.162175605929377,9.694711676668948e-07,0.0,2.2849460437105777e-08,-2.753188575281541e-11
1108,66540.0,66540,7.162174643834152,7.162174643806817,88.11483760048013,0.0,7.162175613133631,9.693268197070234e-07,0.0,2.2849294659484715e-08,-2.732912968549047e-11
1109,66600.0,66600,7.1621746510838555,7.162174651056798,88.21630173884361,0.0,7.162175620238469,9.691816758139475e-07,0.0,2.284913272110575e-08,-2.7051268474309436e-11
1110,66660.0,66660,7.162174658215304,7.162174658188613,88.31776587731014,0.0,7.162175627224393,9.690357848774933e-07,0.0,2.2848975877436236e-08,-2.6684607868714387e-11
1111,66720.0,66720,7.162174665206604,7.162174665180386,88.41923001587806,0.0,7.162175634069585,9.68889204894312e-07,0.0,2.2848825612112163e-08,-2.6213278556678983e-11
1112,66780.0,66780,7.162174672033234,7.162174672007609,88.52069415454541,0.0,7.1621756407496076,9.687420043961885e-07,0.0,2.2848683673138195e-08,-2.5618986801449587e-11
1113,66840.0,66840,7.162174678667734,7.162174678642848,88.62215829330984,0.0,7.162175647237106,9.685942640982311e-07,0.0,2.284855211323191e-08,-2.488077858005401e-11
1114,66900.0,66900,7.162174685079344,7.162174685055363,88.72362243216863,0.0,7.162175653501436,9.684460787972399e-07,0.0,2.2848433334091297e-08,-2.3974836480883022e-11
1115,66960.0,66960,7.162174691233604,7.1621746912107245,88.82508657111866,0.0,7.162175659508278,9.68297559551329e-07,0.0,2.284833013403199e-08,-2.287434376812507e-11
1116,67020.0,67020,7.162174697091917,7.162174697070361,88.92655071015623,0.0,7.162175665219191,9.681488361746057e-07,0.0,2.284824575788004e-08,-2.1549460542076143e-11
1117,67080.0,67080,7.162174702611049,7.162174702591075,89.02801484927721,0.0,7.1621756705911315,9.680000600784576e-07,0.0,2.284818394724564e-08,-1.9967480184637003e-11
1118,67140.0,67140,7.1621747077426,7.1621747077245,89.12947898847676,0.0,7.162175675575901,9.67851407488947e-07,0.0,2.284814898817271e-08,-1.8093251984202614e-11
1119,67200.0,67200,7.162174712432407,7.16217471241651,89.2309431277494,0.0,7.162175680119589,9.67703083064631e-07,0.0,2.284814575173052e-08,-1.588999560233574e-11
1120,67260.0,67260,7.1621747166199246,7.162174716606598,89.33240726708887,0.0,7.162175684161916,9.675553239257048e-07,0.0,2.2848179721011572e-08,-1.3320665010839748e-11
1121,67320.0,67320,7.162174720237561,7.162174720227206,89.43387140648808,0.0,7.162175687635605,9.674084040917786e-07,0.0,2.2848256995383412e-08,-1.0350074202824446e-11
1122,67380.0,67380,7.162174723210003,7.16217472320305,89.53533554593895,0.0,7.162175690465682,9.67262639299714e-07,0.0,2.2848384259295116e-08,-6.948048226066404e-12
1123,67440.0,67440,7.162174725453557,7.162174725450456,89.63679968543235,0.0,7.162175692568843,9.67118392136845e-07,0.0,2.2848568698565237e-08,-3.093940097519525e-12
1124,67500.0,67500,7.1621747268755644,7.162174726876776,89.73826382495794,0.0,7.162175693852848,9.66976077374871e-07,0.0,2.28488178413804e-08,1.2170808126888058e-12
1125,67560.0,67560,7.162174727373961,7.162174727379919,89.8397279645041,0.0,7.1621756942160815,9.668361673093727e-07,0.0,2.2849139294513246e-08,5.9654859022292436e-12
1126,67620.0,67620,7.162174726837093,7.162174726848183,89.94119210405772,0.0,7.162175693547374,9.666991967751614e-07,0.0,2.2849540337191946e-08,1.1096077687029886e-11
1127,67680.0,67680,7.1621747251439905,7.162174725160488,90.04265624360416,0.0,7.16217569172625,9.665657672808442e-07,0.0,2.285002732656253e-08,1.6503435624954657e-11
1128,67740.0,67740,7.162174722165327,7.162174722187335,90.14412038312702,0.0,7.162175688623878,9.664365493686856e-07,0.0,2.2850604860713396e-08,2.2013758956497585e-11
1129,67800.0,67800,7.162174717765456,7.162174717792812,90.24558452260808,0.0,7.1621756841050885,9.663122820578672e-07,0.0,2.285127463929394e-08,2.7362841467008546e-11
1130,67860.0,67860,7.162174711806038,7.162174711838202,90.3470486620272,0.0,7.162175678031964,9.661937689016469e-07,0.0,2.2852033957396002e-08,3.216980692870066e-11
1131,67920.0,67920,7.162174704151976,7.162174704187875,90.44851280136227,0.0,7.162175670269744,9.660818740052705e-07,0.0,2.285287376219921e-08,3.590548481364618e-11
1132,67980.0,67980,7.162174694680593,7.162174694718434,90.54997694058922,0.0,7.162175660695961,9.65977532952388e-07,0.0,2.2853776183300678e-08,3.7847027788806256e-11
1133,68040.0,68040,7.162174683295161,7.162174683332108,90.65144107968229,0.0,7.162175649213925,9.658818235288344e-07,0.0,2.2854711307722612e-08,3.695266788296932e-11
1134,68100.0,68100,7.162174669943779,7.162174669975047,90.75290521861429,0.0,7.162175635771266,9.65796225225202e-07,0.0,2.2855631868896182e-08,3.12745490696208e-11
1135,68160.0,68160,7.162174654643686,7.162174654658744,90.85436935735727,0.0,7.16217562038222,9.657234808560616e-07,0.0,2.285645815125298e-08,1.506380971996524e-11
1136,68220.0,68220,7.162174637508863,7.162174637472741,90.95583349588347,0.0,7.1621756031432655,9.656705306200268e-07,0.0,2.2857014648336182e-08,-3.611567040016603e-11
1137,68280.0,68280,7.162174618775826,7.162174618517998,91.05729763416632,0.0,7.162175584177024,9.656590332146052e-07,0.0,2.285671861911564e-08,-2.5782300328432643e-10
1138,68340.0,68340,7.1621745988342065,7.1621745972321085,91.15876177218067,0.0,7.162175562997327,9.657652255115106e-07,0.0,2.2852728049627795e-08,-1.6020929784504105e-09
1139,68400.0,68400,7.1621745784813395,7.162174566530498,91.26022590989321,0.0,7.162175532814733,9.662842419513678e-07,0.0,2.282633373187549e-08,-1.1950835297882018e-08
1140,68460.0,68460,7.162174561941503,7.16217445877919,91.3616900471695,0.0,7.162175427331142,9.685519580015273e-07,0.0,2.2627461360732717e-08,-1.0316230779279202e-07
1141,68520.0,68520,7.162174596722353,7.162173545140377,91.46315418291367,0.0,7.162174527937144,9.827967726507452e-07,0.0,2.090839947167552e-08,-1.0515819686081119e-06
1142,68580.0,68580,7.162180023426632,-292.8378190848297,91.56461830567899,300.0,2.6135529751909513e-07,292.83781934618503,0.0,3.3823529044798556e-09,8.91743661367847e-07
1143,68640.0,68640,7.162180056047065,-292.83781919108947,86.6839879869446,300.0,2.2546625400450355e-07,292.83781941655576,0.0,1.8245699594764764e-08,7.528635042866549e-07
1144,68700.0,68700,7.162180059002111,-292.8378192010287,81.80335766652891,300.0,2.220812525130482e-07,292.83781942311,0.0,3.0794537204251513e-08,7.399691588125797e-07
1145,68760.0,68760,7.1621800512187255,-292.8378191784669,76.92272734595606,300.0,2.3029743232360083e-07,292.8378194087643,0.0,4.312846612146177e-08,7.70314363486345e-07
1146,68820.0,68820,7.162180035775111,-292.8378191316433,72.0420970257387,300.0,2.4681579308377645e-07,292.83781937845913,0.0,5.5968092541315395e-08,8.325815754143418e-07
1147,68880.0,68880,7.162180012367282,-292.83781905679854,67.16146670626043,300.0,2.720750891058932e-07,292.83781932887365,0.0,6.984542670277778e-08,9.308341751116888e-07
1148,68940.0,68940,7.162179978683188,-292.83781894017227,62.280836387966424,300.0,3.0881598845191155e-07,292.8378192489883,0.0,8.536021363100053e-08,1.0811444977567452e-06
1149,69000.0,69000,7.162179929830408,-292.83781874808557,57.40020607152432,300.0,3.6289790082827313e-07,292.8378191109835,0.0,1.033800762698449e-07,1.3220839616011445e-06
1150,69060.0,69060,7.162179856242198,-292.83781838570684,52.51957575814848,300.0,4.461475673863504e-07,292.8378188318545,0.0,1.2541549763455594e-07,1.7580509284252432e-06
1151,69120.0,69120,7.162179739852353,-292.83781745746614,47.638945450604155,300.0,5.821685836533544e-07,292.8378180396348,0.0,1.5471693534937097e-07,2.802681449159431e-06
1152,69180.0,69180,7.162179472710971,-32.83781805717101,42.75831515819044,39.99999999999986,9.049771788868186e-07,32.8378189621482,0.0,2.0142878267321527e-07,2.470117887095336e-06
1153,69240.0,69240,7.162174279894272,7.162164790883755,42.211018188307975,0.0,7.162166185180096,1.3942963475932222e-06,0.0,2.4259780747432575e-07,-9.489010511299066e-06
1154,69300.0,69300,7.162174906755969,7.162172873494147,42.31248218602591,0.0,7.1621744557024325,1.5822082905124883e-06,0.0,8.444792393990662e-08,-2.033261815394837e-06
1155,69360.0,69360,7.162174782834528,7.162174009248023,42.41394629777771,0.0,7.1621753230538125,1.3138057953589804e-06,0.0,5.0560498583894146e-08,-7.73586498920365e-07
1156,69420.0,69420,7.162174620942267,7.162174095774953,42.515410426290366,0.0,7.162175295253402,1.1994784552009243e-06,0.0,3.766767942082903e-08,-5.251673085589253e-07
1157,69480.0,69480,7.162174557970162,7.1621743605134744,42.61687455631464,0.0,7.162175402770509,1.042257040761876e-06,0.0,2.8915205768045537e-08,-1.9745668122295972e-07
1158,69540.0,69540,7.162174524436995,7.162174429691258,42.718338690482426,0.0,7.162175432198655,1.0025074029683093e-06,0.0,2.562457669272755e-08,-9.474573149942703e-08
1159,69600.0,69600,7.16217451726102,7.162174479274691,42.81980282572962,0.0,7.162175458259616,9.789849299935795e-07,0.0,2.404579776196084e-08,-3.798632267634693e-08
1160,69660.0,69660,7.162174514883164,7.162174497930454,42.921266961738034,0.0,7.162175470008727,9.720782779358135e-07,0.0,2.3413007473638535e-08,-1.6952703159329962e-08
1161,69720.0,69720,7.162174513404419,7.162174505404047,43.02273109802801,0.0,7.162175473810003,9.68405963232894e-07,0.0,2.313077679224541e-08,-8.000365781474482e-09
1162,69780.0,69780,7.162174513102387,7.162174509772159,43.12419523443304,0.0,7.162175476180787,9.664086328529465e-07,0.0,2.299775107055945e-08,-3.330220991183629e-09
1163,69840.0,69840,7.1621745124806235,7.162174510332028,43.22565937090495,0.0,7.162175476656047,9.663240243099515e-07,0.0,2.2942560941277275e-08,-2.1485891211201024e-09
1164,69900.0,69900,7.162174513304208,7.162174513187318,43.32712350738499,0.0,7.162175478067071,9.648797596850995e-07,0.0,2.29070641080038e-08,-1.1688574016465552e-10
1165,69960.0,69960,7.162174511877344,7.1621745103586845,43.428587643909104,0.0,7.162175476659675,9.663009967951282e-07,0.0,2.290542867625036e-08,-1.5186542852856655e-09
1166,70020.0,70020,7.162174510399698,7.162174509243682,43.53005178038959,0.0,7.162175475661256,9.664175804351047e-07,0.0,2.288043076412114e-08,-1.156009219729481e-09
1167,70080.0,70080,7.162174510111484,7.1621745100405825,43.63151591685399,0.0,7.162175475583941,9.655433641413269e-07,0.0,2.286147690062087e-08,-7.089496923477669e-11
1168,70140.0,70140,7.162174510233908,7.1621745106607895,43.732980053331865,0.0,7.162175475635676,9.64974891767213e-07,0.0,2.2860607587221442e-08,4.268884694667793e-10
1169,70200.0,70200,7.1621745099474525,7.162174510129725,43.83444418981995,0.0,7.162175475297052,9.651673321954249e-07,0.0,2.2868034368512848e-08,1.8227911045490532e-10
1170,70260.0,70260,7.162174509268589,7.162174509187449,43.935908326300016,0.0,7.162175474566395,9.653789518365487e-07,0.0,2.2871384324762183e-08,-8.113502243378004e-11
1171,70320.0,70320,7.162174508635639,7.1621745085223445,44.037372462766214,0.0,7.162175473960547,9.654382083996733e-07,0.0,2.2870344174019276e-08,-1.1328823550642799e-10
1172,70380.0,70380,7.162174508069939,7.162174507981575,44.13883659922284,0.0,7.1621754734554735,9.654739035614784e-07,0.0,2.2868768118431237e-08,-8.83579642465402e-11
1173,70440.0,70440,7.162174507471899,7.16217450736758,44.240300735671724,0.0,7.1621754729063,9.655387253298339e-07,0.0,2.2867607434350916e-08,-1.0431327390591272e-10
1174,70500.0,70500,7.162174506859028,7.162174506721487,44.341764872111746,0.0,7.162175472334638,9.656131565178283e-07,0.0,2.286618069675081e-08,-1.3753444272392395e-10
1175,70560.0,70560,7.162174506303762,7.162174506154867,44.44322900854242,0.0,7.1621754718295705,9.656747102985703e-07,0.0,2.2864200171055335e-08,-1.4888958617768594e-10
1176,70620.0,70620,7.162174505836117,7.162174505706457,44.54469314496492,0.0,7.162175471424591,9.657181395946963e-07,0.0,2.2862030290723932e-08,-1.2965430053275838e-10
1177,70680.0,70680,7.162174505423736,7.1621745053222705,44.646157281380944,0.0,7.162175471069427,9.657471631163315e-07,0.0,2.2860180865021077e-08,-1.0145837139000129e-10
1178,70740.0,70740,7.162174505009954,7.1621745049081715,44.74762141779147,0.0,7.1621754706789655,9.657707989984728e-07,0.0,2.2858801219897184e-08,-1.0177639802012943e-10
1179,70800.0,70800,7.162174504619656,7.162174504531557,44.84908555419607,0.0,7.162175470313873,9.657823209942972e-07,0.0,2.2857416169687564e-08,-8.80915248244545e-11
1180,70860.0,70860,7.162174504254419,7.162174504196982,44.9505496905953,0.0,7.162175469978065,9.657810883133538e-07,0.0,2.2856259071244824e-08,-5.7430638296535534e-11
1181,70920.0,70920,7.162174503882392,7.162174503847864,45.05201382698979,0.0,7.162175469624075,9.657762168298835e-07,0.0,2.285561282219762e-08,-3.452224019158694e-11
1182,70980.0,70980,7.162174503502414,7.162174503486886,45.15347796337936,0.0,7.162175469257351,9.65770470128906e-07,0.0,2.285534822894374e-08,-1.5521920022507783e-11
1183,71040.0,71040,7.162174503118472,7.162174503118784,45.25494209976382,0.0,7.162175468884544,9.657657662009052e-07,0.0,2.285540016071908e-08,3.184069809924144e-13
1184,71100.0,71100,7.162174502733576,7.162174502745856,45.35640623614307,0.0,7.162175468509176,9.657633262875637e-07,0.0,2.2855715949200246e-08,1.2285657038703205e-11
1185,71160.0,71160,7.162174502350746,7.162174502371064,45.457870372517064,0.0,7.162175468134609,9.657635517577865e-07,0.0,2.2856231040790027e-08,2.0324609167157642e-11
1186,71220.0,71220,7.1621745019731184,7.162174501998029,45.55933450888573,0.0,7.162175467764339,9.657663149138572e-07,0.0,2.2856879961426797e-08,2.491723968255114e-11
1187,71280.0,71280,7.16217450160366,7.162174501630405,45.66079864524912,0.0,7.1621754674016325,9.657712337382615e-07,0.0,2.2857605269659065e-08,2.6751119303465226e-11
1188,71340.0,71340,7.162174501244948,7.162174501271464,45.762262781607284,0.0,7.162175467049303,9.657778454600246e-07,0.0,2.285836098309384e-08,2.6521519910413972e-11
1189,71400.0,71400,7.1621745008990825,7.162174500923916,45.86372691796035,0.0,7.162175466709611,9.657856997717796e-07,0.0,2.2859112706735875e-08,2.4838897964795534e-11
1190,71460.0,71460,7.1621745005677,7.162174500589891,45.965191054308455,0.0,7.162175466384287,9.657944015620536e-07,0.0,2.2859836219449566e-08,2.2196888949907453e-11
1191,71520.0,71520,7.162174500252026,7.162174500270992,46.06665519065182,0.0,7.162175466074611,9.65803625025148e-07,0.0,2.2860515527032165e-08,1.8972219123636145e-11
1192,71580.0,71580,7.162174499952954,7.162174499968388,46.168119326990656,0.0,7.1621754657814956,9.658131128620835e-07,0.0,2.2861140913819262e-08,1.5439603356478833e-11
1193,71640.0,71640,7.162174499671123,7.162174499682908,46.26958346332516,0.0,7.162175465505571,9.658226685500486e-07,0.0,2.2861707242587588e-08,1.1791881678852765e-11
1194,71700.0,71700,7.162174499406975,7.162174499415128,46.371047599655604,0.0,7.162175465247269,9.658321460851282e-07,0.0,2.286221259003947e-08,8.160093741585896e-12
1195,71760.0,71760,7.162174499160809,7.162174499165434,46.47251173598223,0.0,7.162175465006867,9.658414395213727e-07,0.0,2.286265721685887e-08,4.630934222837246e-12
1196,71820.0,71820,7.162174498932823,7.162174498934077,46.57397587230529,0.0,7.162175464784546,9.658504734473818e-07,0.0,2.2863042828657333e-08,1.2606632002417997e-12
1197,71880.0,71880,7.162174498723138,7.1621744987212175,46.67544000862507,0.0,7.1621754645804065,9.658591948883448e-07,0.0,2.2863372068755197e-08,-1.9145296871110803e-12
1198,71940.0,71940,7.162174498531814,7.162174498526937,46.776904144941795,0.0,7.162175464394498,9.65867566759473e-07,0.0,2.2863648183682194e-08,-4.871255440860253e-12
1199,72000.0,72000,7.1621744983588735,7.162174498351273,46.878368281255746,0.0,7.162175464226831,9.658755627978847e-07,0.0,2.2863874809836956e-08,-7.59412541575178e-12
1200,72060.0,72060,7.162174498204305,7.162174498194226,46.979832417567195,0.0,7.162175464077385,9.658831638016332e-07,0.0,2.2864055840142387e-08,-1.0072794207012157e-11
1201,72120.0,72120,7.162174498068067,7.162174498055761,47.081296553876406,0.0,7.16217546394611,9.65890354960353e-07,0.0,2.2864195339987e-08,-1.2300297107043691e-11
1202,72180.0,72180,7.162174497950105,7.162174497935827,47.18276069018363,0.0,7.162175463832946,9.658971240553548e-07,0.0,2.2864297490872634e-08,-1.4272239956621626e-11
1203,72240.0,72240,7.162174497850346,7.162174497834353,47.28422482648914,0.0,7.162175463737808,9.659034603194172e-07,0.0,2.2864366547565894e-08,-1.5986513763473328e-11
1204,72300.0,72300,7.162174497768704,7.162174497751256,47.385688962793196,0.0,7.162175463660603,9.659093537744842e-07,0.0,2.2864406800003735e-08,-1.7443299815989235e-11
1205,72360.0,72360,7.16217449770509,7.162174497686438,47.48715309909606,0.0,7.162175463601227,9.6591479489438e-07,0.0,2.2864422535119302e-08,-1.8645213702657025e-11
1206,72420.0,72420,7.162174497659402,7.162174497639799,47.58861723539799,0.0,7.162175463559567,9.659197744724933e-07,0.0,2.2864417996266275e-08,-1.9597494107933218e-11
1207,72480.0,72480,7.162174497631543,7.162174497611228,47.69008137169926,0.0,7.162175463535507,9.659242836026227e-07,0.0,2.2864397339495864e-08,-2.030818475796029e-11
1208,72540.0,72540,7.16217449762141,7.162174497600615,47.7915455080001,0.0,7.162175463528923,9.659283137063747e-07,0.0,2.2864364586806148e-08,-2.0788286532670726e-11
1209,72600.0,72600,7.162174497628899,7.1621744976078405,47.89300964430079,0.0,7.162175463539691,9.659318565628128e-07,0.0,2.286432357685451e-08,-2.1051872579703905e-11
1210,72660.0,72660,7.162174497653908,7.162174497632785,47.99447378060156,0.0,7.162175463567685,9.659349043127556e-07,0.0,2.2864277913752092e-08,-2.1116167566858377e-11
1211,72720.0,72720,7.162174497696338,7.1621744976753305,48.09593791690269,0.0,7.1621754636127735,9.659374494236399e-07,0.0,2.2864230914540513e-08,-2.1001598226023658e-11
1212,72780.0,72780,7.16217449775609,7.162174497735352,48.197402053204414,0.0,7.16217546367483,9.659394846124525e-07,0.0,2.2864185555823647e-08,-2.073181925635132e-11
1213,72840.0,72840,7.162174497833066,7.1621744978127255,48.29886618950698,0.0,7.162175463753724,9.65941002730768e-07,0.0,2.2864144419969445e-08,-2.0333722164185282e-11
1214,72900.0,72900,7.162174497927173,7.162174497907329,48.40033032581064,0.0,7.16217546384932,9.659419966206223e-07,0.0,2.2864109641166507e-08,-1.9837429573228696e-11
1215,72960.0,72960,7.162174498038317,7.162174498019034,48.50179446211565,0.0,7.162175463961487,9.659424589499856e-07,0.0,2.2864082851573062e-08,-1.9276277955152e-11
1216,73020.0,73020,7.16217449816641,7.162174498147717,48.60325859842222,0.0,7.162175464090092,9.659423820361956e-07,0.0,2.286406512775707e-08,-1.868678975734335e-11
1217,73080.0,73080,7.1621744983113675,7.162174498293253,48.70472273473062,0.0,7.1621754642350055,9.65941757661577e-07,0.0,2.286405693759801e-08,-1.8108635672671546e-11
1218,73140.0,73140,7.162174498473109,7.162174498455519,48.80618687104109,0.0,7.162175464396089,9.659405768887541e-07,0.0,2.286405808782238e-08,-1.7584590699261534e-11
1219,73200.0,73200,7.162174498651563,7.162174498634397,48.90765100735386,0.0,7.162175464573221,9.65938829891095e-07,0.0,2.286406767226773e-08,-1.716051104360576e-11
1220,73260.0,73260,7.162174498846663,7.1621744988297715,49.00911514366918,0.0,7.162175464766271,9.659365058482015e-07,0.0,2.2864084020536922e-08,-1.688539608484552e-11
1221,73320.0,73320,7.162174499058352,7.162174499041535,49.110579279987256,0.0,7.162175464975123,9.659335930211184e-07,0.0,2.286410464561552e-08,-1.6811696611371803e-11
1222,73380.0,73380,7.162174499286586,7.162174499269582,49.212043416308354,0.0,7.162175465199656,9.659300792443634e-07,0.0,2.2864126186357726e-08,-1.6996187983120872e-11
1223,73440.0,73440,7.162174499531319,7.162174499513811,49.31350755263268,0.0,7.162175465439758,9.65925953273206e-07,0.0,2.2864144335418656e-08,-1.7502007096644273e-11
1224,73500.0,73500,7.162174499792507,7.162174499774098,49.41497168896048,0.0,7.1621754656953005,9.659212077440296e-07,0.0,2.2864153733236415e-08,-1.8402929350322757e-11
1225,73560.0,73560,7.162174500070076,7.162174500050279,49.51643582529198,0.0,7.162175465966118,9.65915845042736e-07,0.0,2.2864147790740924e-08,-1.9791830358536693e-11
1226,73620.0,73620,7.162174500363883,7.162174500342081,49.61789996162741,0.0,7.162175466251963,9.659098883534372e-07,0.0,2.2864118371031583e-08,-2.179701057297957e-11
1227,73680.0,73680,7.162174500673641,7.162174500649019,49.71936409796699,0.0,7.162175466552417,9.659034022053807e-07,0.0,2.2864055198987375e-08,-2.4613921595569015e-11
1228,73740.0,73740,7.162174500998776,7.162174500970201,49.82082823431092,0.0,7.162175466866727,9.658965315774644e-07,0.0,2.2863944742113376e-08,-2.8569557261196134e-11
1229,73800.0,73800,7.162174501338208,7.162174501303937,49.922292370659434,0.0,7.162175467193513,9.658895804610884e-07,0.0,2.286376801821957e-08,-3.426459213234124e-11
1230,73860.0,73860,7.162174501689963,7.162174501647028,50.02375650701268,0.0,7.162175467530205,9.658831822270003e-07,0.0,2.286349603415241e-08,-4.292795276504536e-11
1231,73920.0,73920,7.16217450205061,7.162174501993156,50.12522064337081,0.0,7.1621754678718546,9.658787041123574e-07,0.0,2.2863079315040468e-08,-5.74473262292108e-11
1232,73980.0,73980,7.162174502414551,7.162174502328562,50.22668477973386,0.0,7.1621754682078675,9.65879311800597e-07,0.0,2.2862420258462063e-08,-8.598391430797725e-11
1233,74040.0,74040,7.162174502773856,7.1621745026157235,50.328148916101654,0.0,7.162175468508831,9.658931144186547e-07,0.0,2.286128524277451e-08,-1.5812639438818906e-10
1234,74100.0,74100,7.162174503123544,7.162174502703451,50.42961305247349,0.0,7.162175468647084,9.659436398760918e-07,0.0,2.285894750282723e-08,-4.2008859144587337e-10
1235,74160.0,74160,7.16217450350975,7.162174501666737,50.53107718884644,0.0,7.162175467775654,9.66108922108412e-07,0.0,2.285224337779057e-08,-1.843006643905239e-09
1236,74220.0,74220,7.16217450443285,7.162174492126138,50.63254132520428,0.0,7.162175458812017,9.666858847563543e-07,0.0,2.2821823606618773e-08,-1.230670564046674e-08
1237,74280.0,74280,7.162174510425024,7.162174407118159,50.734005461425525,0.0,7.16217537615385,9.69035696596178e-07,0.0,2.2617008531996932e-08,-1.0330685929503951e-07
1238,74340.0,74340,7.162174571828091,7.162173523444086,50.835469596436624,0.0,7.162174506840136,9.833960555148124e-07,0.0,2.0895524323656108e-08,-1.0483839989038498e-06
1239,74400.0,74400,7.162180020495997,-292.8378190754171,50.9369337188931,300.0,2.645109329811374e-07,292.83781933992805,0.0,3.422760855210246e-09,9.040869289382174e-07
1240,74460.0,74460,7.162180052962216,-292.8378191821943,46.05630340030771,300.0,2.2870446120892627e-07,292.83781941089876,0.0,1.849181887729672e-08,7.648434576022718e-07
1241,74520.0,74520,7.162180055552245,-292.83781919124726,41.175673080032226,300.0,2.2567314567759992e-07,292.8378194169204,0.0,3.124032290299671e-08,7.532005195749826e-07
1242,74580.0,74580,7.162180047162427,-292.8378191668261,36.29504275961344,300.0,2.3450994441162856e-07,292.837819401336,0.0,4.379478356628122e-08,7.86011516911883e-07
1243,74640.0,74640,7.162180030807245,-292.83781911691426,31.414412439579568,300.0,2.5197860307598026e-07,292.83781936889284,0.0,5.689604525642015e-08,8.522784884242406e-07
1244,74700.0,74700,7.162180006032349,-292.83781903693875,26.533782120333896,300.0,2.7868178593610653e-07,292.83781931562055,0.0,7.11016833376277e-08,9.570288918190556e-07
1245,74760.0,74760,7.162179970228775,-292.83781891115774,21.65315180235439,300.0,3.17692886623288e-07,292.83781922885066,0.0,8.705307626316075e-08,1.118613491755918e-06
1246,74820.0,74820,7.162179917906909,-292.8378187003657,16.772521486373705,300.0,3.75558882213481e-07,292.8378190759246,0.0,1.0569745446363512e-07,1.3817274065758184e-06
1247,74880.0,74880,7.162179838259428,-292.8378182890638,11.891891173761561,300.0,4.6558521961907774e-07,292.8378187546491,0.0,1.2872697030075036e-07,1.8726766812292095e-06
1248,74940.0,74940,7.1621797109982825,-292.83781714181515,7.011260867779379,300.0,6.140764424652452e-07,292.8378177558916,0.0,1.5993887902128975e-07,3.1471865810929073e-06
1249,75000.0,75000,7.1621794810879305,-127.83779656298145,2.1306305805467827,135.0,8.952434598396377e-07,127.83779745822491,0.0,2.1239252552051587e-07,2.3955930623382765e-05
1250,75060.0,75060,7.16188084603914,7.161849057394233,6.355918329274467e-07,0.0,7.161850595908602,1.538514380635295e-06,0.0,6.116584836640916e-07,-3.1788644894830925e-05
1251,75120.0,75120,7.162114326382742,7.162112263989965,0.10146016005757715,0.0,7.162113798110436,1.5341204685572826e-06,0.0,8.184823154052323e-08,-2.0623927803814935e-06
1252,75180.0,75180,7.162130799066418,7.162130130529102,0.20292341329544386,0.0,7.162131429833743,1.2993046385371134e-06,0.0,4.747499075650811e-08,-6.685373207480034e-07
1253,75240.0,75240,7.162135510807142,7.162135165181144,0.30438692022978364,0.0,7.162136360676818,1.195495669115779e-06,0.0,3.633240632223726e-08,-3.4562600274153797e-07
1254,75300.0,75300,7.162138394897334,7.162138152274715,0.40585049874793183,0.0,7.162139259580822,1.1073061019864903e-06,0.0,3.057160367464443e-08,-2.426226245629665e-07
1255,75360.0,75360,7.162140432161359,7.1621403143532545,0.5073141198037435,0.0,7.162141359030734,1.0446774747780378e-06,0.0,2.6527509846274353e-08,-1.1780810932892672e-07
1256,75420.0,75420,7.162141809915872,7.162141752172867,0.6087777716455925,0.0,7.162142769869087,1.0176962141221263e-06,0.0,2.4563644428363355e-08,-5.774301127256576e-08
1257,75480.0,75480,7.162142749839472,7.162142725643939,0.7102414439240194,0.0,7.162143728939526,1.0032955812164808e-06,0.0,2.3600853911200507e-08,-2.419553833175256e-08
1258,75540.0,75540,7.162143448419652,7.162143438713755,0.8117051300292981,0.0,7.162144434914218,9.962004582762334e-07,0.0,2.319717898988131e-08,-9.705903598214595e-09
1259,75600.0,75600,7.162143993157823,7.162143987641362,0.9131688262541447,0.0,7.162144982941241,9.952998728371512e-07,0.0,2.303499221609827e-08,-5.516467057970365e-09
1260,75660.0,75660,7.162144433909639,7.162144431821311,1.0146325302577237,0.0,7.1621454252367585,9.934154414066344e-07,0.0,2.2942625024035958e-08,-2.088332962099249e-09
1261,75720.0,75720,7.162144799998925,7.162144799363456,1.1160962405585684,0.0,7.162145792137024,9.927735616706675e-07,0.0,2.2907389166923846e-08,-6.354750010551289e-10
1262,75780.0,75780,7.162145119753011,7.162145119457812,1.2175599560678696,0.0,7.162146112281789,9.9282397024457e-07,0.0,2.289636416832705e-08,-2.952050635889337e-10
1263,75840.0,75840,7.162145401983873,7.162145400929947,1.3190236761117191,0.0,7.162146394659689,9.937297361484724e-07,0.0,2.2891007260122616e-08,-1.05393284413059e-09
1264,75900.0,75900,7.1621456497239375,7.1621456492469155,1.4204874001408299,0.0,7.162146642816166,9.935692456507316e-07,0.0,2.2873002705018404e-08,-4.770292435211391e-10
1265,75960.0,75960,7.1621458716993756,7.162145871957081,1.521951127688169,0.0,7.1621468650395945,9.930825078219288e-07,0.0,2.286461064033908e-08,2.5770028808515505e-10
1266,76020.0,76020,7.1621460782575355,7.1621460786166145,1.6234148583917887,0.0,7.162147071708235,9.930916147642945e-07,0.0,2.286846136491374e-08,3.590718373741721e-10
1267,76080.0,76080,7.162146273556821,7.1621462737104125,1.7248785920230656,0.0,7.162147267135393,9.934249754950647e-07,0.0,2.287399942718991e-08,1.5358495863036602e-10
1268,76140.0,76140,7.162146458633423,7.162146458652058,1.8263423284173408,0.0,7.162147452380963,9.937288989076158e-07,0.0,2.2876110879457472e-08,1.8629916014719535e-11
1269,76200.0,76200,7.162146633995211,7.162146633982944,1.927806067430865,0.0,7.162147627959484,9.939765338193774e-07,0.0,2.2875971398965634e-08,-1.227244110094932e-11
1270,76260.0,76260,7.162146800813385,7.16214680079807,2.0292698089276273,0.0,7.16214779501387,9.94215793116455e-07,0.0,2.2875315231050818e-08,-1.5321432243027617e-11
1271,76320.0,76320,7.162146960293745,7.162146960267075,2.130733552787008,0.0,7.162147954732718,9.944656368779577e-07,0.0,2.2874606647084135e-08,-2.6676083933585943e-11
1272,76380.0,76380,7.162147113314485,7.162147113272408,2.2321972989049104,0.0,7.1621481079941,9.947216850625567e-07,0.0,2.2873707304438844e-08,-4.208230759294454e-11
1273,76440.0,76440,7.162147260509563,7.1621472604598075,2.333661047189751,0.0,7.162148255435426,9.94975611259442e-07,0.0,2.2872549767596716e-08,-4.9762038022838565e-11
1274,76500.0,76500,7.162147402417344,7.162147402371377,2.4351247975591126,0.0,7.162148397594497,9.952231138563995e-07,0.0,2.287126288734049e-08,-4.597289865456608e-11
1275,76560.0,76560,7.162147539546726,7.162147539512005,2.536588549938272,0.0,7.162148534975988,9.954639772813303e-07,0.0,2.2870037872811516e-08,-3.472818310664768e-11
1276,76620.0,76620,7.162147672373418,7.162147672351435,2.6380523042596566,0.0,7.162148668051535,9.957000943306137e-07,0.0,2.2868999039555417e-08,-2.1990090003865845e-11
1277,76680.0,76680,7.162147801307443,7.162147801297126,2.739516060462345,0.0,7.162148797230169,9.959330376746088e-07,0.0,2.286817133403291e-08,-1.032365240917304e-11
1278,76740.0,76740,7.1621479266795784,7.162147926680749,2.8409798184911828,0.0,7.162148922843964,9.961632092810613e-07,0.0,2.2867536951220773e-08,1.163908949983278e-12
1279,76800.0,76800,7.162148048764263,7.162148048777378,2.942443578295715,0.0,7.1621490451682925,9.963909076106329e-07,0.0,2.2867092960755093e-08,1.3108711146444806e-11
1280,76860.0,76860,7.162148167802605,7.1621481678273975,3.0439073398293814,0.0,7.162149164444337,9.966169322787856e-07,0.0,2.2866847029804273e-08,2.478699590627616e-11
1281,76920.0,76920,7.162148284007849,7.162148284043189,3.145371103049027,0.0,7.162149280885407,9.968422123687848e-07,0.0,2.2866794760794276e-08,3.533255186145374e-11
1282,76980.0,76980,7.162148397566751,7.162148397611047,3.2468348679145014,0.0,7.162149394678528,9.97067474165856e-07,0.0,2.2866917317611546e-08,4.429039840934141e-11
1283,77040.0,77040,7.1621485086430985,7.162148508694603,3.348298634388291,0.0,7.162149505987796,9.972931866486727e-07,0.0,2.2867188278966304e-08,5.1497077012071954e-11
1284,77100.0,77100,7.162148617381601,7.1621486174385565,3.4497624024352023,0.0,7.162149614958161,9.975195999300464e-07,0.0,2.286757849690255e-08,5.694792017791046e-11
1285,77160.0,77160,7.162148723911021,7.162148723971774,3.5512261720220883,0.0,7.162149721718575,9.977467939736174e-07,0.0,2.2868058743409086e-08,6.074589797298747e-11
1286,77220.0,77220,7.16214882834667,7.162148828409746,3.6526899431176276,0.0,7.162149826384479,9.979747268108937e-07,0.0,2.286860150455752e-08,6.306946276629429e-11
1287,77280.0,77280,7.16214893079244,7.162148930856587,3.7541537156921367,0.0,7.162149929059871,9.982032786419661e-07,0.0,2.2869182238708893e-08,6.413915212633155e-11
1288,77340.0,77340,7.162149031342498,7.162149031406693,3.855617489717406,0.0,7.162150029838987,9.984322878108976e-07,0.0,2.286978007809496e-08,6.418741886181069e-11
1289,77400.0,77400,7.162149130082675,7.162149130146118,3.9570812651665634,0.0,7.162150128807702,9.986615770541452e-07,0.0,2.2870378027546498e-08,6.343653633003927e-11
1290,77460.0,77460,7.162149227091613,7.162149227153706,4.058545042013958,0.0,7.162150226044683,9.98890970783052e-07,0.0,2.287096279497222e-08,6.20853387473086e-11
1291,77520.0,77520,7.162149322441705,7.162149322502015,4.160008820235054,0.0,7.162150321622327,9.991203052656676e-07,0.0,2.287152440083139e-08,6.03032000222749e-11
1292,77580.0,77580,7.162149416199862,7.162149416258098,4.261472599806345,0.0,7.162150415607537,9.993494337220606e-07,0.0,2.2872055687243996e-08,5.822903206201018e-11
1293,77640.0,77640,7.1621495084281515,7.1621495084841325,4.362936380705276,0.0,7.162150508062366,9.995782280473391e-07,0.0,2.2872551810395303e-08,5.5973313963623074e-11
1294,77700.0,77700,7.162149599184336,7.1621495992379645,4.464400162910171,0.0,7.1621505990445495,9.998065784617955e-07,0.0,2.2873009766751633e-08,5.362165523773571e-11
1295,77760.0,77760,7.162149688522313,7.162149688573559,4.565863946400176,0.0,7.162150688607958,1.0000343920009595e-06,0.0,2.287342797865004e-08,5.1238888091417016e-11
1296,77820.0,77820,7.162149776492503,7.162149776541383,4.667327731155199,0.0,7.16215077680298,1.000261590458053e-06,0.0,2.287380594808364e-08,4.8873078216400266e-11
1297,77880.0,77880,7.162149863142171,7.162149863188736,4.768791517155866,0.0,7.162150863676851,1.000488108167003e-06,0.0,2.2874143977329815e-08,4.6559125720478415e-11
1298,77940.0,77940,7.1621499485157205,7.1621499485600495,4.870255304383472,0.0,7.162150949273945,1.0007138898608958e-06,0.0,2.2874442949576134e-08,4.432181899084776e-11
1299,78000.0,78000,7.162150032654937,7.162150032697123,4.971719092819942,0.0,7.162151033636017,1.0009388887350453e-06,0.0,2.2874704160448723e-08,4.217831773056732e-11
1300,78060.0,78060,7.1621501155992116,7.162150115639359,5.073182882447791,0.0,7.1621511168024306,1.0011630647751085e-06,0.0,2.2874929190909323e-08,4.0140104521001556e-11
1301,78120.0,78120,7.162150197385733,7.162150197423954,5.1746466732500975,0.0,7.162151198810345,1.0013863833656204e-06,0.0,2.2875119812679557e-08,3.821447825639749e-11
1302,78180.0,78180,7.162150278049673,7.162150278086085,5.2761104652104605,0.0,7.162151279694906,1.0016088141684053e-06,0.0,2.2875277918548283e-08,3.640567047526873e-11
1303,78240.0,78240,7.162150357624332,7.162150357659054,5.377574258312982,0.0,7.162151359489391,1.0018303302438189e-06,0.0,2.2875405471282943e-08,3.471566130743851e-11
1304,78300.0,78300,7.1621504361412915,7.162150436174444,5.479038052542234,0.0,7.162151438225358,1.0020509073814213e-06,0.0,2.2875504466134407e-08,3.314476696234156e-11
1305,78360.0,78360,7.1621505136305395,7.1621505136622385,5.5805018478832356,0.0,7.162151515932769,1.002270523604762e-06,0.0,2.2875576903135307e-08,3.1692057250304887e-11
1306,78420.0,78420,7.162150590120587,7.162150590150951,5.681965644321434,0.0,7.162151592640116,1.00248915881505e-06,0.0,2.287562476635024e-08,3.0355648936325777e-11
1307,78480.0,78480,7.162150665638576,7.162150665667716,5.783429441842675,0.0,7.162151668374517,1.0027067945444377e-06,0.0,2.287565000801461e-08,2.9132913539394385e-11
1308,78540.0,78540,7.1621507402103735,7.162150740238401,5.884893240433195,0.0,7.162151743161821,1.0029234137908826e-06,0.0,2.287565453613752e-08,2.8020625498507818e-11
1309,78600.0,78600,7.1621508138606655,7.162150813887688,5.986357040079593,0.0,7.162151817026697,1.0031390009131513e-06,0.0,2.2875640204568714e-08,2.701507210777481e-11
1310,78660.0,78660,7.162150886613035,7.162150886639155,6.087820840768816,0.0,7.162151889992702,1.0033535415675696e-06,0.0,2.2875608804900413e-08,2.611213824971095e-11
1311,78720.0,78720,7.162150958490033,7.1621509585153476,6.189284642488149,0.0,7.162151962082376,1.003567022673329e-06,0.0,2.2875562059778307e-08,2.530737616598939e-11
1312,78780.0,78780,7.162151029513252,7.162151029537855,6.290748445225196,0.0,7.162152033317295,1.0037794323939425e-06,0.0,2.287550161737104e-08,2.4596065536115725e-11
1313,78840.0,78840,7.162151099703386,7.162151099727366,6.392212248967865,0.0,7.162152103718133,1.003990760128789e-06,0.0,2.287542904684936e-08,2.3973269617697306e-11
1314,78900.0,78900,7.162151169080282,7.162151169103724,6.493676053704357,0.0,7.162152173304727,1.0042009965073078e-06,0.0,2.287534583478784e-08,2.3433886591355602e-11
1315,78960.0,78960,7.162151237663005,7.162151237685984,6.595139859423156,0.0,7.162152242096125,1.0044101333827667e-06,0.0,2.287525338243176e-08,2.2972700014313033e-11
1316,79020.0,79020,7.162151305469872,7.162151305492464,6.696603666113013,0.0,7.162152310110634,1.0046181638221133e-06,0.0,2.2875153003796994e-08,2.258442625445683e-11
1317,79080.0,79080,7.162151372518506,7.162151372540777,6.798067473762944,0.0,7.162152377365866,1.0048250820908619e-06,0.0,2.2875045924565608e-08,2.226376075299363e-11
1318,79140.0,79140,7.162151438825874,7.162151438847887,6.899531282362211,0.0,7.162152443878777,1.0050308836318207e-06,0.0,2.2874933281746326e-08,2.2005421456810836e-11
1319,79200.0,79200,7.162151504408321,7.162151504430133,7.000995091900311,0.0,7.162152509665704,1.0052355650371795e-06,0.0,2.2874816124062625e-08,2.1804189253266156e-11
1320,79260.0,79260,7.162151569281611,7.162151569303273,7.102458902366983,0.0,7.162152574742404,1.005439124013921e-06,0.0,2.287469541301097e-08,2.1654945702531718e-11
1321,79320.0,79320,7.1621516334609545,7.162151633482515,7.203922713752184,0.0,7.162152639124081,1.0056415593436407e-06,0.0,2.2874572024549017e-08,2.1552706636906806e-11
1322,79380.0,79380,7.162151696961042,7.162151696982542,7.305386526046084,0.0,7.162152702825419,1.0058428708360605e-06,0.0,2.287444675134234e-08,2.1492652503587244e-11
1323,79440.0,79440,7.1621517597960676,7.162151759817545,7.406850339239066,0.0,7.16215276586061,1.0060430592781055e-06,0.0,2.287432030551876e-08,2.147015409786068e-11
1324,79500.0,79500,7.162151821979756,7.162151822001245,7.50831415332171,0.0,7.162152828243377,1.006242126378808e-06,0.0,2.287419332184735e-08,2.1480795125596655e-11
1325,79560.0,79560,7.16215188352539,7.162151883546917,7.609777968284792,0.0,7.162152889986999,1.0064400747106766e-06,0.0,2.287406636129485e-08,2.1520389129888222e-11
1326,79620.0,79620,7.162151944445828,7.162151944467419,7.711241784119277,0.0,7.162152951104334,1.0066369076491887e-06,0.0,2.287393991486608e-08,2.1584994242941012e-11
1327,79680.0,79680,7.162152004753524,7.162152004775201,7.812705600816312,0.0,7.162153011607837,1.006832629310092e-06,0.0,2.2873814407683837e-08,2.1670922583187196e-11
1328,79740.0,79740,7.1621520644605505,7.162152064482332,7.9141694183672175,0.0,7.162153071509582,1.0070272444863839e-06,0.0,2.2873690203232646e-08,2.1774746546101202e-11
1329,79800.0,79800,7.1621521235786165,7.162152123600517,8.015633236763486,0.0,7.162153130821283,1.0072207585851558e-06,0.0,2.2873567607700533e-08,2.1893301519461667e-11
1330,79860.0,79860,7.162152182119082,7.162152182141113,8.117097055996782,0.0,7.162153189554297,1.0074131775650895e-06,0.0,2.287344687437014e-08,2.2023685291418883e-11
1331,79920.0,79920,7.162152240092973,7.162152240115143,8.21856087605892,0.0,7.162153247719657,1.007604507875343e-06,0.0,2.2873328207995496e-08,2.2163254382957067e-11
1332,79980.0,79980,7.162152297510998,7.162152297533314,8.32002469694188,0.0,7.162153305328077,1.007794756396142e-06,0.0,2.2873211769122897e-08,2.2309618431778532e-11
1333,80040.0,80040,7.162152354383563,7.1621523544060315,8.421488518637789,0.0,7.162153362389969,1.0079839303818391e-06,0.0,2.2873097678311985e-08,2.2460630969670442e-11
1334,80100.0,80100,7.162152410720783,7.162152410743404,8.522952341138922,0.0,7.162153418915449,1.0081720374065481e-06,0.0,2.2872986020208073e-08,2.261437988245918e-11
1335,80160.0,80160,7.162152466532492,7.162152466555268,8.624416164437697,0.0,7.16215347491436,1.0083590853124923e-06,0.0,2.2872876847451814e-08,2.276917458561016e-11
1336,80220.0,80220,7.16215252182826,7.162152521851191,8.725879988526675,0.0,7.162153530396279,1.0085450821617782e-06,0.0,2.287277018437417e-08,2.2923533440713924e-11
1337,80280.0,80280,7.162152576617397,7.16215257664048,8.827343813398544,0.0,7.162153585370524,1.0087300361911426e-06,0.0,2.2872666030486372e-08,2.3076168578487263e-11
1338,80340.0,80340,7.162152630908969,7.162152630932202,8.928807639046134,0.0,7.1621536398461645,1.0089139557700206e-06,0.0,2.2872564363712754e-08,2.3225971591596282e-11
1339,80400.0,80400,7.162152684711805,7.162152684735185,9.030271465462398,0.0,7.162153693832041,1.0090968493620724e-06,0.0,2.287246514338363e-08,2.3371997561165178e-11
1340,80460.0,80460,7.162152738034506,7.162152738058028,9.131735292640414,0.0,7.16215374733676,1.009278725489361e-06,0.0,2.287236831296651e-08,2.3513449801076523e-11
1341,80520.0,80520,7.162152790885455,7.162152790909112,9.233199120573381,0.0,7.162153800368712,1.0094595927003857e-06,0.0,2.2872273802540175e-08,2.364966361335568e-11
1342,80580.0,80580,7.162152843272821,7.162152843296608,9.334662949254621,0.0,7.162153852936074,1.0096394595404309e-06,0.0,2.287218153099547e-08,2.37800915457634e-11
1343,80640.0,80640,7.1621528952045725,7.162152895228484,9.436126778677568,0.0,7.162153905046827,1.0098183345249771e-06,0.0,2.287209140799706e-08,2.390428823693718e-11
1344,80700.0,80700,7.162152946688483,7.162152946712512,9.537590608835771,0.0,7.162153956708744,1.009996226115567e-06,0.0,2.2872003335683768e-08,2.4021896072561118e-11
1345,80760.0,80760,7.162152997732131,7.162152997756271,9.639054439722884,0.0,7.162154007929421,1.0101731426985786e-06,0.0,2.28719172101375e-08,2.413263121403422e-11
1346,80820.0,80820,7.16215304834292,7.162153048367164,9.740518271332673,0.0,7.162154058716263,1.0103490925652362e-06,0.0,2.2871832922614118e-08,2.4236271485639012e-11
1347,80880.0,80880,7.162153098528072,7.1621530985524124,9.841982103659014,0.0,7.162154109076503,1.0105240838947267e-06,0.0,2.2871750360575015e-08,2.4332643951318495e-11
1348,80940.0,80940,7.162153148294639,7.162153148319068,9.943445936695873,0.0,7.1621541590171995,1.0106981247384303e-06,0.0,2.287166940850991e-08,2.442161412918891e-11
1349,81000.0,81000,7.162153197649509,7.162153197674019,10.044909770437327,0.0,7.16215420854525,1.0108712230058708e-06,0.0,2.2871589948580613e-08,2.450307611974911e-11
1350,81060.0,81060,7.16215324659941,7.162153246623994,10.146373604877544,0.0,7.162154257667387,1.0110433864523905e-06,0.0,2.2871511861101216e-08,2.457694390698365e-11
1351,81120.0,81120,7.162153295150914,7.162153295175565,10.247837440010787,0.0,7.162154306390193,1.0112146226675999e-06,0.0,2.28714350248695e-08,2.4643143577610858e-11
1352,81180.0,81180,7.162153343310445,7.162153343335153,10.349301275831415,0.0,7.162154354720099,1.011384939065503e-06,0.0,2.2871359317373354e-08,2.4701606943115144e-11
1353,81240.0,81240,7.162153391084279,7.1621533911090385,10.450765112333881,0.0,7.162154402663388,1.0115543428750072e-06,0.0,2.2871284614887896e-08,2.4752266142883852e-11
1354,81300.0,81300,7.162153438478552,7.1621534385033545,10.552228949512719,0.0,7.162154450226204,1.0117228411317697e-06,0.0,2.2871210792483345e-08,2.4795048944547398e-11
1355,81360.0,81360,7.162153485499266,7.162153485524102,10.653692787362555,0.0,7.16215449741455,1.0118904406701833e-06,0.0,2.2871137723952635e-08,2.482987663294878e-11
1356,81420.0,81420,7.162153532152283,7.162153532177147,10.755156625878099,0.0,7.162154544234302,1.0120571481164435e-06,0.0,2.2871065281709766e-08,2.4856661316617804e-11
1357,81480.0,81480,7.162153578443341,7.162153578468224,10.856620465054146,0.0,7.1621545906912,1.0122229698819364e-06,0.0,2.2870993336632418e-08,2.4875305668522912e-11
1358,81540.0,81540,7.162153624378052,7.1621536244029445,10.958084304885565,0.0,7.162154636790865,1.012387912157006e-06,0.0,2.2870921757913648e-08,2.488570315134659e-11
1359,81600.0,81600,7.162153669961903,7.1621536699867985,11.059548145367318,0.0,7.1621546825387865,1.0125519809051493e-06,0.0,2.287085041290618e-08,2.4887739787111733e-11
1360,81660.0,81660,7.1621537152002634,7.162153715225151,11.161011986494433,0.0,7.16215472794034,1.0127151818579116e-06,0.0,2.287077916700099e-08,2.488129721237093e-11
1361,81720.0,81720,7.162153760098385,7.162153760123258,11.262475828262016,0.0,7.162154773000786,1.0128775205095541e-06,0.0,2.28707078835561e-08,2.4866256195559324e-11
1362,81780.0,81780,7.162153804661409,7.162153804686259,11.36393967066525,0.0,7.162154817725266,1.013039002112696e-06,0.0,2.2870636423884718e-08,2.4842502580792555e-11
1363,81840.0,81840,7.162153848894364,7.162153848919179,11.465403513699387,0.0,7.162154862118819,1.0131996316741545e-06,0.0,2.2870564647340897e-08,2.480993339148422e-11
1364,81900.0,81900,7.162153892802171,7.162153892826947,11.566867357359756,0.0,7.162154906186367,1.0133594139515625e-06,0.0,2.2870492411507406e-08,2.4768464734701262e-11
1365,81960.0,81960,7.162153936389648,7.162153936414374,11.66833120164175,0.0,7.162154949932733,1.0135183534503362e-06,0.0,2.287041957251547e-08,2.4718041136130845e-11
1366,82020.0,82020,7.1621539796615075,7.162153979686173,11.76979504654084,0.0,7.162154993362634,1.0136764544218775e-06,0.0,2.2870345985520184e-08,2.4658646219214022e-11
1367,82080.0,82080,7.162154022622364,7.162154022646962,11.87125889205255,0.0,7.162155036480689,1.0138337208628425e-06,0.0,2.287027150535406e-08,2.459031426799621e-11
1368,82140.0,82140,7.162154065276732,7.162154065301252,11.972722738172479,0.0,7.162155079291415,1.0139901565156138e-06,0.0,2.2870195987371707e-08,2.451314461889103e-11
1369,82200.0,82200,7.162154107629029,7.162154107653464,12.074186584896285,0.0,7.162155121799236,1.0141457648704332e-06,0.0,2.287011928853785e-08,2.4427316323261038e-11
1370,82260.0,82260,7.162154149683585,7.1621541497079235,12.175650432219692,0.0,7.16215516400848,1.014300549170416e-06,0.0,2.2870041268754365e-08,2.433310596608582e-11
1371,82320.0,82320,7.162154191444627,7.162154191468866,12.277114280138484,0.0,7.162155205923385,1.0144545124179942e-06,0.0,2.2869961792489438e-08,2.423090630763775e-11
1372,82380.0,82380,7.162154232916302,7.162154232940431,12.378578128648506,0.0,7.162155247548095,1.0146076573857063e-06,0.0,2.286988073071384e-08,2.4121247607179785e-11
1373,82440.0,82440,7.1621542741026625,7.162154274126674,12.480041977745659,0.0,7.162155288886668,1.0147599866301683e-06,0.0,2.2869797963196234e-08,2.4004820988745654e-11
1374,82500.0,82500,7.162154315007673,7.162154315031564,12.5815058274259,0.0,7.162155329943072,1.0149115025109976e-06,0.0,2.2869713381182002e-08,2.3882504584455403e-11
1375,82560.0,82560,7.162154355635218,7.1621543556589815,12.68296967768525,0.0,7.1621553707211945,1.015062207214691e-06,0.0,2.28696268905142e-08,2.3755391317144856e-11
1376,82620.0,82620,7.162154395989092,7.162154396012724,12.784433528519779,0.0,7.162155411224834,1.015212102785645e-06,0.0,2.286953841521304e-08,2.3624820236505085e-11
1377,82680.0,82680,7.162154436073008,7.1621544360965075,12.88589737992561,0.0,7.162155451457706,1.0153611911635483e-06,0.0,2.2869447901581278e-08,2.3492409669023643e-11
1378,82740.0,82740,7.162154475890599,7.162154475913965,12.987361231898923,0.0,7.162155491423447,1.0155094742300676e-06,0.0,2.2869355322857906e-08,2.336009304302313e-11
1379,82800.0,82800,7.162154515445414,7.162154515468651,13.088825084435944,0.0,7.162155531125612,1.0156569538641423e-06,0.0,2.286926068447107e-08,2.3230157249892885e-11
1380,82860.0,82860,7.162154554740923,7.162154554764036,13.190288937532957,0.0,7.162155570567675,1.0158036320083254e-06,0.0,2.2869164029933093e-08,2.3105281459615512e-11
1381,82920.0,82920,7.162154593780519,7.162154593803514,13.291752791186285,0.0,7.1621556097530314,1.015949510746127e-06,0.0,2.2869065447375438e-08,2.298857825095274e-11
1382,82980.0,82980,7.162154632567511,7.1621546325904015,13.39321664539231,0.0,7.162155648685001,1.016094592392338e-06,0.0,2.2868965076776952e-08,2.2883632400107953e-11
1383,83040.0,83040,7.162154671105137,7.162154671127938,13.494680500147451,0.0,7.162155687366824,1.0162388795952702e-06,0.0,2.2868863117832067e-08,2.279453828705497e-11
1384,83100.0,83100,7.162154709396549,7.162154709419283,13.59614435544818,0.0,7.1621557258016635,1.016382375452099e-06,0.0,2.2868759838447273e-08,2.2725931354570687e-11
1385,83160.0,83160,7.162154747444829,7.162154747467518,13.697608211291014,0.0,7.162155763992609,1.0165250836367934e-06,0.0,2.2868655583758997e-08,2.2683010993269573e-11
1386,83220.0,83220,7.162154785252976,7.162154785275654,13.799072067672505,0.0,7.162155801942671,1.0166670085380854e-06,0.0,2.2868550785534054e-08,2.2671550357675214e-11
1387,83280.0,83280,7.162154822823916,7.16215482284662,13.900535924589258,0.0,7.1621558396547815,1.0168081554054094e-06,0.0,2.2868445971732227e-08,2.2697886548356666e-11
1388,83340.0,83340,7.162154860160496,7.162154860183271,14.001999782037911,0.0,7.16215587713181,1.0169485304973255e-06,0.0,2.2868341775906743e-08,2.2768884784313345e-11
1389,83400.0,83400,7.16215489726549,7.162154897288388,14.103463640015152,0.0,7.162155914376536,1.0170881412257964e-06,0.0,2.2868238946009763e-08,2.2891869533013762e-11
1390,83460.0,83460,7.162154934141592,7.162154934164675,14.204927498517698,0.0,7.162155951391677,1.0172269962856717e-06,0.0,2.286813835204179e-08,2.30745117578762e-11
1391,83520.0,83520,7.162154970791428,7.162154970814759,14.306391357542312,0.0,7.162155988179872,1.0173651057558915e-06,0.0,2.2868040991831925e-08,2.3324664765835687e-11
1392,83580.0,83580,7.162155007217548,7.162155007241205,14.407855217085789,0.0,7.162156024743693,1.0175024811540037e-06,0.0,2.2867947994076225e-08,2.3650140380170662e-11
1393,83640.0,83640,7.162155043422433,7.162155043446497,14.509319077144962,0.0,7.16215606108564,1.0176391354226027e-06,0.0,2.2867860617647483e-08,2.4058417708113805e-11
1394,83700.0,83700,7.1621550794085,7.162155079433063,14.610782937716706,0.0,7.162156097208152,1.017775082821316e-06,0.0,2.286778024604998e-08,2.455628199531722e-11
1395,83760.0,83760,7.162155115178102,7.162155115203258,14.712246798797917,0.0,7.162156133113603,1.017910338695903e-06,0.0,2.2867708375855842e-08,2.51493943425161e-11
1396,83820.0,83820,7.162155150733543,7.162155150759391,14.813710660385533,0.0,7.162156168804317,1.0180449190988117e-06,0.0,2.2867646597971267e-08,2.5841801781496733e-11
1397,83880.0,83880,7.162155186077077,7.162155186103719,14.915174522476528,0.0,7.162156204282567,1.0181788402380732e-06,0.0,2.286759657073696e-08,2.6635399907429053e-11
1398,83940.0,83940,7.162155221210926,7.1621552212384625,15.016638385067898,0.0,7.162156239550587,1.0183121177459318e-06,0.0,2.286755998406998e-08,2.7529371284348615e-11
1399,84000.0,84000,7.16215525613729,7.162155256165816,15.118102248156674,0.0,7.162156274610589,1.0184447657782515e-06,0.0,2.2867538514251766e-08,2.8519624210475772e-11
1400,84060.0,84060,7.162155290858364,7.162155290887968,15.219566111739926,0.0,7.1621563094647716,1.0185767959803717e-06,0.0,2.286753376935528e-08,2.9598257250400265e-11
1401,84120.0,84120,7.162155325376358,7.162155325407119,15.321029975814744,0.0,7.162156344115343,1.0187082163859366e-06,0.0,2.2867547225757082e-08,3.075306824658431e-11
1402,84180.0,84180,7.162155359693523,7.162155359725498,15.422493840378255,0.0,7.162156378564535,1.0188390303397979e-06,0.0,2.2867580156459825e-08,3.1967120198869275e-11
1403,84240.0,84240,7.162155393812174,7.1621553938454,15.523957705427616,0.0,7.162156412814643,1.0189692355437424e-06,0.0,2.28676335521815e-08,3.321835974031378e-11
1404,84300.0,84300,7.162155427734731,7.162155427769217,15.625421570960015,0.0,7.162156446868047,1.0190988233065467e-06,0.0,2.2867708036091855e-08,3.447928252124618e-11
1405,84360.0,84360,7.162155461463746,7.162155461499468,15.72688543697268,0.0,7.162156480727254,1.0192277780250998e-06,0.0,2.2867803772964237e-08,3.571664930459812e-11
1406,84420.0,84420,7.1621554950019615,7.162155495038859,15.828349303462865,0.0,7.162156514394942,1.0193560768354928e-06,0.0,2.2867920373605654e-08,3.689129674046444e-11
1407,84480.0,84480,7.162155528352348,7.162155528390313,15.929813170427872,0.0,7.162156547874009,1.0194836892682233e-06,0.0,2.286805679612686e-08,3.795815425060129e-11
1408,84540.0,84540,7.162155561518155,7.16215556155703,16.031277037865035,0.0,7.162156581167613,1.0196105766587858e-06,0.0,2.2868211247497182e-08,3.886666233162352e-11
1409,84600.0,84600,7.1621555945029565,7.162155594542525,16.132740905771747,0.0,7.162156614279223,1.0197366910618135e-06,0.0,2.2868381092073298e-08,3.956182822346293e-11
1410,84660.0,84660,7.162155627310679,7.162155627350673,16.234204774145436,0.0,7.162156647212653,1.019861973572185e-06,0.0,2.2868562777717158e-08,3.998608507231731e-11
1411,84720.0,84720,7.162155659945618,7.162155659985706,16.335668642983595,0.0,7.162156679972065,1.01998635233743e-06,0.0,2.2868751792906938e-08,4.0081865565058505e-11
1412,84780.0,84780,7.162155692412413,7.162155692452214,16.437132512283775,0.0,7.162156712561963,1.0201097411643293e-06,0.0,2.286894266673657e-08,3.979436538344887e-11
1413,84840.0,84840,7.162155724715992,7.162155724755072,16.538596382043586,0.0,7.1621567449871195,1.0202320403260304e-06,0.0,2.2869129014975e-08,3.90734757589619e-11
1414,84900.0,84900,7.162155756861452,7.162155756899331,16.640060252260714,0.0,7.162156777252481,1.020353141633162e-06,0.0,2.2869303618334612e-08,3.787347072510879e-11
1415,84960.0,84960,7.162155788853884,7.162155788890041,16.741524122932915,0.0,7.162156809362986,1.0204729395438125e-06,0.0,2.286945849553364e-08,3.614884423674798e-11
1416,85020.0,85020,7.162155820698165,7.162155820732016,16.84298799405802,0.0,7.1621568413233705,1.0205913486650202e-06,0.0,2.286958490697633e-08,3.3844513042430485e-11
1417,85080.0,85080,7.162155852398781,7.162155852429667,16.944451865633923,0.0,7.162156873137999,1.020708325401891e-06,0.0,2.2869673195161365e-08,3.0877904633401915e-11
1418,85140.0,85140,7.162155883959911,7.162155883987026,17.045915737658586,0.0,7.162156904810922,1.0208238881971468e-06,0.0,2.28697123265578e-08,2.7108438426916823e-11
1419,85200.0,85200,7.16215591538606,7.162155915408353,17.14737961013002,0.0,7.162156936346487,1.0209381275899688e-06,0.0,2.286968892485378e-08,2.228536745583872e-11
1420,85260.0,85260,7.162155946683794,7.162155946699756,17.248843483046304,0.0,7.162156967750959,1.0210511956458035e-06,0.0,2.2869585434910882e-08,1.5954899913960604e-11
1421,85320.0,85320,7.162155977865163,7.162155977872452,17.3503073564056,0.0,7.162156999035727,1.0211632688498625e-06,0.0,2.2869376738782463e-08,7.280974004806703e-12
1422,85380.0,85380,7.162156008953398,7.162156008948052,17.45177123020623,0.0,7.162157030222568,1.0212745086171572e-06,0.0,2.286902378469874e-08,-5.354143247654813e-12
1423,85440.0,85440,7.162156039991175,7.162156039965727,17.55323510444682,0.0,7.162157061350906,1.021385172434873e-06,0.0,2.286846055944654e-08,-2.545467483794742e-11
1424,85500.0,85500,7.16215607105158,7.16215607098922,17.65469897912655,0.0,7.162157092485743,1.0214965160297295e-06,0.0,2.2867562647231152e-08,-6.236626083596692e-11
1425,85560.0,85560,7.162156102256259,7.162156102106486,17.7561628542455,0.0,7.162157123721381,1.0216148874993359e-06,0.0,2.2866049873289486e-08,-1.4977773825636302e-10
1426,85620.0,85620,7.162156133835322,7.162156133377602,17.85762672980498,0.0,7.162157155145498,1.021767889747585e-06,0.0,2.2863080584835513e-08,-4.5772600514878727e-10
1427,85680.0,85680,7.162156166420383,7.162156164292482,17.959090605807088,0.0,7.162157186360008,1.022067519697428e-06,0.0,2.2854979184877357e-08,-2.1279082240434316e-09
1428,85740.0,85740,7.162156202637906,7.162156188253457,18.060554482246406,0.0,7.162157211232178,1.0229787149174075e-06,0.0,2.2819041798619476e-08,-1.4384455235061807e-08
1429,85800.0,85800,7.162156257604509,7.162156137438042,18.162018359022895,0.0,7.162157164173724,1.0267356755501822e-06,0.0,2.2578829082875475e-08,-1.201664747212775e-07
1430,85860.0,85860,7.162156461075241,7.1621552265941295,18.263482235070104,0.0,7.162156277802216,1.0512080800008228e-06,0.0,2.0575583793998306e-08,-1.2344811185196637e-06
1431,,85920,,,,,,,,,
