,time,time_x,P_Grid,P_BTMS,E_BTMS,P_Charge,P_BTMS_Ch,P_BTMS_DCh,"param: btms size, a,b_sys,b_cap,b_loan,c"
0,60.0,60,3.2554943921150092e-09,3.255494784104225e-09,7.308823680362889e-07,0.0,4.462970528483791e-09,-1.207475351377531e-09,7.558116846328288e-07
1,120.0,120,3.256119384001629e-09,3.2561197758465073e-09,7.309254731592455e-07,0.0,4.463840235805642e-09,-1.2077200671061503e-09,0.03287671232876712
2,180.0,180,3.256738518304047e-09,3.256738910005673e-09,7.309685865201343e-07,0.0,4.4647024745765005e-09,-1.20796317186596e-09,0.04323985936321764
3,240.0,240,3.2573517779209917e-09,3.2573521694802784e-09,7.310117080400282e-07,0.0,4.465557234712094e-09,-1.2082046726738702e-09,0.023148148148148147
4,300.0,300,3.257959145967548e-09,3.257959537385538e-09,7.310548376397779e-07,0.0,4.466404506268099e-09,-1.2084445764709304e-09,0.009341992564003648
5,360.0,360,3.258560605767511e-09,3.2585609970451585e-09,7.310979752399781e-07,0.0,4.467244279433803e-09,-1.2086828901222203e-09,0.12
6,420.0,420,3.259156140848519e-09,3.2591565319866936e-09,7.311411207609236e-07,0.0,4.468076544526022e-09,-1.2089196204167853e-09,0.0
7,480.0,480,3.259745734936063e-09,3.2597461259358073e-09,7.311842741227643e-07,0.0,4.4689012919833635e-09,-1.2091547740682873e-09,0.0
8,540.0,540,3.260329371947012e-09,3.260329762809281e-09,7.312274352452388e-07,0.0,4.46971851236102e-09,-1.2093883577145922e-09,0.0
9,600.0,600,3.260907035985444e-09,3.260907426710977e-09,7.312706040479747e-07,0.0,4.4705281963252056e-09,-1.209620377918379e-09,0.0
10,660.0,660,3.26147871133522e-09,3.261479101925493e-09,7.313137804503324e-07,0.0,4.47133033464803e-09,-1.2098508411671381e-09,0.0
11,720.0,720,3.2620443824564192e-09,3.262044772911737e-09,7.313569643713946e-07,0.0,4.4721249182013355e-09,-1.2100797538734769e-09,0.0
12,780.0,780,3.262604033978522e-09,3.2626044243000568e-09,7.314001557300324e-07,0.0,4.472911937952432e-09,-1.2103071223749014e-09,0.0
13,840.0,840,3.263157650695718e-09,3.2631580408842946e-09,7.314433544448839e-07,0.0,4.473691384958806e-09,-1.2105329529345558e-09,0.0
14,900.0,900,3.2637052175625613e-09,3.263705607619267e-09,7.314865604343198e-07,0.0,4.4744632503635985e-09,-1.210757251741178e-09,0.0
15,960.0,960,3.264246719687154e-09,3.2642471096127698e-09,7.315297736165999e-07,0.0,4.475227525389439e-09,-1.2109800249090787e-09,0.0
16,1020.0,1020,3.264782142328538e-09,3.264782532123889e-09,7.315729939095947e-07,0.0,4.475984201335229e-09,-1.2112012784786616e-09,0.0
17,1080.0,1080,3.2653114708900483e-09,3.265311860556134e-09,7.316162212310635e-07,0.0,4.4767332695712806e-09,-1.2114210184165988e-09,0.0
18,1140.0,1140,3.2658346909156663e-09,3.265835080453181e-09,7.316594554984877e-07,0.0,4.477474721534536e-09,-1.2116392506159376e-09,0.0
19,1200.0,1200,3.2663517880846334e-09,3.2663521774945772e-09,7.317026966291708e-07,0.0,4.478208548724137e-09,-1.2118559808964056e-09,0.0
20,1260.0,1260,3.2668627482079757e-09,3.26686313749126e-09,7.317459445401715e-07,0.0,4.478934742697865e-09,-1.2120712150046277e-09,0.0
21,1320.0,1320,3.267367557223596e-09,3.267367946380872e-09,7.317891991483374e-07,0.0,4.4796532950664936e-09,-1.2122849586142998e-09,0.0
22,1380.0,1380,3.2678662011917983e-09,3.267866590224066e-09,7.318324603702936e-07,0.0,4.480364197492658e-09,-1.2124972173267747e-09,0.0
23,1440.0,1440,3.26835866629212e-09,3.268359055200161e-09,7.318757281224874e-07,0.0,4.481067441683906e-09,-1.2127079966706942e-09,0.0
24,1500.0,1500,3.2688449388181613e-09,3.2688453276029307e-09,7.319190023211435e-07,0.0,4.481763019390876e-09,-1.2129173021028997e-09,0.0
25,1560.0,1560,3.2693250051743704e-09,3.2693253938367373e-09,7.319622828822422e-07,0.0,4.482450922403209e-09,-1.2131251390084549e-09,0.0
26,1620.0,1620,3.269798851872439e-09,3.269799240413098e-09,7.320055697215858e-07,0.0,4.483131142545383e-09,-1.2133315127007105e-09,0.0
27,1680.0,1680,3.2702664655271763e-09,3.2702668539469096e-09,7.320488627547986e-07,0.0,4.483803671675236e-09,-1.2135364284218692e-09,0.0
28,1740.0,1740,3.2707278328529025e-09,3.2707282211526223e-09,7.320921618972382e-07,0.0,4.484468501677969e-09,-1.2137398913435507e-09,0.0
29,1800.0,1800,3.271182940660671e-09,3.2711833288411154e-09,7.321354670641396e-07,0.0,4.485125624465192e-09,-1.213941906566095e-09,0.0
30,1860.0,1860,3.2716317758539663e-09,3.2716321639162646e-09,7.321787781704714e-07,0.0,4.485775031971538e-09,-1.214142479120194e-09,0.0
31,1920.0,1920,3.272074325426706e-09,3.2720747133714235e-09,7.322220951310348e-07,0.0,4.4864167161506635e-09,-1.2143416139661502e-09,0.0
32,1980.0,1980,3.272510576459116e-09,3.2725109642871212e-09,7.322654178604425e-07,0.0,4.4870506689738585e-09,-1.2145393159948997e-09,0.0
33,2040.0,2040,3.2729405161153405e-09,3.272940903827415e-09,7.32308746273029e-07,0.0,4.487676882426751e-09,-1.2147355900278157e-09,0.0
34,2100.0,2100,3.2733641316397064e-09,3.2733645192368054e-09,7.323520802831177e-07,0.0,4.488295348506345e-09,-1.2149304408176858e-09,0.0
35,2160.0,2160,3.27378141035568e-09,3.2737817978382818e-09,7.323954198046427e-07,0.0,4.488906059219725e-09,-1.2151238730482126e-09,0.0
36,2220.0,2220,3.2741923396613083e-09,3.2741927270304987e-09,7.324387647514604e-07,0.0,4.489509006580835e-09,-1.2153158913351435e-09,0.0
37,2280.0,2280,3.2745969070279143e-09,3.274597294284432e-09,7.324821150371935e-07,0.0,4.490104182609009e-09,-1.2155065002265521e-09,0.0
38,2340.0,2340,3.274995099997101e-09,3.2749954871418146e-09,7.325254705753095e-07,0.0,4.4906915793262704e-09,-1.2156957042026004e-09,0.0
39,2400.0,2400,3.275386906179274e-09,3.275387293212965e-09,7.325688312790083e-07,0.0,4.4912711887560346e-09,-1.2158835076766234e-09,0.0
40,2460.0,2460,3.275772313250166e-09,3.2757727001736597e-09,7.326121970614572e-07,0.0,4.491843002920326e-09,-1.2160699149950438e-09,0.0
41,2520.0,2520,3.2761513089496208e-09,3.276151695763569e-09,7.326555678354892e-07,0.0,4.492407013839955e-09,-1.2162549304384782e-09,0.0
42,2580.0,2580,3.2765238810800746e-09,3.2765242677853463e-09,7.326989435137712e-07,0.0,4.492963213531124e-09,-1.2164385582209994e-09,0.0
43,2640.0,2640,3.2768900175029497e-09,3.2768904041004563e-09,7.327423240088806e-07,0.0,4.493511594004739e-09,-1.2166208024915262e-09,0.0
44,2700.0,2700,3.277249706139001e-09,3.2772500926294812e-09,7.327857092331171e-07,0.0,4.494052147264757e-09,-1.2168016673339106e-09,0.0
45,2760.0,2760,3.2776029349653203e-09,3.277603321349643e-09,7.328290990986691e-07,0.0,4.4945848653080955e-09,-1.2169811567676318e-09,0.0
46,2820.0,2820,3.277949692014728e-09,3.2779500782936316e-09,7.328724935175025e-07,0.0,4.49510974012177e-09,-1.2171592747471676e-09,0.0
47,2880.0,2880,3.27828996537308e-09,3.2782903515473464e-09,7.329158924013944e-07,0.0,4.495626763683762e-09,-1.2173360251642957e-09,0.0
48,2940.0,2940,3.2786237431791795e-09,3.2786241292495904e-09,7.32959295661966e-07,0.0,4.496135927960672e-09,-1.2175114118469216e-09,0.0
49,3000.0,3000,3.27895101362326e-09,3.278951399590901e-09,7.330027032106721e-07,0.0,4.496637224907981e-09,-1.2176854385602284e-09,0.0
50,3060.0,3060,3.279271764945634e-09,3.2792721508110273e-09,7.330461149587556e-07,0.0,4.497130646468573e-09,-1.2178581090070042e-09,0.0
51,3120.0,3120,3.279585985435352e-09,3.2795863711995823e-09,7.330895308173044e-07,0.0,4.4976161845727375e-09,-1.218029426828336e-09,0.0
52,3180.0,3180,3.2798936634309356e-09,3.2798940490946553e-09,7.331329506972501e-07,0.0,4.498093831138512e-09,-1.2181993956036314e-09,0.0
53,3240.0,3240,3.280194787317559e-09,3.2801951728816364e-09,7.331763745093135e-07,0.0,4.498563578069689e-09,-1.2183680188517053e-09,0.0
54,3300.0,3300,3.280489345527739e-09,3.2804897309929132e-09,7.332198021640596e-07,0.0,4.499025417256771e-09,-1.2185353000306489e-09,0.0
55,3360.0,3360,3.280777326539603e-09,3.2807777119069154e-09,7.332632335718973e-07,0.0,4.4994793405768785e-09,-1.218701242538937e-09,0.0
56,3420.0,3420,3.281058718877926e-09,3.2810591041480725e-09,7.33306668643014e-07,0.0,4.499925339892888e-09,-1.2188658497152992e-09,0.0
57,3480.0,3480,3.281333511112876e-09,3.281333896286638e-09,7.333501072874962e-07,0.0,4.5003634070552515e-09,-1.2190291248395216e-09,0.0
58,3540.0,3540,3.281601691858924e-09,3.2816020769372137e-09,7.33393549415175e-07,0.0,4.500793533900089e-09,-1.2191910711335557e-09,0.0
59,3600.0,3600,3.281863249776627e-09,3.2818636347601394e-09,7.334369949357815e-07,0.0,4.50121571225153e-09,-1.219351691760671e-09,0.0
60,3660.0,3660,3.282118173570022e-09,3.282118558459886e-09,7.334804437588575e-07,0.0,4.501629933920154e-09,-1.2195109898272786e-09,0.0
61,3720.0,3720,3.282366451989839e-09,3.2823668367867504e-09,7.335238957937782e-07,0.0,4.502036190705419e-09,-1.2196689683829113e-09,0.0
62,3780.0,3780,3.2826080738301577e-09,3.282608458534941e-09,7.335673509497409e-07,0.0,4.50243447439523e-09,-1.2198256304206345e-09,0.0
63,3840.0,3840,3.2828430279307513e-09,3.282843412544493e-09,7.336108091358092e-07,0.0,4.5028247767664606e-09,-1.219980978877546e-09,0.0
64,3900.0,3900,3.2830713031769595e-09,3.283071687700137e-09,7.336542702608247e-07,0.0,4.503207089586339e-09,-1.220135016636254e-09,0.0
65,3960.0,3960,3.2832928884994667e-09,3.283293272933253e-09,7.336977342335065e-07,0.0,4.503581404613321e-09,-1.2202877465237458e-09,0.0
66,4020.0,4020,3.283507772875262e-09,3.2835081572204825e-09,7.337412009623957e-07,0.0,4.50394771359787e-09,-1.2204391713133883e-09,0.0
67,4080.0,4080,3.2837159453278534e-09,3.2837163295852896e-09,7.33784670355889e-07,0.0,4.504306008282108e-09,-1.2205892937247953e-09,0.0
68,4140.0,4140,3.283917394928268e-09,3.283917779098919e-09,7.338281423221827e-07,0.0,4.504656280404425e-09,-1.2207381164244371e-09,0.0
69,4200.0,4200,3.28411211079527e-09,3.2841124948800913e-09,7.338716167693402e-07,0.0,4.504998521697908e-09,-1.2208856420262915e-09,0.0
70,4260.0,4260,3.2843000820961396e-09,3.2843004660959136e-09,7.339150936052907e-07,0.0,4.505332723890695e-09,-1.221031873092539e-09,0.0
71,4320.0,4320,3.2844812980475893e-09,3.2844816819631406e-09,7.339585727377193e-07,0.0,4.505658878711096e-09,-1.2211768121336495e-09,0.0
72,4380.0,4380,3.284655747916846e-09,3.2846561317490875e-09,7.340020540742444e-07,0.0,4.505976977885686e-09,-1.2213204616094681e-09,0.0
73,4440.0,4440,3.2848234210224798e-09,3.2848238047725834e-09,7.340455375222505e-07,0.0,4.506287013142513e-09,-1.2214628239292806e-09,0.0
74,4500.0,4500,3.2849843067348773e-09,3.2849846904035388e-09,7.340890229890558e-07,0.0,4.506588976211801e-09,-1.221603901452704e-09,0.0
75,4560.0,4560,3.2851383944786794e-09,3.2851387780667673e-09,7.341325103817114e-07,0.0,4.506882858828375e-09,-1.2217436964903586e-09,0.0
76,4620.0,4620,3.2852856737314302e-09,3.285286057240117e-09,7.341759996072018e-07,0.0,4.507168652731839e-09,-1.22188221130387e-09,0.0
77,4680.0,4680,3.2854261340285315e-09,3.285426517458512e-09,7.34219490572289e-07,0.0,4.507446349670832e-09,-1.2220194481067793e-09,0.0
78,4740.0,4740,3.2855597649606784e-09,3.2855601483132125e-09,7.34262983183646e-07,0.0,4.5077159414025066e-09,-1.2221554090653048e-09,0.0
79,4800.0,4800,3.2856865561779434e-09,3.2856869394534653e-09,7.343064773477459e-07,0.0,4.507977419695569e-09,-1.222290096298536e-09,0.0
80,4860.0,4860,3.2858064973889936e-09,3.285806880588807e-09,7.343499729709279e-07,0.0,4.508230776331583e-09,-1.2224235118787393e-09,0.0
81,4920.0,4920,3.2859195783646544e-09,3.285919961489758e-09,7.343934699593651e-07,0.0,4.508476003107921e-09,-1.2225556578328764e-09,0.0
82,4980.0,4980,3.286025788937733e-09,3.286026171988778e-09,7.344369682191076e-07,0.0,4.508713091838812e-09,-1.2226865361420413e-09,0.0
83,5040.0,5040,3.2861251190046274e-09,3.286125501983091e-09,7.34480467656028e-07,0.0,4.50894203435716e-09,-1.2228161487426323e-09,0.0
84,5100.0,5100,3.2862175585288007e-09,3.286217941435291e-09,7.345239681759097e-07,0.0,4.509162822517848e-09,-1.2229444975266554e-09,0.0
85,5160.0,5160,3.2863030975397823e-09,3.286303480375298e-09,7.345674696842806e-07,0.0,4.509375448199041e-09,-1.2230715843425297e-09,0.0
86,5220.0,5220,3.28638172613573e-09,3.2863821089015307e-09,7.346109720866128e-07,0.0,4.509579903304531e-09,-1.2231974109951286e-09,0.0
87,5280.0,5280,3.2864534344866447e-09,3.2864538171834256e-09,7.346544752882339e-07,0.0,4.509776179765475e-09,-1.2233219792468463e-09,0.0
88,5340.0,5340,3.2865182128330684e-09,3.2865185954620895e-09,7.346979791942603e-07,0.0,4.509964269543609e-09,-1.2234452908177256e-09,0.0
89,5400.0,5400,3.2865760514912077e-09,3.28657643405312e-09,7.347414837097304e-07,0.0,4.5101441646323775e-09,-1.223567347386025e-09,0.0
90,5460.0,5460,3.2866269408515447e-09,3.2866273233478252e-09,7.34784988739505e-07,0.0,4.510315857060754e-09,-1.2236881505889772e-09,0.0
91,5520.0,5520,3.2866708713833547e-09,3.2866712538146114e-09,7.348284941882998e-07,0.0,4.510479338893072e-09,-1.2238077020229633e-09,0.0
92,5580.0,5580,3.2867078336337934e-09,3.2867082160011993e-09,7.348719999607867e-07,0.0,4.510634602233796e-09,-1.2239260032444467e-09,0.0
93,5640.0,5640,3.2867378182323282e-09,3.2867382005370127e-09,7.349155059612924e-07,0.0,4.510781639228657e-09,-1.2240430557697347e-09,0.0
94,5700.0,5700,3.286760815891172e-09,3.286761198134047e-09,7.349590120942325e-07,0.0,4.510920442067257e-09,-1.2241588610762587e-09,0.0
95,5760.0,5760,3.286776817407498e-09,3.286777199589823e-09,7.350025182637674e-07,0.0,4.5110510029849776e-09,-1.2242734206026624e-09,0.0
96,5820.0,5820,3.286785813665004e-09,3.2867861957875612e-09,7.350460243739347e-07,0.0,4.511173314266458e-09,-1.2243867357493218e-09,0.0
97,5880.0,5880,3.286787795635694e-09,3.2867881776996125e-09,7.350895303286497e-07,0.0,4.511287368246028e-09,-1.2244988078787153e-09,0.0
98,5940.0,5940,3.286782754383133e-09,3.28678313638976e-09,7.35133036031728e-07,0.0,4.511393157312574e-09,-1.2246096383160754e-09,0.0
99,6000.0,6000,3.2867706810633208e-09,3.286771063013437e-09,7.351765413868179e-07,0.0,4.511490673910056e-09,-1.2247192283496262e-09,0.0
100,6060.0,6060,3.2867515669254683e-09,3.286751948820204e-09,7.352200462974013e-07,0.0,4.511579910540033e-09,-1.2248275792314102e-09,0.0
101,6120.0,6120,3.2867254033163884e-09,3.286725785156742e-09,7.352635506669488e-07,0.0,4.511660859764787e-09,-1.2249346921772227e-09,0.0
102,6180.0,6180,3.2866921816806678e-09,3.286692563467943e-09,7.35307054398664e-07,0.0,4.511733514209583e-09,-1.2250405683673496e-09,0.0
103,6240.0,6240,3.286651893563057e-09,3.2866522752982085e-09,7.35350557395751e-07,0.0,4.511797866564229e-09,-1.2251452089469373e-09,0.0
104,6300.0,6300,3.2866045306109448e-09,3.2866049122950593e-09,7.353940595612021e-07,0.0,4.511853909586297e-09,-1.2252486150264053e-09,0.0
105,6360.0,6360,3.2865500845749692e-09,3.2865504662091324e-09,7.35437560797932e-07,0.0,4.5119016361026785e-09,-1.2253507876818802e-09,0.0
106,6420.0,6420,3.2864885473122712e-09,3.286488928897743e-09,7.35481061008744e-07,0.0,4.511941039013155e-09,-1.2254517279556303e-09,0.0
107,6480.0,6480,3.286419910787845e-09,3.2864202923255366e-09,7.355245600963084e-07,0.0,4.511972111290477e-09,-1.2255514368559785e-09,0.0
108,6540.0,6540,3.2863441670762294e-09,3.286344548567227e-09,7.355680579631172e-07,0.0,4.511994845985234e-09,-1.2256499153587145e-09,0.0
109,6600.0,6600,3.286261308363854e-09,3.2862616898094615e-09,7.356115545116735e-07,0.0,4.512009236226548e-09,-1.2257471644062472e-09,0.0
110,6660.0,6660,3.286171326950431e-09,3.286171708351734e-09,7.356550496442916e-07,0.0,4.512015275224158e-09,-1.225843184908908e-09,0.0
111,6720.0,6720,3.2860742152510806e-09,3.2860745966091644e-09,7.356985432631746e-07,0.0,4.51201295627172e-09,-1.2259379777449509e-09,0.0
112,6780.0,6780,3.285969965798852e-09,3.2859703471148897e-09,7.357420352704252e-07,0.0,4.512002272747938e-09,-1.2260315437608999e-09,0.0
113,6840.0,6840,3.2858585712443325e-09,3.2858589525194533e-09,7.357855255680131e-07,0.0,4.51198321811952e-09,-1.226123883771636e-09,0.0
114,6900.0,6900,3.285740024360338e-09,3.2857404055953243e-09,7.358290140578744e-07,0.0,4.511955785942474e-09,-1.2262149985613956e-09,0.0
115,6960.0,6960,3.285614318041045e-09,3.2856146992377204e-09,7.358725006417671e-07,0.0,4.511919969865245e-09,-1.2263048888833377e-09,0.0
116,7020.0,7020,3.2854814453064198e-09,3.285481826465654e-09,7.359159852213608e-07,0.0,4.51187576362992e-09,-1.2263935554604755e-09,0.0
117,7080.0,7080,3.2853413993013953e-09,3.285341780424143e-09,7.3595946769828e-07,0.0,4.511823161074585e-09,-1.2264809989856785e-09,0.0
118,7140.0,7140,3.2851941732990826e-09,3.2851945543865166e-09,7.360029479739605e-07,0.0,4.5117621561350534e-09,-1.2265672201218229e-09,0.0
119,7200.0,7200,3.2850397607015114e-09,3.2850401417550223e-09,7.360464259498383e-07,0.0,4.511692742847477e-09,-1.2266522195023798e-09,0.0
120,7260.0,7260,3.284878155043018e-09,3.2848785360637345e-09,7.360899015271264e-07,0.0,4.511614915349736e-09,-1.2267359977317606e-09,0.0
121,7320.0,7320,3.2847093499894623e-09,3.2847097309785573e-09,7.361333746070828e-07,0.0,4.511528667883085e-09,-1.2268185553850143e-09,0.0
122,7380.0,7380,3.284533339341529e-09,3.284533720299915e-09,7.361768450907763e-07,0.0,4.511433994795375e-09,-1.2268998930087614e-09,0.0
123,7440.0,7440,3.284350117035164e-09,3.2843504979644044e-09,7.362203128792757e-07,0.0,4.511330890539914e-09,-1.2269800111211063e-09,0.0
124,7500.0,7500,3.284159677144959e-09,3.2841600580457922e-09,7.362637778734719e-07,0.0,4.511219349681645e-09,-1.227058910212072e-09,0.0
125,7560.0,7560,3.2839620138828954e-09,3.2839623947566244e-09,7.363072399742113e-07,0.0,4.5110993668940995e-09,-1.2271365907435132e-09,0.0
126,7620.0,7620,3.283757121601599e-09,3.2837575024497006e-09,7.363506990822401e-07,0.0,4.510970936964872e-09,-1.2272130531495296e-09,0.0
127,7680.0,7680,3.2835449947966443e-09,3.2835453756198574e-09,7.363941550982715e-07,0.0,4.5108340547953594e-09,-1.2272882978369859e-09,0.0
128,7740.0,7740,3.2833256281047723e-09,3.2833260089046605e-09,7.364376079228626e-07,0.0,4.510688715402062e-09,-1.2273623251851651e-09,0.0
129,7800.0,7800,3.2830990163089304e-09,3.2830993970862317e-09,7.364810574565931e-07,0.0,4.5105349139200655e-09,-1.2274351355463985e-09,0.0
130,7860.0,7860,3.282865154336185e-09,3.28286553509242e-09,7.365245035998756e-07,0.0,4.510372645602334e-09,-1.2275067292460213e-09,0.0
131,7920.0,7920,3.282624037261417e-09,3.282624417997584e-09,7.365679462530897e-07,0.0,4.510201905822068e-09,-1.2275771065829166e-09,0.0
132,7980.0,7980,3.2823756603076224e-09,3.2823760410249824e-09,7.366113853165477e-07,0.0,4.510022690074694e-09,-1.227646267829233e-09,0.0
133,8040.0,8040,3.28212001884774e-09,3.282120399547334e-09,7.366548206904515e-07,0.0,4.509834993978302e-09,-1.2277142132307524e-09,0.0
134,8100.0,8100,3.281857108404039e-09,3.281857489087041e-09,7.366982522750245e-07,0.0,4.509638813275645e-09,-1.2277809430072396e-09,0.0
135,8160.0,8160,3.2815869246511216e-09,3.2815873053187908e-09,7.367416799703571e-07,0.0,4.509434143835004e-09,-1.2278464573524627e-09,0.0
136,8220.0,8220,3.281309463415875e-09,3.2813098440695138e-09,7.367851036764839e-07,0.0,4.509220981651234e-09,-1.2279107564340625e-09,0.0
137,8280.0,8280,3.2810247206795564e-09,3.281025101320165e-09,7.368285232934174e-07,0.0,4.508999322847152e-09,-1.227973840394531e-09,0.0
138,8340.0,8340,3.2807326925774504e-09,3.2807330732062876e-09,7.368719387210144e-07,0.0,4.508769163675099e-09,-1.2280357093504287e-09,0.0
139,8400.0,8400,3.280433375400905e-09,3.2804337560189698e-09,7.369153498592094e-07,0.0,4.508530500517119e-09,-1.2280963633927971e-09,0.0
140,8460.0,8460,3.2801267655966386e-09,3.280127146205017e-09,7.369587566078371e-07,0.0,4.508283329886691e-09,-1.228155802587703e-09,0.0
141,8520.0,8520,3.2798128597695206e-09,3.2798132403696898e-09,7.370021588665872e-07,0.0,4.508027648428995e-09,-1.2282140269758887e-09,0.0
142,8580.0,8580,3.279491654682962e-09,3.2794920352759643e-09,7.370455565352611e-07,0.0,4.50776345292299e-09,-1.2282710365729914e-09,0.0
143,8640.0,8640,3.2791631472583932e-09,3.279163527845228e-09,7.37088949513504e-07,0.0,4.50749074028142e-09,-1.2283268313699114e-09,0.0
144,8700.0,8700,3.278827334576395e-09,3.278827715158278e-09,7.371323377009396e-07,0.0,4.5072095075502904e-09,-1.228381411332638e-09,0.0
145,8760.0,8760,3.2784842138787384e-09,3.2784845944568855e-09,7.371757209971685e-07,0.0,4.506919751912864e-09,-1.2284347764024243e-09,0.0
146,8820.0,8820,3.2781337825676472e-09,3.2781341631430577e-09,7.372190993017141e-07,0.0,4.506621470687837e-09,-1.2284869264957645e-09,0.0
147,8880.0,8880,3.2777760382059275e-09,3.277776418779818e-09,7.372624725141551e-07,0.0,4.506314661330209e-09,-1.2285378615049591e-09,0.0
148,8940.0,8940,3.277410978519272e-09,3.2774113590927715e-09,7.373058405339146e-07,0.0,4.5059993214332776e-09,-1.2285875812971592e-09,0.0
149,9000.0,9000,3.277038601394562e-09,3.2770389819688434e-09,7.37349203260438e-07,0.0,4.505675448727078e-09,-1.2286360857159952e-09,0.0
150,9060.0,9060,3.2766589048826083e-09,3.2766592854587574e-09,7.373925605931928e-07,0.0,4.505343041081248e-09,-1.2286833745801e-09,0.0
151,9120.0,9120,3.276271887196324e-09,3.27627226777547e-09,7.374359124315131e-07,0.0,4.505002096503121e-09,-1.22872944768413e-09,0.0
152,9180.0,9180,3.2758775467128096e-09,3.275877927295952e-09,7.37479258674822e-07,0.0,4.504652613140496e-09,-1.2287743047983958e-09,0.0
153,9240.0,9240,3.275475881972139e-09,3.2754762625604067e-09,7.375225992223982e-07,0.0,4.5042945892789565e-09,-1.2288179456692745e-09,0.0
154,9300.0,9300,3.2750668916786158e-09,3.2750672722731382e-09,7.375659339736313e-07,0.0,4.5039280233459465e-09,-1.2288603700186672e-09,0.0
155,9360.0,9360,3.274650574700559e-09,3.274650955302509e-09,7.376092628277776e-07,0.0,4.503552913906947e-09,-1.2289015775447375e-09,0.0
156,9420.0,9420,3.274226930070649e-09,3.274227310680852e-09,7.376525856841714e-07,0.0,4.5031692596688696e-09,-1.2289415679213024e-09,0.0
157,9480.0,9480,3.2737959569859716e-09,3.2737963376056437e-09,7.376959024420577e-07,0.0,4.5027770594786626e-09,-1.2289803407983332e-09,0.0
158,9540.0,9540,3.2733576548072797e-09,3.2733580354376373e-09,7.377392130006929e-07,0.0,4.502376312322965e-09,-1.2290178958016941e-09,0.0
159,9600.0,9600,3.2729120230604693e-09,3.272912403702337e-09,7.377825172593999e-07,0.0,4.501967017329668e-09,-1.2290542325334462e-09,0.0
160,9660.0,9660,3.272459061435494e-09,3.272459442089915e-09,7.378258151173462e-07,0.0,4.501549173766006e-09,-1.2290893505712614e-09,0.0
161,9720.0,9720,3.2719987697855406e-09,3.2719991504536436e-09,7.378691064738436e-07,0.0,4.501122781040296e-09,-1.2291232494692474e-09,0.0
162,9780.0,9780,3.2715311481290685e-09,3.271531528811723e-09,7.379123912281041e-07,0.0,4.500687838699499e-09,-1.2291559287570575e-09,0.0
163,9840.0,9840,3.271056196647685e-09,3.2710565773461065e-09,7.379556692794171e-07,0.0,4.500244346432005e-09,-1.229187387940825e-09,0.0
164,9900.0,9900,3.270573915686922e-09,3.2705742964019797e-09,7.379989405269945e-07,0.0,4.499792304064592e-09,-1.2292176265022277e-09,0.0
165,9960.0,9960,3.2700843057544603e-09,3.2700846864872398e-09,7.38042204870115e-07,0.0,4.4993317115632936e-09,-1.2292466438990329e-09,0.0
166,10020.0,10020,3.2695873675220805e-09,3.2695877482735374e-09,7.380854622080792e-07,0.0,4.4988625690326156e-09,-1.2292744395647264e-09,0.0
167,10080.0,10080,3.2690831018236237e-09,3.2690834825947136e-09,7.381287124401102e-07,0.0,4.498384876716322e-09,-1.2293010129088175e-09,0.0
168,10140.0,10140,3.268571509655033e-09,3.268571890446581e-09,7.38171955465542e-07,0.0,4.497898634995692e-09,-1.2293263633166438e-09,0.0
169,10200.0,10200,3.2680525921737474e-09,3.26805297298697e-09,7.382151911836533e-07,0.0,4.497403844388658e-09,-1.2293504901489144e-09,0.0
170,10260.0,10260,3.2675263506975286e-09,3.2675267315332077e-09,7.38258419493767e-07,0.0,4.496900505549887e-09,-1.2293733927424268e-09,0.0
171,10320.0,10320,3.2669927867057622e-09,3.266993167564897e-09,7.383016402952727e-07,0.0,4.496388619270695e-09,-1.22939507040909e-09,0.0
172,10380.0,10380,3.266451901837375e-09,3.266452282720921e-09,7.383448534874938e-07,0.0,4.495868186477226e-09,-1.2294155224365965e-09,0.0
173,10440.0,10440,3.2659036978895752e-09,3.2659040787981835e-09,7.383880589698641e-07,0.0,4.495339208230445e-09,-1.2294347480880556e-09,0.0
174,10500.0,10500,3.265348176818806e-09,3.2653485577535626e-09,7.384312566417515e-07,0.0,4.49480168572467e-09,-1.22945274660173e-09,0.0
175,10560.0,10560,3.2647853407390104e-09,3.2647857217006108e-09,7.3847444640269e-07,0.0,4.494255620287043e-09,-1.2294695171908852e-09,0.0
176,10620.0,10620,3.264215191920718e-09,3.2642155729101604e-09,7.385176281520805e-07,0.0,4.493701013376928e-09,-1.2294850590441806e-09,0.0
177,10680.0,10680,3.263637732790784e-09,3.263638113808807e-09,7.385608017894575e-07,0.0,4.493137866583993e-09,-1.229499371324887e-09,0.0
178,10740.0,10740,3.2630529659304786e-09,3.2630533469780822e-09,7.386039672144217e-07,0.0,4.492566181628391e-09,-1.2295124531712775e-09,0.0
179,10800.0,10800,3.262460894076444e-09,3.2624612751544527e-09,7.386471243265077e-07,0.0,4.491985960358932e-09,-1.2295243036959768e-09,0.0
180,10860.0,10860,3.2618615201176506e-09,3.2618619012265855e-09,7.38690273025383e-07,0.0,4.491397204751693e-09,-1.229534921986221e-09,0.0
181,10920.0,10920,3.2612548470953995e-09,3.2612552282363906e-09,7.387334132107043e-07,0.0,4.490799916910104e-09,-1.2295443071034886e-09,0.0
182,10980.0,10980,3.260640878201802e-09,3.260641259375283e-09,7.387765447821949e-07,0.0,4.4901940990607826e-09,-1.2295524580831315e-09,0.0
183,11040.0,11040,3.2600196167797346e-09,3.260019997986705e-09,7.388196676396338e-07,0.0,4.489579753556915e-09,-1.229559373934918e-09,0.0
184,11100.0,11100,3.2593910663204523e-09,3.259391447561737e-09,7.388627816828332e-07,0.0,4.488956882872355e-09,-1.2295650536418372e-09,0.0
185,11160.0,11160,3.258755230463283e-09,3.2587556117395332e-09,7.38905886811661e-07,0.0,4.488325489602926e-09,-1.2295694961601879e-09,0.0
186,11220.0,11220,3.2581121129935424e-09,3.2581124943052366e-09,7.389489829260741e-07,0.0,4.487685576463462e-09,-1.22957270042012e-09,0.0
187,11280.0,11280,3.257461717842188e-09,3.257462099190021e-09,7.38992069926007e-07,0.0,4.487037146288249e-09,-1.2295746653242229e-09,0.0
188,11340.0,11340,3.25680404908408e-09,3.2568044304689203e-09,7.390351477115277e-07,0.0,4.486380202027633e-09,-1.2295753897481346e-09,0.0
189,11400.0,11400,3.25613911093707e-09,3.256139492359483e-09,7.390782161827267e-07,0.0,4.4857147467469796e-09,-1.2295748725397804e-09,0.0
190,11460.0,11460,3.2554669077599604e-09,3.2554672892205095e-09,7.39121275239772e-07,0.0,4.485040783625454e-09,-1.2295731125193305e-09,0.0
191,11520.0,11520,3.2547874440516326e-09,3.254787825551144e-09,7.391643247828538e-07,0.0,4.484358315954202e-09,-1.2295701084788297e-09,0.0
192,11580.0,11580,3.2541007244495746e-09,3.2541011059883957e-09,7.392073647123295e-07,0.0,4.483667347133828e-09,-1.2295658591820465e-09,0.0
193,11640.0,11640,3.2534067537287904e-09,3.2534071353076595e-09,7.392503949285115e-07,0.0,4.482967880674567e-09,-1.2295603633637775e-09,0.0
194,11700.0,11700,3.2527055367995026e-09,3.2527059184189407e-09,7.392934153318461e-07,0.0,4.482259920192726e-09,-1.2295536197302382e-09,0.0
195,11760.0,11760,3.2519970787061056e-09,3.2519974603666344e-09,7.393364258228572e-07,0.0,4.481543469408598e-09,-1.229545626957521e-09,0.0
196,11820.0,11820,3.2512813846263433e-09,3.2512817663287443e-09,7.393794263021021e-07,0.0,4.480818532147242e-09,-1.2295363836926392e-09,0.0
197,11880.0,11880,3.250558459869093e-09,3.2505588416134532e-09,7.394224166702381e-07,0.0,4.480085112333796e-09,-1.229525888552199e-09,0.0
198,11940.0,11940,3.2498283098720623e-09,3.2498286916590765e-09,7.394653968280449e-07,0.0,4.479343213992081e-09,-1.2295141401224247e-09,0.0
199,12000.0,12000,3.2490909402023983e-09,3.249091322032371e-09,7.3950836667628e-07,0.0,4.478592841244609e-09,-1.229501136958396e-09,0.0
200,12060.0,12060,3.248346356552345e-09,3.248346738426014e-09,7.395513261158678e-07,0.0,4.477833998307711e-09,-1.229486877584419e-09,0.0
201,12120.0,12120,3.247594564740326e-09,3.2475949466579954e-09,7.395942750477655e-07,0.0,4.477066689491714e-09,-1.2294713604925695e-09,0.0
202,12180.0,12180,3.246835570707733e-09,3.2468359526697948e-09,7.396372133731202e-07,0.0,4.476290919198333e-09,-1.229454584142803e-09,0.0
203,12240.0,12240,3.246069380518101e-09,3.2460697625247276e-09,7.396801409930004e-07,0.0,4.47550669191833e-09,-1.2294365469629538e-09,0.0
204,12300.0,12300,3.2452960003538905e-09,3.2452963824057774e-09,7.397230578086973e-07,0.0,4.474714012228641e-09,-1.2294172473472802e-09,0.0
205,12360.0,12360,3.244515436518098e-09,3.2445158186154625e-09,7.397659637215356e-07,0.0,4.47391288479377e-09,-1.2293966836569208e-09,0.0
206,12420.0,12420,3.243727695428739e-09,3.2437280775717547e-09,7.398088586329509e-07,0.0,4.473103314357796e-09,-1.2293748542185475e-09,0.0
207,12480.0,12480,3.242932783620106e-09,3.2429331658091204e-09,7.39851742444468e-07,0.0,4.472285305747673e-09,-1.2293517573247346e-09,0.0
208,12540.0,12540,3.2421307077402947e-09,3.2421310899757855e-09,7.39894615057734e-07,0.0,4.47145886386915e-09,-1.2293273912329827e-09,0.0
209,12600.0,12600,3.241321474548944e-09,3.2413218568310414e-09,7.399374763744402e-07,0.0,4.470623993703552e-09,-1.2293017541650873e-09,0.0
210,12660.0,12660,3.2405050909165846e-09,3.240505473245463e-09,7.399803262963894e-07,0.0,4.46978070030648e-09,-1.2292748443066403e-09,0.0
211,12720.0,12720,3.2396815638225555e-09,3.2396819461985185e-09,7.400231647255622e-07,0.0,4.468928988807466e-09,-1.229246659806921e-09,0.0
212,12780.0,12780,3.2388509003529597e-09,3.2388512827760944e-09,7.400659915639615e-07,0.0,4.468068864403711e-09,-1.2292171987780278e-09,0.0
213,12840.0,12840,3.2380131077001464e-09,3.2380134901707562e-09,7.401088067137346e-07,0.0,4.46720033236209e-09,-1.2291864592938133e-09,0.0
214,12900.0,12900,3.23716819316084e-09,3.2371685756789253e-09,7.401516100770735e-07,0.0,4.466323398014805e-09,-1.2291544393903842e-09,0.0
215,12960.0,12960,3.236316164133536e-09,3.236316546699358e-09,7.401944015563701e-07,0.0,4.465438066757649e-09,-1.2291211370645164e-09,0.0
216,13020.0,13020,3.235457028118327e-09,3.235457410731928e-09,7.402371810540388e-07,0.0,4.464544344047311e-09,-1.2290865502734153e-09,0.0
217,13080.0,13080,3.234590792714643e-09,3.2345911753760674e-09,7.402799484727161e-07,0.0,4.463642235401029e-09,-1.2290506769342816e-09,0.0
218,13140.0,13140,3.233717465620602e-09,3.233717848329892e-09,7.403227037150277e-07,0.0,4.462731746392338e-09,-1.229013514923356e-09,0.0
219,13200.0,13200,3.232837054629748e-09,3.2328374373869054e-09,7.40365446683777e-07,0.0,4.461812882650194e-09,-1.2289750620755719e-09,0.0
220,13260.0,13260,3.2319495676321435e-09,3.231949950437471e-09,7.404081772819121e-07,0.0,4.4608856498575e-09,-1.228935316183599e-09,0.0
221,13320.0,13320,3.2310550126112786e-09,3.2310553954643425e-09,7.404508954124032e-07,0.0,4.459950053746417e-09,-1.228894274997366e-09,0.0
222,13380.0,13380,3.2301533976425562e-09,3.230153780543617e-09,7.404936009784317e-07,0.0,4.459006100100275e-09,-1.2288519362233443e-09,0.0
223,13440.0,13440,3.2292447308935487e-09,3.2292451138423455e-09,7.405362938832794e-07,0.0,4.4580537947486165e-09,-1.2288082975242e-09,0.0
224,13500.0,13500,3.2283290206213515e-09,3.228329403618058e-09,7.405789740303056e-07,0.0,4.457093143565812e-09,-1.2287633565169257e-09,0.0
225,13560.0,13560,3.227406275171929e-09,3.2274066582161545e-09,7.406216413230367e-07,0.0,4.4561241524694065e-09,-1.228717110773993e-09,0.0
226,13620.0,13620,3.2264765029784217e-09,3.226476886070166e-09,7.406642956650988e-07,0.0,4.455146827418818e-09,-1.2286695578210486e-09,0.0
227,13680.0,13680,3.225539712561234e-09,3.2255400957004103e-09,7.407069369602517e-07,0.0,4.454161174413078e-09,-1.2286206951367424e-09,0.0
228,13740.0,13740,3.224595912525599e-09,3.2245962957118604e-09,7.40749565112411e-07,0.0,4.453167199488399e-09,-1.2285705201524217e-09,0.0
229,13800.0,13800,3.223645111561539e-09,3.2236454947946677e-09,7.407921800255697e-07,0.0,4.452164908717307e-09,-1.2285190302506337e-09,0.0
230,13860.0,13860,3.222687318442298e-09,3.2226877017222507e-09,7.408347816038769e-07,0.0,4.451154308207075e-09,-1.2284662227651038e-09,0.0
231,13920.0,13920,3.221722542023823e-09,3.221722925350209e-09,7.408773697516149e-07,0.0,4.450135404096685e-09,-1.2284120949791497e-09,0.0
232,13980.0,13980,3.2207507912437637e-09,3.2207511746164087e-09,7.409199443731885e-07,0.0,4.449108202556914e-09,-1.2283566441260727e-09,0.0
233,14040.0,14040,3.2197720751213426e-09,3.219772458539856e-09,7.409625053731357e-07,0.0,4.4480727097886845e-09,-1.2282998673872243e-09,0.0
234,14100.0,14100,3.218786402755053e-09,3.218786786219348e-09,7.410050526561504e-07,0.0,4.4470289320196745e-09,-1.2282417618920506e-09,0.0
235,14160.0,14160,3.2177937833244833e-09,3.2177941668339084e-09,7.410475861270374e-07,0.0,4.445976875505623e-09,-1.2281823247169184e-09,0.0
236,14220.0,14220,3.2167942260871892e-09,3.216794609641484e-09,7.410901056907576e-07,0.0,4.444916546526591e-09,-1.2281215528842475e-09,0.0
237,14280.0,14280,3.215787740380432e-09,3.215788123979335e-09,7.411326112523827e-07,0.0,4.443847951388268e-09,-1.2280594433624224e-09,0.0
238,14340.0,14340,3.2147743356197e-09,3.2147747192625606e-09,7.411751027171402e-07,0.0,4.442771096418324e-09,-1.2279959930638832e-09,0.0
239,14400.0,14400,3.213754021297973e-09,3.213754404984704e-09,7.412175799904246e-07,0.0,4.441685987967359e-09,-1.2279311988456447e-09,0.0
240,14460.0,14460,3.212726806986805e-09,3.212727190716755e-09,7.41260042977719e-07,0.0,4.440592632405435e-09,-1.2278650575073003e-09,0.0
241,14520.0,14520,3.211692702335545e-09,3.2116930861081053e-09,7.41302491584696e-07,0.0,4.4394910361243325e-09,-1.2277975657909766e-09,0.0
242,14580.0,14580,3.2106517170708576e-09,3.210652100885681e-09,7.413449257171721e-07,0.0,4.438381205535203e-09,-1.2277287203802927e-09,0.0
243,14640.0,14640,3.209603860997548e-09,3.2096042448538094e-09,7.413873452810534e-07,0.0,4.43726314706553e-09,-1.2276585178994684e-09,0.0
244,14700.0,14700,3.208549143997999e-09,3.2085495278955245e-09,7.41429750182457e-07,0.0,4.436136867162953e-09,-1.227586954912717e-09,0.0
245,14760.0,14760,3.2074875760334734e-09,3.207487959971655e-09,7.414721403276667e-07,0.0,4.435002372291615e-09,-1.227514027923246e-09,0.0
246,14820.0,14820,3.2064191671430704e-09,3.2064195511211697e-09,7.415145156229998e-07,0.0,4.433859668931992e-09,-1.2274397333726921e-09,0.0
247,14880.0,14880,3.2053439274457254e-09,3.205344311462917e-09,7.415568759750292e-07,0.0,4.432708763582021e-09,-1.227364067640101e-09,0.0
248,14940.0,14940,3.2042618671390785e-09,3.204262251194798e-09,7.415992212904504e-07,0.0,4.431549662755016e-09,-1.2272870270410583e-09,0.0
249,15000.0,15000,3.2031729965015628e-09,3.2031733805954625e-09,7.416415514761477e-07,0.0,4.430382372981491e-09,-1.2272086078272337e-09,0.0
250,15060.0,15060,3.202077325892574e-09,3.2020777100236984e-09,7.416838664391165e-07,0.0,4.429206900806555e-09,-1.2271288061851644e-09,0.0
251,15120.0,15120,3.2009748657536463e-09,3.2009752499213438e-09,7.417261660864639e-07,0.0,4.4280232527929935e-09,-1.2270476182357559e-09,0.0
252,15180.0,15180,3.1998656266082346e-09,3.1998660108117233e-09,7.417684503255521e-07,0.0,4.426831435518494e-09,-1.2269650400334133e-09,0.0
253,15240.0,15240,3.198749619064884e-09,3.198750003303469e-09,7.418107190638548e-07,0.0,4.42563145557855e-09,-1.2268810675649335e-09,0.0
254,15300.0,15300,3.1976268538162318e-09,3.197627238089218e-09,7.418529722090127e-07,0.0,4.4244233195846844e-09,-1.2267956967492445e-09,0.0
255,15360.0,15360,3.1964973416424395e-09,3.1964977259488713e-09,7.418952096688218e-07,0.0,4.423207034166357e-09,-1.2267089234360596e-09,0.0
256,15420.0,15420,3.1953610934113215e-09,3.195361477750287e-09,7.419374313512451e-07,0.0,4.421982605971578e-09,-1.2266207434053113e-09,0.0
257,15480.0,15480,3.1942181200794326e-09,3.19421850445028e-09,7.419796371643568e-07,0.0,4.420750041666554e-09,-1.2265311523667189e-09,0.0
258,15540.0,15540,3.193068432695238e-09,3.193068817097012e-09,7.420218270165534e-07,0.0,4.419509347937693e-09,-1.2264401459583964e-09,0.0
259,15600.0,15600,3.191912042400286e-09,3.1919124268320743e-09,7.420640008162428e-07,0.0,4.418260531492292e-09,-1.2263477197460944e-09,0.0
260,15660.0,15660,3.190748960430468e-09,3.1907493448914018e-09,7.421061584720105e-07,0.0,4.417003599059802e-09,-1.2262538692230897e-09,0.0
261,15720.0,15720,3.189579198118929e-09,3.189579582608096e-09,7.421482998927204e-07,0.0,4.41573855739187e-09,-1.2261585898085579e-09,0.0
262,15780.0,15780,3.1884027668980214e-09,3.1884031514142055e-09,7.421904249873136e-07,0.0,4.414465413266031e-09,-1.2260618768472901e-09,0.0
263,15840.0,15840,3.187219678301086e-09,3.1872200628435057e-09,7.422325336649322e-07,0.0,4.413184173485403e-09,-1.2259637256089988e-09,0.0
264,15900.0,15900,3.186029943965623e-09,3.1860303285334965e-09,7.422746258348954e-07,0.0,4.411894844880252e-09,-1.225864131286992e-09,0.0
265,15960.0,15960,3.1848335756355088e-09,3.1848339602276193e-09,7.423167014067453e-07,0.0,4.410597434311728e-09,-1.2257630889980438e-09,0.0
266,16020.0,16020,3.183630585163512e-09,3.183630969778557e-09,7.423587602900906e-07,0.0,4.409291948671296e-09,-1.2256605937811779e-09,0.0
267,16080.0,16080,3.1824209845145103e-09,3.18242136915149e-09,7.4240080239484e-07,0.0,4.407978394884392e-09,-1.2255566405971894e-09,0.0
268,16140.0,16140,3.181204785767662e-09,3.181205170425882e-09,7.424428276309804e-07,0.0,4.40665677991224e-09,-1.2254512243275383e-09,0.0
269,16200.0,16200,3.179982001120574e-09,3.179982385798731e-09,7.424848359087875e-07,0.0,4.405327110753942e-09,-1.225344339774261e-09,0.0
270,16260.0,16260,3.1787526428914328e-09,3.178753027588354e-09,7.425268271386264e-07,0.0,4.4039893944486495e-09,-1.2252359816584517e-09,0.0
271,16320.0,16320,3.1775167235234328e-09,3.1775171082379024e-09,7.425688012311173e-07,0.0,4.402643638079206e-09,-1.2251261446198489e-09,0.0
272,16380.0,16380,3.1762742555866024e-09,3.1762746403174473e-09,7.426107580970255e-07,0.0,4.401289848774197e-09,-1.2250148232163568e-09,0.0
273,16440.0,16440,3.1750252517837526e-09,3.1750256365298437e-09,7.426526976473606e-07,0.0,4.399928033710637e-09,-1.2249020119229834e-09,0.0
274,16500.0,16500,3.1737697249515655e-09,3.17377010971173e-09,7.42694619793277e-07,0.0,4.3985582001170155e-09,-1.2247877051312298e-09,0.0
275,16560.0,16560,3.172507688066933e-09,3.172508072839998e-09,7.427365244461069e-07,0.0,4.397180355277502e-09,-1.2246718971482018e-09,0.0
276,16620.0,16620,3.171239154248915e-09,3.1712395390336205e-09,7.427784115174493e-07,0.0,4.395794506533257e-09,-1.2245545821962613e-09,0.0
277,16680.0,16680,3.1699641367642083e-09,3.169964521559252e-09,7.42820280919059e-07,0.0,4.39440066128725e-09,-1.2244357544121357e-09,0.0
278,16740.0,16740,3.1686826490307117e-09,3.168683033834703e-09,7.428621325629021e-07,0.0,4.392998827007866e-09,-1.2243154078458984e-09,0.0
279,16800.0,16800,3.1673947046227795e-09,3.167395089434546e-09,7.429039663611336e-07,0.0,4.3915890112330724e-09,-1.224193536460794e-09,0.0
280,16860.0,16860,3.1661003172740902e-09,3.1661007020923284e-09,7.429457822261752e-07,0.0,4.390171221571161e-09,-1.2240701341323258e-09,0.0
281,16920.0,16920,3.1647995008848123e-09,3.1647998857080454e-09,7.429875800705604e-07,0.0,4.388745465709389e-09,-1.2239451946475186e-09,0.0
282,16980.0,16980,3.1634922695236012e-09,3.1634926543506567e-09,7.430293598071556e-07,0.0,4.387311751415286e-09,-1.2238187117043317e-09,0.0
283,17040.0,17040,3.16217863743529e-09,3.1621790222647346e-09,7.430711213489167e-07,0.0,4.385870086540861e-09,-1.2236906789107682e-09,0.0
284,17100.0,17100,3.1608586190434945e-09,3.1608590038738947e-09,7.431128646090994e-07,0.0,4.3844204790272126e-09,-1.223561089784528e-09,0.0
285,17160.0,17160,3.159532228957779e-09,3.159532613787614e-09,7.43154589501171e-07,0.0,4.382962936910779e-09,-1.2234299377522257e-09,0.0
286,17220.0,17220,3.1581994819776535e-09,3.158199866805578e-09,7.431962959388211e-07,0.0,4.381497468325864e-09,-1.2232972161486304e-09,0.0
287,17280.0,17280,3.1568603930993503e-09,3.156860777924017e-09,7.432379838358947e-07,0.0,4.380024081511101e-09,-1.2231629182161012e-09,0.0
288,17340.0,17340,3.155514977520123e-09,3.155515362339925e-09,7.432796531065709e-07,0.0,4.378542784812715e-09,-1.2230270371038485e-09,0.0
289,17400.0,17400,3.154163250644763e-09,3.154163635458397e-09,7.433213036652063e-07,0.0,4.377053586690995e-09,-1.2228895658674568e-09,0.0
290,17460.0,17460,3.1528052280918085e-09,3.152805612897711e-09,7.433629354264134e-07,0.0,4.375556495726284e-09,-1.2227504974682542e-09,0.0
291,17520.0,17520,3.1514409256987173e-09,3.1514413104954116e-09,7.43404548305016e-07,0.0,4.3740515206215075e-09,-1.2226098247723354e-09,0.0
292,17580.0,17580,3.1500703595285087e-09,3.1500707443143438e-09,7.434461422161047e-07,0.0,4.372538670210414e-09,-1.2224675405503884e-09,0.0
293,17640.0,17640,3.148693545876672e-09,3.1486939306502146e-09,7.434877170749925e-07,0.0,4.3710179534631e-09,-1.2223236374768033e-09,0.0
294,17700.0,17700,3.147310501275987e-09,3.1473108860356736e-09,7.435292727972704e-07,0.0,4.3694893794899175e-09,-1.2221781081291725e-09,0.0
295,17760.0,17760,3.1459212425052993e-09,3.1459216272494357e-09,7.435708092987631e-07,0.0,4.367952957549334e-09,-1.222030944987402e-09,0.0
296,17820.0,17820,3.1445257865938615e-09,3.1445261713210147e-09,7.436123264955507e-07,0.0,4.366408697053234e-09,-1.221882140433753e-09,0.0
297,17880.0,17880,3.143124150830371e-09,3.143124535538803e-09,7.436538243040137e-07,0.0,4.364856607572955e-09,-1.2217316867514526e-09,0.0
298,17940.0,17940,3.141716352768787e-09,3.141716737457065e-09,7.436953026407107e-07,0.0,4.363296698846888e-09,-1.2215795761245203e-09,0.0
299,18000.0,18000,3.140302410235414e-09,3.1403027949017567e-09,7.437367614225669e-07,0.0,4.361728980785346e-09,-1.221425800637312e-09,0.0
300,18060.0,18060,3.13888234133637e-09,3.138882725979301e-09,7.437782005667301e-07,0.0,4.3601534634783364e-09,-1.2212703522734114e-09,0.0
301,18120.0,18120,3.1374561644656246e-09,3.137456549083232e-09,7.438196199905927e-07,0.0,4.358570157202379e-09,-1.2211132229156746e-09,0.0
302,18180.0,18180,3.136023898311555e-09,3.136024282902232e-09,7.438610196118696e-07,0.0,4.3569790724269795e-09,-1.2209544043450788e-09,0.0
303,18240.0,18240,3.13458556186481e-09,3.134585946426906e-09,7.439023993485759e-07,0.0,4.355380219821452e-09,-1.220793888240374e-09,0.0
304,18300.0,18300,3.1331411744269104e-09,3.1331415589587315e-09,7.439437591189378e-07,0.0,4.353773610263428e-09,-1.2206316661778018e-09,0.0
305,18360.0,18360,3.13169075561698e-09,3.131691140116963e-09,7.439850988416489e-07,0.0,4.352159254844894e-09,-1.2204677296300737e-09,0.0
306,18420.0,18420,3.1302343253809994e-09,3.130234709847276e-09,7.440264184354692e-07,0.0,4.350537164880405e-09,-1.2203020699658508e-09,0.0
307,18480.0,18480,3.1287719039993185e-09,3.1287722884300644e-09,7.44067717819648e-07,0.0,4.348907351914248e-09,-1.2201346784493085e-09,0.0
308,18540.0,18540,3.127303512094998e-09,3.1273038964883455e-09,7.441089969136462e-07,0.0,4.347269827728869e-09,-1.2199655462396375e-09,0.0
309,18600.0,18600,3.125829170642799e-09,3.1258295549971846e-09,7.441502556372799e-07,0.0,4.345624604352824e-09,-1.2197946643905875e-09,0.0
310,18660.0,18660,3.1243489009770032e-09,3.1243492852905587e-09,7.441914939106662e-07,0.0,4.3439716940671595e-09,-1.219622023849121e-09,0.0
311,18720.0,18720,3.122862724801184e-09,3.1228631090722157e-09,7.442327116542661e-07,0.0,4.342311109416407e-09,-1.219447615456087e-09,0.0
312,18780.0,18780,3.1213706641961574e-09,3.1213710484227972e-09,7.442739087888304e-07,0.0,4.340642863214445e-09,-1.2192714299445899e-09,0.0
313,18840.0,18840,3.11987274162984e-09,3.119873125810177e-09,7.44315085235521e-07,0.0,4.33896696855427e-09,-1.219093457939993e-09,0.0
314,18900.0,18900,3.1183689799651995e-09,3.11836936409754e-09,7.443562409157444e-07,0.0,4.337283438815861e-09,-1.2189136899589596e-09,0.0
315,18960.0,18960,3.1168594024714603e-09,3.1168597865538494e-09,7.443973757513519e-07,0.0,4.335592287676384e-09,-1.2187321164097377e-09,0.0
316,19020.0,19020,3.1153440328311833e-09,3.115344416861927e-09,7.44438489664473e-07,0.0,4.333893529116671e-09,-1.218548727590421e-09,0.0
317,19080.0,19080,3.113822895152602e-09,3.113823279129572e-09,7.444795825776039e-07,0.0,4.332187177433024e-09,-1.2183635136895145e-09,0.0
318,19140.0,19140,3.1122960139759217e-09,3.112296397897467e-09,7.445206544136969e-07,0.0,4.330473247243782e-09,-1.218176464784349e-09,0.0
319,19200.0,19200,3.110763414287e-09,3.11076379815121e-09,7.445617050959488e-07,0.0,4.328751753500265e-09,-1.217987570841167e-09,0.0
320,19260.0,19260,3.109225121524428e-09,3.1092255053291308e-09,7.446027345479899e-07,0.0,4.327022711496067e-09,-1.2177968217148204e-09,0.0
321,19320.0,19320,3.107681161590389e-09,3.107681545333891e-09,7.446437426938846e-07,0.0,4.32528613687605e-09,-1.2176042071476829e-09,0.0
322,19380.0,19380,3.1061315608618666e-09,3.106131944542169e-09,7.446847294579972e-07,0.0,4.323542045645855e-09,-1.217409716768891e-09,0.0
323,19440.0,19440,3.104576346199936e-09,3.1045767298152146e-09,7.447256947651703e-07,0.0,4.321790454182804e-09,-1.2172133400944297e-09,0.0
324,19500.0,19500,3.1030155449608886e-09,3.103015928509232e-09,7.447666385406466e-07,0.0,4.320031379245415e-09,-1.2170150665264612e-09,0.0
325,19560.0,19560,3.1014491850071297e-09,3.1014495684863664e-09,7.448075607100248e-07,0.0,4.318264837982997e-09,-1.216814885352367e-09,0.0
326,19620.0,19620,3.0998772947165644e-09,3.099877678124957e-09,7.448484611993707e-07,0.0,4.31649084794621e-09,-1.2166127857445104e-09,0.0
327,19680.0,19680,3.098299902996234e-09,3.0983002863315245e-09,7.448893399351614e-07,0.0,4.314709427098572e-09,-1.2164087567594984e-09,0.0
328,19740.0,19740,3.0967170392909628e-09,3.0967174225512824e-09,7.449301968443075e-07,0.0,4.312920593825624e-09,-1.2162027873380716e-09,0.0
329,19800.0,19800,3.0951287335949073e-09,3.095129116778389e-09,7.449710318542093e-07,0.0,4.311124366944968e-09,-1.2159948663037811e-09,0.0
330,19860.0,19860,3.093535016465113e-09,3.0935353995695843e-09,7.450118448926671e-07,0.0,4.309320765720421e-09,-1.2157849823631824e-09,0.0
331,19920.0,19920,3.0919359190305464e-09,3.091936302054053e-09,7.45052635887937e-07,0.0,4.3075098098689675e-09,-1.2155731241045986e-09,0.0
332,19980.0,19980,3.0903314730044744e-09,3.0903318559449746e-09,7.45093404768798e-07,0.0,4.305691519574358e-09,-1.2153592799983158e-09,0.0
333,20040.0,20040,3.0887217106978873e-09,3.08872209355334e-09,7.451341514644737e-07,0.0,4.303865915498309e-09,-1.2151434383951489e-09,0.0
334,20100.0,20100,3.087106665028533e-09,3.08710704779694e-09,7.451748759046548e-07,0.0,4.302033018790241e-09,-1.2149255875268117e-09,0.0
335,20160.0,20160,3.0854863695365526e-09,3.0854867522158726e-09,7.452155780196325e-07,0.0,4.30019285110121e-09,-1.2147057155044394e-09,0.0
336,20220.0,20220,3.083860858393734e-09,3.0838612409816647e-09,7.452562577399757e-07,0.0,4.298345434593693e-09,-1.2144838103183718e-09,0.0
337,20280.0,20280,3.0822301664172816e-09,3.082230548911868e-09,7.452969149970434e-07,0.0,4.296490791954222e-09,-1.2142598598381101e-09,0.0
338,20340.0,20340,3.080594329082669e-09,3.080594711482001e-09,7.453375497225055e-07,0.0,4.294628946405586e-09,-1.2140338518108392e-09,0.0
339,20400.0,20400,3.078953382536503e-09,3.0789537648381904e-09,7.45378161848721e-07,0.0,4.292759921718435e-09,-1.2138057738613634e-09,0.0
340,20460.0,20460,3.0773073636077675e-09,3.077307745809943e-09,7.454187513084502e-07,0.0,4.290883742224785e-09,-1.2135756134914764e-09,0.0
341,20520.0,20520,3.07565630982329e-09,3.075656691923695e-09,7.454593180351083e-07,0.0,4.289000432828486e-09,-1.2133433580792874e-09,0.0
342,20580.0,20580,3.0740002594191197e-09,3.0740006414157997e-09,7.454998619626451e-07,0.0,4.28711001901982e-09,-1.2131089948785276e-09,0.0
343,20640.0,20640,3.0723392513546033e-09,3.072339633245169e-09,7.455403830255549e-07,0.0,4.2852125268868746e-09,-1.2128725110182225e-09,0.0
344,20700.0,20700,3.0706733253264993e-09,3.070673707108866e-09,7.45580881158966e-07,0.0,4.283307983129927e-09,-1.2126338935017377e-09,0.0
345,20760.0,20760,3.069002521781446e-09,3.0690029034537894e-09,7.456213562985289e-07,0.0,4.2813964150735165e-09,-1.2123931292067134e-09,0.0
346,20820.0,20820,3.067326881930076e-09,3.06732726348979e-09,7.456618083806063e-07,0.0,4.279477850678431e-09,-1.2121502048839565e-09,0.0
347,20880.0,20880,3.065646447763047e-09,3.065646829208307e-09,7.457022373420831e-07,0.0,4.277552318559128e-09,-1.2119051071568112e-09,0.0
348,20940.0,20940,3.063961262062419e-09,3.063961643390706e-09,7.457426431205006e-07,0.0,4.275619847992636e-09,-1.2116578225207028e-09,0.0
349,21000.0,21000,3.062271368417598e-09,3.062271749626957e-09,7.457830256541004e-07,0.0,4.273680468936195e-09,-1.211408337342985e-09,0.0
350,21060.0,21060,3.06057681123932e-09,3.0605771923274926e-09,7.458233848816469e-07,0.0,4.271734212037889e-09,-1.2111566378612037e-09,0.0
351,21120.0,21120,3.058877635775072e-09,3.058878016739756e-09,7.458637207426713e-07,0.0,4.269781108653421e-09,-1.2109027101837258e-09,0.0
352,21180.0,21180,3.057173888123731e-09,3.057174268962972e-09,7.459040331773615e-07,0.0,4.267821190859315e-09,-1.210646540287872e-09,0.0
353,21240.0,21240,3.0554656152496783e-09,3.055465995960957e-09,7.459443221265834e-07,0.0,4.2658544914661595e-09,-1.2103881140203942e-09,0.0
354,21300.0,21300,3.0537528649996546e-09,3.0537532455808425e-09,7.459845875319256e-07,0.0,4.26388104403599e-09,-1.2101274170962163e-09,0.0
355,21360.0,21360,3.0520356861168322e-09,3.0520360665657572e-09,7.460248293355994e-07,0.0,4.2619008828939655e-09,-1.2098644350976088e-09,0.0
356,21420.0,21420,3.050314128257538e-09,3.050314508571681e-09,7.460650474806392e-07,0.0,4.259914043146009e-09,-1.2095991534740363e-09,0.0
357,21480.0,21480,3.0485882420057617e-09,3.048588622183125e-09,7.461052419108352e-07,0.0,4.257920560692009e-09,-1.2093315575412893e-09,0.0
358,21540.0,21540,3.046858078890921e-09,3.0468584589291156e-09,7.461454125706672e-07,0.0,4.255920472242456e-09,-1.2090616324806154e-09,0.0
359,21600.0,21600,3.045123691402325e-09,3.0451240712990918e-09,7.461855594053711e-07,0.0,4.2539138153329526e-09,-1.2087893633382629e-09,0.0
360,21660.0,21660,3.0433851330065056e-09,3.0433855127594123e-09,7.462256823610724e-07,0.0,4.2519006283405846e-09,-1.20851473502483e-09,0.0
361,21720.0,21720,3.0416424581638543e-09,3.041642837770686e-09,7.462657813845081e-07,0.0,4.249880950499692e-09,-1.2082377323145036e-09,0.0
362,21780.0,21780,3.0398957223443876e-09,3.0398961018031026e-09,7.463058564233939e-07,0.0,4.247854821917719e-09,-1.2079583398441915e-09,0.0
363,21840.0,21840,3.038144982046992e-09,3.0381453613550272e-09,7.463459074262014e-07,0.0,4.24582228359216e-09,-1.2076765421129572e-09,0.0
364,21900.0,21900,3.0363902948132762e-09,3.0363906739682e-09,7.463859343422474e-07,0.0,4.243783377425324e-09,-1.207392323481673e-09,0.0
365,21960.0,21960,3.034631719247947e-09,3.0346320982476304e-09,7.464259371216939e-07,0.0,4.241738146243749e-09,-1.2071056681716288e-09,0.0
366,22020.0,22020,3.032869315035137e-09,3.0328696938771475e-09,7.464659157155923e-07,0.0,4.239686633812625e-09,-1.2068165602642302e-09,0.0
367,22080.0,22080,3.0311031429560858e-09,3.0311035216379917e-09,7.465058700758502e-07,0.0,4.237628884853865e-09,-1.2065249837003225e-09,0.0
368,22140.0,22140,3.02933326490734e-09,3.0293336434268385e-09,7.465458001552983e-07,0.0,4.235564945063433e-09,-1.2062309222791291e-09,0.0
369,22200.0,22200,3.0275597439193405e-09,3.027560122273956e-09,7.4658570590769e-07,0.0,4.23349486112898e-09,-1.2059343596577718e-09,0.0
370,22260.0,22260,3.0257826441744956e-09,3.0257830223618394e-09,7.466255872876909e-07,0.0,4.231418680746827e-09,-1.2056352793505553e-09,0.0
371,22320.0,22320,3.0240020310259877e-09,3.0240024090438004e-09,7.466654442509445e-07,0.0,4.229336452640905e-09,-1.2053336647278591e-09,0.0
372,22380.0,22380,3.022217971016709e-09,3.0222183488625152e-09,7.467052767540291e-07,0.0,4.227248226580083e-09,-1.2050294990158767e-09,0.0
373,22440.0,22440,3.0204305318985943e-09,3.0204309095698315e-09,7.467450847545453e-07,0.0,4.225154053397109e-09,-1.2047227652955084e-09,0.0
374,22500.0,22500,3.0186397826512955e-09,3.0186401601457485e-09,7.467848682110394e-07,0.0,4.223053985006634e-09,-1.2044134465014924e-09,0.0
375,22560.0,22560,3.016845793503077e-09,3.0168461708180954e-09,7.468246270831581e-07,0.0,4.220948074424586e-09,-1.2041015254219703e-09,0.0
376,22620.0,22620,3.0150486359492717e-09,3.0150490130824672e-09,7.468643613314936e-07,0.0,4.218836375787235e-09,-1.2037869846974886e-09,0.0
377,22680.0,22680,3.0132483827728756e-09,3.0132487597218154e-09,7.469040709177834e-07,0.0,4.216718944369486e-09,-1.2034698068200855e-09,0.0
378,22740.0,22740,3.0114451080659995e-09,3.0114454848281214e-09,7.469437558047878e-07,0.0,4.2145958366061975e-09,-1.2031499741327056e-09,0.0
379,22800.0,22800,3.009638887248854e-09,3.0096392638215082e-09,7.46983415956357e-07,0.0,4.2124671101103465e-09,-1.2028274688282004e-09,0.0
380,22860.0,22860,3.007829797090555e-09,3.007830173471526e-09,7.470230513374754e-07,0.0,4.210332823693567e-09,-1.2025022729486335e-09,0.0
381,22920.0,22920,3.006017915732317e-09,3.0060182919188253e-09,7.470626619142613e-07,0.0,4.208193037386958e-09,-1.202174368384346e-09,0.0
382,22980.0,22980,3.0042033227065655e-09,3.004203698696352e-09,7.471022476539454e-07,0.0,4.20604781246072e-09,-1.2018437368729154e-09,0.0
383,23040.0,23040,3.0023860989596988e-09,3.0023864747500274e-09,7.471418085249924e-07,0.0,4.203897211445824e-09,-1.2015103599990242e-09,0.0
384,23100.0,23100,3.0005663268735436e-09,3.000566702462025e-09,7.471813444970682e-07,0.0,4.201741298153995e-09,-1.2011742191927442e-09,0.0
385,23160.0,23160,2.9987440902884637e-09,2.9987444656721445e-09,7.472208555409279e-07,0.0,4.199580137700385e-09,-1.2008352957287986e-09,0.0
386,23220.0,23220,2.996919474523732e-09,2.99691984970031e-09,7.472603416286837e-07,0.0,4.1974137965238585e-09,-1.2004935707263885e-09,0.0
387,23280.0,23280,2.995092566402679e-09,2.9950929413695478e-09,7.472998027336929e-07,0.0,4.195242342409058e-09,-1.2001490251474974e-09,0.0
388,23340.0,23340,2.993263454274411e-09,2.993263829028878e-09,7.473392388305139e-07,0.0,4.193065844509291e-09,-1.1998016397960681e-09,0.0
389,23400.0,23400,2.991432228037353e-09,2.991432602576682e-09,7.473786498951061e-07,0.0,4.190884373368385e-09,-1.1994513953177184e-09,0.0
390,23460.0,23460,2.9895989791627477e-09,2.9895993534845487e-09,7.474180359046742e-07,0.0,4.188698000943788e-09,-1.1990982721981567e-09,0.0
391,23520.0,23520,2.987763800719108e-09,2.9877641748204713e-09,7.474573968377797e-07,0.0,4.186506800628599e-09,-1.1987422507624873e-09,0.0
392,23580.0,23580,2.98592678739511e-09,2.98592716127356e-09,7.47496732674385e-07,0.0,4.184310847275014e-09,-1.1983833111741883e-09,0.0
393,23640.0,23640,2.9840880355261756e-09,2.9840884091788453e-09,7.475360433958092e-07,0.0,4.182110217219614e-09,-1.19802143343431e-09,0.0
394,23700.0,23700,2.982247643117101e-09,2.982248016541341e-09,7.47575328984828e-07,0.0,4.179904988304426e-09,-1.1976565973803431e-09,0.0
395,23760.0,23760,2.980405709868946e-09,2.9804060830619757e-09,7.476145894255959e-07,0.0,4.177695239903812e-09,-1.1972887826853964e-09,0.0
396,23820.0,23820,2.9785623372032244e-09,2.9785627101624384e-09,7.476538247037575e-07,0.0,4.175481052946493e-09,-1.1969179688567172e-09,0.0
397,23880.0,23880,2.9767176282893165e-09,2.976718001011761e-09,7.476930348064918e-07,0.0,4.173262509942647e-09,-1.1965441352355841e-09,0.0
398,23940.0,23940,2.974871688068138e-09,2.9748720605510327e-09,7.477322197224014e-07,0.0,4.171039695007242e-09,-1.196167260995418e-09,0.0
399,24000.0,24000,2.973024623281027e-09,2.9730249955217663e-09,7.477713794417121e-07,0.0,4.168812693885831e-09,-1.19578732514102e-09,0.0
400,24060.0,24060,2.9711765424950224e-09,2.971176914490696e-09,7.478105139561619e-07,0.0,4.16658159398157e-09,-1.1954043065079443e-09,0.0
401,24120.0,24120,2.9693275561310993e-09,2.96932792787871e-09,7.478496232591014e-07,0.0,4.164346484379157e-09,-1.1950181837606065e-09,0.0
402,24180.0,24180,2.9674777764907928e-09,2.9674781479876474e-09,7.478887073455156e-07,0.0,4.162107455873447e-09,-1.194628935391915e-09,0.0
403,24240.0,24240,2.965627317784259e-09,2.9656276890274474e-09,7.479277662119574e-07,0.0,4.159864600994912e-09,-1.194236539722251e-09,0.0
404,24300.0,24300,2.9637762961592035e-09,2.963776667145772e-09,7.479667998567589e-07,0.0,4.15761801403683e-09,-1.1938409748974482e-09,0.0
405,24360.0,24360,2.961924829728376e-09,2.961925200455458e-09,7.480058082798756e-07,0.0,4.155367791083086e-09,-1.1934422188887268e-09,0.0
406,24420.0,24420,2.960073038599324e-09,2.9600734090639655e-09,7.480447914829977e-07,0.0,4.153114030035967e-09,-1.1930402494907842e-09,0.0
407,24480.0,24480,2.9582210449037982e-09,2.958221415103003e-09,7.48083749469639e-07,0.0,4.150856830644876e-09,-1.1926350443212068e-09,0.0
408,24540.0,24540,2.9563689728272483e-09,2.9563693427579746e-09,7.481226822450034e-07,0.0,4.148596294534349e-09,-1.1922265808191681e-09,0.0
409,24600.0,24600,2.9545169486385287e-09,2.9545173182979108e-09,7.481615898162076e-07,0.0,4.146332525232197e-09,-1.191814836243647e-09,0.0
410,24660.0,24660,2.952665100721134e-09,2.952665470105957e-09,7.482004721920915e-07,0.0,4.144065628200483e-09,-1.1913997876732984e-09,0.0
411,24720.0,24720,2.9508135596045984e-09,2.9508139287120827e-09,7.48239329383497e-07,0.0,4.141795710864748e-09,-1.1909814120042154e-09,0.0
412,24780.0,24780,2.948962457994427e-09,2.9489628268211843e-09,7.482781614031001e-07,0.0,4.1395228826432455e-09,-1.1905596859493e-09,0.0
413,24840.0,24840,2.947111930804801e-09,2.9471122993477913e-09,7.483169682655791e-07,0.0,4.1372472549785655e-09,-1.1901345860368508e-09,0.0
414,24900.0,24900,2.945262115191199e-09,2.945262483447381e-09,7.483557499874462e-07,0.0,4.134968941368731e-09,-1.1897060886092608e-09,0.0
415,24960.0,24960,2.9434131505818434e-09,2.943413518548004e-09,7.483945065873826e-07,0.0,4.132688057396606e-09,-1.1892741698216486e-09,0.0
416,25020.0,25020,2.941565178712017e-09,2.9415655463848977e-09,7.48433238085993e-07,0.0,4.130404720764253e-09,-1.188838805640686e-09,0.0
417,25080.0,25080,2.9397183436565075e-09,2.9397187110330676e-09,7.484719445059724e-07,0.0,4.128119051323554e-09,-1.1883999718432728e-09,0.0
418,25140.0,25140,2.9378727918651832e-09,2.937873158941948e-09,7.485106258721953e-07,0.0,4.125831171109399e-09,-1.1879576440149293e-09,0.0
419,25200.0,25200,2.9360286721956983e-09,2.9360290389695407e-09,7.485492822115602e-07,0.0,4.1235412043727385e-09,-1.1875117975488204e-09,0.0
420,25260.0,25260,2.9341861359494177e-09,2.9341865024170795e-09,7.485879135531672e-07,0.0,4.121249277614245e-09,-1.1870624076439297e-09,0.0
421,25320.0,25320,2.9323453369070307e-09,2.9323457030650375e-09,7.486265199283622e-07,0.0,4.118955519617371e-09,-1.1866094493038228e-09,0.0
422,25380.0,25380,2.930506431363303e-09,2.9305067972084406e-09,7.486651013707267e-07,0.0,4.1166600614842685e-09,-1.1861528973354304e-09,0.0
423,25440.0,25440,2.9286695781654724e-09,2.9286699436941784e-09,7.48703657916088e-07,0.0,4.114363036670321e-09,-1.185692726347072e-09,0.0
424,25500.0,25500,2.9268349387476498e-09,2.9268353039566236e-09,7.487421896025418e-07,0.0,4.1120645810182396e-09,-1.1852289107475222e-09,0.0
425,25560.0,25560,2.9250026771711297e-09,2.9250030420568094e-09,7.487806964706637e-07,0.0,4.109764832796639e-09,-1.1847614247439694e-09,0.0
426,25620.0,25620,2.9231729601594406e-09,2.923173324718308e-09,7.488191785632976e-07,0.0,4.1074639327329544e-09,-1.184290242340734e-09,0.0
427,25680.0,25680,2.921345957139481e-09,2.9213463213680614e-09,7.48857635925778e-07,0.0,4.105162024054148e-09,-1.183815337337531e-09,0.0
428,25740.0,25740,2.9195218402782654e-09,2.91952220417291e-09,7.488960686059194e-07,0.0,4.102859252520714e-09,-1.183336683328385e-09,0.0
429,25800.0,25800,2.9177007845243617e-09,2.9177011480814215e-09,7.489344766539935e-07,0.0,4.100555766467513e-09,-1.1828542536990874e-09,0.0
430,25860.0,25860,2.9158829676466363e-09,2.9158833308627235e-09,7.489728601227961e-07,0.0,4.098251716839602e-09,-1.1823680216261994e-09,0.0
431,25920.0,25920,2.914068570276953e-09,2.914068933148202e-09,7.490112190678032e-07,0.0,4.095947257234199e-09,-1.1818779600752479e-09,0.0
432,25980.0,25980,2.9122577759486117e-09,2.9122581384712433e-09,7.490495535470368e-07,0.0,4.093642543937293e-09,-1.1813840417989234e-09,0.0
433,26040.0,26040,2.910450771140742e-09,2.910451133311238e-09,7.490878636211767e-07,0.0,4.091337735965699e-09,-1.1808862393349088e-09,0.0
434,26100.0,26100,2.90864774531961e-09,2.908648107134061e-09,7.491261493537491e-07,0.0,4.089032995107659e-09,-1.1803845250050963e-09,0.0
435,26160.0,26160,2.9068488909826608e-09,2.906849252437028e-09,7.49164410810838e-07,0.0,4.086728485962858e-09,-1.1798788709124613e-09,0.0
436,26220.0,26220,2.9050544037013063e-09,2.9050547647918103e-09,7.492026480614405e-07,0.0,4.0844243759864174e-09,-1.179369248940258e-09,0.0
437,26280.0,26280,2.9032644821653577e-09,2.9032648428881323e-09,7.492408611773783e-07,0.0,4.082120835529335e-09,-1.1788556307498262e-09,0.0
438,26340.0,26340,2.901479328229763e-09,2.9014796885807693e-09,7.492790502333529e-07,0.0,4.079818037882966e-09,-1.1783379877777675e-09,0.0
439,26400.0,26400,2.899699146957436e-09,2.8996995069327207e-09,7.493172153070238e-07,0.0,4.077516159321545e-09,-1.1778162912353167e-09,0.0
440,26460.0,26460,2.8979241466686847e-09,2.8979245062642086e-09,7.493553564789189e-07,0.0,4.075215379148402e-09,-1.1772905121056906e-09,0.0
441,26520.0,26520,2.89615453898656e-09,2.8961548981980227e-09,7.493934738327692e-07,0.0,4.072915879738791e-09,-1.1767606211415263e-09,0.0
442,26580.0,26580,2.8943905388848947e-09,2.8943908977082137e-09,7.494315674552298e-07,0.0,4.070617846587711e-09,-1.1762265888635344e-09,0.0
443,26640.0,26640,2.8926323647370408e-09,2.8926327231680024e-09,7.494696374361249e-07,0.0,4.0683214683541695e-09,-1.1756883855578496e-09,0.0
444,26700.0,26700,2.890880238365644e-09,2.8908805963999913e-09,7.495076838684367e-07,0.0,4.066026936910571e-09,-1.1751459812741844e-09,0.0
445,26760.0,26760,2.8891343850914245e-09,2.8891347427249012e-09,7.495457068484277e-07,0.0,4.0637344473882316e-09,-1.1745993458231797e-09,0.0
446,26820.0,26820,2.8873950337853437e-09,2.8873953910135193e-09,7.495837064754739e-07,0.0,4.061444198227162e-09,-1.174048448774059e-09,0.0
447,26880.0,26880,2.8856624169195535e-09,2.8856627737379972e-09,7.496216828524872e-07,0.0,4.059156391225149e-09,-1.1734932594527827e-09,0.0
448,26940.0,26940,2.8839367706193893e-09,2.883937127023541e-09,7.496596360855155e-07,0.0,4.05687123158749e-09,-1.1729337469389422e-09,0.0
449,27000.0,27000,2.8822183347174493e-09,2.8822186907029213e-09,7.496975662842204e-07,0.0,4.054588927977506e-09,-1.172369880063827e-09,0.0
450,27060.0,27060,2.8805073528070184e-09,2.88050770836912e-09,7.497354735616549e-07,0.0,4.052309692568713e-09,-1.1718016274076232e-09,0.0
451,27120.0,27120,2.8788040722971477e-09,2.8788044274311436e-09,7.497733580343861e-07,0.0,4.050033741096246e-09,-1.1712289572966553e-09,0.0
452,27180.0,27180,2.877108744468206e-09,2.8771090991694494e-09,7.498112198226057e-07,0.0,4.0477612929110275e-09,-1.1706518378011058e-09,0.0
453,27240.0,27240,2.8754216245292185e-09,2.8754219787930183e-09,7.498490590501308e-07,0.0,4.045492571032191e-09,-1.170070236731866e-09,0.0
454,27300.0,27300,2.873742971674549e-09,2.8737433254959095e-09,7.498868758444475e-07,0.0,4.043227802203246e-09,-1.1694841216380601e-09,0.0
455,27360.0,27360,2.872073049142755e-09,2.8720734025168553e-09,7.499246703368453e-07,0.0,4.040967216947415e-09,-1.1688934598040268e-09,0.0
456,27420.0,27420,2.8704121242768358e-09,2.870412477198507e-09,7.499624426623719e-07,0.0,4.0387110496233635e-09,-1.1682982182461913e-09,0.0
457,27480.0,27480,2.8687604685828255e-09,2.8687608210472022e-09,7.500001929600224e-07,0.0,4.036459538483572e-09,-1.1676983637105682e-09,0.0
458,27540.0,27540,2.8671183577931666e-09,2.8671187097951675e-09,7.500379213726058e-07,0.0,4.034212925731853e-09,-1.167093862669026e-09,0.0
459,27600.0,27600,2.8654860719286505e-09,2.865486423462889e-09,7.500756280470237e-07,0.0,4.031971457583768e-09,-1.1664846813164632e-09,0.0
460,27660.0,27660,2.8638638953604e-09,2.8638642464218377e-09,7.501133131341801e-07,0.0,4.029735384325391e-09,-1.16587078556766e-09,0.0
461,27720.0,27720,2.8622521168774123e-09,2.862252467460533e-09,7.501509767891159e-07,0.0,4.027504960375952e-09,-1.1652521410536076e-09,0.0
462,27780.0,27780,2.860651029748846e-09,2.8606513798483505e-09,7.501886191710082e-07,0.0,4.02528044434903e-09,-1.1646287131182715e-09,0.0
463,27840.0,27840,2.8590609317943446e-09,2.8590612814047162e-09,7.502262404433155e-07,0.0,4.023062099116932e-09,-1.164000466814749e-09,0.0
464,27900.0,27900,2.8574821254486257e-09,2.857482474564305e-09,7.502638407738104e-07,0.0,4.0208501918734115e-09,-1.1633673669021622e-09,0.0
465,27960.0,27960,2.8559149178337144e-09,2.8559152664489674e-09,7.503014203346134e-07,0.0,4.018644994201383e-09,-1.1627293778417058e-09,0.0
466,28020.0,28020,2.8543596208272687e-09,2.8543599689364055e-09,7.503389793022484e-07,0.0,4.016446782137473e-09,-1.1620864637922815e-09,0.0
467,28080.0,28080,2.85281655113477e-09,2.8528168987321008e-09,7.503765178578429e-07,0.0,4.014255836240555e-09,-1.1614385886075448e-09,0.0
468,28140.0,28140,2.851286030363494e-09,2.8512863774429812e-09,7.504140361870053e-07,0.0,4.01207244166104e-09,-1.1607857158309533e-09,0.0
469,28200.0,28200,2.849768385094964e-09,2.8497687316506564e-09,7.50451534480059e-07,0.0,4.009896888210102e-09,-1.1601278086922477e-09,0.0
470,28260.0,28260,2.848263946962394e-09,2.8482642929881673e-09,7.504890129320197e-07,0.0,4.007729470431879e-09,-1.1594648301027398e-09,0.0
471,28320.0,28320,2.8467730527264868e-09,2.846773398216347e-09,7.505264717426624e-07,0.0,4.0055704876760445e-09,-1.158796742650795e-09,0.0
472,28380.0,28380,2.8452960443543576e-09,2.8452963893017888e-09,7.505639111167105e-07,0.0,4.00342024417005e-09,-1.1581235085978785e-09,0.0
473,28440.0,28440,2.8438332690999315e-09,2.8438336134987662e-09,7.506013312636905e-07,0.0,4.001279049097438e-09,-1.1574450898733016e-09,0.0
474,28500.0,28500,2.842385079584867e-09,2.842385423428677e-09,7.506387323983002e-07,0.0,3.9991472166722e-09,-1.1567614480695723e-09,0.0
475,28560.0,28560,2.8409518338822137e-09,2.8409521771640485e-09,7.506761147402184e-07,0.0,3.997025066217486e-09,-1.1560725444374665e-09,0.0
476,28620.0,28620,2.839533895599634e-09,2.8395342383133695e-09,7.507134785143174e-07,0.0,3.994912922245661e-09,-1.1553783398812051e-09,0.0
477,28680.0,28680,2.83813163396797e-09,2.8381319761065268e-09,7.507508239507729e-07,0.0,3.992811114538262e-09,-1.154678794952158e-09,0.0
478,28740.0,28740,2.8367454239282472e-09,2.836745765484892e-09,7.507881512850318e-07,0.0,3.9907199782304865e-09,-1.1539738698448238e-09,0.0
479,28800.0,28800,2.8353756462207156e-09,2.8353759871884548e-09,7.508254607579558e-07,0.0,3.988639853893981e-09,-1.1532635243900774e-09,0.0
480,28860.0,28860,2.834022687478021e-09,2.8340230278497318e-09,7.508627526159112e-07,0.0,3.986571087622454e-09,-1.1525477180497835e-09,0.0
481,28920.0,28920,2.8326869403185502e-09,2.8326872800869784e-09,7.509000271108351e-07,0.0,3.984514031120889e-09,-1.1518264099111487e-09,0.0
482,28980.0,28980,2.831368803441164e-09,2.8313691425991857e-09,7.509372845003578e-07,0.0,3.9824690417944216e-09,-1.1510995586798822e-09,0.0
483,29040.0,29040,2.830068681723143e-09,2.830069020263158e-09,7.509745250478028e-07,0.0,3.980436482837984e-09,-1.1503671226742005e-09,0.0
484,29100.0,29100,2.828786986320965e-09,2.828787324235545e-09,7.510117490224317e-07,0.0,3.978416723332218e-09,-1.1496290598185724e-09,0.0
485,29160.0,29160,2.8275241347707218e-09,2.8275244720521785e-09,7.510489566993213e-07,0.0,3.976410138336338e-09,-1.1488853276363364e-09,0.0
486,29220.0,29220,2.8262805510928483e-09,2.826280887733364e-09,7.510861483596312e-07,0.0,3.9744171089862084e-09,-1.1481358832430091e-09,0.0
487,29280.0,29280,2.825056665898714e-09,2.825057001890513e-09,7.511233242906697e-07,0.0,3.97243802259312e-09,-1.1473806833389035e-09,0.0
488,29340.0,29340,2.8238529164995575e-09,2.823853251834257e-09,7.511604847858281e-07,0.0,3.970473272745775e-09,-1.1466196842019827e-09,0.0
489,29400.0,29400,2.822669747017078e-09,2.8226700816866855e-09,7.511976301449911e-07,0.0,3.9685232594132335e-09,-1.145852841679498e-09,0.0
490,29460.0,29460,2.821507608498278e-09,2.821507942494628e-09,7.512347606742372e-07,0.0,3.966588389051327e-09,-1.1450801111805402e-09,0.0
491,29520.0,29520,2.8203669590326106e-09,2.8203672923471456e-09,7.512718766863054e-07,0.0,3.964669074711557e-09,-1.1443014476677222e-09,0.0
492,29580.0,29580,2.8192482638693874e-09,2.819248596493594e-09,7.513089785004734e-07,0.0,3.96276573615038e-09,-1.1435168056481216e-09,0.0
493,29640.0,29640,2.8181519955420913e-09,2.818152327467066e-09,7.513460664427236e-07,0.0,3.96087879994387e-09,-1.1427261391649626e-09,0.0
494,29700.0,29700,2.81707863399317e-09,2.817078965210225e-09,7.51383140845844e-07,0.0,3.959008699604228e-09,-1.1419294017882353e-09,0.0
495,29760.0,29760,2.8160286667026045e-09,2.816028997202748e-09,7.514202020495051e-07,0.0,3.957155875698567e-09,-1.1411265466051376e-09,0.0
496,29820.0,29820,2.81500258881926e-09,2.8150029185930238e-09,7.514572504005167e-07,0.0,3.9553207759696275e-09,-1.1403175262100654e-09,0.0
497,29880.0,29880,2.814000903297146e-09,2.814001232335408e-09,7.51494286252716e-07,0.0,3.953503855463433e-09,-1.139502292695142e-09,0.0
498,29940.0,29940,2.813024121032976e-09,2.8130244493263545e-09,7.515313099672015e-07,0.0,3.95170557665456e-09,-1.138680797638795e-09,0.0
499,30000.0,30000,2.8120727610100732e-09,2.812073088548664e-09,7.515683219124657e-07,0.0,3.94992640958027e-09,-1.1378529920951799e-09,0.0
500,30060.0,30060,2.8111473504424446e-09,2.8111476772166056e-09,7.516053224644631e-07,0.0,3.94816683197316e-09,-1.137018826583125e-09,0.0
501,30120.0,30120,2.810248424928548e-09,2.8102487509283323e-09,7.516423120066866e-07,0.0,3.946427329402202e-09,-1.1361782510736657e-09,0.0
502,30180.0,30180,2.809376528602881e-09,2.809376853818211e-09,7.516792909304244e-07,0.0,3.944708395413559e-09,-1.1353312149785777e-09,0.0
503,30240.0,30240,2.8085322142970425e-09,2.808532538717451e-09,7.517162596347373e-07,0.0,3.943010531677708e-09,-1.1344776671373016e-09,0.0
504,30300.0,30300,2.8077160437013587e-09,2.807716367316463e-09,7.517532185266697e-07,0.0,3.941334248138508e-09,-1.1336175558035878e-09,0.0
505,30360.0,30360,2.806928587535541e-09,2.806928910334527e-09,7.517901680213946e-07,0.0,3.939680063170698e-09,-1.132750828632856e-09,0.0
506,30420.0,30420,2.8061704257204348e-09,2.8061707476926168e-09,7.518271085421692e-07,0.0,3.9380485037362714e-09,-1.1318774326665792e-09,0.0
507,30480.0,30480,2.8054421475583635e-09,2.8054424686926653e-09,7.518640405207678e-07,0.0,3.9364401055510496e-09,-1.1309973143188636e-09,0.0
508,30540.0,30540,2.8047443519157777e-09,2.804744672201036e-09,7.519009643973381e-07,0.0,3.934855413252215e-09,-1.1301104193604839e-09,0.0
509,30600.0,30600,2.8040776474147642e-09,2.8040779668394255e-09,7.519378806206456e-07,0.0,3.93329498057288e-09,-1.1292166929030748e-09,0.0
510,30660.0,30660,2.803442652628726e-09,2.8034429711811053e-09,7.519747896483178e-07,0.0,3.931759370522349e-09,-1.1283160793829708e-09,0.0
511,30720.0,30720,2.8028399962853567e-09,2.8028403139537705e-09,7.520116919467561e-07,0.0,3.930249155571323e-09,-1.127408522543616e-09,0.0
512,30780.0,30780,2.802270317475092e-09,2.802270634247595e-09,7.520485879914458e-07,0.0,3.928764917843072e-09,-1.1264939654179933e-09,0.0
513,30840.0,30840,2.8017342658691574e-09,2.801734581733284e-09,7.520854782671246e-07,0.0,3.927307249312143e-09,-1.1255723503100562e-09,0.0
514,30900.0,30900,2.8012325019417434e-09,2.8012328168853742e-09,7.521223632678033e-07,0.0,3.925876752008169e-09,-1.1246436187752263e-09,0.0
515,30960.0,30960,2.800765697203169e-09,2.8007660112134908e-09,7.52159243497056e-07,0.0,3.9244740382273586e-09,-1.1237077116008023e-09,0.0
516,31020.0,31020,2.800334534439086e-09,2.8003348475031114e-09,7.521961194681084e-07,0.0,3.923099730753102e-09,-1.122764568784091e-09,0.0
517,31080.0,31080,2.799939707959277e-09,2.7999400200639752e-09,7.522329917039492e-07,0.0,3.9217544630812375e-09,-1.1218141295118843e-09,0.0
518,31140.0,31140,2.799581923855278e-09,2.799582234987314e-09,7.522698607376305e-07,0.0,3.920438879654904e-09,-1.1208563321365463e-09,0.0
519,31200.0,31200,2.7992619002686793e-09,2.799262210414414e-09,7.523067271123009e-07,0.0,3.9191536361109125e-09,-1.1198911141531452e-09,0.0
520,31260.0,31260,2.798980367667771e-09,2.798980676813609e-09,7.523435913814725e-07,0.0,3.9178993995295014e-09,-1.1189184121746947e-09,0.0
521,31320.0,31320,2.7987380691369132e-09,2.798738377268695e-09,7.523804541091878e-07,0.0,3.916676848699822e-09,-1.1179381619063312e-09,0.0
522,31380.0,31380,2.7985357606750723e-09,2.798536067778333e-09,7.52417315870086e-07,0.0,3.91548667439071e-09,-1.1169502981182529e-09,0.0
523,31440.0,31440,2.798374211509296e-09,2.7983745175697024e-09,7.524541772497705e-07,0.0,3.914329579636591e-09,-1.1159547546184638e-09,0.0
524,31500.0,31500,2.79825420441875e-09,2.7982545094214033e-09,7.524910388448642e-07,0.0,3.913206280032359e-09,-1.1149514642229994e-09,0.0
525,31560.0,31560,2.7981765360719507e-09,2.7981768400018652e-09,7.525279012633207e-07,0.0,3.912117504039606e-09,-1.1139403587258235e-09,0.0
526,31620.0,31620,2.7981420173803805e-09,2.798142320222093e-09,7.525647651244137e-07,0.0,3.911063993309477e-09,-1.112921368867013e-09,0.0
527,31680.0,31680,2.798151473865563e-09,2.7981517756036107e-09,7.526016310591254e-07,0.0,3.910046503015698e-09,-1.1118944242993556e-09,0.0
528,31740.0,31740,2.7982057460419547e-09,2.798206046660396e-09,7.526384997104366e-07,0.0,3.909065802203581e-09,-1.1108594535537733e-09,0.0
529,31800.0,31800,2.7983056898185497e-09,2.7983059893010532e-09,7.526753717332034e-07,0.0,3.90812267415389e-09,-1.1098163840035329e-09,0.0
530,31860.0,31860,2.798452176917086e-09,2.7984524752474932e-09,7.52712247794736e-07,0.0,3.9072179167657705e-09,-1.1087651418257604e-09,0.0
531,31920.0,31920,2.7986460953101805e-09,2.7986463924715515e-09,7.527491285748766e-07,0.0,3.906352342952451e-09,-1.1077056519622626e-09,0.0
532,31980.0,31980,2.7988883496790162e-09,2.7988886456544542e-09,7.527860147661324e-07,0.0,3.905526781059666e-09,-1.1066378380777196e-09,0.0
533,32040.0,32040,2.79917986189383e-09,2.799180156665961e-09,7.528229070741317e-07,0.0,3.904742075301443e-09,-1.105561622516824e-09,0.0
534,32100.0,32100,2.799521571517294e-09,2.799521865068309e-09,7.528598062176353e-07,0.0,3.903999086218878e-09,-1.1044769262587718e-09,0.0
535,32160.0,32160,2.7999144363313047e-09,2.7999147286433517e-09,7.528967129290255e-07,0.0,3.903298691159711e-09,-1.1033836688696225e-09,0.0
536,32220.0,32220,2.800359432892402e-09,2.8003597239472373e-09,7.529336279544281e-07,0.0,3.9026417847829235e-09,-1.1022817684526539e-09,0.0
537,32280.0,32280,2.8008575571119395e-09,2.80085784689093e-09,7.529705520539245e-07,0.0,3.902029279587653e-09,-1.101171141596486e-09,0.0
538,32340.0,32340,2.8014098248689284e-09,2.8014101133530486e-09,7.530074860020068e-07,0.0,3.90146210647157e-09,-1.1000517033201587e-09,0.0
539,32400.0,32400,2.802017272653798e-09,2.802017559823892e-09,7.530444305877115e-07,0.0,3.90094121531652e-09,-1.0989233670162726e-09,0.0
540,32460.0,32460,2.8026809582436083e-09,2.8026812440799573e-09,7.530813866150648e-07,0.0,3.900467575605362e-09,-1.097786044390689e-09,0.0
541,32520.0,32520,2.803401961419573e-09,2.803402245902587e-09,7.531183549031705e-07,0.0,3.9000421770746335e-09,-1.0966396453997229e-09,0.0
542,32580.0,32580,2.8041813847161517e-09,2.804181667824894e-09,7.531553362867448e-07,0.0,3.899666030398584e-09,-1.0954840781840852e-09,0.0
543,32640.0,32640,2.8050203542171475e-09,2.805020635931334e-09,7.531923316163156e-07,0.0,3.899340167916378e-09,-1.0943192489994094e-09,0.0
544,32700.0,32700,2.8059200203938917e-09,2.8059203006924125e-09,7.532293417586013e-07,0.0,3.899065644396005e-09,-1.0931450621436253e-09,0.0
545,32760.0,32760,2.8068815589909874e-09,2.8068818378522115e-09,7.53266367596855e-07,0.0,3.898843537845099e-09,-1.0919614198802294e-09,0.0
546,32820.0,32820,2.8079061719638796e-09,2.8079064493661755e-09,7.53303410031265e-07,0.0,3.8986749503672794e-09,-1.0907682223583625e-09,0.0
547,32880.0,32880,2.8089950884713206e-09,2.808995364392276e-09,7.533404699792327e-07,0.0,3.898561009069961e-09,-1.0895653675272855e-09,0.0
548,32940.0,32940,2.810149565924351e-09,2.8101498403414217e-09,7.533775483758508e-07,0.0,3.898502867025031e-09,-1.088352751048691e-09,0.0
549,33000.0,33000,2.8113708911028646e-09,2.811371163993334e-09,7.53414646174315e-07,0.0,3.898501704291373e-09,-1.087130266202362e-09,0.0
550,33060.0,33060,2.8126603813349828e-09,2.8126606526750482e-09,7.534517643463015e-07,0.0,3.898558728995513e-09,-1.0858978037879407e-09,0.0
551,33120.0,33120,2.814019385752093e-09,2.8140196555180384e-09,7.534889038824232e-07,0.0,3.898675178484365e-09,-1.0846552520214205e-09,0.0
552,33180.0,33180,2.8154492866222053e-09,2.815449554789836e-09,7.535260657926413e-07,0.0,3.898852320547999e-09,-1.083402496425742e-09,0.0
553,33240.0,33240,2.8169515007669622e-09,2.816951767311477e-09,7.53563251106821e-07,0.0,3.899091454721896e-09,-1.0821394197156327e-09,0.0
554,33300.0,33300,2.8185274810702155e-09,2.818527745966508e-09,7.536004608751876e-07,0.0,3.899393913674378e-09,-1.08086590167666e-09,0.0
555,33360.0,33360,2.820178718083855e-09,2.8201789813063416e-09,7.536376961688822e-07,0.0,3.899761064684737e-09,-1.0795818190370192e-09,0.0
556,33420.0,33420,2.8219067417408795e-09,2.821907003263499e-09,7.536749580803736e-07,0.0,3.900194311220786e-09,-1.0782870453324794e-09,0.0
557,33480.0,33480,2.8237131231813166e-09,2.823713382977529e-09,7.53712247724225e-07,0.0,3.900695094622481e-09,-1.076981450763925e-09,0.0
558,33540.0,33540,2.8255994767019325e-09,2.825599734744895e-09,7.537495662375393e-07,0.0,3.90126489590143e-09,-1.0756649020467735e-09,0.0
559,33600.0,33600,2.827567461841118e-09,2.827567718103031e-09,7.537869147806034e-07,0.0,3.901905237664979e-09,-1.0743372622520652e-09,0.0
560,33660.0,33660,2.8296187856046767e-09,2.8296190400577416e-09,7.53824294537523e-07,0.0,3.902617686177118e-09,-1.0729983906378991e-09,0.0
561,33720.0,33720,2.831755204851028e-09,2.8317554574667935e-09,7.538617067170444e-07,0.0,3.903403853562683e-09,-1.0716481424721596e-09,0.0
562,33780.0,33780,2.8339785288459784e-09,2.8339787795953864e-09,7.538991525530332e-07,0.0,3.904265400175534e-09,-1.0702863688438521e-09,0.0
563,33840.0,33840,2.8362906219982804e-09,2.8362908708518813e-09,7.539366333054862e-07,0.0,3.9052040371341665e-09,-1.0689129164639385e-09,0.0
564,33900.0,33900,2.8386934067976397e-09,2.838693653725463e-09,7.539741502610874e-07,0.0,3.906221529049194e-09,-1.0675276274543466e-09,0.0
565,33960.0,33960,2.841188866968822e-09,2.8411891119401142e-09,7.540117047342192e-07,0.0,3.9073196969535385e-09,-1.0661303391243941e-09,0.0
566,34020.0,34020,2.8437790508613527e-09,2.8437792938451878e-09,7.540492980677196e-07,0.0,3.908500421454881e-09,-1.0647208837330643e-09,0.0
567,34080.0,34080,2.8464660750937956e-09,2.8464663160584655e-09,7.540869316339048e-07,0.0,3.909765646128105e-09,-1.063299088237988e-09,0.0
568,34140.0,34140,2.849252128480457e-09,2.8492523673936447e-09,7.541246068354469e-07,0.0,3.911117381174644e-09,-1.0618647740275532e-09,0.0
569,34200.0,34200,2.8521394762604813e-09,2.8521397130896104e-09,7.541623251065762e-07,0.0,3.912557707368207e-09,-1.0604177566376158e-09,0.0
570,34260.0,34260,2.855130464660287e-09,2.8551306993717816e-09,7.542000879139027e-07,0.0,3.914088780315285e-09,-1.0589578454492381e-09,0.0
571,34320.0,34320,2.8582275258156853e-09,2.8582277583758386e-09,7.542378967579518e-07,0.0,3.915712835056457e-09,-1.0574848433681322e-09,0.0
572,34380.0,34380,2.861433183097264e-09,2.86143341347124e-09,7.542757531740527e-07,0.0,3.917432191048975e-09,-1.05599854648296e-09,0.0
573,34440.0,34440,2.8647500568616155e-09,2.864750285014232e-09,7.543136587338296e-07,0.0,3.919249257556388e-09,-1.0544987437014368e-09,0.0
574,34500.0,34500,2.8681808706844045e-09,2.8681810965799567e-09,7.543516150465348e-07,0.0,3.921166539492244e-09,-1.0529852163627846e-09,0.0
575,34560.0,34560,2.87172845811049e-09,2.8717286817127088e-09,7.54389623760629e-07,0.0,3.9231866437574505e-09,-1.0514577378242326e-09,0.0
576,34620.0,34620,2.875395769980495e-09,2.875395991252069e-09,7.544276865651592e-07,0.0,3.9253122861247416e-09,-1.0499160730195342e-09,0.0
577,34680.0,34680,2.879185882380805e-09,2.879186101283945e-09,7.544658051916048e-07,0.0,3.927546298718187e-09,-1.048359977987805e-09,0.0
578,34740.0,34740,2.8831020052899833e-09,2.883102221786682e-09,7.545039814156902e-07,0.0,3.9298916381559165e-09,-1.046789199369492e-09,0.0
579,34800.0,34800,2.8871474919866116e-09,2.8871477060375607e-09,7.545422170591417e-07,0.0,3.932351394417317e-09,-1.0452034738672681e-09,0.0
580,34860.0,34860,2.8913258492933674e-09,2.8913260608589956e-09,7.545805139919446e-07,0.0,3.9349288005118434e-09,-1.043602527669039e-09,0.0
581,34920.0,34920,2.8956407487552735e-09,2.8956409577950122e-09,7.546188741343673e-07,0.0,3.937627243037303e-09,-1.0419860758289913e-09,0.0
582,34980.0,34980,2.900096038838306e-09,2.900096245311456e-09,7.546572994594292e-07,0.0,3.94045027371559e-09,-1.040353821604716e-09,0.0
583,35040.0,35040,2.9046957582666317e-09,2.9046959621310157e-09,7.546957919954148e-07,0.0,3.943401622017618e-09,-1.0387054557443366e-09,0.0
584,35100.0,35100,2.9094441506178385e-09,2.909444351831107e-09,7.54734353828586e-07,0.0,3.946485208992159e-09,-1.0370406557207978e-09,0.0
585,35160.0,35160,2.9143456803139388e-09,2.914345878833003e-09,7.547729871061065e-07,0.0,3.949705162435087e-09,-1.0353590849089063e-09,0.0
586,35220.0,35220,2.9194050501684674e-09,2.91940524594924e-09,7.548116940392336e-07,0.0,3.953065833547123e-09,-1.0336603916979113e-09,0.0
587,35280.0,35280,2.9246272206603313e-09,2.9246274136582905e-09,7.548504769067546e-07,0.0,3.956571815253265e-09,-1.0319442085352604e-09,0.0
588,35340.0,35340,2.930017431136048e-09,2.93001762130589e-09,7.548893380585882e-07,0.0,3.960227962372509e-09,-1.0302101508949095e-09,0.0
589,35400.0,35400,2.9355812231677936e-09,2.9355814104633893e-09,7.549282799198332e-07,0.0,3.9640394138599845e-09,-1.0284578161614622e-09,0.0
590,35460.0,35460,2.941324466315464e-09,2.9413246506898154e-09,7.549673049951045e-07,0.0,3.968011617362666e-09,-1.0266867824238872e-09,0.0
591,35520.0,35520,2.9472533865919718e-09,2.94725356799756e-09,7.550064158733152e-07,0.0,3.972150356377856e-09,-1.0248966071678019e-09,0.0
592,35580.0,35580,2.953374597955424e-09,2.9533747763439923e-09,7.550456152324905e-07,0.0,3.976461780326398e-09,-1.0230868258575918e-09,0.0
593,35640.0,35640,2.9596951372082475e-09,2.9596953125308865e-09,7.550849058456396e-07,0.0,3.980952437910558e-09,-1.0212569503948122e-09,0.0
594,35700.0,35700,2.9662225027369646e-09,2.9662226749436356e-09,7.5512429058666e-07,0.0,3.985629314178519e-09,-1.019406467443004e-09,0.0
595,35760.0,35760,2.972964697578889e-09,2.9729648666191636e-09,7.551637724369091e-07,0.0,3.99049987176386e-09,-1.0175348365997659e-09,0.0
596,35820.0,35820,2.9799302773964396e-09,2.9799304432191933e-09,7.552033544924874e-07,0.0,3.995572096866454e-09,-1.0156414884038672e-09,0.0
597,35880.0,35880,2.9871284040010947e-09,2.9871285665542913e-09,7.552430399720894e-07,0.0,4.000854550595073e-09,-1.0137258221548377e-09,0.0
598,35940.0,35940,2.9945689051917218e-09,2.994569064422847e-09,7.552828322257209e-07,0.0,4.0063564264205565e-09,-1.011787203526106e-09,0.0
599,36000.0,36000,3.002262341772836e-09,3.0022624976285066e-09,7.553227347441844e-07,0.0,4.012087614573407e-09,-1.009824961945157e-09,0.0
600,36060.0,36060,3.0102200827783044e-09,3.010220235204617e-09,7.553627511695759e-07,0.0,4.018058774387381e-09,-1.0078383877133466e-09,0.0
601,36120.0,36120,3.0184543900709737e-09,3.0184545390132856e-09,7.554028853067044e-07,0.0,4.024281415726338e-09,-1.005826728833445e-09,0.0
602,36180.0,36180,3.0269785137029083e-09,3.0269786591059688e-09,7.554431411361358e-07,0.0,4.030767990841837e-09,-1.0037891875063613e-09,0.0
603,36240.0,36240,3.035806799648936e-09,3.035806941457017e-09,7.554835228279587e-07,0.0,4.0375319982299435e-09,-1.0017249162550685e-09,0.0
604,36300.0,36300,3.044954811804836e-09,3.0449549499616443e-09,7.555240347577185e-07,0.0,4.044588100331548e-09,-9.99633013625645e-10,0.0
605,36360.0,36360,3.0544394704883757e-09,3.0544396049371403e-09,7.555646815236089e-07,0.0,4.0519522572514955e-09,-9.975125194068516e-10,0.0
606,36420.0,36420,3.0642792100765077e-09,3.0642793407600235e-09,7.556054679659531e-07,0.0,4.059641879067445e-09,-9.953624093009254e-10,0.0
607,36480.0,36480,3.074494158911203e-09,3.0744942857719177e-09,7.556463991887093e-07,0.0,4.067675999779629e-09,-9.93181588966444e-10,0.0
608,36540.0,36540,3.0851063452000256e-09,3.0851064681802557e-09,7.55687480583789e-07,0.0,4.076075476530193e-09,-9.909688873397364e-10,0.0
609,36600.0,36600,3.096139933363383e-09,3.096140052404794e-09,7.557287178580223e-07,0.0,4.084863218442621e-09,-9.887230491248886e-10,0.0
610,36660.0,36660,3.1076214961704695e-09,3.1076216112152483e-09,7.557701170636925e-07,0.0,4.0940644502851416e-09,-9.864427263213253e-10,0.0
611,36720.0,36720,299.99999994624255,-5.375748063113359e-08,7.558116846328288e-07,300.0,8.053719301752528e-10,-5.456285240138885e-08,0.0
612,36780.0,36780,299.9999999462429,-5.375712881473832e-08,7.549137222369038e-07,300.0,8.048197909675633e-10,-5.4561948445656835e-08,0.0
613,36840.0,36840,299.99999994624307,-5.37569436206437e-08,7.540157670943581e-07,300.0,8.043526379885017e-10,-5.4561296098421486e-08,0.0
614,36900.0,36900,299.99999994624324,-5.375681876316511e-08,7.531178162172183e-07,300.0,8.039520791987706e-10,-5.456077068199169e-08,0.0
615,36960.0,36960,299.99999994624324,-5.375680223039132e-08,7.522198684341665e-07,300.0,8.03605809787679e-10,-5.4560407879619325e-08,0.0
616,37020.0,37020,299.99999994624324,-5.3756797427387634e-08,7.513219218045634e-07,300.0,8.033050856190005e-10,-5.456010235227276e-08,0.0
617,37080.0,37080,299.9999999462432,-5.3756882927765694e-08,7.504239760192167e-07,300.0,8.03043316271515e-10,-5.4559926083107104e-08,0.0
618,37140.0,37140,299.99999994624307,-5.37569766701846e-08,7.495260294756238e-07,300.0,8.028154014503715e-10,-5.455979191051787e-08,0.0
619,37200.0,37200,299.99999994624295,-5.37570690621223e-08,7.486280819516144e-07,300.0,8.026172542550705e-10,-5.455968615508451e-08,0.0
620,37260.0,37260,299.99999994624284,-5.375719974878573e-08,7.477301333950046e-07,300.0,8.024455407547983e-10,-5.455964512806547e-08,0.0
621,37320.0,37320,299.9999999462427,-5.3757325910726315e-08,7.468321831010662e-07,300.0,8.02297533148015e-10,-5.4559623282228555e-08,0.0
622,37380.0,37380,299.99999994624255,-5.3757439793898545e-08,7.459342310854893e-07,300.0,8.021709644465153e-10,-5.455961059654143e-08,0.0
623,37440.0,37440,25.000000000837098,8.372410363942875e-10,7.450362774987777e-07,24.999999999999854,2.165701200321464e-09,-1.3284601610865062e-09,0.0
624,37500.0,37500,3.171704436726372e-09,3.1717045309611854e-09,7.450448264409095e-07,0.0,4.1438887027949124e-09,-9.721840805094291e-10,0.0
625,37560.0,37560,3.1728552642847006e-09,3.17285535810027e-09,7.450873376505865e-07,0.0,4.144661212580036e-09,-9.718057635771336e-10,0.0
626,37620.0,37620,3.1740515564737408e-09,3.1740516498649404e-09,7.451298661193377e-07,0.0,4.145473090709623e-09,-9.714213503687542e-10,0.0
627,37680.0,37680,3.1752941275279576e-09,3.175294220489228e-09,7.451724125065119e-07,0.0,4.146325105555641e-09,-9.710307950224011e-10,0.0
628,37740.0,37740,3.1765838139761638e-09,3.1765839065016845e-09,7.452149774830774e-07,0.0,4.147218047055375e-09,-9.706340509470038e-10,0.0
629,37800.0,37800,3.17792147537841e-09,3.177921567462013e-09,7.4525756173199e-07,0.0,4.1481527274415e-09,-9.70231070816054e-10,0.0
630,37860.0,37860,3.1793079950929347e-09,3.1793080867280174e-09,7.453001659484699e-07,0.0,4.149129982004513e-09,-9.698218065623524e-10,0.0
631,37920.0,37920,3.180744281074214e-09,3.18074437225387e-09,7.453427908404252e-07,0.0,4.150150669886043e-09,-9.694062093738803e-10,0.0
632,37980.0,37980,3.1822312667044547e-09,3.1822313574215175e-09,7.453854371286737e-07,0.0,4.151215674907402e-09,-9.689842296903585e-10,0.0
633,38040.0,38040,299.99999994624125,-5.375881502319266e-08,7.454281055474546e-07,300.0,8.009114485598018e-10,-5.455972630825415e-08,0.0
634,38100.0,38100,299.9999999462411,-5.375893575677501e-08,7.445301322983201e-07,300.0,8.008075493422612e-10,-5.455974314247092e-08,0.0
635,38160.0,38160,299.99999994624096,-5.3759043383806784e-08,7.436321573061082e-07,300.0,8.007212893616261e-10,-5.455976450938818e-08,0.0
636,38220.0,38220,299.99999994624085,-5.375917760793333e-08,7.427341807444742e-07,300.0,8.006513953553044e-10,-5.455982883937633e-08,0.0
637,38280.0,38280,299.99999994624073,-5.3759272940976093e-08,7.418362021285806e-07,300.0,8.005968439353436e-10,-5.455986962088752e-08,0.0
638,38340.0,38340,299.9999999462407,-5.375939213478181e-08,7.409382220675042e-07,300.0,8.005567828693446e-10,-5.455994875352103e-08,0.0
639,38400.0,38400,299.99999994624056,-5.375948681966787e-08,7.400402401265571e-07,300.0,8.005305580993075e-10,-5.456001721354622e-08,0.0
640,38460.0,38460,299.99999994624045,-5.375953493301075e-08,7.391422566787022e-07,300.0,8.005176676661465e-10,-5.456005243639191e-08,0.0
641,38520.0,38520,299.9999999462404,-5.375960512089806e-08,7.382442724659514e-07,300.0,8.005177355257259e-10,-5.4560122692083145e-08,0.0
642,38580.0,38580,299.99999994624034,-5.3759700993417886e-08,7.373462870870534e-07,300.0,8.005305353113974e-10,-5.4560231364337714e-08,0.0
643,38640.0,38640,219.99999998101063,-1.898919564136785e-08,7.364483000810446e-07,219.99999999999983,5.670465594036181e-10,-1.9556242140100935e-08,0.0
644,38700.0,38700,3.183933937977272e-09,3.18393402634384e-09,7.361304052075342e-07,0.0,4.151417011545446e-09,-9.674828997827132e-10,0.0
645,38760.0,38760,3.1830103405197097e-09,3.18301042887303e-09,7.361731015708152e-07,0.0,4.150603013873966e-09,-9.675924996026749e-10,0.0
646,38820.0,38820,3.182111678625696e-09,3.1821117669662023e-09,7.362157845772833e-07,0.0,4.149809600264389e-09,-9.676977479196563e-10,0.0
647,38880.0,38880,3.181237879052379e-09,3.1812379673807234e-09,7.362584545911616e-07,0.0,4.149036697306636e-09,-9.677986445662223e-10,0.0
648,38940.0,38940,3.1803888743332867e-09,3.180388962649903e-09,7.363011119755944e-07,0.0,4.148284237171369e-09,-9.678951891797156e-10,0.0
649,39000.0,39000,3.179564602756302e-09,3.1795646910619722e-09,7.36343757092803e-07,0.0,4.147552157586323e-09,-9.679873811992469e-10,0.0
650,39060.0,39060,3.1787650083459863e-09,3.178765096641536e-09,7.363863903041417e-07,0.0,4.146840401814929e-09,-9.68075219863774e-10,0.0
651,39120.0,39120,3.1779900408439466e-09,3.1779901291301146e-09,7.364290119701193e-07,0.0,4.146148918635688e-09,-9.681587042101151e-10,0.0
652,39180.0,39180,3.1772396556921553e-09,3.1772397439698533e-09,7.364716224505999e-07,0.0,4.145477662323274e-09,-9.682378330707866e-10,0.0
653,39240.0,39240,3.176513814017964e-09,3.1765139022881042e-09,7.365142221048026e-07,0.0,4.144826592631679e-09,-9.683126050725163e-10,0.0
654,39300.0,39300,3.1758124826214655e-09,3.1758125708850904e-09,7.365568112913683e-07,0.0,4.144195674781012e-09,-9.683830186348097e-10,0.0
655,39360.0,39360,3.175135633962766e-09,3.1751357222207436e-09,7.365993903684931e-07,0.0,4.1435848794417715e-09,-9.684490719685928e-10,0.0
656,39420.0,39420,3.174483246151776e-09,3.1744833344054106e-09,7.366419596939616e-07,0.0,4.142994182725772e-09,-9.685107630748978e-10,0.0
657,39480.0,39480,3.1738553029426117e-09,3.173855391192945e-09,7.36684519625314e-07,0.0,4.142423566177322e-09,-9.685680897443314e-10,0.0
658,39540.0,39540,3.1732517937229045e-09,3.1732518819710226e-09,7.367270705198011e-07,0.0,4.141873016762452e-09,-9.686210495555e-10,0.0
659,39600.0,39600,3.1726727135125446e-09,3.1726728017597503e-09,7.36769612734585e-07,0.0,4.141342526868486e-09,-9.686696398751948e-10,0.0
660,39660.0,39660,3.1721180629592064e-09,3.172118151206716e-09,7.36812146626694e-07,0.0,4.1408320942964754e-09,-9.687138578570115e-10,0.0
661,39720.0,39720,3.171587848337261e-09,3.1715879365862042e-09,7.36854672553257e-07,0.0,4.14034172226151e-09,-9.687537004416017e-10,0.0
662,39780.0,39780,3.171082081549474e-09,3.171082169801023e-09,7.368971908714248e-07,0.0,4.139871419393407e-09,-9.687891643562155e-10,0.0
663,39840.0,39840,3.17060078012813e-09,3.170600868383675e-09,7.369397019385373e-07,0.0,4.139421199738151e-09,-9.68820246114398e-10,0.0
664,39900.0,39900,3.1701439672405524e-09,3.1701440555010493e-09,7.369822061122233e-07,0.0,4.138991082763187e-09,-9.68846942016239e-10,0.0
665,39960.0,39960,3.169711671694706e-09,3.169711759961501e-09,7.370247037504122e-07,0.0,4.138581093363113e-09,-9.688692481485143e-10,0.0
666,40020.0,40020,3.1693039279466235e-09,3.16930401622089e-09,7.370671952115114e-07,0.0,4.1381912618681535e-09,-9.688871603850333e-10,0.0
667,40080.0,40080,3.168920776111874e-09,3.1689208643948275e-09,7.37109680854362e-07,0.0,4.1378216240547065e-09,-9.689006743872457e-10,0.0
668,40140.0,40140,3.168562261975508e-09,3.1685623502682782e-09,7.371521610384164e-07,0.0,4.1374722211573396e-09,-9.689097856043635e-10,0.0
669,40200.0,40200,3.168228437006481e-09,3.1682285253100665e-09,7.371946361237612e-07,0.0,4.137143099882902e-09,-9.689144892747488e-10,0.0
670,40260.0,40260,3.1679193583726346e-09,3.1679194466880786e-09,7.372371064712389e-07,0.0,4.136834312427945e-09,-9.689147804264684e-10,0.0
671,40320.0,40320,3.167635088957729e-09,3.1676351772862906e-09,7.372795724425595e-07,0.0,4.136545916494834e-09,-9.689106538786293e-10,0.0
672,40380.0,40380,3.1673756973795507e-09,3.167375785722142e-09,7.373220344002222e-07,0.0,4.136277975312559e-09,-9.68902104242726e-10,0.0
673,40440.0,40440,3.1671412580123715e-09,3.1671413463699484e-09,7.373644927078275e-07,0.0,4.136030557660486e-09,-9.688891259234753e-10,0.0
674,40500.0,40500,3.1669318510068423e-09,3.166931939380186e-09,7.374069477299761e-07,0.0,4.135803737889044e-09,-9.688717131212603e-10,0.0
675,40560.0,40560,3.166747562315749e-09,3.166747650705816e-09,7.374493998324146e-07,0.0,4.135597595949119e-09,-9.688498598337272e-10,0.0
676,40620.0,40620,3.1665884837190774e-09,3.1665885721266052e-09,7.374918493822346e-07,0.0,4.135412217416691e-09,-9.68823559857456e-10,0.0
677,40680.0,40680,3.1664547128504198e-09,3.1664548012759735e-09,7.37534296747651e-07,0.0,4.135247693523496e-09,-9.687928067908184e-10,0.0
678,40740.0,40740,3.1663463532278593e-09,3.1663464416720474e-09,7.375767422984134e-07,0.0,4.1351041211899515e-09,-9.687575940360395e-10,0.0
679,40800.0,40800,3.1662635142825517e-09,3.166263602745808e-09,7.376191864057498e-07,0.0,4.134981603055951e-09,-9.68717914802011e-10,0.0
680,40860.0,40860,299.999999946238,-5.376204338051141e-08,7.376616294423897e-07,300.0,8.008605021968196e-10,-5.4562903716741144e-08,0.0
681,40920.0,40920,299.99999994623795,-5.3762058934564644e-08,7.367636026704755e-07,300.0,8.008594266704014e-10,-5.456291819523449e-08,0.0
682,40980.0,40980,299.9999999462379,-5.376212720354376e-08,7.358655756448005e-07,300.0,8.008710137578662e-10,-5.456299805125791e-08,0.0
683,41040.0,41040,299.9999999462379,-5.376216234809347e-08,7.349675474541681e-07,300.0,8.008952142927798e-10,-5.4563057396328984e-08,0.0
684,41100.0,41100,299.9999999462379,-5.376218265729087e-08,7.3406951861802e-07,300.0,8.009320854505647e-10,-5.456311457668934e-08,0.0
685,41160.0,41160,299.9999999462379,-5.3762196101114616e-08,7.331714893509423e-07,300.0,8.009818163565794e-10,-5.4563177751440015e-08,0.0
686,41220.0,41220,299.9999999462379,-5.376218718293734e-08,7.322734597339749e-07,300.0,8.010447360765479e-10,-5.456323175303026e-08,0.0
687,41280.0,41280,299.9999999462379,-5.376220037773457e-08,7.313754301055988e-07,300.0,8.01121305349215e-10,-5.4563321517158014e-08,0.0
688,41340.0,41340,299.9999999462379,-5.376215821339106e-08,7.304774000618495e-07,300.0,8.012121683177402e-10,-5.4563370215879035e-08,0.0
689,41400.0,41400,299.9999999462379,-5.3762164923137377e-08,7.295793704882152e-07,300.0,8.01318108526315e-10,-5.456348286593758e-08,0.0
690,41460.0,41460,60.00000000046094,4.609367682121971e-10,7.286813405309432e-07,60.0,1.9400072919464423e-09,-1.479070509603421e-09,0.0
691,41520.0,41520,3.15322675568404e-09,3.153226846489017e-09,7.286841822011284e-07,0.0,4.124407011955903e-09,-9.71180077593903e-10,0.0
692,41580.0,41580,3.1512336365885105e-09,3.151233727790319e-09,7.287264343658366e-07,0.0,4.12283982180682e-09,-9.71606005746937e-10,0.0
693,41640.0,41640,3.1492809810627566e-09,3.1492810726558368e-09,7.287686572214347e-07,0.0,4.1213077764630685e-09,-9.720266151462978e-10,0.0
694,41700.0,41700,3.1473680881846914e-09,3.1473681801642646e-09,7.288108513545045e-07,0.0,4.119810208259194e-09,-9.724419390472519e-10,0.0
695,41760.0,41760,3.1454942764372546e-09,3.1454943687981094e-09,7.288530173417982e-07,0.0,4.118346468408589e-09,-9.728520101805225e-10,0.0
696,41820.0,41820,3.1436588830818085e-09,3.143658975819557e-09,7.288951557502159e-07,0.0,4.116915926379923e-09,-9.73256860752245e-10,0.0
697,41880.0,41880,3.141861263557979e-09,3.141861356668452e-09,7.289372671371838e-07,0.0,4.115517969295426e-09,-9.736565224443044e-10,0.0
698,41940.0,41940,3.140100790905439e-09,3.1401008843847704e-09,7.2897935205101e-07,0.0,4.114152001354662e-09,-9.740510264163219e-10,0.0
699,42000.0,42000,3.138376855211228e-09,3.1383769490558556e-09,7.290214110309068e-07,0.0,4.1128174432842876e-09,-9.744404033071327e-10,0.0
700,42060.0,42060,299.9999999462381,-5.376190036065747e-08,7.290634446075244e-07,300.0,8.025957259297658e-10,-5.456449592225724e-08,0.0
701,42120.0,42120,299.9999999462382,-5.376185447474478e-08,7.281654157771584e-07,300.0,8.027211084900398e-10,-5.456457541905044e-08,0.0
702,42180.0,42180,299.9999999462382,-5.376183443062437e-08,7.272673873891863e-07,300.0,8.028641795356499e-10,-5.45646984461413e-08,0.0
703,42240.0,42240,299.99999994623823,-5.376180456527439e-08,7.263693589668768e-07,300.0,8.030265387643748e-10,-5.456483094021935e-08,0.0
704,42300.0,42300,299.9999999462383,-5.376175481629755e-08,7.254713306238501e-07,300.0,8.03210149404872e-10,-5.4564964802122414e-08,0.0
705,42360.0,42360,299.9999999462383,-5.376173417583228e-08,7.245733026362396e-07,300.0,8.034174361681455e-10,-5.4565151448688716e-08,0.0
706,42420.0,42420,299.9999999462383,-5.376172351736325e-08,7.236752744573607e-07,300.0,8.036514683855475e-10,-5.456537482275118e-08,0.0
707,42480.0,42480,299.9999999462383,-5.3761733441125375e-08,7.227772458512885e-07,300.0,8.039161813935991e-10,-5.456564945988429e-08,0.0
708,42540.0,42540,299.9999999462383,-5.376177731281045e-08,7.218792163951774e-07,300.0,8.042167708281385e-10,-5.456599392141984e-08,0.0
709,42600.0,42600,299.9999999462382,-5.3761805520175356e-08,7.209811854299124e-07,300.0,8.045603561134571e-10,-5.456636571457708e-08,0.0
710,42660.0,42660,139.99999999899893,-1.0012024376169077e-09,7.200831531045074e-07,140.00000000000014,1.5427873381969482e-09,-2.543989759041667e-09,0.0
711,42720.0,42720,3.093371026033976e-09,3.093371133538962e-09,7.200626185572646e-07,0.0,4.0777867937916555e-09,-9.844155553535303e-10,0.0
712,42780.0,42780,3.087193223097995e-09,3.0871933330018208e-09,7.201039893668784e-07,0.0,4.0729835220372645e-09,-9.857900816578886e-10,0.0
713,42840.0,42840,3.081197532206657e-09,3.0811976444711415e-09,7.201452691834068e-07,0.0,4.068346696729887e-09,-9.87148942443812e-10,0.0
714,42900.0,42900,3.075376122811782e-09,3.075376237399006e-09,7.20186460626586e-07,0.0,4.0638688731497715e-09,-9.884925235386109e-10,0.0
715,42960.0,42960,3.0697216897973245e-09,3.069721806670194e-09,7.202275662043561e-07,0.0,4.059543114613536e-09,-9.898211933735475e-10,0.0
716,43020.0,43020,3.0642274079124142e-09,3.0642275270341384e-09,7.202685883202212e-07,0.0,4.055362947975124e-09,-9.911353040527403e-10,0.0
717,43080.0,43080,3.0588868908844488e-09,3.0588870122189328e-09,7.203095292800335e-07,0.0,4.051322323724634e-09,-9.924351923371314e-10,0.0
718,43140.0,43140,3.0536941546686873e-09,3.0536942781805307e-09,7.203503912983084e-07,0.0,4.047415580143727e-09,-9.937211805521677e-10,0.0
719,43200.0,43200,3.0486435843459426e-09,3.0486437100001788e-09,7.203911765040627e-07,0.0,4.043637411043763e-09,-9.94993577426832e-10,0.0
720,43260.0,43260,3.043729904258209e-09,3.0437300320205244e-09,7.204318869458071e-07,0.0,4.039982836676412e-09,-9.962526788697908e-10,0.0
721,43320.0,43320,3.0389481510142835e-09,3.038948280850841e-09,7.204725245966614e-07,0.0,4.036447177461357e-09,-9.974987686903872e-10,0.0
722,43380.0,43380,3.0342936490513283e-09,3.0342937809291167e-09,7.205130913587133e-07,0.0,4.033026030215249e-09,-9.987321192671108e-10,0.0
723,43440.0,43440,3.029761988473441e-09,3.0297621223597097e-09,7.20553589067066e-07,0.0,4.029715246613365e-09,-9.999529921699916e-10,0.0
724,43500.0,43500,3.025349004921461e-09,3.025349140784458e-09,7.205940194936854e-07,0.0,4.026510913639637e-09,-1.001161638740633e-09,0.0
725,43560.0,43560,3.0210507612651336e-09,3.0210508990733243e-09,7.20634384350914e-07,0.0,4.023409335818504e-09,-1.0023583006326324e-09,0.0
726,43620.0,43620,3.01686353092304e-09,3.016863670645542e-09,7.206746852947071e-07,0.0,4.020407019040482e-09,-1.003543210316632e-09,0.0
727,43680.0,43680,3.0127837826467533e-09,3.0127839242533343e-09,7.207149239275676e-07,0.0,4.017500655818165e-09,-1.004716591552643e-09,0.0
728,43740.0,43740,3.008808166621406e-09,3.0088083100824432e-09,7.207551018015156e-07,0.0,4.014687111829447e-09,-1.0058786598320057e-09,0.0
729,43800.0,43800,3.0049335017511535e-09,3.0049336470375017e-09,7.207952204204121e-07,0.0,4.011963413616155e-09,-1.0070296227914007e-09,0.0
730,43860.0,43860,3.0011567640136814e-09,3.001156911096672e-09,7.208352812426499e-07,0.0,4.009326737327905e-09,-1.0081696806017628e-09,0.0
731,43920.0,43920,2.9974750757812902e-09,2.997475224632908e-09,7.208752856831886e-07,0.0,4.006774398407976e-09,-1.0092990263326117e-09,0.0
732,43980.0,43980,2.9938856960147912e-09,2.99388584660741e-09,7.209152351157788e-07,0.0,4.004303842129598e-09,-1.010417846295425e-09,0.0
733,44040.0,44040,2.990386011251099e-09,2.9903861635577016e-09,7.209551308747962e-07,0.0,4.001912634905808e-09,-1.0115263203655301e-09,0.0
734,44100.0,44100,2.986973527305744e-09,2.9869736812998787e-09,7.209949742572881e-07,0.0,3.999598456296702e-09,-1.0126246222860487e-09,0.0
735,44160.0,44160,2.9836458616318295e-09,2.9836460172873474e-09,7.210347665242854e-07,0.0,3.9973590916532915e-09,-1.013712919953879e-09,0.0
736,44220.0,44220,2.9804007362699367e-09,2.9804008935615144e-09,7.210745089028152e-07,0.0,3.995192425337622e-09,-1.0147913756893678e-09,0.0
737,44280.0,44280,2.977235971338459e-09,2.9772361302409907e-09,7.21114202587135e-07,0.0,3.9930964344667755e-09,-1.01586014649065e-09,0.0
738,44340.0,44340,2.9741494790200626e-09,2.974149639509007e-09,7.211538487402676e-07,0.0,3.9910691831412275e-09,-1.0169193842739477e-09,0.0
739,44400.0,44400,2.9711392579918484e-09,2.9711394200432723e-09,7.211934484952457e-07,0.0,3.989108817100046e-09,-1.017969236100816e-09,0.0
740,44460.0,44460,2.968203388273755e-09,2.9682035518638117e-09,7.212330029563694e-07,0.0,3.987213558785781e-09,-1.0190098443925763e-09,0.0
741,44520.0,44520,2.9653400264487316e-09,2.9653401915544873e-09,7.212725132003731e-07,0.0,3.9853817027665335e-09,-1.0200413471335521e-09,0.0
742,44580.0,44580,2.962547401228924e-09,2.962547567827488e-09,7.213119802775487e-07,0.0,3.9836116114950326e-09,-1.0210638780631987e-09,0.0
743,44640.0,44640,2.9598238093382464e-09,2.9598239774074226e-09,7.213514052126909e-07,0.0,3.98190171137247e-09,-1.0220775668583806e-09,0.0
744,44700.0,44700,2.957167611683759e-09,2.9571677812016123e-09,7.213907890062536e-07,0.0,3.980250489093969e-09,-1.0230825393058039e-09,0.0
745,44760.0,44760,2.954577229795568e-09,2.9545774007407278e-09,7.214301326350057e-07,0.0,3.978656488250542e-09,-1.0240789174657996e-09,0.0
746,44820.0,44820,2.9520511425096185e-09,2.952051314861062e-09,7.214694370531103e-07,0.0,3.977118306168735e-09,-1.0250668198278275e-09,0.0
747,44880.0,44880,2.949587882878007e-09,2.9495880566152754e-09,7.215087031928913e-07,0.0,3.975634590966837e-09,-1.0260463614574282e-09,0.0
748,44940.0,44940,2.9471860352862192e-09,2.9471862103888116e-09,7.21547931965601e-07,0.0,3.974204038813112e-09,-1.0270176541367628e-09,0.0
749,45000.0,45000,2.9448442327621872e-09,2.9448444092104697e-09,7.215871242621095e-07,0.0,3.972825391368293e-09,-1.0279808064973292e-09,0.0
750,45060.0,45060,2.942561154462818e-09,2.942561332237375e-09,7.216262809536717e-07,0.0,3.971497433397253e-09,-1.0289359241467319e-09,0.0
751,45120.0,45120,2.940335523323894e-09,2.9403357024057002e-09,7.216654028925506e-07,0.0,3.970218990540472e-09,-1.0298831097886839e-09,0.0
752,45180.0,45180,2.938166103860818e-09,2.938166284231023e-09,7.217044909126503e-07,0.0,3.968988927228336e-09,-1.0308224633376992e-09,0.0
753,45240.0,45240,2.936051700109359e-09,2.936051881749676e-09,7.217435458301393e-07,0.0,3.967806144732289e-09,-1.0317540820281506e-09,0.0
754,45300.0,45300,2.933991153697398e-09,2.9339913365898874e-09,7.217825684439619e-07,0.0,3.9666695793383516e-09,-1.032678060517994e-09,0.0
755,45360.0,45360,2.931983342034905e-09,2.931983526161758e-09,7.218215595364608e-07,0.0,3.965578200637526e-09,-1.0335944909874771e-09,0.0
756,45420.0,45420,2.9300271766158973e-09,2.9300273619599576e-09,7.218605198737995e-07,0.0,3.9645310099219145e-09,-1.034503463233765e-09,0.0
757,45480.0,45480,2.928121601424687e-09,2.928121787969144e-09,7.218994502064851e-07,0.0,3.963527038680281e-09,-1.0354050647606775e-09,0.0
758,45540.0,45540,2.9262655914386847e-09,2.9262657791666423e-09,7.219383512698466e-07,0.0,3.962565347186547e-09,-1.036299380864141e-09,0.0
759,45600.0,45600,2.924458151217294e-09,2.924458340112637e-09,7.21977223784535e-07,0.0,3.961645023171307e-09,-1.0371864947145408e-09,0.0
760,45660.0,45660,2.9226983135792866e-09,2.9226985036259005e-09,7.220160684567681e-07,0.0,3.9607651805762105e-09,-1.038066487434516e-09,0.0
761,45720.0,45720,2.920985138351542e-09,2.92098532953379e-09,7.220548859789865e-07,0.0,3.959924958378846e-09,-1.03893943817367e-09,0.0
762,45780.0,45780,2.919317711195841e-09,2.9193179034983465e-09,7.22093677030009e-07,0.0,3.959123519489297e-09,-1.0398054241796082e-09,0.0
763,45840.0,45840,2.917695142499032e-09,2.9176953359066793e-09,7.221324422755671e-07,0.0,3.958360049708323e-09,-1.0406645208663413e-09,0.0
764,45900.0,45900,2.916116566326137e-09,2.9161167608240713e-09,7.221711823685266e-07,0.0,3.95763375674758e-09,-1.0415168018792635e-09,0.0
765,45960.0,45960,2.9145811394345747e-09,2.914581335008288e-09,7.222098979494216e-07,0.0,3.956943869303735e-09,-1.0423623391572448e-09,0.0
766,46020.0,46020,2.913088040340455e-09,2.9130882369758305e-09,7.222485896465325e-07,0.0,3.956289636185796e-09,-1.0432012029925734e-09,0.0
767,46080.0,46080,2.9116364684371807e-09,2.911636666120189e-09,7.222872580763531e-07,0.0,3.955670325490085e-09,-1.0440334620875196e-09,0.0
768,46140.0,46140,2.910225643162213e-09,2.910225841879085e-09,7.223259038439125e-07,0.0,3.955085223821221e-09,-1.0448591836090321e-09,0.0
769,46200.0,46200,2.908854803207492e-09,2.9088550029449357e-09,7.223645275429647e-07,0.0,3.954533635555958e-09,-1.0456784332412209e-09,0.0
770,46260.0,46260,2.9075232057729457e-09,2.907523406517844e-09,7.224031297563109e-07,0.0,3.9540148821460005e-09,-1.046491275234927e-09,0.0
771,46320.0,46320,2.9062301258584413e-09,2.9062303275977627e-09,7.224417110560886e-07,0.0,3.953528301457207e-09,-1.0472977724562091e-09,0.0
772,46380.0,46380,2.9049748555934785e-09,2.904975058314584e-09,7.224802720039494e-07,0.0,3.953073247146377e-09,-1.0480979864314403e-09,0.0
773,46440.0,46440,2.9037567036007247e-09,2.9037569072911043e-09,7.225188131514928e-07,0.0,3.952649088067905e-09,-1.0488919773921888e-09,0.0
774,46500.0,46500,2.9025749943907764e-09,2.902575199038355e-09,7.225573350401997e-07,0.0,3.952255207711687e-09,-1.049679804317079e-09,0.0
775,46560.0,46560,2.901429067791236e-09,2.9014292733839817e-09,7.225958382019433e-07,0.0,3.951891003671673e-09,-1.0504615249721978e-09,0.0
776,46620.0,46620,2.9003182783992897e-09,2.9003184849256484e-09,7.226343231590672e-07,0.0,3.951555887138538e-09,-1.0512371959500788e-09,0.0
777,46680.0,46680,2.8992419950664254e-09,2.899242202514843e-09,7.226727904246197e-07,0.0,3.9512492824200175e-09,-1.0520068727067745e-09,0.0
778,46740.0,46740,2.898199600403088e-09,2.898199808762228e-09,7.227112405025637e-07,0.0,3.950970626482789e-09,-1.0527706095982124e-09,0.0
779,46800.0,46800,2.8971904903123086e-09,2.897190699571182e-09,7.227496738880332e-07,0.0,3.950719368519762e-09,-1.053528459913684e-09,0.0
780,46860.0,46860,2.8962140735420527e-09,2.8962142836898438e-09,7.227880910673781e-07,0.0,3.950494969535783e-09,-1.0542804759096275e-09,0.0
781,46920.0,46920,2.895269771259938e-09,2.895269982285961e-09,7.228264925184635e-07,0.0,3.9502969019537205e-09,-1.0550267088408905e-09,0.0
782,46980.0,46980,2.8943570166484113e-09,2.8943572285423723e-09,7.228648787109266e-07,0.0,3.950124649240433e-09,-1.0557672089915044e-09,0.0
783,47040.0,47040,2.893475254518211e-09,2.8934754672696854e-09,7.229032501061087e-07,0.0,3.949977705549117e-09,-1.0565020257034611e-09,0.0
784,47100.0,47100,2.892623940939727e-09,2.892624154538811e-09,7.229416071573901e-07,0.0,3.949855575379207e-09,-1.0572312074053804e-09,0.0
785,47160.0,47160,2.8918025428898655e-09,2.891802757326743e-09,7.229799503104113e-07,0.0,3.94975777325021e-09,-1.0579548016394837e-09,0.0
786,47220.0,47220,2.891010537917332e-09,2.8910107531824034e-09,7.230182800030406e-07,0.0,3.949683823392574e-09,-1.0586728550871785e-09,0.0
787,47280.0,47280,2.8902474138199427e-09,2.890247629903739e-09,7.23056596665718e-07,0.0,3.949633259450761e-09,-1.0593854135948147e-09,0.0
788,47340.0,47340,2.8895126683381002e-09,2.8895128852314135e-09,7.230949007213561e-07,0.0,3.949605624200519e-09,-1.0600925221971194e-09,0.0
789,47400.0,47400,2.8888058088609473e-09,2.8888060265545686e-09,7.231331925858392e-07,0.0,3.949600469278102e-09,-1.0607942251410102e-09,0.0
790,47460.0,47460,2.8881263521447285e-09,2.8881265706298834e-09,7.231714726677689e-07,0.0,3.949617354921049e-09,-1.0614905659071073e-09,0.0
791,47520.0,47520,2.8874738240437893e-09,2.8874740433116175e-09,7.232097413689968e-07,0.0,3.9496558497200714e-09,-1.0621815872320804e-09,0.0
792,47580.0,47580,2.886847759251874e-09,2.886847979293992e-09,7.232479990843358e-07,0.0,3.949715530382766e-09,-1.0628673311288581e-09,0.0
793,47640.0,47640,2.8862477010566675e-09,2.8862479218643885e-09,7.232862462020384e-07,0.0,3.949795981506267e-09,-1.0635478389066957e-09,0.0
794,47700.0,47700,2.885673201100159e-09,2.8856734226654906e-09,7.233244831037298e-07,0.0,3.9498967953576804e-09,-1.064223151190481e-09,0.0
795,47760.0,47760,2.885123819153123e-09,2.885124041467856e-09,7.233627101645967e-07,0.0,3.9500175716666756e-09,-1.0648933079389572e-09,0.0
796,47820.0,47820,2.884599122896244e-09,2.8845993459525593e-09,7.234009277535101e-07,0.0,3.950157917425592e-09,-1.0655583484629544e-09,0.0
797,47880.0,47880,2.8840986877104957e-09,2.884098911500662e-09,7.234391362330361e-07,0.0,3.950317446695456e-09,-1.0662183114423947e-09,0.0
798,47940.0,47940,2.8836220964757278e-09,2.883622320992144e-09,7.234773359597253e-07,0.0,3.950495780421681e-09,-1.066873234942788e-09,0.0
799,48000.0,48000,2.883168939376812e-09,2.8831691646119634e-09,7.235155272841121e-07,0.0,3.950692546256981e-09,-1.0675231564314753e-09,0.0
800,48060.0,48060,2.8827388137182114e-09,2.8827390396648444e-09,7.235537105506712e-07,0.0,3.950907378390747e-09,-1.068168112792844e-09,0.0
801,48120.0,48120,2.88233132374455e-09,2.882331550395454e-09,7.235918860983172e-07,0.0,3.9511399173837416e-09,-1.0688081403433556e-09,0.0
802,48180.0,48180,2.881946080468125e-09,2.8819463078161765e-09,7.236300542601381e-07,0.0,3.95138981001202e-09,-1.0694432748460755e-09,0.0
803,48240.0,48240,2.881582701504069e-09,2.881582929542536e-09,7.236682153636176e-07,0.0,3.951656709113871e-09,-1.0700735515239751e-09,0.0
804,48300.0,48300,2.881240810908812e-09,2.8812410396310046e-09,7.237063697307576e-07,0.0,3.951940273443089e-09,-1.0706990050738857e-09,0.0
805,48360.0,48360,2.8809200390277495e-09,2.8809202684269355e-09,7.237445176781001e-07,0.0,3.952240167528672e-09,-1.0713196696794203e-09,0.0
806,48420.0,48420,2.8806200223459545e-09,2.8806202524156184e-09,7.23782659516972e-07,0.0,3.952556061538303e-09,-1.0719355790229521e-09,0.0
807,48480.0,48480,2.8803404033450126e-09,2.880340634078943e-09,7.238207955533627e-07,0.0,3.952887631148048e-09,-1.0725467662983728e-09,0.0
808,48540.0,48540,2.880080830365763e-09,2.8800810617576186e-09,7.238589260881358e-07,0.0,3.9532345574147314e-09,-1.0731532642219083e-09,0.0
809,48600.0,48600,2.879840957473214e-09,2.8798411895170435e-09,7.238970514171173e-07,0.0,3.953596526654976e-09,-1.0737551050443793e-09,0.0
810,48660.0,48660,2.879620444330056e-09,2.8796206770198223e-09,7.239351718311186e-07,0.0,3.95397323032666e-09,-1.0743523205611797e-09,0.0
811,48720.0,48720,2.87941895606996e-09,2.879419189399712e-09,7.239732876160805e-07,0.0,3.954364364914985e-09,-1.0749449421233965e-09,0.0
812,48780.0,48780,2.879236163178997e-09,2.879236397143001e-09,7.240113990530844e-07,0.0,3.954769631822849e-09,-1.0755330006475838e-09,0.0
813,48840.0,48840,2.879071741378707e-09,2.879071975971404e-09,7.240495064184976e-07,0.0,3.955188737264248e-09,-1.0761165266259254e-09,0.0
814,48900.0,48900,2.8789253715140366e-09,2.8789256067299096e-09,7.240876099840384e-07,0.0,3.95562139216116e-09,-1.076695550135444e-09,0.0
815,48960.0,48960,2.8787967394440953e-09,2.8787969752776716e-09,7.24125710016756e-07,0.0,3.956067312044299e-09,-1.0772701008474707e-09,0.0
816,49020.0,49020,2.8786855359373894e-09,2.8786857723834565e-09,7.241638067792397e-07,0.0,3.9565262169568095e-09,-1.0778402080362443e-09,0.0
817,49080.0,49080,2.8785914565690074e-09,2.87859169362244e-09,7.242019005295424e-07,0.0,3.956997831360323e-09,-1.0784059005879028e-09,0.0
818,49140.0,49140,2.878514201623369e-09,2.8785144392790415e-09,7.242399915214361e-07,0.0,3.957481884044776e-09,-1.0789672070084004e-09,0.0
819,49200.0,49200,2.8784534759964917e-09,2.8784537142493657e-09,7.24278080004278e-07,0.0,3.957978108041286e-09,-1.0795241554319769e-09,0.0
820,49260.0,49260,2.8784089891055593e-09,2.8784092279508568e-09,7.243161662232667e-07,0.0,3.9584862405367495e-09,-1.0800767736285522e-09,0.0
821,49320.0,49320,2.878380454796358e-09,2.878380694229257e-09,7.24354250419342e-07,0.0,3.959006022791099e-09,-1.0806250890117089e-09,0.0
822,49380.0,49380,2.8783675912587506e-09,2.8783678312746046e-09,7.243923328293405e-07,0.0,3.959537200057948e-09,-1.0811691286455647e-09,0.0
823,49440.0,49440,2.878370120938763e-09,2.878370361532924e-09,7.244304136860514e-07,0.0,3.9600795215064446e-09,-1.081708919252451e-09,0.0
824,49500.0,49500,2.8783877704600946e-09,2.878388011628262e-09,7.244684932182494e-07,0.0,3.960632740146784e-09,-1.082244487218895e-09,0.0
825,49560.0,49560,2.878420270541155e-09,2.8784205122788115e-09,7.245065716507623e-07,0.0,3.961196612756101e-09,-1.0827758586035262e-09,0.0
826,49620.0,49620,2.8784673559187907e-09,2.8784675982217233e-09,7.245446492046033e-07,0.0,3.961770899807241e-09,-1.083303059142081e-09,0.0
827,49680.0,49680,2.8785287652731414e-09,2.8785290081370932e-09,7.245827260968496e-07,0.0,3.9623553654009095e-09,-1.0838261142549189e-09,0.0
828,49740.0,49740,2.8786042411537116e-09,2.878604484574556e-09,7.246208025409087e-07,0.0,3.962949777197086e-09,-1.0843450490522871e-09,0.0
829,49800.0,49800,2.8786935299085704e-09,2.878693773882268e-09,7.246588787464076e-07,0.0,3.963553906350089e-09,-1.0848598883405122e-09,0.0
830,49860.0,49860,2.8787963816150698e-09,2.8787966261377553e-09,7.246969549193483e-07,0.0,3.96416752744577e-09,-1.0853706566275474e-09,0.0
831,49920.0,49920,2.8789125500118253e-09,2.878912795079719e-09,7.2473503126223e-07,0.0,3.964790418438087e-09,-1.0858773781287726e-09,0.0
832,49980.0,49980,2.879041792433692e-09,2.8790420380429283e-09,7.247731079737604e-07,0.0,3.965422360590046e-09,-1.0863800767721182e-09,0.0
833,50040.0,50040,2.8791838697484333e-09,2.879184115895364e-09,7.248111852493886e-07,0.0,3.9660631384147904e-09,-1.0868787762029972e-09,0.0
834,50100.0,50100,2.8793385462923085e-09,2.879338792973285e-09,7.24849263281006e-07,0.0,3.966712539617706e-09,-1.0873734997900804e-09,0.0
835,50160.0,50160,2.8795055898123434e-09,2.879505837023847e-09,7.248873422570456e-07,0.0,3.967370355042079e-09,-1.0878642706294776e-09,0.0
836,50220.0,50220,2.8796847714050433e-09,2.8796850191437297e-09,7.2492542236276e-07,0.0,3.968036378613157e-09,-1.0883511115499506e-09,0.0
837,50280.0,50280,2.8798758654597965e-09,2.87987611372206e-09,7.249635037799772e-07,0.0,3.968710407286236e-09,-1.0888340451172776e-09,0.0
838,50340.0,50340,2.880078649602493e-09,2.8800788983852064e-09,7.250015866873004e-07,0.0,3.969392240994672e-09,-1.0893130936386519e-09,0.0
839,50400.0,50400,2.8802929046409695e-09,2.8802931539407885e-09,7.250396712601193e-07,0.0,3.970081682599836e-09,-1.0897882791674915e-09,0.0
840,50460.0,50460,2.880518414511845e-09,2.8805186643256857e-09,7.250777576706989e-07,0.0,3.97077853784148e-09,-1.0902596235068282e-09,0.0
841,50520.0,50520,2.880754966227006e-09,2.8807552165518274e-09,7.251158460881464e-07,0.0,3.971482615289551e-09,-1.090727148214508e-09,0.0
842,50580.0,50580,2.8810023498250453e-09,2.88100260065772e-09,7.251539366784775e-07,0.0,3.972193726298681e-09,-1.0911908746062543e-09,0.0
843,50640.0,50640,2.8812603583197033e-09,2.8812606096573653e-09,7.251920296047612e-07,0.0,3.972911684960099e-09,-1.0916508237598585e-09,0.0
844,50700.0,50700,2.8815287876520473e-09,2.8815290394919593e-09,7.252301250270313e-07,0.0,3.973636308058977e-09,-1.0921070165189275e-09,0.0
845,50760.0,50760,2.8818074366433397e-09,2.881807688982592e-09,7.252682231023744e-07,0.0,3.974367415029908e-09,-1.0925594734966611e-09,0.0
846,50820.0,50820,2.882096106948391e-09,2.8820963597842036e-09,7.253063239849418e-07,0.0,3.9751048279138206e-09,-1.093008215079242e-09,0.0
847,50880.0,50880,2.8823946030106883e-09,2.8823948563404113e-09,7.253444278261268e-07,0.0,3.975848371317014e-09,-1.0934532614293845e-09,0.0
848,50940.0,50940,2.8827027320182218e-09,2.8827029858391627e-09,7.253825347743986e-07,0.0,3.9765978723702e-09,-1.0938946324896052e-09,0.0
849,51000.0,51000,2.8830203038592673e-09,2.88302055816895e-09,7.254206449754799e-07,0.0,3.9773531606875895e-09,-1.0943323479854351e-09,0.0
850,51060.0,51060,2.8833471310820335e-09,2.883347385877895e-09,7.25458758572391e-07,0.0,3.978114068329183e-09,-1.0947664274286687e-09,0.0
851,51120.0,51120,2.8836830288513995e-09,2.883683284131138e-09,7.254968757053724e-07,0.0,3.97888042976112e-09,-1.0951968901208911e-09,0.0
852,51180.0,51180,2.8840278149097367e-09,2.8840280706708326e-09,7.25534996512074e-07,0.0,3.979652081819756e-09,-1.0956237551555754e-09,0.0
853,51240.0,51240,2.884381309537468e-09,2.8843815657778804e-09,7.255731211274321e-07,0.0,3.98042886367474e-09,-1.0960470414215996e-09,0.0
854,51300.0,51300,2.8847433355130635e-09,2.8847435922302292e-09,7.256112496838592e-07,0.0,3.981210616791311e-09,-1.0964667676061367e-09,0.0
855,51360.0,51360,2.8851137180763367e-09,2.885113975268301e-09,7.256493823111766e-07,0.0,3.9819971848977694e-09,-1.0968829521971507e-09,0.0
856,51420.0,51420,2.8854922848910035e-09,2.8854925425554213e-09,7.256875191367263e-07,0.0,3.982788413949117e-09,-1.0972956134862317e-09,0.0
857,51480.0,51480,2.885878866007979e-09,2.885879124142982e-09,7.257256602852814e-07,0.0,3.983584152094828e-09,-1.0977047695712564e-09,0.0
858,51540.0,51540,2.8862732938310603e-09,2.886273552434564e-09,7.257638058792245e-07,0.0,3.984384249645103e-09,-1.098110438358863e-09,0.0
859,51600.0,51600,2.886675403079967e-09,2.8866756621500164e-09,7.258019560385027e-07,0.0,3.985188559037675e-09,-1.0985126375668854e-09,0.0
860,51660.0,51660,2.8870850307582374e-09,2.8870852902928787e-09,7.258401108806392e-07,0.0,3.9859969348077196e-09,-1.0989113847270115e-09,0.0
861,51720.0,51720,2.8875020161186147e-09,2.887502276115936e-09,7.258782705209111e-07,0.0,3.986809233555835e-09,-1.0993066971868265e-09,0.0
862,51780.0,51780,2.887926200630161e-09,2.8879264610883814e-09,7.259164350722047e-07,0.0,3.987625313917377e-09,-1.099698592112635e-09,0.0
863,51840.0,51840,2.8883574279468137e-09,2.888357688864153e-09,7.259546046450823e-07,0.0,3.988445036532883e-09,-1.1000870864907755e-09,0.0
864,51900.0,51900,2.888795543876066e-09,2.8887958052508293e-09,7.25992779347849e-07,0.0,3.989268264019444e-09,-1.1004721971308677e-09,0.0
865,51960.0,51960,2.889240396346477e-09,2.8892406581767536e-09,7.260309592866747e-07,0.0,3.990094860939952e-09,-1.1008539406672775e-09,0.0
866,52020.0,52020,2.8896918353786144e-09,2.889692097663188e-09,7.260691445654167e-07,0.0,3.99092469377691e-09,-1.1012323335613868e-09,0.0
867,52080.0,52080,2.8901497130553853e-09,2.890149975792519e-09,7.261073352859307e-07,0.0,3.991757630903459e-09,-1.101607392103614e-09,0.0
868,52140.0,52140,2.8906138834928935e-09,2.8906141466809356e-09,7.261455315477373e-07,0.0,3.992593542557015e-09,-1.1019791324154218e-09,0.0
869,52200.0,52200,2.891084202810075e-09,2.89108446644781e-09,7.261837334483664e-07,0.0,3.993432300811376e-09,-1.1023475704511966e-09,0.0
870,52260.0,52260,2.8915605291038106e-09,2.891560793189631e-09,7.262219410832577e-07,0.0,3.9942737795525375e-09,-1.1027127220000292e-09,0.0
871,52320.0,52320,2.892042722418174e-09,2.8920429869507775e-09,7.26260154545805e-07,0.0,3.995117854450539e-09,-1.1030746026878976e-09,0.0
872,52380.0,52380,2.8925306447188467e-09,2.8925309096969296e-09,7.262983739273002e-07,0.0,3.995964402935273e-09,-1.1034332279789257e-09,0.0
873,52440.0,52440,2.8930241598675774e-09,2.893024425289533e-09,7.263365993171783e-07,0.0,3.996813304172942e-09,-1.1037886131777305e-09,0.0
874,52500.0,52500,2.893523133593342e-09,2.893523399458344e-09,7.263748308027618e-07,0.0,3.997664439039694e-09,-1.104140773430539e-09,0.0
875,52560.0,52560,2.8940274334692337e-09,2.894027699775936e-09,7.264130684695826e-07,0.0,3.998517690097948e-09,-1.1044897237273939e-09,0.0
876,52620.0,52620,2.8945369288867505e-09,2.894537195633938e-09,7.264513124010934e-07,0.0,3.999372941574417e-09,-1.1048354789032704e-09,0.0
877,52680.0,52680,2.895051491029864e-09,2.89505175821645e-09,7.264895626790346e-07,0.0,4.000230079335218e-09,-1.105178053640022e-09,0.0
878,52740.0,52740,2.895570992852562e-09,2.8955712604773295e-09,7.265278193831227e-07,0.0,4.00108899086446e-09,-1.1055174624679971e-09,0.0
879,52800.0,52800,2.8960953090530035e-09,2.8960955771151283e-09,7.26566082591395e-07,0.0,4.0019495652404815e-09,-1.1058537197669186e-09,0.0
880,52860.0,52860,2.896624316052324e-09,2.8966245845506762e-09,7.266043523799208e-07,0.0,4.0028116931157834e-09,-1.1061868397683715e-09,0.0
881,52920.0,52920,2.897157891969528e-09,2.897158160903196e-09,7.26642628823046e-07,0.0,4.003675266693536e-09,-1.1065168365563123e-09,0.0
882,52980.0,52980,2.897695916600423e-09,2.8976961859684075e-09,7.266809119934038e-07,0.0,4.004540179707981e-09,-1.1068437240689917e-09,0.0
883,53040.0,53040,2.8982382713945554e-09,2.898238541195944e-09,7.267192019618594e-07,0.0,4.0054063274021526e-09,-1.1071675161001817e-09,0.0
884,53100.0,53100,2.898784839433621e-09,2.898785109667719e-09,7.267574987975104e-07,0.0,4.0062736065091595e-09,-1.1074882263006841e-09,0.0
885,53160.0,53160,2.8993355054100104e-09,2.899335776075906e-09,7.267958025678413e-07,0.0,4.007141915229853e-09,-1.107805868179287e-09,0.0
886,53220.0,53220,2.899890155605871e-09,2.8998904267028685e-09,7.26834113338625e-07,0.0,4.008011153215153e-09,-1.108120455104546e-09,0.0
887,53280.0,53280,2.9004486778718663e-09,2.9004489493992273e-09,7.268724311740102e-07,0.0,4.008881221544675e-09,-1.108432000305456e-09,0.0
888,53340.0,53340,2.9010109616070236e-09,2.9010112335639234e-09,7.269107561365117e-07,0.0,4.009752022708837e-09,-1.1087405168733637e-09,0.0
889,53400.0,53400,2.9015768977389263e-09,2.901577170124713e-09,7.269490882870314e-07,0.0,4.010623460589875e-09,-1.10904601776264e-09,0.0
890,53460.0,53460,2.9021463787037753e-09,2.9021466515179274e-09,7.269874276849258e-07,0.0,4.011495440442906e-09,-1.1093485157920494e-09,0.0
891,53520.0,53520,2.902719298426541e-09,2.9027195716684945e-09,7.270257743879614e-07,0.0,4.0123678688770784e-09,-1.1096480236457692e-09,0.0
892,53580.0,53580,2.9032955523033273e-09,2.9032958259725605e-09,7.270641284523811e-07,0.0,4.013240653839283e-09,-1.1099445538749762e-09,0.0
893,53640.0,53640,2.9038750371804787e-09,2.9038753112762533e-09,7.27102489932927e-07,0.0,4.0141137045951226e-09,-1.1102381188984324e-09,0.0
894,53700.0,53700,2.904457651338031e-09,2.9044579258600866e-09,7.271408588828506e-07,0.0,4.014986931712504e-09,-1.1105287310037014e-09,0.0
895,53760.0,53760,2.9050432944701664e-09,2.9050435694179818e-09,7.271792353539138e-07,0.0,4.015860247042777e-09,-1.1108164023483647e-09,0.0
896,53820.0,53820,2.905631867668837e-09,2.9056321430420643e-09,7.272176193964107e-07,0.0,4.016733563706664e-09,-1.1111011449609553e-09,0.0
897,53880.0,53880,2.906223273404696e-09,2.90622354920277e-09,7.272560110592453e-07,0.0,4.017606796075326e-09,-1.1113829707419352e-09,0.0
898,53940.0,53940,2.906817415510289e-09,2.9068176917330802e-09,7.272944103899318e-07,0.0,4.0184798597549806e-09,-1.1116618914647381e-09,0.0
899,54000.0,54000,2.907414199164156e-09,2.907414475811187e-09,7.273328174345274e-07,0.0,4.019352671571181e-09,-1.1119379187767029e-09,0.0
900,54060.0,54060,2.90801353087185e-09,2.9080138079427294e-09,7.273712322376998e-07,0.0,4.020225149552222e-09,-1.112211064200268e-09,0.0
901,54120.0,54120,2.908615318451734e-09,2.908615595946375e-09,7.274096548428267e-07,0.0,4.021097212914852e-09,-1.1124813391333848e-09,0.0
902,54180.0,54180,2.909219471017735e-09,2.909219748936007e-09,7.274480852919733e-07,0.0,4.021968782047766e-09,-1.1127487548511454e-09,0.0
903,54240.0,54240,2.909825898962753e-09,2.909826177304309e-09,7.274865236257708e-07,0.0,4.022839778496096e-09,-1.1130133225058055e-09,0.0
904,54300.0,54300,2.910434513945197e-09,2.910434792709819e-09,7.27524969883694e-07,0.0,4.023710124949473e-09,-1.1132750531285426e-09,0.0
905,54360.0,54360,2.9110452288705207e-09,2.91104550805834e-09,7.275634241038718e-07,0.0,4.024579745223951e-09,-1.113533957629739e-09,0.0
906,54420.0,54420,2.9116579578784574e-09,2.9116582374890824e-09,7.276018863231324e-07,0.0,4.025448564250108e-09,-1.1137900467999802e-09,0.0
907,54480.0,54480,2.912272616326944e-09,2.912272896360506e-09,7.276403565771365e-07,0.0,4.026316508057453e-09,-1.1140433313110546e-09,0.0
908,54540.0,54540,2.9128891207776615e-09,2.912889401234159e-09,7.276788349002214e-07,0.0,4.0271835037613946e-09,-1.1142938217165174e-09,0.0
909,54600.0,54600,2.913507388981739e-09,2.9135076698609555e-09,7.27717321325657e-07,0.0,4.0280494795492115e-09,-1.114541528452669e-09,0.0
910,54660.0,54660,2.914127339864904e-09,2.9141276211669267e-09,7.277558158853567e-07,0.0,4.028914364666371e-09,-1.114786461839075e-09,0.0
911,54720.0,54720,2.914748893514492e-09,2.914749175239494e-09,7.277943186101884e-07,0.0,4.0297780894045376e-09,-1.115028632079631e-09,0.0
912,54780.0,54780,2.9153719711644605e-09,2.915372253312486e-09,7.278328295298749e-07,0.0,4.030640585085982e-09,-1.115268049263193e-09,0.0
913,54840.0,54840,2.9159964951826225e-09,2.915996777753671e-09,7.27871348672849e-07,0.0,4.031501784053549e-09,-1.1155047233644664e-09,0.0
914,54900.0,54900,2.9166223890568295e-09,2.9166226720511617e-09,7.279098760665428e-07,0.0,4.0323616196560576e-09,-1.1157386642441375e-09,0.0
915,54960.0,54960,2.9172495773822474e-09,2.9172498607999935e-09,7.279484117372652e-07,0.0,4.033220026236709e-09,-1.1159698816505892e-09,0.0
916,55020.0,55020,2.917877985848064e-09,2.9178782696893108e-09,7.27986955710169e-07,0.0,4.034076939120619e-09,-1.1161983852195305e-09,0.0
917,55080.0,55080,2.918507541224372e-09,2.9185078254895977e-09,7.280255080094504e-07,0.0,4.034932294602741e-09,-1.1164241844754538e-09,0.0
918,55140.0,55140,2.9191381713504843e-09,2.9191384560398626e-09,7.280640686580713e-07,0.0,4.035786029935617e-09,-1.1166472888319366e-09,0.0
919,55200.0,55200,2.9197698051225985e-09,2.9197700902362162e-09,7.281026376781263e-07,0.0,4.036638083318827e-09,-1.1168677075923382e-09,0.0
920,55260.0,55260,2.92040237247968e-09,2.920402658018145e-09,7.281412150905873e-07,0.0,4.037488393885865e-09,-1.1170854499506023e-09,0.0
921,55320.0,55320,2.9210358043949045e-09,2.9210360903581736e-09,7.281798009153582e-07,0.0,4.038336901693981e-09,-1.117300524991692e-09,0.0
922,55380.0,55380,2.9216700328601096e-09,2.921670319248877e-09,7.282183951714758e-07,0.0,4.039183547712969e-09,-1.1175129416922842e-09,0.0
923,55440.0,55440,2.922304990877539e-09,2.9223052776921538e-09,7.282569978768982e-07,0.0,4.040028273813141e-09,-1.1177227089214653e-09,0.0
924,55500.0,55500,2.9229406124460784e-09,2.922940899686713e-09,7.282956090485719e-07,0.0,4.040871022755809e-09,-1.1179298354411644e-09,0.0
925,55560.0,55560,2.923576832550998e-09,2.9235771202182606e-09,7.283342287026646e-07,0.0,4.04171173818182e-09,-1.118134329906828e-09,0.0
926,55620.0,55620,2.9242135871532284e-09,2.9242138752476407e-09,7.283728568542101e-07,0.0,4.042550364601525e-09,-1.1183362008680703e-09,0.0
927,55680.0,55680,2.924850813177242e-09,2.9248511016992815e-09,7.284114935174081e-07,0.0,4.04338684738422e-09,-1.1185354567691301e-09,0.0
928,55740.0,55740,2.9254884485021024e-09,2.9254887374521602e-09,7.284501387055023e-07,0.0,4.044221132747594e-09,-1.1187321059493048e-09,0.0
929,55800.0,55800,2.926126431949e-09,2.9261267213277713e-09,7.28488792430913e-07,0.0,4.045053167748517e-09,-1.118926156643884e-09,0.0
930,55860.0,55860,2.926764703272435e-09,2.926764993080571e-09,7.28527454705049e-07,0.0,4.045882900273229e-09,-1.1191176169842154e-09,0.0
931,55920.0,55920,2.927403203149488e-09,2.9274034933874664e-09,7.285661255385407e-07,0.0,4.046710279026517e-09,-1.1193064949986163e-09,0.0
932,55980.0,55980,2.928041873169351e-09,2.9280421638376063e-09,7.286048049411512e-07,0.0,4.047535253523559e-09,-1.119492798612678e-09,0.0
933,56040.0,56040,2.92868065582386e-09,2.9286809469233478e-09,7.286434929217427e-07,0.0,4.048357774079835e-09,-1.119676535649787e-09,0.0
934,56100.0,56100,2.929319494497808e-09,2.9293197860292668e-09,7.286821894883882e-07,0.0,4.0491777918014945e-09,-1.1198577138316239e-09,0.0
935,56160.0,56160,2.9299583334597366e-09,2.929958625423731e-09,7.287208946483152e-07,0.0,4.049995258578054e-09,-1.1200363407787728e-09,0.0
936,56220.0,56220,2.9305971178509903e-09,2.9305974102482154e-09,7.287596084079844e-07,0.0,4.050810127070496e-09,-1.1202124240110894e-09,0.0
937,56280.0,56280,2.9312357936790706e-09,2.931236086510134e-09,7.287983307729999e-07,0.0,4.051622350705667e-09,-1.1203859709479832e-09,0.0
938,56340.0,56340,2.931874307805213e-09,2.931874601071201e-09,7.288370617482323e-07,0.0,4.052431883665156e-09,-1.1205569889093962e-09,0.0
939,56400.0,56400,2.932512607939175e-09,2.9325129016407826e-09,7.28875801337729e-07,0.0,4.053238680879043e-09,-1.1207254851157362e-09,0.0
940,56460.0,56460,2.933150642626858e-09,2.9331509367649107e-09,7.289145495448593e-07,0.0,4.054042698014862e-09,-1.1208914666884204e-09,0.0
941,56520.0,56520,2.9337883612441373e-09,2.9337886558195904e-09,7.289533063721474e-07,0.0,4.054843891471438e-09,-1.1210549406506794e-09,0.0
942,56580.0,56580,2.934425713987351e-09,2.9344260090010293e-09,7.289920718214501e-07,0.0,4.055642218370413e-09,-1.1212159139274692e-09,0.0
943,56640.0,56640,2.9350626518654805e-09,2.93506294731821e-09,7.290308458938796e-07,0.0,4.056437636547992e-09,-1.1213743933462545e-09,0.0
944,56700.0,56700,2.9356991266903786e-09,2.9356994225831147e-09,7.290696285898471e-07,0.0,4.057230104546219e-09,-1.1215303856372026e-09,0.0
945,56760.0,56760,2.9363350910706013e-09,2.93633538740443e-09,7.291084199090525e-07,0.0,4.058019581607627e-09,-1.121683897433771e-09,0.0
946,56820.0,56820,2.9369704984028935e-09,2.936970795178727e-09,7.291472198505283e-07,0.0,4.058806027665427e-09,-1.1218349352728807e-09,0.0
947,56880.0,56880,2.937605302863285e-09,2.9376056000820786e-09,7.291860284125845e-07,0.0,4.0595894033372935e-09,-1.1219835055956328e-09,0.0
948,56940.0,56940,2.938239459400837e-09,2.938239757063546e-09,7.292248455929081e-07,0.0,4.060369669916807e-09,-1.1221296147470918e-09,0.0
949,57000.0,57000,2.9388729237289525e-09,2.9388732218368373e-09,7.292636713885191e-07,0.0,4.061146789368115e-09,-1.1222732689775224e-09,0.0
950,57060.0,57060,2.939505652319341e-09,2.9395059508734e-09,7.293025057957812e-07,0.0,4.061920724318023e-09,-1.1224144744419565e-09,0.0
951,57120.0,57120,2.940137602392808e-09,2.9401379013942145e-09,7.293413488104803e-07,0.0,4.062691438047613e-09,-1.122553237200909e-09,0.0
952,57180.0,57180,2.9407687319136975e-09,2.940769031363494e-09,7.293802004277014e-07,0.0,4.06345889448777e-09,-1.122689563220813e-09,0.0
953,57240.0,57240,2.9413989995824193e-09,2.9413992994818214e-09,7.294190606419514e-07,0.0,4.06422305821158e-09,-1.1228234583740402e-09,0.0
954,57300.0,57300,2.942028364827717e-09,2.942028665177811e-09,7.294579294471702e-07,0.0,4.064983894426599e-09,-1.122954928439662e-09,0.0
955,57360.0,57360,2.942656787801415e-09,2.9426570886034167e-09,7.294968068366637e-07,0.0,4.0657413689705925e-09,-1.1230839791032324e-09,0.0
956,57420.0,57420,2.9432842293698573e-09,2.943284530625201e-09,7.29535692803182e-07,0.0,4.066495448302683e-09,-1.1232106159577215e-09,0.0
957,57480.0,57480,2.9439106511093516e-09,2.943910952819166e-09,7.295745873388969e-07,0.0,4.067246099499649e-09,-1.1233348445033633e-09,0.0
958,57540.0,57540,2.9445360152979992e-09,2.9445363174636306e-09,7.296134904354352e-07,0.0,4.067993290247504e-09,-1.123456670148156e-09,0.0
959,57600.0,57600,2.9451602849112238e-09,2.9451605875337582e-09,7.296524020838235e-07,0.0,4.068736988837497e-09,-1.1235760982082515e-09,0.0
960,57660.0,57660,2.945783423613082e-09,2.9457837266939096e-09,7.29691322274688e-07,0.0,4.069477164158384e-09,-1.1236931339077184e-09,0.0
961,57720.0,57720,2.9464053957522263e-09,2.9464056992929105e-09,7.29730250997943e-07,0.0,4.0702137856919514e-09,-1.1238077823797785e-09,0.0
962,57780.0,57780,2.9470261663558223e-09,2.94702647035771e-09,7.297691882431362e-07,0.0,4.070946823507155e-09,-1.123920048666199e-09,0.0
963,57840.0,57840,2.94764570112299e-09,2.947646005587254e-09,7.298081339991925e-07,0.0,4.0716762482540775e-09,-1.124029937718031e-09,0.0
964,57900.0,57900,2.9482639664185503e-09,2.9482642713467544e-09,7.29847088254592e-07,0.0,4.072402031158115e-09,-1.124137454395762e-09,0.0
965,57960.0,57960,2.9488809292689407e-09,2.9488812346626043e-09,7.29886050997381e-07,0.0,4.0731241440159324e-09,-1.124242603469337e-09,0.0
966,58020.0,58020,2.949496557355656e-09,2.9494968632160826e-09,7.299250222150277e-07,0.0,4.0738425591889915e-09,-1.1243453896190485e-09,0.0
967,58080.0,58080,2.9501108190106024e-09,2.950111125339356e-09,7.299640018945889e-07,0.0,4.0745572495995135e-09,-1.1244458174349735e-09,0.0
968,58140.0,58140,2.9507236832094506e-09,2.9507239900080515e-09,7.300029900225989e-07,0.0,4.075268188724137e-09,-1.124543891417927e-09,0.0
969,58200.0,58200,2.9513351195676406e-09,2.9513354268378262e-09,7.30041986585247e-07,0.0,4.0759753505897475e-09,-1.12463961597916e-09,0.0
970,58260.0,58260,2.9519450983355153e-09,2.9519454060786754e-09,7.300809915682333e-07,0.0,4.076678709768483e-09,-1.1247329954409225e-09,0.0
971,58320.0,58320,2.9525535903926322e-09,2.9525538986102866e-09,7.301200049567577e-07,0.0,4.0773782413734315e-09,-1.1248240340365074e-09,0.0
972,58380.0,58380,2.9531605672422018e-09,2.9531608759362188e-09,7.301590267356641e-07,0.0,4.078073921053076e-09,-1.1249127359106426e-09,0.0
973,58440.0,58440,2.953766001008874e-09,2.953766310180774e-09,7.301980568893742e-07,0.0,4.078765724987379e-09,-1.1249991051194019e-09,0.0
974,58500.0,58500,2.9543698644314834e-09,2.9543701740828296e-09,7.302370954019643e-07,0.0,4.0794536298834e-09,-1.1250831456305764e-09,0.0
975,58560.0,58560,2.954972130859401e-09,2.954972440992018e-09,7.302761422569442e-07,0.0,4.080137612970605e-09,-1.125164861324216e-09,0.0
976,58620.0,58620,2.9555727742482773e-09,2.955573084863946e-09,7.303151974376567e-07,0.0,4.080817651996605e-09,-1.1252442559920005e-09,0.0
977,58680.0,58680,2.9561717691560024e-09,2.9561720802563734e-09,7.303542609268443e-07,0.0,4.081493725223207e-09,-1.1253213333380856e-09,0.0
978,58740.0,58740,2.9567690907377556e-09,2.9567694023246097e-09,7.303933327070601e-07,0.0,4.082165811422506e-09,-1.1253960969792562e-09,0.0
979,58800.0,58800,2.9573647147425717e-09,2.9573650268176464e-09,7.304324127604239e-07,0.0,4.082833889872668e-09,-1.1254685504447078e-09,0.0
980,58860.0,58860,2.9579586175081747e-09,2.9579589300733374e-09,7.304715010686662e-07,0.0,4.083497940353675e-09,-1.1255386971764604e-09,0.0
981,58920.0,58920,2.9585507759583265e-09,2.9585510890154015e-09,7.305105976132171e-07,0.0,4.084157943143981e-09,-1.1256065405294445e-09,0.0
982,58980.0,58980,2.959141167598179e-09,2.9591414811489482e-09,7.305497023752067e-07,0.0,4.084813879017297e-09,-1.1256720837716322e-09,0.0
983,59040.0,59040,2.959729770511236e-09,2.9597300845577834e-09,7.305888153353204e-07,0.0,4.085465729238115e-09,-1.1257353300845577e-09,0.0
984,59100.0,59100,2.9603165633542248e-09,2.9603168778983315e-09,7.306279364740762e-07,0.0,4.0861134755578485e-09,-1.1257962825626876e-09,0.0
985,59160.0,59160,2.960901525356359e-09,2.9609018403998057e-09,7.306670657715927e-07,0.0,4.086757100214044e-09,-1.1258549442141811e-09,0.0
986,59220.0,59220,299.99999994623954,-5.3760497772508344e-08,7.307062032076765e-07,300.0,8.498386284361908e-10,-5.461033629042395e-08,0.0
987,59280.0,59280,299.99999994623965,-5.3760415030806274e-08,7.298080762745889e-07,300.0,8.498819975211664e-10,-5.461029691785117e-08,0.0
988,59340.0,59340,299.9999999462397,-5.37603455343942e-08,7.289099506095043e-07,300.0,8.499413210292767e-10,-5.4610286745005535e-08,0.0
989,59400.0,59400,299.99999994623977,-5.376026513218788e-08,7.280118259507222e-07,300.0,8.500171383831486e-10,-5.4610282160236076e-08,0.0
990,59460.0,59460,299.9999999462398,-5.376017608937971e-08,7.271137024378277e-07,300.0,8.501101456098618e-10,-5.461028612476184e-08,0.0
991,59520.0,59520,299.9999999462399,-5.3760136955067576e-08,7.262155801707633e-07,300.0,8.502212041606156e-10,-5.461035804911298e-08,0.0
992,59580.0,59580,299.99999994623994,-5.37601033954026e-08,7.253174582714357e-07,300.0,8.503513969030426e-10,-5.4610454682326944e-08,0.0
993,59640.0,59640,299.99999994623994,-5.3760042951003475e-08,7.244193365979586e-07,300.0,8.505020285164433e-10,-5.461054486971166e-08,0.0
994,59700.0,59700,299.99999994624,-5.3760050135367554e-08,7.235212155460901e-07,300.0,8.506746341934371e-10,-5.461072465993692e-08,0.0
995,59760.0,59760,299.99999994624,-5.376002576190215e-08,7.226230939324588e-07,300.0,8.50871098820141e-10,-5.4610896751320684e-08,0.0
996,59820.0,59820,29.99999999987373,-1.262715060829573e-10,7.217249722219311e-07,30.0,1.8436528685756799e-09,-1.9699243597727993e-09,0.0
997,59880.0,59880,2.9706601502759187e-09,2.970660470475695e-09,7.217182644462989e-07,0.0,4.100670146739886e-09,-1.1300093554831105e-09,0.0
998,59940.0,59940,2.971571810307505e-09,2.971572130991115e-09,7.217575296519767e-07,0.0,4.102215306994916e-09,-1.1306428547357596e-09,0.0
999,60000.0,60000,2.9724952498325914e-09,2.9724955709944313e-09,7.217968061756307e-07,0.0,4.103768145738542e-09,-1.1312722529949723e-09,0.0
1000,60060.0,60060,2.9734302128836737e-09,2.973430534518141e-09,7.218360941944629e-07,0.0,4.105328433720781e-09,-1.1318975769780302e-09,0.0
1001,60120.0,60120,2.9743764470083925e-09,2.9743767691101006e-09,7.218753938819949e-07,0.0,4.106895944941922e-09,-1.1325188531372988e-09,0.0
1002,60180.0,60180,2.9753337032145862e-09,2.9753340257779753e-09,7.219147054080676e-07,0.0,4.108470456601921e-09,-1.1331361076650926e-09,0.0
1003,60240.0,60240,2.9763017359188187e-09,2.9763020589388938e-09,7.219540289389638e-07,0.0,4.110051749056273e-09,-1.1337493664995599e-09,0.0
1004,60300.0,60300,2.9772803028938665e-09,2.977280626365155e-09,7.219933646373968e-07,0.0,4.111639605766234e-09,-1.1343586553293965e-09,0.0
1005,60360.0,60360,2.978269165219853e-09,2.978269489137359e-09,7.220327126625661e-07,0.0,4.113233813255989e-09,-1.1349639995987535e-09,0.0
1006,60420.0,60420,2.979268087234165e-09,2.9792684115928938e-09,7.220720731702797e-07,0.0,4.1148341610681365e-09,-1.1355654245119066e-09,0.0
1007,60480.0,60480,2.980276836484154e-09,2.980277161279154e-09,7.221114463129207e-07,0.0,4.116440441718859e-09,-1.1361629550378826e-09,0.0
1008,60540.0,60540,2.9812951836799186e-09,2.9812955089063246e-09,7.221508322395032e-07,0.0,4.118052450656528e-09,-1.1367566159150409e-09,0.0
1009,60600.0,60600,2.9823229026472648e-09,2.9823232283002996e-09,7.221902310957385e-07,0.0,4.119669986218702e-09,-1.1373464316547883e-09,0.0
1010,60660.0,60660,2.983359770285486e-09,2.9833600963604144e-09,7.222296430240689e-07,0.0,4.121292849594255e-09,-1.1379324265463128e-09,0.0
1011,60720.0,60720,2.984405566520147e-09,2.9844058930124517e-09,7.222690681637341e-07,0.0,4.1229208447790224e-09,-1.1385146246600373e-09,0.0
1012,60780.0,60780,2.9854600742623863e-09,2.9854604011675066e-09,7.223085066507494e-07,0.0,4.124553778540012e-09,-1.1390930498516586e-09,0.0
1013,60840.0,60840,2.9865230793650005e-09,2.9865234066783324e-09,7.223479586180274e-07,0.0,4.126191460374881e-09,-1.1396677257659049e-09,0.0
1014,60900.0,60900,2.9875943705817465e-09,2.9875946982989894e-09,7.223874241953784e-07,0.0,4.127833702475055e-09,-1.1402386758399678e-09,0.0
1015,60960.0,60960,2.9886737395266834e-09,2.9886740676434943e-09,7.224269035095773e-07,0.0,4.1294803196875034e-09,-1.140805923306954e-09,0.0
1016,61020.0,61020,2.9897609806342143e-09,2.9897613091463795e-09,7.224663966843852e-07,0.0,4.131131129479606e-09,-1.1413694911995576e-09,0.0
1017,61080.0,61080,2.9908558911195557e-09,2.990856220022775e-09,7.225059038406057e-07,0.0,4.13278595190153e-09,-1.1419294023526642e-09,0.0
1018,61140.0,61140,2.991958270941429e-09,2.9919586002317066e-09,7.225454250960289e-07,0.0,4.1344446095527915e-09,-1.142485679406936e-09,0.0
1019,61200.0,61200,2.9930679227634894e-09,2.993068252436612e-09,7.225849605656647e-07,0.0,4.136106927546542e-09,-1.143038344811786e-09,0.0
1020,61260.0,61260,2.9941846519169252e-09,2.9941849819691133e-09,7.226245103615993e-07,0.0,4.137772733475482e-09,-1.1435874208282029e-09,0.0
1021,61320.0,61320,2.9953082663656666e-09,2.995308596792925e-09,7.226640745931491e-07,0.0,4.139441857378579e-09,-1.144132929531572e-09,0.0
1022,61380.0,61380,2.9964385766698146e-09,2.9964389074681895e-09,7.22703653366818e-07,0.0,4.141114131708629e-09,-1.144674892814284e-09,0.0
1023,61440.0,61440,2.997575395949803e-09,2.997575727115429e-09,7.227432467863853e-07,0.0,4.142789391298499e-09,-1.1452133323887303e-09,0.0
1024,61500.0,61500,2.998718539853519e-09,2.998718871382748e-09,7.227828549529618e-07,0.0,4.144467473331122e-09,-1.1457482697896925e-09,0.0
1025,61560.0,61560,2.9998678265218163e-09,2.9998681584106953e-09,7.228224779649336e-07,0.0,4.146148217306649e-09,-1.1462797263765795e-09,0.0
1026,61620.0,61620,3.0010230765541117e-09,3.0010234087994265e-09,7.228621159180852e-07,0.0,4.147831465011661e-09,-1.1468077233361857e-09,0.0
1027,61680.0,61680,3.0021841129774155e-09,3.0021844455753433e-09,7.229017689056211e-07,0.0,4.149517060489237e-09,-1.147332281684602e-09,0.0
1028,61740.0,61740,3.0033507612137122e-09,3.0033510941606487e-09,7.229414370181218e-07,0.0,4.1512048500096385e-09,-1.1478534222700171e-09,0.0
1029,61800.0,61800,3.004522849046775e-09,3.0045231823393313e-09,7.229811203437546e-07,0.0,4.152894682038815e-09,-1.1483711657746515e-09,0.0
1030,61860.0,61860,3.005700206592541e-09,3.0057005402274168e-09,7.230208189681072e-07,0.0,4.154586407211387e-09,-1.1488855327164068e-09,0.0
1031,61920.0,61920,3.00688266626897e-09,3.0068830002426464e-09,7.23060532974321e-07,0.0,4.156279878301114e-09,-1.1493965434517766e-09,0.0
1032,61980.0,61980,3.008070062763333e-09,3.008070397072422e-09,7.231002624431577e-07,0.0,4.157974950192e-09,-1.1499042181769542e-09,0.0
1033,62040.0,62040,3.0092622330055027e-09,3.0092625676469202e-09,7.231400074529326e-07,0.0,4.159671479852333e-09,-1.1504085769305468e-09,0.0
1034,62100.0,62100,3.010459016136068e-09,3.010459351106296e-09,7.231797680795707e-07,0.0,4.161369326305264e-09,-1.150909639594727e-09,0.0
1035,62160.0,62160,3.011660253479104e-09,3.0116605887752754e-09,7.23219544396806e-07,0.0,4.163068350603147e-09,-1.1514074258977518e-09,0.0
1036,62220.0,62220,3.0128657885138904e-09,3.0128661241326178e-09,7.232593364759152e-07,0.0,4.164768415800647e-09,-1.1519019554149407e-09,0.0
1037,62280.0,62280,3.0140754668452923e-09,3.0140758027836653e-09,7.232991443860289e-07,0.0,4.1664693869273755e-09,-1.1523932475711938e-09,0.0
1038,62340.0,62340,3.015289136177913e-09,3.0152894724328037e-09,7.233389681939873e-07,0.0,4.168171130963786e-09,-1.1528813216418395e-09,0.0
1039,62400.0,62400,3.0165066462880354e-09,3.0165069828564037e-09,7.233788079643951e-07,0.0,4.169873516813853e-09,-1.1533661967547409e-09,0.0
1040,62460.0,62460,3.017727848997387e-09,3.0177281858763228e-09,7.23418663759767e-07,0.0,4.1715764152813486e-09,-1.1538478918918816e-09,0.0
1041,62520.0,62520,3.0189525981464258e-09,3.018952935332845e-09,7.234585356403488e-07,0.0,4.173279699044098e-09,-1.1543264258905598e-09,0.0
1042,62580.0,62580,3.0201807495674975e-09,3.020181087058707e-09,7.234984236644298e-07,0.0,4.17498324262886e-09,-1.1548018174449303e-09,0.0
1043,62640.0,62640,3.0214121610609897e-09,3.021412498854079e-09,7.235383278880416e-07,0.0,4.176686922388925e-09,-1.1552740851079158e-09,0.0
1044,62700.0,62700,3.0226466923686607e-09,3.022647030460764e-09,7.235782483652811e-07,0.0,4.178390616478218e-09,-1.155743247291598e-09,0.0
1045,62760.0,62760,3.0238842051494034e-09,3.02388454353774e-09,7.236181851481325e-07,0.0,4.18009420482924e-09,-1.1562093222697366e-09,0.0
1046,62820.0,62820,3.0251245629534877e-09,3.0251249016353645e-09,7.236581382866562e-07,0.0,4.181797569128481e-09,-1.1566723281780083e-09,0.0
1047,62880.0,62880,3.0263676311998864e-09,3.0263679701726975e-09,7.236981078288335e-07,0.0,4.1835005927944405e-09,-1.1571322830160479e-09,0.0
1048,62940.0,62940,3.02761327715156e-09,3.027613616412612e-09,7.237380938207662e-07,0.0,4.185203160954519e-09,-1.1575892046482745e-09,0.0
1049,63000.0,63000,3.028861369891307e-09,3.0288617094380377e-09,7.237780963066105e-07,0.0,4.186905160422043e-09,-1.158043110805259e-09,0.0
1050,63060.0,63060,3.030111780299264e-09,3.0301121201288933e-09,7.238181153285873e-07,0.0,4.1886064796749785e-09,-1.1584940190847665e-09,0.0
1051,63120.0,63120,3.0313643810289716e-09,3.031364721139067e-09,7.238581509271387e-07,0.0,4.190307008833478e-09,-1.1589419469530822e-09,0.0
1052,63180.0,63180,3.032619046485918e-09,3.0326193868739606e-09,7.238982031407498e-07,0.0,4.19200663963868e-09,-1.159386911745965e-09,0.0
1053,63240.0,63240,3.0338756528047347e-09,3.0338759934680742e-09,7.239382720061374e-07,0.0,4.193705265431471e-09,-1.1598289306696266e-09,0.0
1054,63300.0,63300,3.03513407782561e-09,3.0351344187618586e-09,7.239783575582506e-07,0.0,4.195402781130289e-09,-1.1602680208022079e-09,0.0
1055,63360.0,63360,3.0363942010741372e-09,3.036394542281035e-09,7.240184598301925e-07,0.0,4.197099083211272e-09,-1.160704199094191e-09,0.0
1056,63420.0,63420,3.037655903739984e-09,3.037656245214882e-09,7.240585788533535e-07,0.0,4.1987940696885444e-09,-1.161137482370072e-09,0.0
1057,63480.0,63480,3.0389190686535264e-09,3.038919410394209e-09,7.240987146574233e-07,0.0,4.200487640091532e-09,-1.1615678873285347e-09,0.0
1058,63540.0,63540,3.040183580266693e-09,3.0401839222708583e-09,7.241388672703676e-07,0.0,4.202179695446688e-09,-1.1619954305442313e-09,0.0
1059,63600.0,63600,3.0414493246318544e-09,3.04144966689694e-09,7.241790367184508e-07,0.0,4.203870138257068e-09,-1.1624201284682391e-09,0.0
1060,63660.0,63660,3.0427161893801495e-09,3.04271653190407e-09,7.242192230262807e-07,0.0,4.205558872483179e-09,-1.1628419974289716e-09,0.0
1061,63720.0,63720,3.0439840637030684e-09,3.043984406483565e-09,7.242594262169084e-07,0.0,4.207245803522567e-09,-1.1632610536330264e-09,0.0
1062,63780.0,63780,3.0452528383309938e-09,3.045253181365852e-09,7.242996463117056e-07,0.0,4.208930838191741e-09,-1.1636773131664659e-09,0.0
1063,63840.0,63840,3.0465224055138746e-09,3.0465227488007916e-09,7.243398833304429e-07,0.0,4.2106138847065064e-09,-1.1640907919948398e-09,0.0
1064,63900.0,63900,3.0477926590021544e-09,3.047793002538872e-09,7.243801372913568e-07,0.0,4.2122948526640125e-09,-1.16450150596503e-09,0.0
1065,63960.0,63960,3.049063494026056e-09,3.049063837810532e-09,7.244204082111711e-07,0.0,4.2139736530229154e-09,-1.1649094708052524e-09,0.0
1066,64020.0,64020,3.0503348072785066e-09,3.050335151308744e-09,7.244606961050081e-07,0.0,4.215650198086733e-09,-1.1653147021261187e-09,0.0
1067,64080.0,64080,3.0516064968953795e-09,3.051606841169032e-09,7.245010009865453e-07,0.0,4.217324401485088e-09,-1.1657172154214856e-09,0.0
1068,64140.0,64140,3.0528784624355097e-09,3.0528788069507097e-09,7.245413228679475e-07,0.0,4.218996178154802e-09,-1.1661170260688658e-09,0.0
1069,64200.0,64200,3.0541506048650583e-09,3.0541509496195467e-09,7.245816617599674e-07,0.0,4.220665444324013e-09,-1.1665141493306238e-09,0.0
1070,64260.0,64260,3.055422826537141e-09,3.055423171529007e-09,7.246220176718342e-07,0.0,4.222332117493789e-09,-1.1669086003545178e-09,0.0
1071,64320.0,64320,3.056695031174627e-09,3.0566953764018298e-09,7.246623906114428e-07,0.0,4.223996116420849e-09,-1.1673003941743084e-09,0.0
1072,64380.0,64380,3.0579671238526366e-09,3.057967469313221e-09,7.247027805852203e-07,0.0,4.225657361100659e-09,-1.1676895457103015e-09,0.0
1073,64440.0,64440,3.059239010980468e-09,3.0592393566723925e-09,7.247431875982373e-07,0.0,4.2273157727504556e-09,-1.1680760697703038e-09,0.0
1074,64500.0,64500,3.06051060028479e-09,3.0605109462061867e-09,7.247836116542078e-07,0.0,4.228971273792868e-09,-1.1684599810504261e-09,0.0
1075,64560.0,64560,3.061781800791877e-09,3.0617821469406605e-09,7.248240527555003e-07,0.0,4.230623787838626e-09,-1.1688412941351706e-09,0.0
1076,64620.0,64620,3.063052522811144e-09,3.0630528691855347e-09,7.248645109031377e-07,0.0,4.2322732396715405e-09,-1.1692200234986035e-09,0.0
1077,64680.0,64680,3.0643226779189496e-09,3.064323024517079e-09,7.249049860968643e-07,0.0,4.233919555231815e-09,-1.169596183504572e-09,0.0
1078,64740.0,64740,3.0655921789403483e-09,3.0655925257602616e-09,7.249454783351233e-07,0.0,4.235562661599154e-09,-1.1699697884077908e-09,0.0
1079,64800.0,64800,3.066860939934803e-09,3.066861286974806e-09,7.249859876150904e-07,0.0,4.2372024869787314e-09,-1.170340852353776e-09,0.0
1080,64860.0,64860,3.068128876177983e-09,3.0681292234360786e-09,7.250265139326736e-07,0.0,4.238838960683513e-09,-1.170709389380149e-09,0.0
1081,64920.0,64920,3.06939590414752e-09,3.069396251621927e-09,7.250670572825687e-07,0.0,4.240472013121269e-09,-1.1710754134167232e-09,0.0
1082,64980.0,64980,3.070661941506456e-09,3.0706622891953066e-09,7.251076176582153e-07,0.0,4.242101575777721e-09,-1.1714389382861985e-09,0.0
1083,65040.0,65040,3.071926907087261e-09,3.0719272549891214e-09,7.251481950518741e-07,0.0,4.243727581201814e-09,-1.1717999777048132e-09,0.0
1084,65100.0,65100,3.073190720877324e-09,3.0731910689901095e-09,7.251887894546937e-07,0.0,4.245349962990911e-09,-1.1721585452828875e-09,0.0
1085,65160.0,65160,3.074453304002578e-09,3.0744536523246817e-09,7.252294008564777e-07,0.0,4.246968655776107e-09,-1.1725146545251699e-09,0.0
1086,65220.0,65220,3.075714578713471e-09,3.0757149272431987e-09,7.252700292460952e-07,0.0,4.248583595207633e-09,-1.1728683188315326e-09,0.0
1087,65280.0,65280,3.0769744683695884e-09,3.0769748171050725e-09,7.253106746110923e-07,0.0,4.2501947179403986e-09,-1.1732195514976672e-09,0.0
1088,65340.0,65340,3.078232897424017e-09,3.078233246363737e-09,7.253513369380142e-07,0.0,4.251801961619738e-09,-1.1735683657152353e-09,0.0
1089,65400.0,65400,3.0794897914106178e-09,3.079490140552793e-09,7.25392016212272e-07,0.0,4.253405264867428e-09,-1.1739147745723695e-09,0.0
1090,65460.0,65460,3.0807450769282583e-09,3.0807454262713687e-09,7.25432712418176e-07,0.0,4.255004567268132e-09,-1.1742587910545846e-09,0.0
1091,65520.0,65520,3.0819986816269578e-09,3.0819990311691788e-09,7.254734255389354e-07,0.0,4.256599809354682e-09,-1.174600428045234e-09,0.0
1092,65580.0,65580,3.0832505341932918e-09,3.083250883933146e-09,7.255141555567813e-07,0.0,4.258190932595299e-09,-1.1749396983252705e-09,0.0
1093,65640.0,65640,3.0845005643376647e-09,3.0845009142733287e-09,7.255549024528214e-07,0.0,4.259777879379789e-09,-1.1752766145747022e-09,0.0
1094,65700.0,65700,3.0857487027791093e-09,3.085749052909236e-09,7.25595666207207e-07,0.0,4.261360593006854e-09,-1.1756111893725045e-09,0.0
1095,65760.0,65760,3.0869948812325146e-09,3.0869952315554973e-09,7.25636446798989e-07,0.0,4.262939017669371e-09,-1.1759434351969251e-09,0.0
1096,65820.0,65820,3.0882390323954655e-09,3.0882393829096965e-09,7.256772442063394e-07,0.0,4.264513098443616e-09,-1.1762733644267865e-09,0.0
1097,65880.0,65880,3.089481089933561e-09,3.0894814406375207e-09,7.257180584063297e-07,0.0,4.266082781274109e-09,-1.1766009893408135e-09,0.0
1098,65940.0,65940,3.090720988468905e-09,3.090721339360986e-09,7.257588893751194e-07,0.0,4.267648012963014e-09,-1.1769263221190435e-09,0.0
1099,66000.0,66000,3.091958663566031e-09,3.091959014644887e-09,7.257997370879339e-07,0.0,4.2692087411561484e-09,-1.1772493748427193e-09,0.0
1100,66060.0,66060,3.09319405171883e-09,3.09319440298281e-09,7.258406015189759e-07,0.0,4.270764914330569e-09,-1.1775701594949835e-09,0.0
1101,66120.0,66120,3.0944270903391677e-09,3.0944274417867517e-09,7.258814826416026e-07,0.0,4.272316481783141e-09,-1.1778886879611823e-09,0.0
1102,66180.0,66180,3.0956577177429014e-09,3.0956580693726124e-09,7.25922380428182e-07,0.0,4.273863393618205e-09,-1.1782049720292136e-09,0.0
1103,66240.0,66240,3.096885873137932e-09,3.09688622494838e-09,7.259632948502699e-07,0.0,4.275405600734892e-09,-1.1785190233903732e-09,0.0
1104,66300.0,66300,3.0981114966123044e-09,3.0981118486021863e-09,7.260042258783995e-07,0.0,4.27694305481579e-09,-1.1788308536393774e-09,0.0
1105,66360.0,66360,3.0993345291216537e-09,3.0993348812892322e-09,7.260451734823809e-07,0.0,4.278475708315127e-09,-1.1791404742747316e-09,0.0
1106,66420.0,66420,3.1005549124771307e-09,3.10055526482119e-09,7.260861376310237e-07,0.0,4.280003514447216e-09,-1.1794478966994692e-09,0.0
1107,66480.0,66480,3.10177258933389e-09,3.101772941852866e-09,7.261271182923478e-07,0.0,4.281526427174991e-09,-1.1797531322214763e-09,0.0
1108,66540.0,66540,3.1029875031784087e-09,3.1029878558709983e-09,7.261681154335615e-07,0.0,4.283044401197929e-09,-1.1800561920538408e-09,0.0
1109,66600.0,66600,3.1041995983184514e-09,3.104199951183308e-09,7.262091290209836e-07,0.0,4.284557391942452e-09,-1.1803570873149816e-09,0.0
1110,66660.0,66660,3.105408819870299e-09,3.1054091729060763e-09,7.262501590201653e-07,0.0,4.2860653555498075e-09,-1.1806558290296038e-09,0.0
1111,66720.0,66720,3.1066151137475018e-09,3.1066154669527225e-09,7.262912053957797e-07,0.0,4.287568248864039e-09,-1.1809524281286788e-09,0.0
1112,66780.0,66780,3.1078184266512767e-09,3.107818780024682e-09,7.263322681118216e-07,0.0,4.2890660294247714e-09,-1.1812468954502457e-09,0.0
1113,66840.0,66840,3.10901870605648e-09,3.1090190595966357e-09,7.26373347131396e-07,0.0,4.290558655451232e-09,-1.1815392417389135e-09,0.0
1114,66900.0,66900,3.110215900203527e-09,3.1102162539093045e-09,7.264144424168743e-07,0.0,4.292046085837337e-09,-1.1818294776477926e-09,0.0
1115,66960.0,66960,3.1114099580854052e-09,3.1114103119553272e-09,7.264555539299157e-07,0.0,4.293528280135754e-09,-1.1821176137371716e-09,0.0
1116,67020.0,67020,3.11260082943903e-09,3.1126011834720105e-09,7.264966816313129e-07,0.0,4.295005198553469e-09,-1.1824036604761007e-09,0.0
1117,67080.0,67080,3.1137884647331262e-09,3.1137888189275582e-09,7.265378254812351e-07,0.0,4.296476801935676e-09,-1.1826876282421764e-09,0.0
1118,67140.0,67140,3.114972815157456e-09,3.114973169512254e-09,7.265789854391181e-07,0.0,4.2979430517601674e-09,-1.1829695273224963e-09,0.0
1119,67200.0,67200,3.116153832614611e-09,3.1161541871283847e-09,7.266201614635969e-07,0.0,4.2994039101249586e-09,-1.1832493679131374e-09,0.0
1120,67260.0,67260,3.1173314697071083e-09,3.117331824378772e-09,7.266613535126617e-07,0.0,4.3008593397396895e-09,-1.1835271601206337e-09,0.0
1121,67320.0,67320,3.118505679729662e-09,3.1185060345580424e-09,7.267025615436131e-07,0.0,4.302309303915239e-09,-1.1838029139611944e-09,0.0
1122,67380.0,67380,3.119676416658106e-09,3.11967677164177e-09,7.267437855130066e-07,0.0,4.303753766554562e-09,-1.1840766393622014e-09,0.0
1123,67440.0,67440,3.1208436351389687e-09,3.1208439902768304e-09,7.267850253767756e-07,0.0,4.3051926921420924e-09,-1.1843483461616893e-09,0.0
1124,67500.0,67500,3.1220072904810475e-09,3.1220076457717175e-09,7.268262810901966e-07,0.0,4.30662604573692e-09,-1.1846180441093218e-09,0.0
1125,67560.0,67560,3.1231673386449407e-09,3.123167694087376e-09,7.268675526078129e-07,0.0,4.308053792960459e-09,-1.184885742866436e-09,0.0
1126,67620.0,67620,3.1243237362339248e-09,3.124324091826996e-09,7.269088398836002e-07,0.0,4.309475899989669e-09,-1.1851514520063673e-09,0.0
1127,67680.0,67680,3.1254764404846163e-09,3.1254767962270204e-09,7.269501428708562e-07,0.0,4.310892333546978e-09,-1.1854151810150582e-09,0.0
1128,67740.0,67740,3.1266254092571124e-09,3.1266257651478503e-09,7.269914615222225e-07,0.0,4.312303060891425e-09,-1.1856769392914483e-09,0.0
1129,67800.0,67800,3.1277706010263033e-09,3.127770957064159e-09,7.270327957898293e-07,0.0,4.313708049809879e-09,-1.185936736147215e-09,0.0
1130,67860.0,67860,3.1289119748734454e-09,3.128912331057246e-09,7.270741456250503e-07,0.0,4.315107268609186e-09,-1.1861945808082927e-09,0.0
1131,67920.0,67920,3.1300494904756065e-09,3.130049846804353e-09,7.271155109787257e-07,0.0,4.316500686106038e-09,-1.1864504824140913e-09,0.0
1132,67980.0,67980,3.1311831080986293e-09,3.1311834645711056e-09,7.271568918011621e-07,0.0,4.3178882716202076e-09,-1.186704450018517e-09,0.0
1133,68040.0,68040,3.132312788587185e-09,3.1323131452023484e-09,7.271982880419876e-07,0.0,4.319269994964898e-09,-1.1869564925899725e-09,0.0
1134,68100.0,68100,3.1334384933569537e-09,3.133438850113588e-09,7.272396996502521e-07,0.0,4.320645826438928e-09,-1.1872066190122685e-09,0.0
1135,68160.0,68160,3.1345601843856334e-09,3.13456054128274e-09,7.272811265745051e-07,0.0,4.322015736819605e-09,-1.187454838083973e-09,0.0
1136,68220.0,68220,3.135677824204211e-09,3.1356781812407906e-09,7.273225687627069e-07,0.0,4.323379697352521e-09,-1.1877011585201041e-09,0.0
1137,68280.0,68280,3.1367913758903577e-09,3.1367917330652806e-09,7.273640261622396e-07,0.0,4.324737679745775e-09,-1.187945588951437e-09,0.0
1138,68340.0,68340,3.1379008030582227e-09,3.13790116037036e-09,7.274054987199623e-07,0.0,4.326089656161286e-09,-1.1881881379251533e-09,0.0
1139,68400.0,68400,3.1390060698512237e-09,3.1390064272997064e-09,7.274469863821785e-07,0.0,4.3274355992065365e-09,-1.1884288139053203e-09,0.0
1140,68460.0,68460,3.140107140935138e-09,3.140107498518924e-09,7.27488489094758e-07,0.0,4.328775481928237e-09,-1.1886676252733899e-09,0.0
1141,68520.0,68520,3.141203981487681e-09,3.141204339205771e-09,7.275300068028587e-07,0.0,4.330109277803198e-09,-1.1889045803279817e-09,0.0
1142,68580.0,68580,3.1422965571938996e-09,3.1422969150452946e-09,7.275715394512831e-07,0.0,4.331436960733253e-09,-1.1891396872859472e-09,0.0
1143,68640.0,68640,3.1433848342360525e-09,3.1433851922196235e-09,7.276130869843106e-07,0.0,4.33275850503531e-09,-1.1893729542821082e-09,0.0
1144,68700.0,68700,3.144468779286791e-09,3.144469137401669e-09,7.276546493456314e-07,0.0,4.334073885436139e-09,-1.1896043893700623e-09,0.0
1145,68760.0,68760,3.1455483595025566e-09,3.145548717747786e-09,7.276962264785581e-07,0.0,4.335383077064162e-09,-1.1898340005223117e-09,0.0
1146,68820.0,68820,3.1466235425151974e-09,3.1466239008897354e-09,7.27737818325802e-07,0.0,4.3366860554433284e-09,-1.190061795630654e-09,0.0
1147,68880.0,68880,3.147694296425105e-09,3.1476946549281268e-09,7.277794248297082e-07,0.0,4.3379827964854725e-09,-1.1902877825067047e-09,0.0
1148,68940.0,68940,3.148760589794397e-09,3.148760948424947e-09,7.278210459320988e-07,0.0,4.339273276484231e-09,-1.1905119688817876e-09,0.0
1149,69000.0,69000,3.1498223916386612e-09,3.1498227503958273e-09,7.278626815742734e-07,0.0,4.340557472107221e-09,-1.1907343624078254e-09,0.0
1150,69060.0,69060,3.1508796714223976e-09,3.150880030305267e-09,7.279043316971644e-07,0.0,4.3418353603913586e-09,-1.1909549706574267e-09,0.0
1151,69120.0,69120,3.1519323990494167e-09,3.151932758057078e-09,7.2794599624126e-07,0.0,4.343106918734116e-09,-1.1911738011242556e-09,0.0
1152,69180.0,69180,3.1529805448573683e-09,3.152980903988909e-09,7.279876751465029e-07,0.0,4.344372124888754e-09,-1.191390861223552e-09,0.0
1153,69240.0,69240,3.154024079611964e-09,3.1540244388665154e-09,7.280293683524691e-07,0.0,4.345630956957495e-09,-1.19160615829198e-09,0.0
1154,69300.0,69300,3.1550629744988106e-09,3.1550633338755908e-09,7.280710757983122e-07,0.0,4.346883393385013e-09,-1.1918196995888884e-09,0.0
1155,69360.0,69360,3.1560972011175473e-09,3.1560975606156877e-09,7.281127974226964e-07,0.0,4.348129412952783e-09,-1.1920314922956577e-09,0.0
1156,69420.0,69420,3.157126731476328e-09,3.157127091095047e-09,7.281545331639523e-07,0.0,4.349368994773176e-09,-1.1922415435167652e-09,0.0
1157,69480.0,69480,3.1581515379842218e-09,3.1581518977226503e-09,7.281962829598991e-07,0.0,4.350602118282944e-09,-1.1924498602797198e-09,0.0
1158,69540.0,69540,3.1591715934456517e-09,3.1591719533027036e-09,7.282380467480445e-07,0.0,4.351828763237571e-09,-1.1926564495358431e-09,0.0
1159,69600.0,69600,3.1601868710545307e-09,3.160187231029772e-09,7.282798244653846e-07,0.0,4.353048909706453e-09,-1.1928613181600319e-09,0.0
1160,69660.0,69660,3.1611973443870962e-09,3.1611977044795713e-09,7.283216160486602e-07,0.0,4.354262538065036e-09,-1.1930644729518644e-09,0.0
1161,69720.0,69720,3.162202987398868e-09,3.1622033476078387e-09,7.283634214341113e-07,0.0,4.3554696289928185e-09,-1.1932659206351233e-09,0.0
1162,69780.0,69780,3.1632037744146597e-09,3.1632041347392564e-09,7.284052405575667e-07,0.0,4.356670163463361e-09,-1.1934656678590764e-09,0.0
1163,69840.0,69840,3.1641996801264045e-09,3.1642000405658896e-09,7.284470733545993e-07,0.0,4.357864122743414e-09,-1.1936637211978045e-09,0.0
1164,69900.0,69900,3.1651906795855127e-09,3.165191040139408e-09,7.284889197602927e-07,0.0,4.3590514883844124e-09,-1.1938600871513947e-09,0.0
1165,69960.0,69960,3.166176748199048e-09,3.166177108866355e-09,7.285307797094416e-07,0.0,4.360232242218991e-09,-1.1940547721459412e-09,0.0
1166,70020.0,70020,3.1671578617217368e-09,3.1671582225018036e-09,7.285726531364403e-07,0.0,4.3614063663549115e-09,-1.1942477825337615e-09,0.0
1167,70080.0,70080,3.1681339962530992e-09,3.1681343571453177e-09,7.286145399752827e-07,0.0,4.362573843170496e-09,-1.1944391245942017e-09,0.0
1168,70140.0,70140,3.1691051282306314e-09,3.169105489234176e-09,7.286564401596849e-07,0.0,4.36373465531007e-09,-1.1946288045337214e-09,0.0
1169,70200.0,70200,3.1700712344258083e-09,3.1700715955399845e-09,7.286983536229625e-07,0.0,4.364888785678488e-09,-1.1948168284857863e-09,0.0
1170,70260.0,70260,3.171032291937439e-09,3.171032653161639e-09,7.287402802980976e-07,0.0,4.366036217436268e-09,-1.1950032025122583e-09,0.0
1171,70320.0,70320,3.1719882781876267e-09,3.171988639521155e-09,7.287822201177386e-07,0.0,4.367176933995902e-09,-1.1951879326030904e-09,0.0
1172,70380.0,70380,3.1729391709175987e-09,3.1729395323597604e-09,7.288241730142229e-07,0.0,4.368310919016551e-09,-1.1953710246764577e-09,0.0
1173,70440.0,70440,3.173884948180452e-09,3.173885309730856e-09,7.288661389195204e-07,0.0,4.369438156398842e-09,-1.1955524845796918e-09,0.0
1174,70500.0,70500,3.1748255883398525e-09,3.1748259499974132e-09,7.289081177652902e-07,0.0,4.370558630282078e-09,-1.1957323180892578e-09,0.0
1175,70560.0,70560,3.1757610700610404e-09,3.1757614318256275e-09,7.289501094828352e-07,0.0,4.371672325039293e-09,-1.195910530911407e-09,0.0
1176,70620.0,70620,3.176691372310095e-09,3.1766917341808824e-09,7.289921140032139e-07,0.0,4.372779225271519e-09,-1.196087128682176e-09,0.0
1177,70680.0,70680,3.1776164743474597e-09,3.1776168363238402e-09,7.290341312570843e-07,0.0,4.373879315805867e-09,-1.196262116968082e-09,0.0
1178,70740.0,70740,3.1785363557240796e-09,3.1785367178054017e-09,7.290761611749266e-07,0.0,4.3749725816904984e-09,-1.196435501266059e-09,0.0
1179,70800.0,70800,3.1794509962760127e-09,3.1794513584620157e-09,7.291182036867317e-07,0.0,4.376059008190101e-09,-1.1966072870045623e-09,0.0
1180,70860.0,70860,3.180360376122259e-09,3.1803607384123343e-09,7.291602587223905e-07,0.0,4.37713858078272e-09,-1.1967774795429852e-09,0.0
1181,70920.0,70920,3.1812644756586364e-09,3.181264838052046e-09,7.292023262113824e-07,0.0,4.378211285155806e-09,-1.1969460841727217e-09,0.0
1182,70980.0,70980,3.1821632755537837e-09,3.18216363805018e-09,7.292444060828531e-07,0.0,4.3792771072013936e-09,-1.197113106117145e-09,0.0
1183,71040.0,71040,3.1830567567465556e-09,3.1830571193452873e-09,7.292864982658152e-07,0.0,4.380336033013929e-09,-1.197278550532194e-09,0.0
1184,71100.0,71100,3.1839449004406792e-09,3.1839452631413118e-09,7.293286026888473e-07,0.0,4.3813880488864024e-09,-1.1974424225066335e-09,0.0
1185,71160.0,71160,3.184827688100932e-09,3.1848280509029006e-09,7.293707192803279e-07,0.0,4.382433141305313e-09,-1.197604727062294e-09,0.0
1186,71220.0,71220,3.1857051014506658e-09,3.185705464353623e-09,7.294128479683577e-07,0.0,4.383471296949496e-09,-1.197765469154809e-09,0.0
1187,71280.0,71280,3.1865771224656384e-09,3.186577485469324e-09,7.294549886807593e-07,0.0,4.384502502684428e-09,-1.1979246536733986e-09,0.0
1188,71340.0,71340,3.187443733373234e-09,3.1874440964769956e-09,7.294971413450216e-07,0.0,4.385526745560668e-09,-1.1980822854417165e-09,0.0
1189,71400.0,71400,3.1883049166466824e-09,3.1883052798500427e-09,7.29539305888478e-07,0.0,4.38654401281012e-09,-1.198238369218067e-09,0.0
1190,71460.0,71460,3.189160655002239e-09,3.189161018304677e-09,7.295814822381393e-07,0.0,4.387554291841821e-09,-1.1983929096955127e-09,0.0
1191,71520.0,71520,3.190010931396013e-09,3.1900112947972244e-09,7.296236703207608e-07,0.0,4.38855757024033e-09,-1.1985459115025495e-09,0.0
1192,71580.0,71580,3.190855729019839e-09,3.1908560925195202e-09,7.29665870062886e-07,0.0,4.389553835762042e-09,-1.1986973792033878e-09,0.0
1193,71640.0,71640,3.19169503129924e-09,3.1916953948969994e-09,7.297080813907476e-07,0.0,4.390543076332707e-09,-1.198847317298126e-09,0.0
1194,71700.0,71700,3.1925288218887305e-09,3.1925291855841338e-09,7.297503042303891e-07,0.0,4.39152528004335e-09,-1.1989957302235339e-09,0.0
1195,71760.0,71760,3.1933570846697804e-09,3.1933574484626975e-09,7.297925385075647e-07,0.0,4.3925004351487484e-09,-1.199142622352725e-09,0.0
1196,71820.0,71820,3.1941798037468583e-09,3.1941801676367247e-09,7.298347841478286e-07,0.0,4.393468530063569e-09,-1.1992879979961995e-09,0.0
1197,71880.0,71880,3.1949969634449156e-09,3.1949973274312966e-09,7.29877041076446e-07,0.0,4.394429553360845e-09,-1.1994318614017372e-09,0.0
1198,71940.0,71940,3.1958085483062554e-09,3.1958089123891514e-09,7.299193092185041e-07,0.0,4.3953834937684155e-09,-1.1995742167548296e-09,0.0
1199,72000.0,72000,3.196614543088191e-09,3.1966149072669935e-09,7.299615884988674e-07,0.0,4.396330340167449e-09,-1.1997150681793116e-09,0.0
1200,72060.0,72060,3.1974149327587415e-09,3.197415297033364e-09,7.300038788421229e-07,0.0,4.397270081587971e-09,-1.199854419737382e-09,0.0
1201,72120.0,72120,3.19820970249542e-09,3.1982100668656017e-09,7.300461801726237e-07,0.0,4.398202707208641e-09,-1.199992275429908e-09,0.0
1202,72180.0,72180,3.198998837682059e-09,3.1989992021474957e-09,7.300884924146011e-07,0.0,4.3991282063538495e-09,-1.2001286391972502e-09,0.0
1203,72240.0,72240,3.199782323905381e-09,3.1997826884657252e-09,7.301308154919744e-07,0.0,4.400046568489326e-09,-1.2002635149189814e-09,0.0
1204,72300.0,72300,3.200560146953217e-09,3.2005605116083823e-09,7.301731493284853e-07,0.0,4.4009577832233145e-09,-1.200396906414884e-09,0.0
1205,72360.0,72360,3.201332292812553e-09,3.2013326575624083e-09,7.302154938476532e-07,0.0,4.401861840301881e-09,-1.2005288174444517e-09,0.0
1206,72420.0,72420,3.2020987476652703e-09,3.2020991125093383e-09,7.30257848972775e-07,0.0,4.40275872960761e-09,-1.2006592517080176e-09,0.0
1207,72480.0,72480,3.20285949788715e-09,3.2028598628254306e-09,7.303002146270142e-07,0.0,4.403648441157392e-09,-1.2007882128470385e-09,0.0
1208,72540.0,72540,3.2036145300459598e-09,3.203614895078106e-09,7.30342590733245e-07,0.0,4.404530965101464e-09,-1.2009157044436367e-09,0.0
1209,72600.0,72600,3.2043638308970676e-09,3.2043641960231224e-09,7.303849772141974e-07,0.0,4.405406291719026e-09,-1.2010417300218608e-09,0.0
1210,72660.0,72660,3.205107387383528e-09,3.205107752603144e-09,7.304273739923898e-07,0.0,4.406274411419281e-09,-1.2011662930475339e-09,0.0
1211,72720.0,72720,3.205845186632304e-09,3.205845551945568e-09,7.304697809901074e-07,0.0,4.407135314737353e-09,-1.2012893969288173e-09,0.0
1212,72780.0,72780,3.2065772159530932e-09,3.2065775813597008e-09,7.30512198129535e-07,0.0,4.40798899233294e-09,-1.2014110450161675e-09,0.0
1213,72840.0,72840,3.2073034628355487e-09,3.2073038283356743e-09,7.305546253325906e-07,0.0,4.408835434989926e-09,-1.201531240603184e-09,0.0
1214,72900.0,72900,3.2080239149485407e-09,3.2080242805419666e-09,7.305970625210034e-07,0.0,4.409674633613768e-09,-1.201649986926521e-09,0.0
1215,72960.0,72960,3.2087385601361606e-09,3.2087389258226695e-09,7.306395096163801e-07,0.0,4.410506579228594e-09,-1.2017672871665617e-09,0.0
1216,73020.0,73020,3.2094473864175454e-09,3.2094477521973114e-09,7.306819665401049e-07,0.0,4.411331262977762e-09,-1.2018831444473094e-09,0.0
1217,73080.0,73080,3.210150381984274e-09,3.21015074785695e-09,7.307244332134066e-07,0.0,4.412148676121125e-09,-1.2019975618368868e-09,0.0
1218,73140.0,73140,3.210847535198977e-09,3.2108479011646923e-09,7.307669095573249e-07,0.0,4.4129588100342075e-09,-1.202110542348253e-09,0.0
1219,73200.0,73200,3.211538834592771e-09,3.21153920065157e-09,7.308093954927102e-07,0.0,4.4137616562056405e-09,-1.2022220889388998e-09,0.0
1220,73260.0,73260,3.212224268865263e-09,3.2122246350168848e-09,7.308518909402463e-07,0.0,4.4145572062376834e-09,-1.2023322045116972e-09,0.0
1221,73320.0,73320,3.2129038268799e-09,3.2129041931245182e-09,7.308943958205172e-07,0.0,4.415345451842141e-09,-1.2024408919144827e-09,0.0
1222,73380.0,73380,3.2135774976658795e-09,3.2135778640035376e-09,7.309369100538727e-07,0.0,4.416126384842058e-09,-1.20254815394145e-09,0.0
1223,73440.0,73440,3.2142452704132437e-09,3.214245636844072e-09,7.309794335604743e-07,0.0,4.416899997167419e-09,-1.2026539933322592e-09,0.0
1224,73500.0,73500,3.2149071344750933e-09,3.2149075009990047e-09,7.31021966260394e-07,0.0,4.417666280857839e-09,-1.202758412773426e-09,0.0
1225,73560.0,73560,3.215563079361984e-09,3.215563445978936e-09,7.310645080735264e-07,0.0,4.418425228056488e-09,-1.2028614148977362e-09,0.0
1226,73620.0,73620,3.2162130947435354e-09,3.2162134614537006e-09,7.311070589196099e-07,0.0,4.4191768310129085e-09,-1.2029630022851788e-09,0.0
1227,73680.0,73680,3.2168571704455604e-09,3.2168575372491565e-09,7.311496187182051e-07,0.0,4.419921082080627e-09,-1.2030631774627946e-09,0.0
1228,73740.0,73740,3.2174952964496364e-09,3.217495663346533e-09,7.311921873887507e-07,0.0,4.420657973715119e-09,-1.2031619429053056e-09,0.0
1229,73800.0,73800,3.2181274628907545e-09,3.2181278298812553e-09,7.312347648505293e-07,0.0,4.421387498474276e-09,-1.2032593010352457e-09,0.0
1230,73860.0,73860,3.218753660056497e-09,3.218754027140646e-09,7.312773510226567e-07,0.0,4.42210964901668e-09,-1.2033552542230687e-09,0.0
1231,73920.0,73920,3.2193738783864293e-09,3.2193742455643564e-09,7.313199458241268e-07,0.0,4.42282441810016e-09,-1.203449804787822e-09,0.0
1232,73980.0,73980,3.2199881084700135e-09,3.2199884757420667e-09,7.313625491738106e-07,0.0,4.42353179858232e-09,-1.2035429549972122e-09,0.0
1233,74040.0,74040,3.2205963410456114e-09,3.2205967084117035e-09,7.314051609903906e-07,0.0,4.424231783418233e-09,-1.2036347070677339e-09,0.0
1234,74100.0,74100,3.2211985669993527e-09,3.221198934459831e-09,7.314477811924822e-07,0.0,4.4249243656595305e-09,-1.203725063165301e-09,0.0
1235,74160.0,74160,3.221794777365094e-09,3.2217951449200025e-09,7.314904096984564e-07,0.0,4.425609538455315e-09,-1.2038140254049426e-09,0.0
1236,74220.0,74220,3.222384963320856e-09,3.222385330970585e-09,7.315330464266396e-07,0.0,4.426287295048944e-09,-1.2039015958518222e-09,0.0
1237,74280.0,74280,3.2229691161902115e-09,3.222969483935109e-09,7.315756912952582e-07,0.0,4.426957628779118e-09,-1.2039877765210011e-09,0.0
1238,74340.0,74340,3.2235472274411176e-09,3.223547595281096e-09,7.316183442223273e-07,0.0,4.427620533078577e-09,-1.2040725693776968e-09,0.0
1239,74400.0,74400,3.2241192886827825e-09,3.2241196566182768e-09,7.31661005125773e-07,0.0,4.428276001472403e-09,-1.2041559763375453e-09,0.0
1240,74460.0,74460,3.2246852916671464e-09,3.2246856596985043e-09,7.317036739233991e-07,0.0,4.428924027579547e-09,-1.2042379992672296e-09,0.0
1241,74520.0,74520,3.2252452282865783e-09,3.2252455964138425e-09,7.31746350532865e-07,0.0,4.429564605109303e-09,-1.2043186399840033e-09,0.0
1242,74580.0,74580,3.2257990905734405e-09,3.2257994587969587e-09,7.317890348717519e-07,0.0,4.430197727863052e-09,-1.2043979002567968e-09,0.0
1243,74640.0,74640,3.2263468706990905e-09,3.226347239019211e-09,7.318317268574523e-07,0.0,4.430823389732565e-09,-1.2044757818058058e-09,0.0
1244,74700.0,74700,3.2268885609730134e-09,3.226888929390213e-09,7.318744264073364e-07,0.0,4.4314415846989605e-09,-1.204552286302751e-09,0.0
1245,74760.0,74760,3.2274241538428633e-09,3.2274245223572723e-09,7.319171334386186e-07,0.0,4.432052306833833e-09,-1.2046274153715738e-09,0.0
1246,74820.0,74820,3.2279536418918575e-09,3.227954010503998e-09,7.319598478683801e-07,0.0,4.432655550296346e-09,-1.2047011705881755e-09,0.0
1247,74880.0,74880,3.228477017839647e-09,3.228477386549692e-09,7.320025696136239e-07,0.0,4.433251309334532e-09,-1.2047735534808514e-09,0.0
1248,74940.0,74940,3.2289942745407507e-09,3.2289946433492217e-09,7.320452985912421e-07,0.0,4.433839578283903e-09,-1.2048445655305079e-09,0.0
1249,75000.0,75000,3.229505404983948e-09,3.2295057738912796e-09,7.32088034717971e-07,0.0,4.43442035156667e-09,-1.2049142081706411e-09,0.0
1250,75060.0,75060,3.230010402292237e-09,3.2300107712987757e-09,7.321307779105137e-07,0.0,4.434993623692699e-09,-1.2049824827881843e-09,0.0
1251,75120.0,75120,3.2305092597213537e-09,3.2305096288274914e-09,7.321735280854619e-07,0.0,4.4355593892572475e-09,-1.205049390722486e-09,0.0
1252,75180.0,75180,3.231001970659038e-09,3.231002339865122e-09,7.322162851593073e-07,0.0,4.436117642941059e-09,-1.2051149332670266e-09,0.0
1253,75240.0,75240,3.2314885286247707e-09,3.231488897931279e-09,7.322590490483524e-07,0.0,4.436668379510791e-09,-1.2051791116683537e-09,0.0
1254,75300.0,75300,3.231968927269209e-09,3.2319692966767057e-09,7.323018196689669e-07,0.0,4.4372115938178026e-09,-1.20524192712706e-09,0.0
1255,75360.0,75360,3.23244316037384e-09,3.232443529882716e-09,7.323445969373199e-07,0.0,4.437747280797457e-09,-1.2053033807972831e-09,0.0
1256,75420.0,75420,3.23291122184872e-09,3.2329115914597575e-09,7.323873807694694e-07,0.0,4.438275435468515e-09,-1.2053634737874007e-09,0.0
1257,75480.0,75480,3.233373105734779e-09,3.2333734754479347e-09,7.324301710814847e-07,0.0,4.43879605293409e-09,-1.2054222071603784e-09,0.0
1258,75540.0,75540,3.2338288062005184e-09,3.233829176016791e-09,7.324729677892346e-07,0.0,4.439309128380432e-09,-1.2054795819330744e-09,0.0
1259,75600.0,75600,3.2342783175427492e-09,3.234278687462226e-09,7.325157708086216e-07,0.0,4.43981465707545e-09,-1.2055355990772172e-09,0.0
1260,75660.0,75660,3.2347216341861582e-09,3.2347220042097074e-09,7.325585800553478e-07,0.0,4.440312634370626e-09,-1.2055902595190572e-09,0.0
1261,75720.0,75720,3.2351587506821347e-09,3.2351591208102346e-09,7.326013954451156e-07,0.0,4.440803055698489e-09,-1.2056435641398242e-09,0.0
1262,75780.0,75780,3.2355896617089453e-09,3.2355900319421166e-09,7.326442168935269e-07,0.0,4.441285916573408e-09,-1.2056955137756822e-09,0.0
1263,75840.0,75840,3.2360143620702117e-09,3.2360147324088455e-09,7.326870443160839e-07,0.0,4.441761212590276e-09,-1.2057461092179917e-09,0.0
1264,75900.0,75900,3.236432846695998e-09,3.2364332171409636e-09,7.327298776282442e-07,0.0,4.442228939426345e-09,-1.205795351213461e-09,0.0
1265,75960.0,75960,3.2368451106405968e-09,3.2368454811922842e-09,7.327727167453431e-07,0.0,4.442689092837135e-09,-1.205843240463972e-09,0.0
1266,76020.0,76020,3.2372511490834373e-09,3.2372515197426723e-09,7.328155615827045e-07,0.0,4.443141668660004e-09,-1.205889777626798e-09,0.0
1267,76080.0,76080,3.237650957327526e-09,3.2376513280949164e-09,7.328584120555527e-07,0.0,4.443586662810838e-09,-1.2059349633151903e-09,0.0
1268,76140.0,76140,3.23804453080053e-09,3.2380449016764234e-09,7.329012680790562e-07,0.0,4.444024071286315e-09,-1.2059787980980082e-09,0.0
1269,76200.0,76200,3.238431865051476e-09,3.238432236036872e-09,7.329441295682943e-07,0.0,4.444453890159911e-09,-1.2060212824996547e-09,0.0
1270,76260.0,76260,3.2388129557538365e-09,3.2388133268493857e-09,7.329869964382688e-07,0.0,4.444876115585452e-09,-1.2060624170005313e-09,0.0
1271,76320.0,76320,3.2391877987031805e-09,3.2391881699091877e-09,7.330298686039814e-07,0.0,4.4452907437953045e-09,-1.2061022020373654e-09,0.0
1272,76380.0,76380,3.2395563898156568e-09,3.23955676113299e-09,7.330727459803337e-07,0.0,4.445697771098015e-09,-1.2061406380024925e-09,0.0
1273,76440.0,76440,3.239918725130033e-09,3.2399190965595183e-09,7.331156284821494e-07,0.0,4.446097193881273e-09,-1.2061777252448343e-09,0.0
1274,76500.0,76500,3.2402748008057863e-09,3.2402751723480313e-09,7.331585160242524e-07,0.0,4.446489008609303e-09,-1.2062134640690938e-09,0.0
1275,76560.0,76560,3.2406246131231015e-09,3.2406249847788017e-09,7.332014085213551e-07,0.0,4.446873211823297e-09,-1.2062478547365602e-09,0.0
1276,76620.0,76620,3.2409681584819175e-09,3.240968530251941e-09,7.332443058881367e-07,0.0,4.447249800141502e-09,-1.2062808974646744e-09,0.0
1277,76680.0,76680,3.241305433402794e-09,3.241305805287619e-09,7.33287208039232e-07,0.0,4.44761877025731e-09,-1.2063125924274842e-09,0.0
1278,76740.0,76740,3.2416364345243934e-09,3.241636806525149e-09,7.333301148892091e-07,0.0,4.447980118940734e-09,-1.2063429397551674e-09,0.0
1279,76800.0,76800,3.241961158605827e-09,3.241961530722991e-09,7.333730263526247e-07,0.0,4.448333843037192e-09,-1.2063719395346609e-09,0.0
1280,76860.0,76860,3.2422796025237417e-09,3.242279974758096e-09,7.334159423439358e-07,0.0,4.4486799394669e-09,-1.2063995918092923e-09,0.0
1281,76920.0,76920,3.2425917632735413e-09,3.2425921356259546e-09,7.334588627775658e-07,0.0,4.449018405225127e-09,-1.2064258965788876e-09,0.0
1282,76980.0,76980,3.2428976379679476e-09,3.242898010439245e-09,7.335017875679602e-07,0.0,4.449349237380815e-09,-1.2064508537998373e-09,0.0
1283,77040.0,77040,3.243197223837526e-09,3.243197596428663e-09,7.335447166294537e-07,0.0,4.449672433077872e-09,-1.206474463385248e-09,0.0
1284,77100.0,77100,3.2434905182298572e-09,3.2434908909414428e-09,7.335876498763698e-07,0.0,4.449987989533182e-09,-1.2064967252044852e-09,0.0
1285,77160.0,77160,3.243777518609062e-09,3.243777891441877e-09,7.33630587222965e-07,0.0,4.450295904037034e-09,-1.206517639083827e-09,0.0
1286,77220.0,77220,3.244058222555321e-09,3.244058595510452e-09,7.33673528583518e-07,0.0,4.450596173952427e-09,-1.206537204805855e-09,0.0
1287,77280.0,77280,3.2443326277649196e-09,3.2443330008431918e-09,7.337164738722303e-07,0.0,4.450888796715425e-09,-1.206555422110083e-09,0.0
1288,77340.0,77340,3.244600732050074e-09,3.2446011052523993e-09,7.337594230032469e-07,0.0,4.451173769833234e-09,-1.2065722906920683e-09,0.0
1289,77400.0,77400,3.2448625333373675e-09,3.2448629066645276e-09,7.338023758907804e-07,0.0,4.451451090885253e-09,-1.20658781020441e-09,0.0
1290,77460.0,77460,3.2451180296687483e-09,3.2451184031215257e-09,7.338453324488871e-07,0.0,4.451720757522292e-09,-1.2066019802559018e-09,0.0
1291,77520.0,77520,3.2453672192004033e-09,3.2453675927797096e-09,7.338882925917125e-07,0.0,4.451982767465871e-09,-1.2066148004116842e-09,0.0
1292,77580.0,77580,3.245610100202276e-09,3.2456104739093707e-09,7.339312562332797e-07,0.0,4.452237118507792e-09,-1.2066262701937223e-09,0.0
1293,77640.0,77640,3.245846671059026e-09,3.2458470448943437e-09,7.339742232876565e-07,0.0,4.45248380851083e-09,-1.206636389080068e-09,0.0
1294,77700.0,77700,3.2460769302674633e-09,3.2460773042322642e-09,7.34017193668888e-07,0.0,4.452722835405868e-09,-1.2066451565050756e-09,0.0
1295,77760.0,77760,3.246300876437507e-09,3.2463012505326152e-09,7.340601672909197e-07,0.0,4.4529541971942444e-09,-1.206652571859686e-09,0.0
1296,77820.0,77820,3.2465185082923984e-09,3.246518882518988e-09,7.341031440677859e-07,0.0,4.453177891945835e-09,-1.2066586344906001e-09,0.0
1297,77880.0,77880,3.2467298246676198e-09,3.2467301990263415e-09,7.341461239134319e-07,0.0,4.4533939177988e-09,-1.2066633437009527e-09,0.0
1298,77940.0,77940,3.2469348245093263e-09,3.2469351990013966e-09,7.341891067418585e-07,0.0,4.453602272959148e-09,-1.2066666987498992e-09,0.0
1299,78000.0,78000,3.247133506876652e-09,3.2471338815028524e-09,7.342320924669221e-07,0.0,4.4538029557003834e-09,-1.2066686988523129e-09,0.0
1300,78060.0,78060,3.247325870939447e-09,3.247326245700907e-09,7.34275081002646e-07,0.0,4.453995964363599e-09,-1.2066693431791958e-09,0.0
1301,78120.0,78120,3.2475119159777168e-09,3.247512290875523e-09,7.34318072262864e-07,0.0,4.454181297355912e-09,-1.2066686308573978e-09,0.0
1302,78180.0,78180,3.247691641383662e-09,3.247692016418769e-09,7.34361066161544e-07,0.0,4.454358953151327e-09,-1.2066665609691816e-09,0.0
1303,78240.0,78240,3.2478650466576816e-09,3.247865421831219e-09,7.344040626125533e-07,0.0,4.454528930288832e-09,-1.2066631325527006e-09,0.0
1304,78300.0,78300,3.2480321314120227e-09,3.248032506724816e-09,7.344470615298372e-07,0.0,4.454691227373611e-09,-1.206658344601239e-09,0.0
1305,78360.0,78360,3.2481928953667834e-09,3.2481932708200483e-09,7.344900628272743e-07,0.0,4.454845843074611e-09,-1.2066521960635807e-09,0.0
1306,78420.0,78420,3.2483473383525197e-09,3.248347713947343e-09,7.345330664187432e-07,0.0,4.4549927761268894e-09,-1.206644685843792e-09,0.0
1307,78480.0,78480,3.2484954603079008e-09,3.2484958360453675e-09,7.345760722181337e-07,0.0,4.45513202532805e-09,-1.2066358128009184e-09,0.0
1308,78540.0,78540,3.248637261280706e-09,3.2486376371617286e-09,7.346190801393577e-07,0.0,4.4552635895395506e-09,-1.2066255757490917e-09,0.0
1309,78600.0,78600,3.2487727414269134e-09,3.2487731174528387e-09,7.346620900963604e-07,0.0,4.455387467686609e-09,-1.2066139734569674e-09,0.0
1310,78660.0,78660,3.2489019010105277e-09,3.248902277182398e-09,7.347051020029873e-07,0.0,4.4555036587565605e-09,-1.2066010046482437e-09,0.0
1311,78720.0,78720,3.2490247404027956e-09,3.24902511672161e-09,7.347481157731834e-07,0.0,4.455612161798677e-09,-1.2065866680007292e-09,0.0
1312,78780.0,78780,3.249141260083642e-09,3.2491416365504423e-09,7.347911313208164e-07,0.0,4.455712975925213e-09,-1.2065709621469504e-09,0.0
1313,78840.0,78840,3.249251460638149e-09,3.2492518372542394e-09,7.348341485599427e-07,0.0,4.455806100308194e-09,-1.2065538856733916e-09,0.0
1314,78900.0,78900,3.2493553427606416e-09,3.2493557195272808e-09,7.348771674043854e-07,0.0,4.455891534182363e-09,-1.2065354371206467e-09,0.0
1315,78960.0,78960,3.249452907250863e-09,3.24945328416892e-09,7.349201877681342e-07,0.0,4.455969276841191e-09,-1.2065156149830295e-09,0.0
1316,79020.0,79020,3.249544155014714e-09,3.2495445320856652e-09,7.349632095651899e-07,0.0,4.456039327639739e-09,-1.2064944177085932e-09,0.0
1317,79080.0,79080,3.2496290870649042e-09,3.2496294642898366e-09,7.350062327095426e-07,0.0,4.456101685991623e-09,-1.2064718436988283e-09,0.0
1318,79140.0,79140,3.2497077045201723e-09,3.249708081899997e-09,7.350492571151596e-07,0.0,4.456156351370397e-09,-1.2064478913086188e-09,0.0
1319,79200.0,79200,3.2497800086043695e-09,3.2497803861405206e-09,7.350922826961086e-07,0.0,4.45620332330791e-09,-1.2064225588457851e-09,0.0
1320,79260.0,79260,3.2498460006475065e-09,3.2498463783413737e-09,7.351353093664351e-07,0.0,4.45624260139482e-09,-1.2063958445710416e-09,0.0
1321,79320.0,79320,3.249905682085099e-09,3.2499060599375076e-09,7.35178337040162e-07,0.0,4.456274185280164e-09,-1.2063677466978445e-09,0.0
1322,79380.0,79380,3.2499590544573003e-09,3.2499594324697706e-09,7.352213656314683e-07,0.0,4.456298074670141e-09,-1.2063382633920223e-09,0.0
1323,79440.0,79440,3.250006119409466e-09,3.2500064975831273e-09,7.352643950544216e-07,0.0,4.456314269327938e-09,-1.2063073927716453e-09,0.0
1324,79500.0,79500,3.2500468786925874e-09,3.2500472570288294e-09,7.353074252231452e-07,0.0,4.456322769075208e-09,-1.2062751329070048e-09,0.0
1325,79560.0,79560,3.2500813341616854e-09,3.2500817126615942e-09,7.353504560518956e-07,0.0,4.456323573788331e-09,-1.206241481820004e-09,0.0
1326,79620.0,79620,3.250109487776809e-09,3.250109866441601e-09,7.353934874548407e-07,0.0,4.456316683401111e-09,-1.2062064374839633e-09,0.0
1327,79680.0,79680,3.250131341602558e-09,3.250131720433579e-09,7.35436519346237e-07,0.0,4.456302097903296e-09,-1.2061699978239016e-09,0.0
1328,79740.0,79740,3.250146897807951e-09,3.2501472768066786e-09,7.354795516403523e-07,0.0,4.456279817339192e-09,-1.2061321607156475e-09,0.0
1329,79800.0,79800,3.25015615866708e-09,3.2501565378345567e-09,7.355225842515101e-07,0.0,4.456249841809918e-09,-1.206092923985859e-09,0.0
1330,79860.0,79860,3.2501591265579786e-09,3.250159505895594e-09,7.355656170940669e-07,0.0,4.456212171471062e-09,-1.206052285412069e-09,0.0
1331,79920.0,79920,3.250155803963361e-09,3.250156183472418e-09,7.356086500824242e-07,0.0,4.456166806532765e-09,-1.2060102427216412e-09,0.0
1332,79980.0,79980,3.250146193470361e-09,3.2501465731523806e-09,7.356516831309941e-07,0.0,4.45611374726025e-09,-1.2059667935926178e-09,0.0
1333,80040.0,80040,3.250130297770751e-09,3.250130677626992e-09,7.35694716154267e-07,0.0,4.456052993972509e-09,-1.2059219356524384e-09,0.0
1334,80100.0,80100,3.250108119660853e-09,3.2501084996925324e-09,7.357377490667551e-07,0.0,4.455984547043267e-09,-1.205875666478135e-09,0.0
1335,80160.0,80160,3.2500796620419306e-09,3.250080042250481e-09,7.357807817830377e-07,0.0,4.455908406899932e-09,-1.2058279835961361e-09,0.0
1336,80220.0,80220,3.2500449279196237e-09,3.2500453083064788e-09,7.358238142177161e-07,0.0,4.4558245740237766e-09,-1.2057788844817472e-09,0.0
1337,80280.0,80280,3.250003920405078e-09,3.250004300971498e-09,7.358668462854138e-07,0.0,4.455733048950105e-09,-1.2057283665592135e-09,0.0
1338,80340.0,80340,3.2499566427140347e-09,3.249957023461669e-09,7.35909877900888e-07,0.0,4.45563383226678e-09,-1.2056764272009188e-09,0.0
1339,80400.0,80400,3.249903098167826e-09,3.249903479097718e-09,7.359529089789402e-07,0.0,4.455526924616046e-09,-1.205623063727644e-09,0.0
1340,80460.0,80460,3.2498432901935516e-09,3.2498436713073946e-09,7.35995939434294e-07,0.0,4.455412326693749e-09,-1.2055682734079603e-09,0.0
1341,80520.0,80520,3.249777222323643e-09,3.2497776036226106e-09,7.360389691818734e-07,0.0,4.455290039248375e-09,-1.205512053457947e-09,0.0
1342,80580.0,80580,3.2497048981971247e-09,3.249705279682867e-09,7.360819981366354e-07,0.0,4.45516006308245e-09,-1.2054544010409948e-09,0.0
1343,80640.0,80640,3.2496263215591774e-09,3.2496267032331275e-09,7.361250262135038e-07,0.0,4.455022399051488e-09,-1.2053953132675894e-09,0.0
1344,80700.0,80700,3.249541496262009e-09,3.2495418781254702e-09,7.361680533275807e-07,0.0,4.454877048064518e-09,-1.205334787194552e-09,0.0
1345,80760.0,80760,3.2494504262645924e-09,3.249450808319346e-09,7.362110793939342e-07,0.0,4.454724011084428e-09,-1.2052728198254943e-09,0.0
1346,80820.0,80820,3.2493531156342305e-09,3.2493534978815793e-09,7.362541043277662e-07,0.0,4.454563289127535e-09,-1.2052094081096242e-09,0.0
1347,80880.0,80880,3.2492495685459473e-09,3.2492499509870206e-09,7.362971280443008e-07,0.0,4.454394883263927e-09,-1.2051445489424414e-09,0.0
1348,80940.0,80940,3.249139789282531e-09,3.249140171919414e-09,7.363401504588843e-07,0.0,4.454218794617987e-09,-1.2050782391643682e-09,0.0
1349,81000.0,81000,3.2490237822377497e-09,3.2490241650715712e-09,7.363831714868187e-07,0.0,4.454035024368396e-09,-1.2050104755612072e-09,0.0
1350,81060.0,81060,3.248901551913656e-09,3.2489019349461975e-09,7.364261910436172e-07,0.0,4.453843573748127e-09,-1.2049412548635093e-09,0.0
1351,81120.0,81120,3.2487731029228922e-09,3.2487734861555865e-09,7.364692090447706e-07,0.0,4.453644444044536e-09,-1.2048705737462061e-09,0.0
1352,81180.0,81180,3.2486384399894255e-09,3.2486388234237495e-09,7.365122254058366e-07,0.0,4.45343763660075e-09,-1.2047984288284141e-09,0.0
1353,81240.0,81240,3.2484975679487247e-09,3.248497951586329e-09,7.365552400425176e-07,0.0,4.453223152815496e-09,-1.2047248166731302e-09,0.0
1354,81300.0,81300,3.2483504917489735e-09,3.248350875591292e-09,7.365982528705711e-07,0.0,4.453000994143271e-09,-1.2046497337867328e-09,0.0
1355,81360.0,81360,3.2481972164514204e-09,3.24819760050006e-09,7.366412638057996e-07,0.0,4.452771162094691e-09,-1.2045731766187638e-09,0.0
1356,81420.0,81420,3.248037747231247e-09,3.248038131487945e-09,7.366842727640721e-07,0.0,4.452533658237709e-09,-1.2044951415615168e-09,0.0
1357,81480.0,81480,3.2478720893796082e-09,3.2478724738457975e-09,7.367272796614355e-07,0.0,4.452288484197787e-09,-1.2044156249499937e-09,0.0
1358,81540.0,81540,3.2477002483016778e-09,3.2477006329790533e-09,7.367702844139144e-07,0.0,4.452035641657635e-09,-1.2043346230610785e-09,0.0
1359,81600.0,81600,3.2475222295219498e-09,3.2475226144120745e-09,7.368132869376446e-07,0.0,4.4517751323606e-09,-1.2042521321136899e-09,0.0
1360,81660.0,81660,3.247338038681195e-09,3.2473384237858937e-09,7.368562871489291e-07,0.0,4.451506958107451e-09,-1.2041681482678474e-09,0.0
1361,81720.0,81720,3.2471476815398946e-09,3.247148066860557e-09,7.368992849640369e-07,0.0,4.451231120759854e-09,-1.2040826676251063e-09,0.0
1362,81780.0,81780,3.246951163978847e-09,3.246951549517471e-09,7.369422802994599e-07,0.0,4.45094762224159e-09,-1.2039956862274484e-09,0.0
1363,81840.0,81840,3.246748491999907e-09,3.2467488777579263e-09,7.369852730716562e-07,0.0,4.450656464535684e-09,-1.203907200057371e-09,0.0
1364,81900.0,81900,3.246539671727593e-09,3.2465400577068317e-09,7.370282631972512e-07,0.0,4.45035764969058e-09,-1.2038172050375806e-09,0.0
1365,81960.0,81960,3.2463247094111703e-09,3.246325095613062e-09,7.37071250592959e-07,0.0,4.4500511798166565e-09,-1.203725697030322e-09,0.0
1366,82020.0,82020,3.246103611424002e-09,3.2461039978505884e-09,7.371142351756157e-07,0.0,4.4497370570902314e-09,-1.2036326718373543e-09,0.0
1367,82080.0,82080,3.2458763842670227e-09,3.24587677091978e-09,7.371572168620581e-07,0.0,4.449415283752427e-09,-1.2035381251993662e-09,0.0
1368,82140.0,82140,3.2456430345696497e-09,3.245643421450533e-09,7.372001955693447e-07,0.0,4.449085862111955e-09,-1.2034420527956715e-09,0.0
1369,82200.0,82200,3.245403569090176e-09,3.245403956200705e-09,7.372431712145901e-07,0.0,4.44874879454485e-09,-1.2033444502441433e-09,0.0
1370,82260.0,82260,3.2451579947188958e-09,3.245158382061112e-09,7.372861437149864e-07,0.0,4.448404083497512e-09,-1.2032453131000855e-09,0.0
1371,82320.0,82320,3.2449063184793214e-09,3.244906706054789e-09,7.373291129878928e-07,0.0,4.448051731486103e-09,-1.203144636857101e-09,0.0
1372,82380.0,82380,3.2446485475288355e-09,3.244648935339596e-09,7.373720789507683e-07,0.0,4.447691741099061e-09,-1.2030424169456586e-09,0.0
1373,82440.0,82440,3.2443846891627728e-09,3.24438507721026e-09,7.374150415211053e-07,0.0,4.44732411499875e-09,-1.2029386487329408e-09,0.0
1374,82500.0,82500,3.244114750813553e-09,3.244115139099851e-09,7.374580006165854e-07,0.0,4.446948855921899e-09,-1.202833327523061e-09,0.0
1375,82560.0,82560,3.243838740054327e-09,3.2438391285810435e-09,7.375009561550347e-07,0.0,4.446565966681421e-09,-1.2027264485561516e-09,0.0
1376,82620.0,82620,3.2435566646006304e-09,3.2435570533698062e-09,7.375439080543347e-07,0.0,4.446175450169112e-09,-1.2026180070080596e-09,0.0
1377,82680.0,82680,3.2432685323128127e-09,3.2432689213262727e-09,7.375868562325118e-07,0.0,4.445777309356601e-09,-1.202507997990086e-09,0.0
1378,82740.0,82740,3.2429743511967787e-09,3.2429747404564338e-09,7.376298006077144e-07,0.0,4.4453715472966575e-09,-1.2023964165489207e-09,0.0
1379,82800.0,82800,3.24267412940794e-09,3.2426745189157013e-09,7.376727410982134e-07,0.0,4.4449581671254455e-09,-1.202283257665796e-09,0.0
1380,82860.0,82860,3.2423678752516043e-09,3.2423682650093396e-09,7.377156776224241e-07,0.0,4.444537172064439e-09,-1.2021685162562687e-09,0.0
1381,82920.0,82920,3.2420555971878e-09,3.2420559871973772e-09,7.377586100988733e-07,0.0,4.444108565422853e-09,-1.2020521871701116e-09,0.0
1382,82980.0,82980,3.2417373038303173e-09,3.2417376940937783e-09,7.378015384462208e-07,0.0,4.443672350598423e-09,-1.2019342651906625e-09,0.0
1383,83040.0,83040,3.2414130039533575e-09,3.241413394472352e-09,7.378444625832936e-07,0.0,4.443228531081665e-09,-1.2018147450344764e-09,0.0
1384,83100.0,83100,3.2410827064892705e-09,3.2410830972661882e-09,7.378873824289851e-07,0.0,4.44277711045466e-09,-1.2016936213512816e-09,0.0
1385,83160.0,83160,3.2407464205357245e-09,3.240746811572346e-09,7.37930297902389e-07,0.0,4.442318092397651e-09,-1.2015708887233076e-09,0.0
1386,83220.0,83220,3.2404041553554876e-09,3.2404045466537673e-09,7.379732089227437e-07,0.0,4.441851480687484e-09,-1.2014465416650227e-09,0.0
1387,83280.0,83280,3.240055920380207e-09,3.2400563119420563e-09,7.380161154094208e-07,0.0,4.441377279202126e-09,-1.2013205746228533e-09,0.0
1388,83340.0,83340,3.2397017252124945e-09,3.239702117040346e-09,7.38059017281903e-07,0.0,4.440895491922831e-09,-1.2011929819744891e-09,0.0
1389,83400.0,83400,3.2393415796309204e-09,3.239341971726381e-09,7.381019144598847e-07,0.0,4.440406122936318e-09,-1.2010637580291632e-09,0.0
1390,83460.0,83460,3.2389754935905353e-09,3.2389758859558635e-09,7.381448068631601e-07,0.0,4.439909176438243e-09,-1.2009328970267208e-09,0.0
1391,83520.0,83520,3.23860347722665e-09,3.2386038698640616e-09,7.381876944117125e-07,0.0,4.439404656734242e-09,-1.200800393137661e-09,0.0
1392,83580.0,83580,3.2382255408597863e-09,3.2382259337711484e-09,7.382305770256584e-07,0.0,4.438892568244796e-09,-1.2006662404621387e-09,0.0
1393,83640.0,83640,3.2378416949962403e-09,3.237842088183725e-09,7.382734546253036e-07,0.0,4.4383729155069675e-09,-1.200530433030594e-09,0.0
1394,83700.0,83700,3.237451950332994e-09,3.23745234379886e-09,7.38316327131065e-07,0.0,4.437845703177615e-09,-1.2003929648027308e-09,0.0
1395,83760.0,83760,3.237056317761013e-09,3.237056711507128e-09,7.383591944636267e-07,0.0,4.4373109360356545e-09,-1.2002538296669754e-09,0.0
1396,83820.0,83820,3.23665480836842e-09,3.2366552023971293e-09,7.384020565437388e-07,0.0,4.436768618987267e-09,-1.2001130214407796e-09,0.0
1397,83880.0,83880,3.236247433444315e-09,3.236247827757791e-09,7.384449132923522e-07,0.0,4.436218757067031e-09,-1.1999705338701207e-09,0.0
1398,83940.0,83940,3.235834204481688e-09,3.2358345990821453e-09,7.384877646306177e-07,0.0,4.435661355442005e-09,-1.1998263606284816e-09,0.0
1399,84000.0,84000,3.2354151331827147e-09,3.2354155280722818e-09,7.385306104798751e-07,0.0,4.435096419414855e-09,-1.1996804953171549e-09,0.0
1400,84060.0,84060,3.2349902314607147e-09,3.2349906266416508e-09,7.385734507616089e-07,0.0,4.434523954428805e-09,-1.1995329314649384e-09,0.0
1401,84120.0,84120,3.2345595114457526e-09,3.2345599069203163e-09,7.386162853974701e-07,0.0,4.433943966068856e-09,-1.1993836625275052e-09,0.0
1402,84180.0,84180,3.2341229854873756e-09,3.234123381257825e-09,7.38659114309377e-07,0.0,4.433356460066819e-09,-1.1992326818868175e-09,0.0
1403,84240.0,84240,299.99999994625284,-5.374721492985818e-08,7.387019374193811e-07,300.0,8.790773647394769e-10,-5.462629221612371e-08,0.0
1404,84300.0,84300,299.99999994625284,-5.374718936486992e-08,7.378039572547255e-07,300.0,8.790388458154865e-10,-5.462622813208125e-08,0.0
1405,84360.0,84360,299.9999999462529,-5.3747148865302785e-08,7.369059776164836e-07,300.0,8.790169831743169e-10,-5.462616576977956e-08,0.0
1406,84420.0,84420,299.9999999462529,-5.3747132355593154e-08,7.360079987110018e-07,300.0,8.790114348454006e-10,-5.462614371167826e-08,0.0
1407,84480.0,84480,299.9999999462529,-5.374717244058914e-08,7.35110020096854e-07,300.0,8.790220102009828e-10,-5.4626194371992893e-08,0.0
1408,84540.0,84540,299.9999999462529,-5.3747143733393446e-08,7.342120407895094e-07,300.0,8.790487000693586e-10,-5.462619235468307e-08,0.0
1409,84600.0,84600,299.99999994625284,-5.374716821925729e-08,7.333140618941911e-07,300.0,8.790915859014784e-10,-5.46262597264192e-08,0.0
1410,84660.0,84660,299.99999994625284,-5.3747209144681984e-08,7.32416082482778e-07,300.0,8.79150934449959e-10,-5.4626360000470465e-08,0.0
1411,84720.0,84720,299.9999999462528,-5.37472448112343e-08,7.31518102238962e-07,300.0,8.792271667330263e-10,-5.462647189942763e-08,0.0
1412,84780.0,84780,299.99999994625273,-5.374729631428288e-08,7.306201212070099e-07,300.0,8.793208644605233e-10,-5.4626617100368015e-08,0.0
1413,84840.0,84840,3.2358716393063964e-09,3.235872035732425e-09,7.297221390779411e-07,0.0,4.4358556567605276e-09,-1.199983223450738e-09,0.0
1414,84900.0,84900,3.2366462514283747e-09,3.236646647679009e-09,7.297649850839184e-07,0.0,4.436921528504793e-09,-1.2002744834287002e-09,0.0
1415,84960.0,84960,3.2374155814288126e-09,3.2374159775055724e-09,7.29807841329625e-07,0.0,4.437980284727805e-09,-1.200563910004344e-09,0.0
1416,85020.0,85020,3.2381796035708865e-09,3.2381799994752057e-09,7.29850707744863e-07,0.0,4.4390319088115625e-09,-1.2008515122960567e-09,0.0
1417,85080.0,85080,3.238938292538409e-09,3.2389386882713726e-09,7.298935842590672e-07,0.0,4.440076384479038e-09,-1.201137299343606e-09,0.0
1418,85140.0,85140,3.2396916234268763e-09,3.239692018989875e-09,7.299364708012722e-07,0.0,4.441113695787136e-09,-1.2014212801083142e-09,0.0
1419,85200.0,85200,3.2404395717347425e-09,3.240439967129123e-09,7.29979367300168e-07,0.0,4.442143827117667e-09,-1.2017034634730801e-09,0.0
1420,85260.0,85260,3.2411821133541217e-09,3.241182508581317e-09,7.300222736839886e-07,0.0,4.443166763166914e-09,-1.2019838582425961e-09,0.0
1421,85320.0,85320,3.2419192245632727e-09,3.2419196196244557e-09,7.300651898807457e-07,0.0,4.444182488940079e-09,-1.202262473143348e-09,0.0
1422,85380.0,85380,3.2426508820183488e-09,3.242651276914779e-09,7.301081158179504e-07,0.0,4.445190989740856e-09,-1.2025393168235927e-09,0.0
1423,85440.0,85440,3.2433770627439266e-09,3.2433774574768202e-09,7.301510514228249e-07,0.0,4.446192251164133e-09,-1.2028143978533386e-09,0.0
1424,85500.0,85500,3.24409774412571e-09,3.2440981386963704e-09,7.3019399662228e-07,0.0,4.447186259088002e-09,-1.2030877247249074e-09,0.0
1425,85560.0,85560,3.244812903902276e-09,3.2448132983121366e-09,7.30236951342815e-07,0.0,4.448172999665329e-09,-1.2033593058523283e-09,0.0
1426,85620.0,85620,3.2455225201579537e-09,3.2455229144079695e-09,7.302799155106291e-07,0.0,4.449152459316112e-09,-1.2036291495719887e-09,0.0
1427,85680.0,85680,3.2462265713126133e-09,3.2462269654041314e-09,7.303228890516099e-07,0.0,4.4501246247193175e-09,-1.2038972641424814e-09,0.0
1428,85740.0,85740,3.246925036116457e-09,3.246925430050693e-09,7.303658718913007e-07,0.0,4.451089482805836e-09,-1.2041636577446493e-09,0.0
1429,85800.0,85800,3.247617893641721e-09,3.2476182874195444e-09,7.304088639548775e-07,0.0,4.45204702075041e-09,-1.204428338481672e-09,0.0
1430,85860.0,85860,3.248305123272338e-09,3.2483055168953122e-09,7.304518651672495e-07,0.0,4.4529972259639e-09,-1.2046913143792387e-09,0.0
1431,85920.0,85920,3.2489867047009408e-09,3.2489870981699777e-09,7.304948754529926e-07,0.0,4.453940086085987e-09,-1.2049525933855491e-09,0.0
1432,85980.0,85980,3.2496626179182195e-09,3.2496630112345787e-09,7.305378947364264e-07,0.0,4.454875588979353e-09,-1.2052121833717261e-09,0.0
1433,86040.0,86040,3.250332843206711e-09,3.250333236371435e-09,7.305809229415152e-07,0.0,4.455803722719168e-09,-1.2054700921310761e-09,0.0
1434,86100.0,86100,3.250997361133978e-09,3.2509977541483705e-09,7.30623959991934e-07,0.0,4.456724475589964e-09,-1.2057263273803071e-09,0.0
1435,86160.0,86160,3.2516561525448372e-09,3.2516565454098963e-09,7.30667005811024e-07,0.0,4.457637836075643e-09,-1.20598089675868e-09,0.0
1436,86220.0,86220,3.2523091985541446e-09,3.252309591270827e-09,7.307100603219377e-07,0.0,4.4585437928534e-09,-1.206233807828618e-09,0.0
1437,86280.0,86280,3.2529564805406754e-09,3.25295687311037e-09,7.307531234474381e-07,0.0,4.459442334787809e-09,-1.2064850680757273e-09,0.0
1438,86340.0,86340,3.2535979801400836e-09,3.253598372563529e-09,7.307961951100995e-07,0.0,4.460333450923533e-09,-1.2067346849089497e-09,0.0
1439,86400.0,86400,3.2542336792380844e-09,3.2542340715164975e-09,7.308392752322291e-07,0.0,4.461217130477848e-09,-1.2069826656603022e-09,0.0
1440,,86460,,,,,,,
