,time,time_x,P_Grid,P_BTMS,E_BTMS,P_Charge,P_BTMS_Ch,P_BTMS_DCh,"param: btms size, a,b_sys,b_cap,b_loan,c"
0,60.0,60,36.93805395365418,36.93805395365418,11.90960787572648,0.0,36.93805414134542,1.8769123162097055e-07,121.2096354514445
1,120.0,120,36.44150682493472,36.44150682493473,12.432896972934104,0.0,36.4415070127262,1.877914755889348e-07,0.26301369863013696
2,180.0,180,35.97462465422913,35.97462465422913,12.949151652484616,0.0,35.97462484211739,1.8788826015495497e-07,0.04323985936321764
3,240.0,240,35.534587720704934,35.53458772070494,13.458792167949891,0.0,35.534587908686746,1.879818092456865e-07,0.023148148148148147
4,300.0,300,35.11894517163104,35.11894517163104,13.962198826856673,0.0,35.11894535970335,1.8807232427735573e-07,0.03205546181136265
5,360.0,360,34.72555455504774,34.72555455504774,14.459717216318012,0.0,34.725554743207724,1.8815998710097815e-07,0.12
6,420.0,420,34.35253314224243,34.35253314224243,14.951662572044203,0.0,34.3525333304874,1.8824496249666322e-07,0.0
7,480.0,480,33.99821839859172,33.99821839859172,15.438323457755438,0.0,33.998218586919116,1.883274002912869e-07,0.0
8,540.0,540,33.661135625084015,33.661135625084015,15.91996488459808,0.0,33.66113581349145,1.884074371621603e-07,0.0
9,600.0,600,33.339971272861305,33.339971272861305,16.396830972149164,0.0,33.33997146134651,1.8848519817846853e-07,0.0
10,660.0,660,33.03355078457832,33.03355078457832,16.869147231376893,0.0,33.03355097313912,1.885607981235192e-07,0.0
11,720.0,720,32.74082007691055,32.74082007691055,17.337122533687094,0.0,32.7408202655449,1.886343426329434e-07,0.0
12,780.0,780,32.460829973525854,32.460829973525854,17.800950817638483,0.0,32.46083016223179,1.8870592917842514e-07,0.0
13,840.0,840,32.19272304548418,32.19272304548418,18.260812575125076,0.0,32.19272323425983,1.8877564792074605e-07,0.0
14,900.0,900,31.935722428682745,31.935722428682745,18.7168761511309,0.0,31.935722617526327,1.8884358245234785e-07,0.0
15,960.0,960,31.68912227474852,31.689122274748524,19.1692988850652,0.0,31.68912246365833,1.8890981044602814e-07,0.0
16,1020.0,1020,31.452279559218653,31.452279559218656,19.618228116818603,0.0,31.45227974819306,1.889744042233486e-07,0.0
17,1080.0,1080,31.224607023559965,31.224607023559965,20.0638020767685,0.0,31.2246072125974,1.890374312547982e-07,0.0
18,1140.0,1140,31.005567069189667,31.005567069189667,20.50615067579641,0.0,31.00556725828862,1.890989546007247e-07,0.0
19,1200.0,1200,30.79466645458017,30.79466645458017,20.945396208803917,0.0,30.794666643739205,1.891590333019506e-07,0.0
20,1260.0,1260,30.591451672963373,30.591451672963373,21.381653983104304,0.0,30.591451862181092,1.8921772272622918e-07,0.0
21,1320.0,1320,30.39550490923085,30.395504909230855,21.815032881331643,0.0,30.39550509850593,1.8927507487691392e-07,0.0
22,1380.0,1380,30.2064404917623,30.2064404917623,22.245635867072625,0.0,30.20644068109344,1.8933113866848898e-07,0.0
23,1440.0,1440,30.02390176882602,30.02390176882602,22.67356044023266,0.0,30.02390195821198,1.8938596017323744e-07,0.0
24,1500.0,1500,29.84755835049557,29.84755835049557,23.098899048150965,0.0,29.847558539935154,1.8943958284281885e-07,0.0
25,1560.0,1560,29.677103666369796,29.677103666369796,23.52173945764278,0.0,29.67710385586184,1.8949204770749557e-07,0.0
26,1620.0,1620,29.512252797039327,29.512252797039327,23.942165092442686,0.0,29.512252986582723,1.8954339355607413e-07,0.0
27,1680.0,1680,29.352740543618435,29.352740543618435,24.36025533992695,0.0,29.35274073321209,1.8959365709855524e-07,0.0
28,1740.0,1740,29.198319704897905,29.198319704897905,24.77608583048762,0.0,29.19831989454078,1.8964287311365307e-07,0.0
29,1800.0,1800,29.048759536168934,29.048759536168934,25.189728692499628,0.0,29.048759725860005,1.8969107458279798e-07,0.0
30,1860.0,1860,28.90384436736811,28.90384436736811,25.601252785454516,0.0,28.903844557106403,1.897382928121716e-07,0.0
31,1920.0,1920,28.76337236140025,28.76337236140025,26.010723913517946,0.0,28.763372551184805,1.8978455754408003e-07,0.0
32,1980.0,1980,28.62715439603184,28.62715439603184,26.41820502149671,0.0,28.62715458586174,1.8982989705885388e-07,0.0
33,2040.0,2040,28.495013055070228,28.495013055070228,26.823756374965978,0.0,28.495013244944566,1.8987433826803188e-07,0.0
34,2100.0,2100,28.36678171633608,28.36678171633608,27.227435726104844,0.0,28.36678190625399,1.8991790680016452e-07,0.0
35,2160.0,2160,28.24230372562931,28.24230372562931,27.62929846661153,0.0,28.24230391558994,1.8996062707950544e-07,0.0
36,2220.0,2220,28.121431647222465,28.121431647222465,28.029397768916436,0.0,28.12143183722499,1.9000252239862193e-07,0.0
37,2280.0,2280,28.004026582627112,28.004026582627112,28.427784716777136,0.0,28.004026772670727,1.900436149854485e-07,0.0
38,2340.0,2340,27.889957550348015,27.889957550348015,28.824508426222632,0.0,27.88995774043194,1.9008392606506885e-07,0.0
39,2400.0,2400,27.779100920313763,27.779100920313763,29.21961615771074,0.0,27.77910111043724,1.9012347591727746e-07,0.0
40,2460.0,2460,27.67133989728437,27.67133989728437,29.613153420273267,0.0,27.67134008744665,1.901622839295747e-07,0.0
41,2520.0,2520,27.566564048364683,27.566564048364683,30.005164068342772,0.0,27.56656423856505,1.9020036864670262e-07,0.0
42,2580.0,2580,27.464668870171,27.464668870171,30.39569039188582,0.0,27.46466906040875,1.9023774781649055e-07,0.0
43,2640.0,2640,27.365555391802193,27.365555391802193,30.784773200404373,0.0,27.365555582076627,1.902744384327644e-07,0.0
44,2700.0,2700,27.269129810141305,27.269129810141305,31.1724519013126,0.0,27.269130000451767,1.9031045677516369e-07,0.0
45,2760.0,2760,27.17530315443804,27.17530315443804,31.558764573147204,0.0,27.175303344783856,1.903458184464529e-07,0.0
46,2820.0,2820,27.083990977396127,27.083990977396127,31.943748034025933,0.0,27.083991167776663,1.9038053840743477e-07,0.0
47,2880.0,2880,26.995113070352808,26.995113070352808,32.327437905729816,0.0,26.995113260767443,1.9041463100950616e-07,0.0
48,2940.0,2940,26.908593200348392,26.908593200348392,32.70986867375049,0.0,26.908593390796504,1.9044811002524665e-07,0.0
49,3000.0,3000,26.824358867112245,26.824358867112245,33.09107374361268,0.0,26.824359057593234,1.9048098867714356e-07,0.0
50,3060.0,3060,26.7423410782303,26.7423410782303,33.47108549375396,0.0,26.74234126874358,1.9051327966453127e-07,0.0
51,3120.0,3120,26.662474140884203,26.662474140884203,33.84993532521932,0.0,26.6624743314292,1.9054499518890492e-07,0.0
52,3180.0,3180,26.584695468754404,26.584695468754404,34.227653708405526,0.0,26.584695659330553,1.905761469778156e-07,0.0
53,3240.0,3240,26.508945402796527,26.508945402796527,34.604270227069826,0.0,26.508945593403276,1.9060674630725137e-07,0.0
54,3300.0,3300,26.43516704472423,26.43516704472423,34.979813619799636,0.0,26.435167235361035,1.906368040228895e-07,0.0
55,3360.0,3360,26.36330610216862,26.36330610216862,35.354311819123346,0.0,26.363306292834952,1.9066633055999762e-07,0.0
56,3420.0,3420,26.29331074453661,26.29331074453661,35.727791988427455,0.0,26.293310935231947,1.906953359623734e-07,0.0
57,3480.0,3480,26.22513146871669,26.22513146871669,36.1002805568317,0.0,26.22513165944052,1.9072382990014818e-07,0.0
58,3540.0,3540,26.1587209738815,26.1587209738815,36.471803252161756,0.0,26.15872116463332,1.9075182168659956e-07,0.0
59,3600.0,3600,26.094034044609995,26.094034044609998,36.842385132148245,0.0,26.09403423538932,1.9077932029422895e-07,0.0
60,3660.0,3660,26.031027441750904,26.031027441750904,37.21205061396998,0.0,26.03102763255724,1.9080633436976621e-07,0.0
61,3720.0,3720,25.96965980039246,25.96965980039246,37.58082350225115,0.0,25.96965999122533,1.9083287224849886e-07,0.0
62,3780.0,3780,25.909891534420552,25.909891534420556,37.94872701561301,0.0,25.909891725279493,1.908589419679663e-07,0.0
63,3840.0,3840,25.85168474716454,25.85168474716454,38.31578381187353,0.0,25.85168493804909,1.9088455128071494e-07,0.0
64,3900.0,3900,25.7950031476955,25.7950031476955,38.68201601198119,0.0,25.79500333860521,1.9090970766660413e-07,0.0
65,3960.0,3960,25.739811972340963,25.739811972340963,39.04744522276299,0.0,25.739812163275378,1.9093441834446248e-07,0.0
66,4020.0,4020,25.686077911078197,25.686077911078197,39.41209255856052,0.0,25.686078102036888,1.9095869028302407e-07,0.0
67,4080.0,4080,25.633769038416407,25.633769038416407,39.775978661823444,0.0,25.633769229398936,1.909825302115452e-07,0.0
68,4140.0,4140,25.582854748483058,25.582854748483058,40.139123722723596,0.0,25.582854939489003,1.910059446297235e-07,0.0
69,4200.0,4200,25.53330569401032,25.53330569401032,40.50154749784964,0.0,25.53330588503926,1.9102893981724198e-07,0.0
70,4260.0,4260,25.485093728960607,25.485093728960607,40.863269328037255,0.0,25.48509392001213,1.9105152184280069e-07,0.0
71,4320.0,4320,25.438191854531727,25.438191854531727,41.224308155386616,0.0,25.438192045605422,1.9107369657271065e-07,0.0
72,4380.0,4380,25.39257416832512,25.39257416832512,41.584682539514844,0.0,25.39257435942059,1.9109546967919423e-07,0.0
73,4440.0,4440,25.348215816477435,25.348215816477435,41.94441067308842,0.0,25.34821600759428,1.911168466481659e-07,0.0
74,4500.0,4500,25.3050929485278,25.3050929485278,42.30351039667743,0.0,25.30509313966564,1.9113783278663812e-07,0.0
75,4560.0,4560,25.263182674889784,25.263182674889784,42.66199921297045,0.0,25.263182866048215,1.9115843322992668e-07,0.0
76,4620.0,4620,25.222463026712738,25.222463026712738,43.019894300386866,0.0,25.22246321789139,1.9117865294841808e-07,0.0
77,4680.0,4680,25.182912918030464,25.182912918030464,43.37721252612072,0.0,25.18291310922896,1.9119849675402499e-07,0.0
78,4740.0,4740,25.144512110004378,25.144512110004378,43.733970458648194,0.0,25.14451230122235,1.9121796930640422e-07,0.0
79,4800.0,4800,25.107241177183376,25.107241177183376,44.09018437972859,0.0,25.10724136842045,1.912370751188517e-07,0.0
80,4860.0,4860,25.071081475607812,25.071081475607812,44.445870295927314,0.0,25.07108166686363,1.9125581856391163e-07,0.0
81,4920.0,4920,25.036015112684794,25.036015112684794,44.80104394968699,0.0,25.036015303959,1.912742038787962e-07,0.0
82,4980.0,4980,25.002024918711683,25.002024918711683,45.155720829971884,0.0,25.00202511000392,1.9129223517056421e-07,0.0
83,5040.0,5040,24.969094419943122,24.969094419943122,45.50991618250878,0.0,24.96909461125304,1.9130991642097288e-07,0.0
84,5100.0,5100,24.9372078131463,24.9372078131463,45.86364501964641,0.0,24.937208004473554,1.9132725149119974e-07,0.0
85,5160.0,5160,24.906349941509422,24.906349941509422,46.21692212985437,0.0,24.906350132853667,1.9134424412634188e-07,0.0
86,5220.0,5220,24.87650627187042,24.87650627187042,46.56976208688077,0.0,24.876506463231316,1.9136089795966635e-07,0.0
87,5280.0,5280,24.847662873168566,24.84766287316857,46.92217925858724,0.0,24.84766306454579,1.913772165167901e-07,0.0
88,5340.0,5340,24.819806396062592,24.819806396062592,47.27418781547873,0.0,24.819806587455794,1.9139320321954072e-07,0.0
89,5400.0,5400,24.792924053644388,24.792924053644388,47.62580173894451,0.0,24.792924245053243,1.9140886138967607e-07,0.0
90,5460.0,5460,24.76700360319484,24.76700360319484,47.97703482922599,0.0,24.767003794619033,1.9142419425251846e-07,0.0
91,5520.0,5520,24.742033328930173,24.742033328930173,48.32790071312607,0.0,24.742033520369382,1.9143920494041811e-07,0.0
92,5580.0,5580,24.718002025675013,24.718002025675013,48.67841285147403,0.0,24.71800221712891,1.9145389649585672e-07,0.0
93,5640.0,5640,24.69489898343217,24.69489898343217,49.02858454635916,0.0,24.694899174900442,1.9146827187476963e-07,0.0
94,5700.0,5700,24.672713972795286,24.672713972795286,49.378428948145825,0.0,24.672714164277618,1.914823339494082e-07,0.0
95,5760.0,5760,24.651437231153924,24.651437231153924,49.72795906228177,0.0,24.65143742265001,1.9149608551121652e-07,0.0
96,5820.0,5820,24.63105944967623,24.63105944967623,50.07718775591108,0.0,24.631059641185757,1.9150952927355634e-07,0.0
97,5880.0,5880,24.611571761015426,24.611571761015426,50.42612776430277,0.0,24.611571952538096,1.9152266787430923e-07,0.0
98,5940.0,5940,24.59296572770123,24.59296572770123,50.77479169710506,0.0,24.592965919236736,1.915355038783935e-07,0.0
99,6000.0,6000,24.5752333312133,24.5752333312133,51.12319204443536,0.0,24.575233522761344,1.9154803978005088e-07,0.0
100,6060.0,6060,24.558366961671457,24.558366961671457,51.471341182815394,0.0,24.55836715323174,1.915602780051258e-07,0.0
101,6120.0,6120,24.542359408144424,24.542359408144424,51.819251380960225,0.0,24.542359599716644,1.9157222091326676e-07,0.0
102,6180.0,6180,24.527203849533656,24.527203849533656,52.16693480543005,0.0,24.527204041117525,1.9158387079990867e-07,0.0
103,6240.0,6240,24.51289384602948,24.51289384602948,52.51440352615287,0.0,24.51289403762471,1.9159522989826994e-07,0.0
104,6300.0,6300,24.499423331080393,24.499423331080393,52.86166952182601,0.0,24.499423522686694,1.9160630038109355e-07,0.0
105,6360.0,6360,24.48678660390545,24.48678660390545,53.20874468520401,0.0,24.486786795522537,1.9161708436260705e-07,0.0
106,6420.0,6420,91.26350097273641,-208.73649902726356,53.555640828280346,300.0,1.1633283558661559e-07,208.73649914359638,0.0
107,6480.0,6480,91.26350097273189,-208.73649902726814,50.07669917753516,300.0,1.1633186851292392e-07,208.73649914360004,0.0
108,6540.0,6540,91.26350097272653,-208.73649902727345,46.59775752678991,300.0,1.163305254164982e-07,208.736499143604,0.0
109,6600.0,6600,91.26350097272035,-208.73649902727962,43.11881587604457,300.0,1.1632877916429281e-07,208.7364991436084,0.0
110,6660.0,6660,91.26350097271327,-208.73649902728673,39.63987422529914,300.0,1.1632660509350262e-07,208.7364991436133,0.0
111,6720.0,6720,91.26350097270523,-208.73649902729474,36.16093257455359,300.0,1.1632397318188823e-07,208.73649914361872,0.0
112,6780.0,6780,91.26350097269624,-208.73649902730378,32.681990923807916,300.0,1.1632084286601867e-07,208.7364991436246,0.0
113,6840.0,6840,91.26350097268619,-208.73649902731378,29.2030492730621,300.0,1.1631716290886658e-07,208.73649914363097,0.0
114,6900.0,6900,91.26350097267512,-208.7364990273249,25.724107622316122,300.0,1.1631285994058596e-07,208.73649914363773,0.0
115,6960.0,6960,91.26350097266305,-208.73649902733698,22.24516597156997,300.0,1.16307840862024e-07,208.73649914364478,0.0
116,7020.0,7020,91.26350097265022,-208.73649902734982,18.76622432082363,300.0,1.1630196899392259e-07,208.7364991436518,0.0
117,7080.0,7080,91.26350097263719,-208.73649902736278,15.287282670077087,300.0,1.1629505286953529e-07,208.73649914365785,0.0
118,7140.0,7140,91.2635009726257,-208.73649902737426,11.808341019330344,300.0,1.162867735586454e-07,208.73649914366106,0.0
119,7200.0,7200,91.26350070539348,-3.7364992946062228,8.329399368583434,94.99999999999972,4.0312270426662113e-07,3.7364996977289153,0.0
120,7260.0,7260,22.50243593736254,22.50243593736254,8.267124379332232,0.0,22.50243612950733,1.9214479011249808e-07,0.0
121,7320.0,7320,22.152610110843742,22.152610110843742,8.585908887964548,0.0,22.15261030304795,1.9220420509324347e-07,0.0
122,7380.0,7380,21.82529030328576,21.82529030328576,8.89973753072103,0.0,21.82529049554973,1.9226396658325346e-07,0.0
123,7440.0,7440,21.51809349485027,21.51809349485027,9.208929142870295,0.0,21.518093687174204,1.9232393000424933e-07,0.0
124,7500.0,7500,21.228981296125465,21.228981296125465,9.513768800233235,0.0,21.228981488509444,1.9238397708593205e-07,0.0
125,7560.0,7560,20.956197947377163,20.956197947377163,9.814512701447425,0.0,20.956198139821172,1.9244401066264392e-07,0.0
126,7620.0,7620,20.698221476393904,20.698221476393904,10.111392171887527,0.0,20.698221668897858,1.925039506294953e-07,0.0
127,7680.0,7680,20.453724830543976,20.453724830543976,10.40461697565522,0.0,20.453725023107708,1.9256373076887566e-07,0.0
128,7740.0,7740,20.221544657017237,20.221544657017237,10.694378076939886,0.0,20.22154484964053,1.926232962378402e-07,0.0
129,7800.0,7800,20.000656010186585,20.000656010186585,10.98084995909944,0.0,20.000656202869184,1.9268260156270544e-07,0.0
130,7860.0,7860,19.790151697535194,19.790151697535194,11.264192585428747,0.0,19.790151890276807,1.9274160902678517e-07,0.0
131,7920.0,7920,19.58922528882282,19.58922528882282,11.544553067328676,0.0,19.589225481623107,1.9280028736495472e-07,0.0
132,7980.0,7980,19.397157042644913,19.397157042644913,11.8220670917717,0.0,19.397157235503528,1.9285861070065526e-07,0.0
133,8040.0,8040,19.213302174786577,19.213302174786577,12.096860149393722,0.0,19.213302367703132,1.9291655767485197e-07,0.0
134,8100.0,8100,19.03708102005207,19.03708102005207,12.369048596387605,0.0,19.037081213026184,1.9297411072872965e-07,0.0
135,8160.0,8160,18.867970735707935,18.867970735707935,12.638740577022606,0.0,18.86797092873919,1.9303125551008213e-07,0.0
136,8220.0,8220,18.705498268062883,18.705498268062883,12.906036828629258,0.0,18.705498461150867,1.9308798037974575e-07,0.0
137,8280.0,8280,18.54923436036472,18.54923436036472,13.171031386944124,0.0,18.549234553509,1.9314427599964173e-07,0.0
138,8340.0,8340,18.39878842396811,18.39878842396811,13.433812206566461,0.0,18.398788617168243,1.9320013498742645e-07,0.0
139,8400.0,8400,18.253804129097873,18.253804129097873,13.694461708756371,0.0,18.25380432235342,1.932555516260602e-07,0.0
140,8460.0,8460,18.113955598426017,18.113955598426017,13.953057266768816,0.0,18.11395579173654,1.9331052161870536e-07,0.0
141,8520.0,8520,17.97894410808255,17.97894410808255,14.20967163726327,0.0,17.97894430144759,1.9336504188109212e-07,0.0
142,8580.0,8580,17.848495217786564,17.848495217786564,14.464373344977721,0.0,17.848495411205676,1.9341911036547092e-07,0.0
143,8640.0,8640,17.722356265387546,17.722356265387546,14.717227026746178,0.0,17.722356458860276,1.9347272591050987e-07,0.0
144,8700.0,8700,17.60029417217875,17.600294172178753,14.96829374002218,0.0,17.60029436570464,1.9352588811326456e-07,0.0
145,8760.0,8760,17.482093514243875,17.482093514243875,15.217631240310924,0.0,17.48209370782247,1.9357859721974614e-07,0.0
146,8820.0,8820,17.367554822421994,17.367554822421994,15.465294231278788,0.0,17.36755501605285,1.9363085403093594e-07,0.0
147,8880.0,8880,17.25649307938508,17.25649307938508,15.711334590779048,0.0,17.25649327306774,1.936826598222195e-07,0.0
148,8940.0,8940,17.148736387289986,17.148736387289986,15.955801575586154,0.0,17.148736581024004,1.937340162738571e-07,0.0
149,9000.0,9000,17.044124783494855,17.044124783494855,16.198742007255117,0.0,17.044124977279782,1.9378492541137704e-07,0.0
150,9060.0,9060,16.942509185187603,16.942509185187603,16.44020044120352,0.0,16.94250937902299,1.9383538955375694e-07,0.0
151,9120.0,9120,16.843750446596573,16.843750446596573,16.680219320842447,0.0,16.843750640481982,1.938854112687884e-07,0.0
152,9180.0,9180,16.74771851482214,16.74771851482214,16.918839118351208,0.0,16.747718708757134,1.9393499333458873e-07,0.0
153,9240.0,9240,16.654291672248203,16.654291672248203,17.156098463493038,0.0,16.65429186623234,1.9398413870588313e-07,0.0
154,9300.0,9300,16.563355855194857,16.563355855194857,17.39203426169828,0.0,16.563356049227707,1.9403285048519068e-07,0.0
155,9360.0,9360,16.474804039880585,16.474804039880585,17.62668180249515,0.0,16.474804233961716,1.940811318974476e-07,0.0
156,9420.0,9420,16.3885356879265,16.3885356879265,17.860074859241603,0.0,16.388535882055486,1.9412898626819446e-07,0.0
157,9480.0,9480,16.304456244665744,16.304456244665744,18.092245781001925,0.0,16.304456438842163,1.9417641700450284e-07,0.0
158,9540.0,9540,16.2224766844077,16.2224766844077,18.323225577315938,0.0,16.222476878631127,1.9422342757847466e-07,0.0
159,9600.0,9600,16.142513097509557,16.142513097509557,18.55304399652617,0.0,16.14251329177958,1.942700215127868e-07,0.0
160,9660.0,9660,16.064486314784588,16.064486314784588,18.781729598255232,0.0,16.064486509100792,1.9431620236820344e-07,0.0
161,9720.0,9720,15.988321565279819,15.988321565279819,19.009309820562237,0.0,15.98832175964179,1.94361973732673e-07,0.0
162,9780.0,9780,15.913948163984491,15.913948163984491,19.235811042251147,0.0,15.913948358391831,1.9440733921192549e-07,0.0
163,9840.0,9840,15.841299226408234,15.841299226408234,19.46125864075493,0.0,15.841299420860535,1.9445230242119778e-07,0.0
164,9900.0,9900,15.770311407295539,15.770311407295539,19.685677045976263,0.0,15.770311601792407,1.944968669780655e-07,0.0
165,9960.0,9960,15.700924661140165,15.700924661140165,19.90908979042672,0.0,15.700924855681201,1.9454103649626948e-07,0.0
166,10020.0,10020,15.63308202232655,15.63308202232655,20.131519555973203,0.0,15.633082216911363,1.945848145804335e-07,0.0
167,10080.0,10080,15.566729403047473,15.566729403047473,20.352988217469715,0.0,15.56672959767568,1.9462820482129758e-07,0.0
168,10140.0,10140,15.50181540730113,15.50181540730113,20.573516883526334,0.0,15.50181560197234,1.9467121079176477e-07,0.0
169,10200.0,10200,15.438291159466681,15.438291159466681,20.7931259346431,0.0,15.438291354180517,1.947138360434708e-07,0.0
170,10260.0,10260,15.376110146148546,15.376110146148546,21.011835058915445,0.0,15.37611034090463,1.9475608410376256e-07,0.0
171,10320.0,10320,15.315228070050873,15.315228070050873,21.229663285499004,0.0,15.315228264848832,1.947979584732962e-07,0.0
172,10380.0,10380,15.255602714820112,15.255602714820112,21.446629016004408,0.0,15.255602909659578,1.9483946262365392e-07,0.0
173,10440.0,10440,15.197193819925463,15.197193819925463,21.662750053977273,0.0,15.197194014806062,1.9488059999577372e-07,0.0
174,10500.0,10500,15.13996296464887,15.13996296464887,21.878043632605692,0.0,15.139963159570243,1.9492137399818606e-07,0.0
175,10560.0,10560,15.083873460451388,15.083873460451388,22.092526440784262,0.0,15.083873655413177,1.949617880058669e-07,0.0
176,10620.0,10620,15.02889025098347,15.02889025098347,22.306214647653263,0.0,15.028890445985317,1.9500184535912763e-07,0.0
177,10680.0,10680,14.9749798191161,14.9749798191161,22.51912392572137,0.0,14.97498001415765,1.950415493627984e-07,0.0
178,10740.0,10740,14.922110100404023,14.922110100404023,22.731269472671254,0.0,14.922110295484927,1.950809032854079e-07,0.0
179,10800.0,10800,14.870250402472188,14.870250402472188,22.942666031939282,0.0,14.870250597592097,1.9511991035880443e-07,0.0
180,10860.0,10860,14.819371329832425,14.819371329832425,23.15332791215318,0.0,14.819371524990999,1.9515857377759927e-07,0.0
181,10920.0,10920,14.769444713718322,14.769444713718322,23.363269005504584,0.0,14.76944490891522,1.9519689669899588e-07,0.0
182,10980.0,10980,14.720443546537716,14.720443546537716,23.572502805127613,0.0,14.720443741772597,1.9523488224251886e-07,0.0
183,11040.0,11040,14.67234192058657,14.67234192058657,23.781042421548815,0.0,14.672342115859104,1.9527253348989893e-07,0.0
184,11100.0,11100,14.625114970697824,14.625114970697824,23.988900598268952,0.0,14.625115166007678,1.9530985348511376e-07,0.0
185,11160.0,11160,14.578738820532424,14.578738820532424,24.196089726532236,0.0,14.578739015879268,1.9534684523436936e-07,0.0
186,11220.0,11220,14.533190532239214,14.533190532239214,24.402621859334754,0.0,14.533190727622724,1.9538351170620406e-07,0.0
187,11280.0,11280,14.488448059236728,14.488448059236728,24.60850872471969,0.0,14.488448254656584,1.954198558317075e-07,0.0
188,11340.0,11340,14.444490201882212,14.444490201882212,24.813761738403667,0.0,14.444490397338093,1.954558805046209e-07,0.0
189,11400.0,11400,14.401296565839864,14.401296565839864,25.018392015775035,0.0,14.401296761331453,1.9549158858161176e-07,0.0
190,11460.0,11460,14.358847522924371,14.358847522924371,25.22241038330237,0.0,14.358847718451356,1.9552698288257822e-07,0.0
191,11520.0,11520,14.317124174284157,14.317124174284157,25.425827389388328,0.0,14.317124369846221,1.9556206619082727e-07,0.0
192,11580.0,11580,14.2761083157239,14.2761083157239,25.628653314701783,0.0,14.27610851132074,1.9559684125355365e-07,0.0
193,11640.0,11640,14.235782405051838,14.235782405051838,25.830898182018885,0.0,14.235782600683146,1.9563131078205136e-07,0.0
194,11700.0,11700,14.196129531282553,14.196129531282553,26.03257176560138,0.0,14.19612972694803,1.9566547745209244e-07,0.0
195,11760.0,11760,14.157133385606755,14.157133385606755,26.233683600138725,0.0,14.1571335813061,1.9569934390436113e-07,0.0
196,11820.0,11820,14.118778233970444,14.118778233970444,26.434242989278907,0.0,14.118778429703358,1.957329127447807e-07,0.0
197,11880.0,11880,14.081048891189674,14.081048891189674,26.63425901377083,0.0,14.081049086955861,1.9576618654486977e-07,0.0
198,11940.0,11940,14.043930696481135,14.043930696481135,26.833740539239937,0.0,14.043930892280304,1.9579916784223592e-07,0.0
199,12000.0,12000,14.007409490333943,14.007409490333943,27.032696223617258,0.0,14.007409686165802,1.9583185914092486e-07,0.0
200,12060.0,12060,13.97147159260901,13.971471592609008,27.231134524240744,0.0,13.971471788473272,1.9586426291179143e-07,0.0
201,12120.0,12120,13.936103781828834,13.936103781828834,27.42906370464638,0.0,13.936103977725214,1.95896381593038e-07,0.0
202,12180.0,12180,13.901293275537851,13.901293275537851,27.626491841065885,0.0,13.901293471466069,1.9592821759043713e-07,0.0
203,12240.0,12240,13.867027711709692,13.86702771170969,27.823426828646184,0.0,13.867027907669463,1.9595977327793677e-07,0.0
204,12300.0,12300,13.833295131097831,13.833295131097831,28.019876387405507,0.0,13.83329532708888,1.959910509979682e-07,0.0
205,12360.0,12360,13.800083960512605,13.800083960512604,28.215848067939415,0.0,13.800084156534657,1.9602205306186569e-07,0.0
206,12420.0,12420,13.767382996923955,13.767382996923955,28.411349256889956,0.0,13.767383192976736,1.9605278175031183e-07,0.0
207,12480.0,12480,13.735181392379603,13.735181392379603,28.606387182189586,0.0,13.735181588462842,1.9608323931373848e-07,0.0
208,12540.0,12540,13.703468639675794,13.703468639675794,28.80096891809142,0.0,13.703468835789222,1.961134279727055e-07,0.0
209,12600.0,12600,13.672234558719483,13.672234558719483,28.995101389996545,0.0,13.672234754862831,1.9614334991837576e-07,0.0
210,12660.0,12660,13.641469283576496,13.641469283576496,29.188791379088048,0.0,13.641469479749503,1.9617300731281225e-07,0.0
211,12720.0,12720,13.611163250138858,13.611163250138858,29.382045526781617,0.0,13.611163446341259,1.9620240228942346e-07,0.0
212,12780.0,12780,13.58130718437858,13.58130718437858,29.57487033900141,0.0,13.581307380610117,1.962315369534275e-07,0.0
213,12840.0,12840,13.551892091175901,13.551892091175901,29.76727219028953,0.0,13.551892287436312,1.9626041338215263e-07,0.0
214,12900.0,12900,13.522909243657791,13.522909243657791,29.9592573277572,0.0,13.522909439946822,1.9628903362539008e-07,0.0
215,12960.0,12960,13.49435017304919,13.49435017304919,30.15083187488496,0.0,13.49435036936659,1.9631739970590626e-07,0.0
216,13020.0,13020,13.466206658988137,13.466206658988133,30.34200183517903,0.0,13.466206855333649,1.963455136196766e-07,0.0
217,13080.0,13080,13.438470720280806,13.438470720280806,30.53277309569049,0.0,13.438470916654182,1.963733773363794e-07,0.0
218,13140.0,13140,13.411134606093874,13.411134606093874,30.723151430403536,0.0,13.411134802494868,1.9640099279966283e-07,0.0
219,13200.0,13200,13.38419078752893,13.38419078752893,30.91314250349886,0.0,13.384190983957291,1.9642836192753883e-07,0.0
220,13260.0,13260,13.35763194958198,13.35763194958198,31.102751872497784,0.0,13.357632146037465,1.9645548661274656e-07,0.0
221,13320.0,13320,13.331450983456044,13.331450983456044,31.291984991292384,0.0,13.331451179938412,1.9648236872309406e-07,0.0
222,13380.0,13380,13.305640979226677,13.305640979226677,31.480847213066806,0.0,13.305641175735687,1.965090101018369e-07,0.0
223,13440.0,13440,13.280195218801277,13.280195218801277,31.669343793114574,0.0,13.280195415336689,1.965354125679306e-07,0.0
224,13500.0,13500,13.25510716921114,13.25510716921114,31.85747989155625,0.0,13.255107365772718,1.9656157791646864e-07,0.0
225,13560.0,13560,13.23037047617897,13.230370476178967,32.045260575962004,0.0,13.230370672766478,1.9658750791892751e-07,0.0
226,13620.0,13620,13.20597895795783,13.20597895795783,32.23269082388307,0.0,13.205979154571034,1.966132043235527e-07,0.0
227,13680.0,13680,13.18192659944389,13.18192659944389,32.41977552529593,0.0,13.18192679608256,1.9663866885561498e-07,0.0
228,13740.0,13740,13.158207546514653,13.158207546514651,32.60651948496312,0.0,13.158207743178556,1.9666390321780376e-07,0.0
229,13800.0,13800,13.134816100632685,13.134816100632683,32.79292742471375,0.0,13.134816297321594,1.9668890909048325e-07,0.0
230,13860.0,13860,13.111746713647639,13.111746713647639,32.97900398564766,0.0,13.111746910361324,1.9671368813197472e-07,0.0
231,13920.0,13920,13.088993982821428,13.088993982821428,33.16475373026587,0.0,13.08899417955967,1.9673824197889782e-07,0.0
232,13980.0,13980,13.066552646059613,13.066552646059613,33.35018114453066,0.0,13.066552842822183,1.9676257224648625e-07,0.0
233,14040.0,14040,13.044417577322749,13.044417577322749,33.53529063985793,0.0,13.044417774109426,1.9678668052880678e-07,0.0
234,14100.0,14100,13.022583782244967,13.022583782244965,33.720086555044695,0.0,13.022583979055534,1.9681056839908587e-07,0.0
235,14160.0,14160,13.00104639389645,13.00104639389645,33.90457315813446,0.0,13.001046590730688,1.9683423741001777e-07,0.0
236,14220.0,14220,12.97980066874034,12.97980066874034,34.088754648222576,0.0,12.979800865598028,1.9685768909395767e-07,0.0
237,14280.0,14280,12.958841982737507,12.958841982737507,34.27263515720424,0.0,12.958842179618431,1.9688092496330017e-07,0.0
238,14340.0,14340,12.938165827598484,12.938165827598484,34.45621875146748,0.0,12.93816602450243,1.9690394651062422e-07,0.0
239,14400.0,14400,12.91776780718984,12.91776780718984,34.639509433532865,0.0,12.917768004116594,1.9692675520910878e-07,0.0
240,14460.0,14460,12.897643634071379,12.897643634071377,34.822511143642394,0.0,12.89764383102073,1.969493525126071e-07,0.0
241,14520.0,14520,12.877789126171258,12.877789126171258,35.00522776129936,0.0,12.877789323142999,1.969717398560588e-07,0.0
242,14580.0,14580,12.858200203581385,12.858200203581385,35.18766310676102,0.0,12.858200400575303,1.9699391865563457e-07,0.0
243,14640.0,14640,12.838872885479306,12.838872885479306,35.36982094248593,0.0,12.838873082495196,1.9701589030909634e-07,0.0
244,14700.0,14700,12.819803287160351,12.819803287160351,35.55170497453767,0.0,12.819803484198006,1.9703765619586408e-07,0.0
245,14760.0,14760,12.800987617181542,12.800987617181542,35.733318853946514,0.0,12.800987814240761,1.9705921767745005e-07,0.0
246,14820.0,14820,12.782422174614949,12.782422174614949,35.9146661780306,0.0,12.782422371695525,1.9708057609751833e-07,0.0
247,14880.0,14880,12.76410334638964,12.76410334638964,36.09575049167827,0.0,12.764103543491371,1.9710173278221875e-07,0.0
248,14940.0,14940,12.746027604748964,12.746027604748962,36.276575288592696,0.0,12.746027801871652,1.971226890404395e-07,0.0
249,15000.0,15000,12.728191504779291,12.728191504779291,36.457144012500486,0.0,12.728191701922736,1.9714344616389234e-07,0.0
250,15060.0,15060,12.710591682046264,12.710591682046264,36.63746005832533,0.0,12.71059187921027,1.971640054274617e-07,0.0
251,15120.0,15120,12.693224850298854,12.693224850298854,36.81752677332806,0.0,12.693225047483223,1.9718436808937538e-07,0.0
252,15180.0,15180,12.67608779927111,12.67608779927111,36.99734745821433,0.0,12.676087996475644,1.9720453539139008e-07,0.0
253,15240.0,15240,12.659177392544773,12.659177392544773,37.17692536821099,0.0,12.659177589769282,1.9722450855905507e-07,0.0
254,15300.0,15300,12.642490565500657,12.642490565500657,37.3562637141123,0.0,12.642490762744943,1.9724428880181984e-07,0.0
255,15360.0,15360,12.626024323332746,12.626024323332746,37.535365663297114,0.0,12.626024520596625,1.9726387731336809e-07,0.0
256,15420.0,15420,12.609775739133353,12.609775739133353,37.714234340717816,0.0,12.609775936416627,1.9728327527171443e-07,0.0
257,15480.0,15480,12.593741952050147,12.593741952050147,37.89287282986232,0.0,12.593742149352632,1.9730248383939722e-07,0.0
258,15540.0,15540,12.577920165490319,12.577920165490319,38.07128417368977,0.0,12.577920362811822,1.973215041637683e-07,0.0
259,15600.0,15600,12.562307645405873,12.562307645405873,38.2494713755409,0.0,12.562307842746211,1.973403373770373e-07,0.0
260,15660.0,15660,12.546901718620685,12.546901718620685,38.427437400024125,0.0,12.546901915979667,1.9735898459659496e-07,0.0
261,15720.0,15720,12.531699771226103,12.531699771226103,38.60518517387784,0.0,12.53169996860355,1.9737744692508696e-07,0.0
262,15780.0,15780,12.51669924701485,12.51669924701485,38.7827175868101,0.0,12.516699444410575,1.9739572545067784e-07,0.0
263,15840.0,15840,12.501897645984583,12.501897645984583,38.96003749231597,0.0,12.501897843398405,1.9741382124713984e-07,0.0
264,15900.0,15900,12.487292522878864,12.487292522878864,39.13714770847388,0.0,12.4872927203106,1.9743173537409068e-07,0.0
265,15960.0,15960,12.472881485778105,12.472881485778105,39.314051018721074,0.0,12.472881683227572,1.9744946887715668e-07,0.0
266,16020.0,16020,12.458662194738586,12.458662194738586,39.490750172609296,0.0,12.458662392205607,1.9746702278810288e-07,0.0
267,16080.0,16080,12.444632360477572,12.444632360477568,39.667247886541084,0.0,12.444632557961967,1.974843981250372e-07,0.0
268,16140.0,16140,12.430789743095199,12.430789743095199,39.84354684448746,0.0,12.430789940596794,1.9750159589254014e-07,0.0
269,16200.0,16200,12.41713215083628,12.417132150836279,40.019649698687545,0.0,12.417132348354897,1.9751861708184696e-07,0.0
270,16260.0,16260,12.403657438907006,12.403657438907006,40.19555907033058,0.0,12.40365763644247,1.9753546267097382e-07,0.0
271,16320.0,16320,12.390363508307717,12.390363508307715,40.37127755022125,0.0,12.39036370585985,1.9755213362494033e-07,0.0
272,16380.0,16380,12.377248304713921,12.377248304713921,40.54680769942839,0.0,12.377248502282551,1.9756863089581063e-07,0.0
273,16440.0,16440,12.364309817397597,12.364309817397595,40.72215204991791,0.0,12.364310014982552,1.975849554229568e-07,0.0
274,16500.0,16500,12.351546078167058,12.351546078167058,40.8973131051704,0.0,12.351546275768163,1.9760110813309608e-07,0.0
275,16560.0,16560,12.338955160356994,12.338955160356992,41.07229334078375,0.0,12.338955357974083,1.9761708994052833e-07,0.0
276,16620.0,16620,12.326535177835092,12.326535177835092,41.24709520506143,0.0,12.326535375467992,1.9763290174721784e-07,0.0
277,16680.0,16680,12.314284284048144,12.314284284048144,41.42172111958667,0.0,12.314284481696687,1.9764854444296767e-07,0.0
278,16740.0,16740,12.30220067109608,12.30220067109608,41.59617347978322,0.0,12.302200868760098,1.976640189055126e-07,0.0
279,16800.0,16800,12.290282568830794,12.290282568830794,41.770454655462906,0.0,12.290282766510119,1.9767932600068234e-07,0.0
280,16860.0,16860,12.278528243984933,12.278528243984933,41.94456699136047,0.0,12.2785284416794,1.9769446658255746e-07,0.0
281,16920.0,16920,12.26693599932785,12.26693599932785,42.11851280765601,0.0,12.26693619703729,1.977094414935437e-07,0.0
282,16980.0,16980,12.255504172844958,12.255504172844955,42.29229440048553,0.0,12.255504370569207,1.9772425156453154e-07,0.0
283,17040.0,17040,12.244231136942702,12.244231136942702,42.46591404243985,0.0,12.2442313346816,1.9773889761501878e-07,0.0
284,17100.0,17100,12.233115297676932,12.233115297676932,42.63937398305218,0.0,12.233115495430312,1.97753380453244e-07,0.0
285,17160.0,17160,12.222155094005993,12.222155094005993,42.81267644927487,0.0,12.222155291773694,1.9776770087623134e-07,0.0
286,17220.0,17220,12.211348997059883,12.211348997059883,42.98582364594553,0.0,12.211349194841741,1.977818596700613e-07,0.0
287,17280.0,17280,12.200695509439111,12.200695509439111,43.15881775624275,0.0,12.200695707234969,1.9779585760984116e-07,0.0
288,17340.0,17340,12.190193164532808,12.190193164532808,43.33166094213197,0.0,12.1901933623425,1.9780969545990538e-07,0.0
289,17400.0,17400,12.179840525847839,12.179840525847837,43.50435534480165,0.0,12.17984072367121,1.978233739738639e-07,0.0
290,17460.0,17460,12.169636186365059,12.169636186365059,43.67690308508992,0.0,12.169636384201953,1.9783689389475797e-07,0.0
291,17520.0,17520,12.159578767921978,12.159578767921978,43.84930626390215,0.0,12.159578965772235,1.9785025595520134e-07,0.0
292,17580.0,17580,12.14966692059058,12.14966692059058,44.021566962619744,0.0,12.14966711845404,1.9786346087739498e-07,0.0
293,17640.0,17640,12.139899322099375,12.139899322099375,44.19368724350011,0.0,12.139899519975883,1.9787650937326824e-07,0.0
294,17700.0,17700,12.130274677251291,12.130274677251291,44.36566915006848,0.0,12.130274875140694,1.9788940214470156e-07,0.0
295,17760.0,17760,12.120791717370567,12.120791717370565,44.53751470750146,0.0,12.120791915272706,1.9790213988338535e-07,0.0
296,17820.0,17820,12.111449199761703,12.111449199761703,44.709225923002776,0.0,12.111449397676425,1.979147232711356e-07,0.0
297,17880.0,17880,12.102245907180228,12.102245907180226,44.88080478617127,0.0,12.102246105107382,1.9792715297990125e-07,0.0
298,17940.0,17940,12.093180647326136,12.093180647326136,45.05225326936149,0.0,12.093180845265564,1.979394296718793e-07,0.0
299,18000.0,18000,12.084252252338993,12.084252252338993,45.223573328037084,0.0,12.084252450290546,1.9795155399958908e-07,0.0
300,18060.0,18060,12.075459578330195,12.075459578330195,45.394766901116995,0.0,12.075459776293723,1.9796352660598724e-07,0.0
301,18120.0,18120,12.066801504896628,12.066801504896628,45.56583591131509,0.0,12.066801702871976,1.9797534812453837e-07,0.0
302,18180.0,18180,12.058276934680194,12.058276934680194,45.73678226547284,0.0,12.058277132667213,1.9798701917933747e-07,0.0
303,18240.0,18240,12.04988479291281,12.04988479291281,45.907607854885825,0.0,12.049884990911348,1.9799854038515445e-07,0.0
304,18300.0,18300,12.041624026991244,12.041624026991244,46.07831455562375,0.0,12.041624225001156,1.9800991234758273e-07,0.0
305,18360.0,18360,12.033493606060363,12.033493606060363,46.24890422884442,0.0,12.033493804081498,1.980211356630577e-07,0.0
306,18420.0,18420,12.02549252060183,12.02549252060183,46.41937872110188,0.0,12.025492718634043,1.9803221091896437e-07,0.0
307,18480.0,18480,12.017619782039946,12.017619782039946,46.58973986464865,0.0,12.017619980083083,1.9804313869372657e-07,0.0
308,18540.0,18540,12.009874422358063,12.009874422358063,46.759989477732425,0.0,12.009874620411983,1.9805391955691077e-07,0.0
309,18600.0,18600,12.002255493719915,12.002255493719913,46.93012936488736,0.0,12.002255691784468,1.9806455406925216e-07,0.0
310,18660.0,18660,11.994762068113301,11.994762068113301,47.10016131721987,0.0,11.994762266188344,1.980750427827622e-07,0.0
311,18720.0,18720,11.987393236988863,11.987393236988861,47.270087112689616,0.0,11.987393435074248,1.980853862407919e-07,0.0
312,18780.0,18780,11.980148110922658,11.980148110922658,47.43990851638507,0.0,11.980148309018244,1.980955849781763e-07,0.0
313,18840.0,18840,11.97302581927447,11.97302581927447,47.60962728079455,0.0,11.97302601738011,1.9810563952116807e-07,0.0
314,18900.0,18900,11.96602550986616,11.96602550986616,47.77924514607232,0.0,11.96602570798171,1.981155503876338e-07,0.0
315,18960.0,18960,11.959146348672926,11.959146348672926,47.94876384030013,0.0,11.959146546798243,1.9812531808707663e-07,0.0
316,19020.0,19020,11.952387519497345,11.952387519497345,48.11818507974434,0.0,11.952387717632288,1.9813494312072888e-07,0.0
317,19080.0,19080,11.945748223686664,11.945748223686662,48.287510569108534,0.0,11.945748421831086,1.9814442598155209e-07,0.0
318,19140.0,19140,11.939227679837309,11.939227679837309,48.45674200178205,0.0,11.939227877991076,1.981537671543892e-07,0.0
319,19200.0,19200,11.932825123508934,11.932825123508934,48.625881060084346,0.0,11.9328253216719,1.9816296711600544e-07,0.0
320,19260.0,19260,11.92653980694662,11.92653980694662,48.7949294155053,0.0,11.926540005118644,1.9817202633509568e-07,0.0
321,19320.0,19320,11.920370998829004,11.920370998829004,48.9638887289416,0.0,11.920371197009947,1.9818094527244786e-07,0.0
322,19380.0,19380,11.914317983984514,11.914317983984514,49.13276065092954,0.0,11.914318182174238,1.9818972438089092e-07,0.0
323,19440.0,19440,11.908380063157276,11.908380063157274,49.301546821873835,0.0,11.90838026135564,1.9819836410548788e-07,0.0
324,19500.0,19500,11.902556552753971,11.902556552753971,49.47024887227306,0.0,11.902556750960835,1.982068648834616e-07,0.0
325,19560.0,19560,11.896846784604456,11.896846784604454,49.63886842294155,0.0,11.896846982819682,1.9821522714433956e-07,0.0
326,19620.0,19620,11.891250105730716,11.891250105730714,49.80740708522789,0.0,11.891250303954166,1.9822345130998723e-07,0.0
327,19680.0,19680,11.885765878120605,11.885765878120605,49.97586646123016,0.0,11.885766076352143,1.9823153779465644e-07,0.0
328,19740.0,19740,11.88039347850719,11.88039347850719,50.144248144007946,0.0,11.880393676746676,1.9823948700502603e-07,0.0
329,19800.0,19800,11.875132298156265,11.875132298156265,50.31255371779118,0.0,11.875132496403566,1.9824729934033936e-07,0.0
330,19860.0,19860,11.869981742657,11.869981742656998,50.4807847581861,0.0,11.869981940911975,1.9825497519231514e-07,0.0
331,19920.0,19920,11.864941231726743,11.864941231726743,50.64894283237809,0.0,11.864941429989258,1.9826251494535536e-07,0.0
332,19980.0,19980,11.86001019900413,11.86001019900413,50.81702949933189,0.0,11.860010397274047,1.9826991897643018e-07,0.0
333,20040.0,20040,11.85518809186965,11.855188091869648,50.98504630998875,0.0,11.855188290146836,1.9827718765529694e-07,0.0
334,20100.0,20100,11.850474371255062,11.85047437125506,51.152994807461205,0.0,11.850474569539381,1.9828432134439995e-07,0.0
335,20160.0,20160,11.8458685114649,11.8458685114649,51.32087652722492,0.0,11.845868709756221,1.9829132039907095e-07,0.0
336,20220.0,20220,11.841369999999294,11.841369999999294,51.48869299730826,0.0,11.841370198297481,1.9829818516739918e-07,0.0
337,20280.0,20280,11.836978337396532,11.836978337396529,51.65644573847916,0.0,11.836978535701446,1.9830491599040215e-07,0.0
338,20340.0,20340,11.832693037050012,11.832693037050012,51.82413626442984,0.0,11.832693235361527,1.9831151320203675e-07,0.0
339,20400.0,20400,11.828513625064812,11.82851362506481,51.991766081958914,0.0,11.828513823382787,1.9831797712926237e-07,0.0
340,20460.0,20460,11.82443964009893,11.824439640098928,52.159336691151516,0.0,11.824439838423237,1.9832430809201126e-07,0.0
341,20520.0,20520,11.820470633209807,11.820470633209807,52.3268495855571,0.0,11.820470831540312,1.983305064033257e-07,0.0
342,20580.0,20580,11.816606167710644,11.816606167710644,52.494306252365064,0.0,11.816606366047212,1.9833657236933603e-07,0.0
343,20640.0,20640,11.812845819031537,11.812845819031537,52.66170817257844,0.0,11.812846017374046,1.9834250628930487e-07,0.0
344,20700.0,20700,11.80918917458374,11.80918917458374,52.829056821185524,0.0,11.809189372932046,1.9834830845570532e-07,0.0
345,20760.0,20760,11.805635833621231,11.805635833621231,52.99635366732957,0.0,11.805636031975212,1.9835397915417996e-07,0.0
346,20820.0,20820,11.802185407121119,11.802185407121119,53.163600174476635,0.0,11.802185605480636,1.9835951866371176e-07,0.0
347,20880.0,20880,11.798837517652961,11.798837517652961,53.33079780058161,0.0,11.798837716017886,1.9836492725649774e-07,0.0
348,20940.0,20940,11.795591799263258,11.795591799263258,53.497947998252435,0.0,11.795591997633462,1.983702051980938e-07,0.0
349,21000.0,21000,11.792447897360628,11.792447897360628,53.66505221491271,0.0,11.792448095735981,1.9837535274742214e-07,0.0
350,21060.0,21060,11.78940546859847,11.78940546859847,53.83211189296271,0.0,11.78940566697884,1.9838037015678985e-07,0.0
351,21120.0,21120,11.78646418077076,11.786464180770759,53.999128469938555,0.0,11.786464379156017,1.9838525767195194e-07,0.0
352,21180.0,21180,11.783623712706055,11.783623712706055,54.16610337867016,0.0,11.78362391109607,1.9839001553207803e-07,0.0
353,21240.0,21240,11.780883754171931,11.780883754171931,54.333038047437505,0.0,11.780883952566576,1.9839464396986363e-07,0.0
354,21300.0,21300,11.778244005768205,11.778244005768205,54.49993390012561,0.0,11.778244204167349,1.9839914321151531e-07,0.0
355,21360.0,21360,11.775704178843318,11.775704178843318,54.666792356377975,0.0,11.77570437724683,1.984035134767916e-07,0.0
356,21420.0,21420,11.77326399539966,11.77326399539966,54.833614831748896,0.0,11.773264193807416,1.9840775497901775e-07,0.0
357,21480.0,21480,11.770923188007162,11.770923188007162,55.00040273785436,0.0,11.770923386419028,1.984118679251006e-07,0.0
358,21540.0,21540,11.7686814997205,11.7686814997205,55.167157482521745,0.0,11.768681698136351,1.984158525156066e-07,0.0
359,21600.0,21600,11.766538684001551,11.766538684001551,55.3338804699384,0.0,11.766538882421257,1.984197089447469e-07,0.0
360,21660.0,21660,11.764494504640728,11.764494504640728,55.500573100799016,0.0,11.764494703064166,1.9842343740042935e-07,0.0
361,21720.0,21720,11.762548735680387,11.762548735680385,55.66723677245203,0.0,11.762548934107423,1.9842703806419902e-07,0.0
362,21780.0,21780,11.760701161357137,11.760701161357137,55.83387287904474,0.0,11.760701359787646,1.9843051111141653e-07,0.0
363,21840.0,21840,11.758951576019957,11.758951576019953,56.00048281166788,0.0,11.758951774453811,1.9843385671113545e-07,0.0
364,21900.0,21900,11.757299784076661,11.757299784076661,56.16706795849873,0.0,11.757299982513736,1.9843707502618398e-07,0.0
365,21960.0,21960,11.755745599928575,11.755745599928575,56.333629704943704,0.0,11.755745798368741,1.98440166213165e-07,0.0
366,22020.0,22020,11.754288847918605,11.754288847918605,56.50016943377991,0.0,11.754289046361734,1.9844313042253388e-07,0.0
367,22080.0,22080,11.75292936226852,11.752929362268517,56.66668852529597,0.0,11.752929560714486,1.9844596779853194e-07,0.0
368,22140.0,22140,11.751666987036216,11.751666987036216,56.83318835743198,0.0,11.751667185484894,1.9844867847929008e-07,0.0
369,22200.0,22200,11.750501576058603,11.750501576058603,56.999670305918855,0.0,11.750501774509868,1.9845126259676214e-07,0.0
370,22260.0,22260,11.749432992912077,11.749432992912077,57.16613574441688,0.0,11.749433191365796,1.9845372027680285e-07,0.0
371,22320.0,22320,11.748461110873873,11.748461110873873,57.332586044653645,0.0,11.748461309329922,1.9845605163916771e-07,0.0
372,22380.0,22380,11.747585812868888,11.747585812868888,57.499022576561536,0.0,11.747586011327144,1.9845825679750208e-07,0.0
373,22440.0,22440,11.746806991445496,11.746806991445494,57.66544670841434,0.0,11.746807189905832,1.9846033585942627e-07,0.0
374,22500.0,22500,11.746124548735324,11.746124548735322,57.83185980696367,0.0,11.746124747197612,1.9846228892643184e-07,0.0
375,22560.0,22560,11.745538396422834,11.745538396422834,57.998263237574584,0.0,11.74553859488695,1.9846411609402626e-07,0.0
376,22620.0,22620,11.745048455721358,11.745048455721358,58.16465836436106,0.0,11.745048654187174,1.9846581745166613e-07,0.0
377,22680.0,22680,11.7446546573377,11.7446546573377,58.33104655032093,0.0,11.744654855805093,1.984673930827608e-07,0.0
378,22740.0,22740,11.744356941459712,11.744356941459712,58.497429157470364,0.0,11.744357139928553,1.984688430647283e-07,0.0
379,22800.0,22800,11.744155257730117,11.744155257730117,58.66380754697819,0.0,11.744155456200284,1.984701674689838e-07,0.0
380,22860.0,22860,11.744049565230105,11.744049565230105,58.83018307929985,0.0,11.744049763701472,1.9847136636096977e-07,0.0
381,22920.0,22920,11.744039832465521,11.744039832465521,58.996557114311074,0.0,11.744040030937962,1.984724398001036e-07,0.0
382,22980.0,22980,11.744126037355082,11.744126037355082,59.16293101144148,0.0,11.74412623582847,1.984733878398633e-07,0.0
383,23040.0,23040,11.744308167220028,11.744308167220026,59.32930612980782,0.0,11.744308365694236,1.98474210527739e-07,0.0
384,23100.0,23100,11.7445862187772,11.7445862187772,59.49568382834723,0.0,11.744586417252108,1.9847490790527394e-07,0.0
385,23160.0,23160,11.744960198140445,11.744960198140445,59.66206546595037,0.0,11.744960396615923,1.9847548000804954e-07,0.0
386,23220.0,23220,11.745430120808955,11.745430120808955,59.82845240159448,0.0,11.74543031928488,1.9847592686568544e-07,0.0
387,23280.0,23280,11.745996011679367,11.745996011679367,59.9948459944764,0.0,11.745996210155614,1.984762485018618e-07,0.0
388,23340.0,23340,11.746657905044351,11.746657905044351,60.16124760414566,0.0,11.746658103520797,1.9847644493431914e-07,0.0
389,23400.0,23400,11.747415844603761,11.747415844603761,60.32765859063758,0.0,11.747416043080277,1.984765161748809e-07,0.0
390,23460.0,23460,11.748269883466643,11.748269883466643,60.49408031460659,0.0,11.748270081943105,1.9847646222939004e-07,0.0
391,23520.0,23520,11.74922008417353,11.74922008417353,60.660514137459494,0.0,11.749220282649812,1.9847628309779088e-07,0.0
392,23580.0,23580,11.75026651870083,11.750266518700828,60.82696142148908,0.0,11.750266717176805,1.9847597877405482e-07,0.0
393,23640.0,23640,11.75140926849105,11.75140926849105,60.9934235300078,0.0,11.7514094669666,1.9847554924627312e-07,0.0
394,23700.0,23700,11.752648424463247,11.752648424463246,61.15990182748189,0.0,11.75264862293824,1.984749944965047e-07,0.0
395,23760.0,23760,11.753984087041307,11.753984087041307,61.32639767966559,0.0,11.753984285515621,1.984743145010472e-07,0.0
396,23820.0,23820,11.75541636617588,11.755416366175876,61.492912453735805,0.0,11.755416564649387,1.984735092300471e-07,0.0
397,23880.0,23880,11.75694538138106,11.756945381381058,61.65944751842709,0.0,11.756945579853635,1.9847257864785242e-07,0.0
398,23940.0,23940,11.758571261755064,11.758571261755064,61.82600424416714,0.0,11.758571460226586,1.9847152271282713e-07,0.0
399,24000.0,24000,11.76029414602588,11.76029414602588,61.99258400321248,0.0,11.76029434449622,1.9847034137737713e-07,0.0
400,24060.0,24060,11.762114182580577,11.762114182580575,62.15918816978498,0.0,11.762114381049608,1.984690345879725e-07,0.0
401,24120.0,24120,11.764031529508971,11.76403152950897,62.32581812020868,0.0,11.76403172797657,1.9846760228510296e-07,0.0
402,24180.0,24180,11.766046354647637,11.766046354647637,62.492475233047216,0.0,11.76604655311368,1.9846604440332617e-07,0.0
403,24240.0,24240,11.768158835623455,11.768158835623455,62.65916088924187,0.0,11.768159034087814,1.9846436087119713e-07,0.0
404,24300.0,24300,11.770369159898376,11.770369159898376,62.825876472250364,0.0,11.770369358360927,1.9846255161131274e-07,0.0
405,24360.0,24360,11.772677524837501,11.772677524837501,62.99262336818608,0.0,11.772677723298116,1.9846061654025247e-07,0.0
406,24420.0,24420,11.775084137740134,11.775084137740134,63.15940296595844,0.0,11.775084336198688,1.9845855556861914e-07,0.0
407,24480.0,24480,11.777589215918908,11.777589215918908,63.3262166574136,0.0,11.777589414375274,1.984563686010389e-07,0.0
408,24540.0,24540,11.780192986747762,11.78019298674776,63.4930658374763,0.0,11.780193185201817,1.984540555360388e-07,0.0
409,24600.0,24600,11.782895687731926,11.782895687731925,63.659951904292406,0.0,11.782895886183542,1.9845161626622115e-07,0.0
410,24660.0,24660,11.785697566570764,11.785697566570764,63.82687625937247,0.0,11.785697765019815,1.9844905067807065e-07,0.0
411,24720.0,24720,11.788598881235462,11.788598881235462,63.99384030773608,0.0,11.78859907968182,1.9844635865206188e-07,0.0
412,24780.0,24780,11.791599900031686,11.791599900031686,64.16084545805745,0.0,11.791600098475225,1.9844354006258144e-07,0.0
413,24840.0,24840,11.794700901687392,11.794700901687392,64.32789312281177,0.0,11.794701100127988,1.9844059477792046e-07,0.0
414,24900.0,24900,11.797902175424602,11.797902175424602,64.4949847184229,0.0,11.797902373862124,1.9843752266031553e-07,0.0
415,24960.0,24960,11.801204021046207,11.801204021046205,64.66212166541197,0.0,11.801204219480528,1.984343235658892e-07,0.0
416,25020.0,25020,11.804606749023726,11.804606749023726,64.82930538854735,0.0,11.804606947454724,1.9843099734461665e-07,0.0
417,25080.0,25080,11.808110680585886,11.808110680585886,64.99653731699576,0.0,11.80811087901343,1.9842754384032195e-07,0.0
418,25140.0,25140,11.81171614781241,11.81171614781241,65.16381888447465,0.0,11.811716346236373,1.9842396289069657e-07,0.0
419,25200.0,25200,11.815423493734395,11.815423493734395,65.33115152940591,0.0,11.81542369215465,1.984202543272438e-07,0.0
420,25260.0,25260,11.819233072428744,11.819233072428744,65.4985366950711,0.0,11.81923327084516,1.9841641797528975e-07,0.0
421,25320.0,25320,11.8231452491306,11.8231452491306,65.66597582976777,0.0,11.823145447543054,1.984124536538499e-07,0.0
422,25380.0,25380,11.827160400335428,11.827160400335426,65.83347038696775,0.0,11.827160598743786,1.9840836117585163e-07,0.0
423,25440.0,25440,11.831278913913899,11.831278913913899,66.00102182547647,0.0,11.83127911231804,1.9840414034784852e-07,0.0
424,25500.0,25500,11.835501189228225,11.835501189228225,66.16863160959421,0.0,11.835501387628018,1.983997909701094e-07,0.0
425,25560.0,25560,11.839827637255437,11.839827637255437,66.33630120927893,0.0,11.83982783565075,1.9839531283670372e-07,0.0
426,25620.0,25620,11.844258680700426,11.844258680700426,66.50403210031072,0.0,11.84425887909113,1.9839070573524165e-07,0.0
427,25680.0,25680,11.84879475413879,11.84879475413879,66.67182576445799,0.0,11.84879495252476,1.983859694470524e-07,0.0
428,25740.0,25740,11.85343630413909,11.85343630413909,66.83968368964564,0.0,11.853436502520191,1.9838110374712468e-07,0.0
429,25800.0,25800,11.858183789402021,11.858183789402021,67.00760737012497,0.0,11.85818398777813,1.983761084039509e-07,0.0
430,25860.0,25860,11.86303768090469,11.86303768090469,67.17559830664555,0.0,11.86303787927567,1.9837098317962733e-07,0.0
431,25920.0,25920,11.867998462040477,11.867998462040477,67.3436580066291,0.0,11.867998660406206,1.983657278298318e-07,0.0
432,25980.0,25980,11.873066628773914,11.873066628773914,67.5117879843454,0.0,11.873066827134258,1.983603421037088e-07,0.0
433,26040.0,26040,11.878242689794071,11.878242689794071,67.67998976109045,0.0,11.878242888148897,1.9835482574392485e-07,0.0
434,26100.0,26100,11.883527166673135,11.883527166673135,67.84826486536663,0.0,11.883527365022312,1.9834917848655003e-07,0.0
435,26160.0,26160,11.888920594032772,11.888920594032772,68.01661483306529,0.0,11.888920792376172,1.9834340006112464e-07,0.0
436,26220.0,26220,11.89442351971181,11.89442351971181,68.18504120765154,0.0,11.8944237180493,1.9833749019055892e-07,0.0
437,26280.0,26280,11.900036504938441,11.900036504938441,68.35354554035159,0.0,11.900036703269889,1.983314485911332e-07,0.0
438,26340.0,26340,11.905760124518167,11.905760124518167,68.52212939034239,0.0,11.905760322843442,1.9832527497244953e-07,0.0
439,26400.0,26400,11.911594967007478,11.911594967007478,68.6907943249439,0.0,11.911595165326446,1.9831896903740202e-07,0.0
440,26460.0,26460,11.917541634913917,11.917541634913917,68.85954191981402,0.0,11.917541833226448,1.9831253048215826e-07,0.0
441,26520.0,26520,11.923600744887496,11.923600744887496,69.02837375914618,0.0,11.923600943193453,1.9830595899608884e-07,0.0
442,26580.0,26580,11.929772927923292,11.929772927923292,69.19729143586963,0.0,11.929773126222546,1.982992542617524e-07,0.0
443,26640.0,26640,11.93605882956774,11.93605882956774,69.36629655185278,0.0,11.936059027860155,1.9829241595484752e-07,0.0
444,26700.0,26700,11.942459110136049,11.942459110136049,69.53539071810924,0.0,11.942459308421492,1.9828544374422742e-07,0.0
445,26760.0,26760,11.948974444927646,11.948974444927645,69.70457555500711,0.0,11.948974643205982,1.9827833729177381e-07,0.0
446,26820.0,26820,11.955605524455644,11.955605524455644,69.87385269248121,0.0,11.95560572272674,1.9827109625239694e-07,0.0
447,26880.0,26880,11.962353054677827,11.962353054677827,70.04322377024863,0.0,11.962353252941547,1.9826372027403922e-07,0.0
448,26940.0,26940,11.969217757237908,11.969217757237908,70.21269043802758,0.0,11.969217955494116,1.9825620899755646e-07,0.0
449,27000.0,27000,11.976200369704248,11.976200369704246,70.38225435575946,0.0,11.97620056795281,1.982485620567216e-07,0.0
450,27060.0,27060,11.983301645837297,11.983301645837297,70.55191719383463,0.0,11.983301844078074,1.982407790781654e-07,0.0
451,27120.0,27120,11.990522355835743,11.990522355835743,70.72168063332171,0.0,11.990522554068603,1.9823285968137248e-07,0.0
452,27180.0,27180,11.997863286610045,11.997863286610045,70.89154636620044,0.0,11.997863484834848,1.9822480347854422e-07,0.0
453,27240.0,27240,12.005325242059179,12.005325242059179,71.06151609559852,0.0,12.005325440275787,1.9821661007465806e-07,0.0
454,27300.0,27300,12.012909043351668,12.012909043351668,71.23159153603213,0.0,12.012909241559946,1.9820827906733383e-07,0.0
455,27360.0,27360,12.020615529216636,12.020615529216636,71.40177441365073,0.0,12.020615727416443,1.981998100468672e-07,0.0
456,27420.0,27420,12.028445556244339,12.028445556244339,71.57206646648578,0.0,12.028445754435541,1.9819120259610716e-07,0.0
457,27480.0,27480,12.036399999192147,12.036399999192147,71.74246944470374,0.0,12.036400197374602,1.981824562904375e-07,0.0
458,27540.0,27540,12.044479751302003,12.044479751302003,71.91298511086352,0.0,12.044479949475575,1.981735706977396e-07,0.0
459,27600.0,27600,12.052685724628045,12.052685724628045,72.08361524017818,0.0,12.052685922792588,1.9816454537830346e-07,0.0
460,27660.0,27660,12.061018850367622,12.061018850367622,72.25436162078164,0.0,12.061019048523,1.9815537988484242e-07,0.0
461,27720.0,27720,12.06948007920533,12.06948007920533,72.42522605399978,0.0,12.069480277351404,1.9814607376234848e-07,0.0
462,27780.0,27780,12.078070381673133,12.078070381673133,72.59621035462648,0.0,12.078070579809758,1.9813662654809966e-07,0.0
463,27840.0,27840,12.08679074850641,12.08679074850641,72.76731635120481,0.0,12.086790946633448,1.9812703777158583e-07,0.0
464,27900.0,27900,12.095642191021295,12.095642191021293,72.93854588631332,0.0,12.095642389138598,1.9811730695450488e-07,0.0
465,27960.0,27960,12.104625741504071,12.10462574150407,73.10990081685749,0.0,12.104625939611504,1.9810743361054018e-07,0.0
466,28020.0,28020,12.113742453599025,12.113742453599025,73.28138301436685,0.0,12.113742651696441,1.980974172455645e-07,0.0
467,28080.0,28080,12.122993402722289,12.122993402722289,73.45299436529757,0.0,12.122993600809544,1.9808725735730242e-07,0.0
468,28140.0,28140,12.132379686476574,12.132379686476574,73.6247367713409,0.0,12.132379884553528,1.9807695343549725e-07,0.0
469,28200.0,28200,12.141902425086014,12.141902425086014,73.79661214973746,0.0,12.141902623152518,1.9806650496168092e-07,0.0
470,28260.0,28260,12.151562761835065,12.151562761835065,73.96862243359767,0.0,12.151562959890976,1.9805591140921856e-07,0.0
471,28320.0,28320,12.161361863530646,12.161361863530646,74.14076957222849,0.0,12.161362061575817,1.9804517224321187e-07,0.0
472,28380.0,28380,12.171300920963601,12.1713009209636,74.31305553146673,0.0,12.171301118997887,1.9803428692043615e-07,0.0
473,28440.0,28440,12.181381149398394,12.181381149398394,74.48548229401861,0.0,12.181381347421649,1.9802325488924e-07,0.0
474,28500.0,28500,12.191603789066324,12.191603789066322,74.65805185980669,0.0,12.191603987078398,1.9801207558953045e-07,0.0
475,28560.0,28560,12.201970105679429,12.201970105679429,74.8307662463234,0.0,12.201970303680177,1.980007484526876e-07,0.0
476,28620.0,28620,12.212481390954052,12.212481390954052,75.0036274889922,0.0,12.212481588943325,1.979892729015053e-07,0.0
477,28680.0,28680,12.223138963155877,12.223138963155876,75.17663764153572,0.0,12.223139161133526,1.9797764835004253e-07,0.0
478,28740.0,28740,12.23394416765245,12.23394416765245,75.34979877635215,0.0,12.233944365618324,1.9796587420368658e-07,0.0
479,28800.0,28800,12.244898377497881,12.244898377497881,75.52311298489896,0.0,12.24489857545183,1.979539498590194e-07,0.0
480,28860.0,28860,12.256002994008082,12.256002994008082,75.69658237808528,0.0,12.256003191949958,1.9794187470363202e-07,0.0
481,28920.0,28920,12.267259447386868,12.267259447386868,75.87020908667219,0.0,12.267259645316516,1.9792964811625815e-07,0.0
482,28980.0,28980,12.278669197339674,12.278669197339674,76.043995261682,0.0,12.278669395256944,1.979172694665923e-07,0.0
483,29040.0,29040,12.290233733724138,12.290233733724138,76.21794307481618,0.0,12.290233931628872,1.9790473811515982e-07,0.0
484,29100.0,29100,12.30195457722203,12.30195457722203,76.39205471888248,0.0,12.301954775114085,1.9789205341330583e-07,0.0
485,29160.0,29160,12.313833280010954,12.313833280010954,76.56633240823173,0.0,12.313833477890167,1.978792147031506e-07,0.0
486,29220.0,29220,12.32587142648165,12.32587142648165,76.74077837920383,0.0,12.325871624347869,1.9786622131742622e-07,0.0
487,29280.0,29280,12.338070633960385,12.338070633960385,76.91539489058431,0.0,12.338070831813459,1.9785307257947304e-07,0.0
488,29340.0,29340,12.35043255346306,12.35043255346306,77.09018422407077,0.0,12.350432751302828,1.9783976780305752e-07,0.0
489,29400.0,29400,12.362958870461105,12.362958870461105,77.26514868475023,0.0,12.36295906828741,1.978263062924058e-07,0.0
490,29460.0,29460,12.3756513056864,12.3756513056864,77.44029060158718,0.0,12.375651503499085,1.9781268734204035e-07,0.0
491,29520.0,29520,12.388511615948522,12.388511615948522,77.61561232792319,0.0,12.388511813747431,1.9779891023675765e-07,0.0
492,29580.0,29580,12.401541594980548,12.401541594980545,77.79111624198796,0.0,12.401541792765519,1.9778497425143155e-07,0.0
493,29640.0,29640,12.414743074315835,12.414743074315835,77.96680474742236,0.0,12.414743272086714,1.9777087865103904e-07,0.0
494,29700.0,29700,12.428117924188948,12.428117924188948,78.14268027381407,0.0,12.42811812194557,1.977566226905677e-07,0.0
495,29760.0,29760,12.441668054465273,12.441668054465271,78.31874527724568,0.0,12.441668252207478,1.9774220561483731e-07,0.0
496,29820.0,29820,12.455395415598046,12.455395415598044,78.49500224085625,0.0,12.455395613325669,1.977276266584629e-07,0.0
497,29880.0,29880,12.469301999620827,12.469301999620827,78.67145367541622,0.0,12.469302197333711,1.9771288504578406e-07,0.0
498,29940.0,29940,12.483389841165204,12.483389841165202,78.84810211991656,0.0,12.483390038863183,1.976979799907611e-07,0.0
499,30000.0,30000,12.49766101852454,12.497661018524537,79.02495014217214,0.0,12.49766121620745,1.9768291069682656e-07,0.0
500,30060.0,30060,12.512117654732364,12.512117654732364,79.20200033944037,0.0,12.512117852400038,1.9766767635686283e-07,0.0
501,30120.0,30120,12.526761918690617,12.526761918690617,79.3792553390549,0.0,12.526762116342892,1.976522761530575e-07,0.0
502,30180.0,30180,12.541596026335393,12.541596026335393,79.55671779907554,0.0,12.541596223972101,1.9763670925687363e-07,0.0
503,30240.0,30240,12.55662224183066,12.55662224183066,79.73439040895452,0.0,12.556622439451633,1.97620974828853e-07,0.0
504,30300.0,30300,12.571842878809136,12.571842878809136,79.91227589021972,0.0,12.571843076414206,1.9760507201858634e-07,0.0
505,30360.0,30360,12.587260301653366,12.587260301653366,80.0903769971755,0.0,12.587260499242367,1.9758899996460952e-07,0.0
506,30420.0,30420,12.602876926824912,12.602876926824912,80.26869651762159,0.0,12.602877124397672,1.9757275779423634e-07,0.0
507,30480.0,30480,12.618695224218945,12.618695224218943,80.447237273591,0.0,12.618695421775287,1.9755634462363296e-07,0.0
508,30540.0,30540,12.634717718598582,12.634717718598582,80.62600212210687,0.0,12.63471791613834,1.9753975955744655e-07,0.0
509,30600.0,30600,12.650946991036827,12.650946991036827,80.80499395595983,0.0,12.65094718855983,1.9752300168894266e-07,0.0
510,30660.0,30660,12.667385680447136,12.667385680447136,80.9842157045057,0.0,12.667385877953205,1.9750607009980109e-07,0.0
511,30720.0,30720,12.684036485139027,12.684036485139025,81.16367033448493,0.0,12.68403668262799,1.9748896385997103e-07,0.0
512,30780.0,30780,12.700902164446292,12.70090216444629,81.343360850864,0.0,12.700902361917972,1.974716820276564e-07,0.0
513,30840.0,30840,12.71798554039682,12.717985540396816,81.52329029769997,0.0,12.717985737851041,1.9745422364916335e-07,0.0
514,30900.0,30900,12.735289499446361,12.73528949944636,81.70346175902861,0.0,12.735289696882948,1.974365877587892e-07,0.0
515,30960.0,30960,12.752816994288443,12.752816994288443,81.88387835977716,0.0,12.752817191707216,1.9741877337870345e-07,0.0
516,31020.0,31020,12.770571045702113,12.77057104570211,82.06454326670269,0.0,12.77057124310289,1.974007795188848e-07,0.0
517,31080.0,31080,12.788554744490725,12.788554744490723,82.24545968935664,0.0,12.788554941873329,1.973826051770096e-07,0.0
518,31140.0,31140,12.806771253471293,12.806771253471291,82.42663088107679,0.0,12.806771450835543,1.9736424933827017e-07,0.0
519,31200.0,31200,12.82522380954938,12.82522380954938,82.60806014000754,0.0,12.825224006895091,1.973457109753747e-07,0.0
520,31260.0,31260,12.843915725866136,12.843915725866134,82.78975081014946,0.0,12.843915923193123,1.9732698904833934e-07,0.0
521,31320.0,31320,12.862850394021082,12.862850394021082,82.97170628243921,0.0,12.862850591329163,1.9730808250445853e-07,0.0
522,31380.0,31380,12.882031286382471,12.882031286382471,83.15392999586125,0.0,12.88203148367146,1.97288990278138e-07,0.0
523,31440.0,31440,12.90146195847873,12.901461958478729,83.33642543859176,0.0,12.90146215574844,1.9726971129081296e-07,0.0
524,31500.0,31500,12.92114605148646,12.92114605148646,83.51919614917702,0.0,12.921146248736703,1.9725024445083321e-07,0.0
525,31560.0,31560,12.941087294802523,12.941087294802523,83.70224571774664,0.0,12.94108749203311,1.9723058865340364e-07,0.0
526,31620.0,31620,12.96128950872584,12.96128950872584,83.88557778726323,0.0,12.961289705936583,1.9721074278033916e-07,0.0
527,31680.0,31680,12.981756607234422,12.981756607234422,84.0691960548105,0.0,12.981756804425128,1.9719070570014282e-07,0.0
528,31740.0,31740,13.00249260087304,13.00249260087304,84.25310427292,0.0,13.002492798043516,1.971704762677384e-07,0.0
529,31800.0,31800,13.023501599750148,13.023501599750148,84.43730625093941,0.0,13.0235017969002,1.9715005332449644e-07,0.0
530,31860.0,31860,13.044787816652933,13.044787816652933,84.62180585644299,0.0,13.044788013782368,1.9712943569801527e-07,0.0
531,31920.0,31920,13.066355570298752,13.066355570298752,84.80660701668607,0.0,13.066355767407373,1.9710862220208e-07,0.0
532,31980.0,31980,13.088209288685263,13.088209288685263,84.99171372010588,0.0,13.088209485772875,1.9708761163657003e-07,0.0
533,32040.0,32040,13.110353512610148,13.110353512610148,85.1771300178695,0.0,13.11035370967655,1.9706640278730649e-07,0.0
534,32100.0,32100,13.132792899307391,13.132792899307391,85.36286002547214,0.0,13.132793096352385,1.9704499442601907e-07,0.0
535,32160.0,32160,13.155532226248102,13.1555322262481,85.54890792438638,0.0,13.155532423271486,1.9702338531019003e-07,0.0
536,32220.0,32220,13.178576395084068,13.178576395084068,85.73527796376567,0.0,13.178576592085642,1.9700157418303198e-07,0.0
537,32280.0,32280,13.201930435759952,13.201930435759952,85.92197446220351,0.0,13.201930632739511,1.969795597732873e-07,0.0
538,32340.0,32340,13.225599510807339,13.225599510807339,86.10900180955099,0.0,13.22559970776468,1.9695734079527648e-07,0.0
539,32400.0,32400,13.249588919793789,13.249588919793789,86.29636446879503,0.0,13.249589116728705,1.969349159486866e-07,0.0
540,32460.0,32460,13.2739041039899,13.2739041039899,86.48406697799975,0.0,13.273904300902183,1.9691228391857862e-07,0.0
541,32520.0,32520,13.29855065121354,13.29855065121354,86.67211395231399,0.0,13.298550848102986,1.9688944337527975e-07,0.0
542,32580.0,32580,13.32353430088743,13.323534300887427,86.86051008604728,0.0,13.323534497753823,1.9686639297429444e-07,0.0
543,32640.0,32640,13.348860949325175,13.348860949325173,87.04926015481769,0.0,13.348861146168305,1.9684313135627088e-07,0.0
544,32700.0,32700,13.37453665523964,13.37453665523964,87.23836901777435,0.0,13.374536852059293,1.968196571468823e-07,0.0
545,32760.0,32760,13.400567645490565,13.400567645490563,87.4278416198982,0.0,13.400567842286533,1.967959689568714e-07,0.0
546,32820.0,32820,13.426960321102534,13.426960321102534,87.617682994384,0.0,13.4269605178746,1.9677206538190196e-07,0.0
547,32880.0,32880,13.453721263537703,13.453721263537703,87.80789826510767,0.0,13.453721460285648,1.9674794500252167e-07,0.0
548,32940.0,32940,13.480857241253752,13.480857241253752,87.99849264918258,0.0,13.480857437977358,1.9672360638421413e-07,0.0
549,33000.0,33000,13.508375216577736,13.508375216577736,88.18947145960851,0.0,13.508375413276783,1.9669904807729485e-07,0.0
550,33060.0,33060,13.536282352864596,13.536282352864596,88.3808401080183,0.0,13.536282549538864,1.9667426861686683e-07,0.0
551,33120.0,33120,13.564586022024963,13.564586022024963,88.57260410752552,0.0,13.56458621867423,1.966492665229429e-07,0.0
552,33180.0,33180,13.593293812371622,13.593293812371622,88.76476907567925,0.0,13.593294008995663,1.9662404030030848e-07,0.0
553,33240.0,33240,13.622413536859204,13.622413536859204,88.9573407375296,0.0,13.622413733457794,1.9659858843858094e-07,0.0
554,33300.0,33300,13.651953241707007,13.651953241707007,89.15032492881029,0.0,13.651953438279916,1.965729094122727e-07,0.0
555,33360.0,33360,13.68192121543131,13.68192121543131,89.34372759924304,0.0,13.68192141197831,1.965470016807987e-07,0.0
556,33420.0,33420,13.712325998335167,13.712325998335167,89.53755481597028,0.0,13.71232619485603,1.9652086368853942e-07,0.0
557,33480.0,33480,13.743176392436398,13.743176392436398,89.73181276712207,0.0,13.74317658893089,1.9649449386489663e-07,0.0
558,33540.0,33540,13.774481471907757,13.774481471907757,89.92650776552368,0.0,13.774481668375644,1.964678906243862e-07,0.0
559,33600.0,33600,13.806250594025842,13.806250594025842,90.1216462525512,0.0,13.806250790466892,1.9644105236677914e-07,0.0
560,33660.0,33660,13.838493410673692,13.83849341067369,90.31723480214212,0.0,13.838493607087669,1.9641397747719067e-07,0.0
561,33720.0,33720,13.871219880437131,13.871219880437131,90.51328012496897,0.0,13.871220076823796,1.9638666432622878e-07,0.0
562,33780.0,33780,13.904440281304252,13.904440281304252,90.7097890727842,0.0,13.904440477663364,1.9635911127021687e-07,0.0
563,33840.0,33840,13.938165224041795,13.938165224041795,90.90676864294512,0.0,13.93816542037311,1.9633131665132005e-07,0.0
564,33900.0,33900,13.972405666257686,13.972405666257686,91.10422598312822,0.0,13.972405862560965,1.9630327879782717e-07,0.0
565,33960.0,33960,14.007172927214926,14.007172927214926,91.30216839624278,0.0,14.007173123489922,1.9627499602438112e-07,0.0
566,34020.0,34020,14.042478703432492,14.042478703432492,91.5006033455543,0.0,14.04247889967896,1.9624646663232388e-07,0.0
567,34080.0,34080,14.07833508513682,14.078335085136818,91.69953846002898,0.0,14.078335281354507,1.9621768890991572e-07,0.0
568,34140.0,34140,14.114754573589169,14.114754573589169,91.8989815399112,0.0,14.11475476977783,1.9618866113281768e-07,0.0
569,34200.0,34200,14.151750099394635,14.151750099394633,92.09894056254659,0.0,14.151750295554015,1.9615938156441824e-07,0.0
570,34260.0,34260,14.189335041811052,14.189335041811052,92.29942368846429,0.0,14.189335237940899,1.9612984845639025e-07,0.0
571,34320.0,34320,14.227523249145511,14.227523249145511,92.50043926773296,0.0,14.227523445245572,1.9610006004900628e-07,0.0
572,34380.0,34380,14.266329060317908,14.266329060317908,92.7019958466056,0.0,14.266329256387923,1.9607001457189984e-07,0.0
573,34440.0,34440,14.305767327660796,14.305767327660794,92.90410217446993,0.0,14.305767523700505,1.9603971024461463e-07,0.0
574,34500.0,34500,14.345853441039509,14.345853441039509,93.10676721112169,0.0,14.345853637048656,1.9600914527719486e-07,0.0
575,34560.0,34560,14.386603353393669,14.386603353393669,93.31000013437973,0.0,14.386603549371987,1.9597831787105758e-07,0.0
576,34620.0,34620,14.42803360779283,14.42803360779283,93.51381034806286,0.0,14.428033803740055,1.9594722621976108e-07,0.0
577,34680.0,34680,14.470161366125412,14.470161366125412,93.71820749035005,0.0,14.470161562041282,1.9591586850991075e-07,0.0
578,34740.0,34740,14.513004439512265,14.513004439512265,93.92320144254704,0.0,14.51300463539651,1.9588424292220584e-07,0.0
579,34800.0,34800,14.556581320615939,14.556581320615939,94.12880233828378,0.0,14.556581516468285,1.9585234763244177e-07,0.0
580,34860.0,34860,14.600911217929461,14.600911217929461,94.33502057316953,0.0,14.60091141374964,1.958201808127872e-07,0.0
581,34920.0,34920,14.646014092255697,14.646014092255697,94.54186681493398,0.0,14.646014288043439,1.9578774063309063e-07,0.0
582,34980.0,34980,14.691910695475121,14.691910695475121,94.74935201408483,0.0,14.691910891230147,1.957550252622799e-07,0.0
583,35040.0,35040,14.738622611840803,14.738622611840803,94.95748741511467,0.0,14.738622807562837,1.9572203287002165e-07,0.0
584,35100.0,35100,14.786172301954009,14.786172301954009,95.16628456829311,0.0,14.786172497642768,1.9568876162836195e-07,0.0
585,35160.0,35160,14.834583149645473,14.834583149645473,95.37575534208156,0.0,14.834583345300683,1.9565520971366798e-07,0.0
586,35220.0,35220,14.88387951199496,14.88387951199496,95.58591193621243,0.0,14.883879707616336,1.9562137530874005e-07,0.0
587,35280.0,35280,14.93408677274462,14.93408677274462,95.79676689547665,0.0,14.934086968331876,1.9558725660498716e-07,0.0
588,35340.0,35340,14.985231399363622,14.985231399363622,96.00833312426823,0.0,14.985231594916474,1.9555285180505505e-07,0.0
589,35400.0,35400,15.037341004094054,15.037341004094054,96.22062390193702,0.0,15.037341199612214,1.9551815912546573e-07,0.0
590,35460.0,35460,15.090444409295328,15.090444409295328,96.43365289900622,0.0,15.090444604778504,1.9548317679956488e-07,0.0
591,35520.0,35520,15.144571717444384,15.144571717444384,96.64743419431588,0.0,15.144571912892289,1.954479030809185e-07,0.0
592,35580.0,35580,15.199754386205322,15.199754386205322,96.86198229315774,0.0,15.19975458161766,1.954123362468841e-07,0.0
593,35640.0,35640,15.256025309020673,15.256025309020673,97.07731214647377,0.0,15.256025504397149,1.953764746024194e-07,0.0
594,35700.0,35700,15.313418901666774,15.313418901666772,97.29343917119647,0.0,15.313419097007088,1.9534031648459264e-07,0.0
595,35760.0,35760,15.371971195370861,15.371971195370861,97.51037927181507,0.0,15.371971390674721,1.9530386026716346e-07,0.0
596,35820.0,35820,15.431719937035579,15.431719937035579,97.72814886326123,0.0,15.431720132302683,1.952671043659618e-07,0.0
597,35880.0,35880,15.492704697243644,15.492704697243644,97.9467648952144,0.0,15.492704892473691,1.9523004724446376e-07,0.0
598,35940.0,35940,15.5549669867909,15.5549669867909,98.1662448779373,0.0,15.554967181983587,1.951926874201727e-07,0.0
599,36000.0,36000,15.618550382512108,15.618550382512108,98.3866069097622,0.0,15.618550577667131,1.951550234715464e-07,0.0
600,36060.0,36060,15.683500663343098,15.683500663343098,98.6078697063599,0.0,15.683500858460151,1.951170540456143e-07,0.0
601,36120.0,36120,15.74986595758762,15.74986595758762,98.83005263193616,0.0,15.749866152666396,1.950787778663895e-07,0.0
602,36180.0,36180,15.817696902527834,15.817696902527834,99.05317573251429,0.0,15.817697097568027,1.9504019374411947e-07,0.0
603,36240.0,36240,15.887046817598968,15.887046817598968,99.27725977147918,0.0,15.887047012600267,1.9500130058562822e-07,0.0
604,36300.0,36300,15.95797189254275,15.95797189254275,99.50232626757432,0.0,15.957972087504846,1.9496209740548272e-07,0.0
605,36360.0,36360,16.030531392092527,16.030531392092527,99.72839753556461,0.0,16.030531587015112,1.9492258333858827e-07,0.0
606,36420.0,36420,16.104787878943032,16.10478787894303,99.95549672979863,0.0,16.104788073825787,1.9488275765407588e-07,0.0
607,36480.0,36480,16.180807456968587,16.180807456968587,100.1836478909298,0.0,16.180807651811207,1.9484261977053712e-07,0.0
608,36540.0,36540,16.258660036939673,16.258660036939673,100.4128759960831,0.0,16.258660231741842,1.948021692732154e-07,0.0
609,36600.0,36600,16.338419627205607,16.338419627205607,100.64320701278608,0.0,16.338419821967012,1.9476140593272274e-07,0.0
610,36660.0,36660,16.420164652210424,16.420164652210424,100.87466795701793,0.0,16.420164846930753,1.9472032972625885e-07,0.0
611,36720.0,36720,16.503978302052175,16.503978302052175,101.1072869557708,0.0,16.503978496731115,1.9467894086091244e-07,0.0
612,36780.0,36780,16.589948916740074,16.589948916740074,101.3410933145632,0.0,16.589949111377315,1.9463723979992893e-07,0.0
613,36840.0,36840,16.67817040930267,16.67817040930267,101.57611759039712,0.0,16.678170603897897,1.945952272916432e-07,0.0
614,36900.0,36900,16.768742732512273,16.768742732512273,101.81239167070909,0.0,16.768742927065173,1.9455290440234372e-07,0.0
615,36960.0,36960,16.86177239465126,16.86177239465126,102.0499488589333,0.0,16.861772589161532,1.9451027255265958e-07,0.0
616,37020.0,37020,16.95737303055252,16.95737303055252,102.28882396737127,0.0,16.957373225019854,1.9446733355851712e-07,0.0
617,37080.0,37080,17.055666035083934,17.055666035083934,102.52905341815129,0.0,17.055666229508024,1.9442408967737913e-07,0.0
618,37140.0,37140,17.156781267327727,17.156781267327727,102.77067535316228,0.0,17.15678146170827,1.9438054365972935e-07,0.0
619,37200.0,37200,17.26085783503153,17.26085783503153,103.01372975396349,0.0,17.260858029368226,1.9433669880782913e-07,0.0
620,37260.0,37260,17.36804497036907,17.36804497036907,103.25825857280728,0.0,17.36804516466163,1.9429255904162385e-07,0.0
621,37320.0,37320,17.478503009916327,17.478503009916327,103.50430587606846,0.0,17.478503204164458,1.9424812897341378e-07,0.0
622,37380.0,37380,17.592404493853522,17.592404493853522,103.75191800155669,0.0,17.59240468805694,1.9420341399275586e-07,0.0
623,37440.0,37440,17.709935401970288,17.709935401970288,104.00114373140079,0.0,17.709935596128712,1.9415842036281007e-07,0.0
624,37500.0,37500,17.83129654712166,17.83129654712166,104.25203448244334,0.0,17.831296741234816,1.9411315533022052e-07,0.0
625,37560.0,37560,17.956705150466117,17.956705150466117,104.50464451637563,0.0,17.956705344533745,1.940676272506102e-07,0.0
626,37620.0,37620,18.086396627228048,18.086396627228048,104.75903117218877,0.0,18.0863968212499,1.9402184573230968e-07,0.0
627,37680.0,37680,18.22062661719252,18.22062661719252,105.01525512392281,0.0,18.220626811168344,1.9397582180136834e-07,0.0
628,37740.0,37740,18.359673300610204,18.359673300610204,105.27338066718144,0.0,18.359673494539777,1.939295680916263e-07,0.0
629,37800.0,37800,18.50384004828907,18.50384004828907,105.53347603845529,0.0,18.50384024217217,1.9388309906424274e-07,0.0
630,37860.0,37860,18.653458464479442,18.653458464479442,105.79561377198803,0.0,18.653458658315877,1.938364312620039e-07,0.0
631,37920.0,37920,18.808891893394296,18.808891893394296,106.05987109975025,0.0,18.808892087183885,1.9378958360496262e-07,0.0
632,37980.0,37980,18.970539475313807,18.970539475313807,106.32633040108888,0.0,18.970539669056386,1.9374257773526083e-07,0.0
633,38040.0,38040,19.13884085720255,19.13884085720255,106.59507970983816,0.0,19.138841050897987,1.9369543842106147e-07,0.0
634,38100.0,38100,19.314281686570972,19.314281686570972,106.86621328816432,0.0,19.314281880219166,1.9364819403110117e-07,0.0
635,38160.0,38160,19.49740004739092,19.49740004739092,107.13983227823998,0.0,19.497400240991794,1.936008770951099e-07,0.0
636,38220.0,38220,19.688794035335796,19.688794035335796,107.41604544509406,0.0,19.688794228889325,1.9355352496809794e-07,0.0
637,38280.0,38280,19.889130718678405,19.889130718678405,107.69497002677745,0.0,19.889130912184587,1.9350618062195647e-07,0.0
638,38340.0,38340,20.099156794965417,20.099156794965417,107.97673271147501,0.0,20.099156988424312,1.9345889359305962e-07,0.0
639,38400.0,38400,20.319711336282577,20.319711336282577,108.26147076558672,0.0,20.319711529694295,1.9341172112343534e-07,0.0
640,38460.0,38460,20.551741124979362,20.551741124979362,108.54933334236723,0.0,20.551741318344096,1.9336472954224205e-07,0.0
641,38520.0,38520,20.796319226030903,20.796319226030903,108.84048300782106,0.0,20.7963194193489,1.9331799594929562e-07,0.0
642,38580.0,38580,21.054667635720705,21.054667635720705,109.13509752970657,0.0,21.054667828992315,1.9327161028039615e-07,0.0
643,38640.0,38640,21.32818510803944,21.32818510803944,109.43337198739613,0.0,21.32818530126512,1.9322567785879318e-07,0.0
644,38700.0,38700,21.618481618523063,21.618481618523063,109.73552127594364,0.0,21.618481811703386,1.931803225731553e-07,0.0
645,38760.0,38760,21.92742142167267,21.92742142167267,110.04178309838981,0.0,21.927421614808363,1.9313569086831817e-07,0.0
646,38820.0,38820,22.25717735512456,22.25717735512456,110.35242156804736,0.0,22.257177548216518,1.93091956804248e-07,0.0
647,38880.0,38880,22.61030003635149,22.61030003635149,110.66773158009562,0.0,22.610300229400817,1.9304932853314278e-07,0.0
648,38940.0,38940,22.9898070337912,22.9898070337912,110.98804416346132,0.0,22.98980722679926,1.9300805668446712e-07,0.0
649,39000.0,39000,91.26350097224187,-208.73649902775816,111.31373309595757,300.0,1.162143693620727e-07,208.73649914397254,0.0
650,39060.0,39060,91.26350097224821,-208.73649902775182,107.83479144520443,300.0,1.1622224710650177e-07,208.73649914397404,0.0
651,39120.0,39120,91.26350097225756,-208.73649902774244,104.35584979445137,300.0,1.1622886007322355e-07,208.73649914397132,0.0
652,39180.0,39180,91.2635009722676,-208.73649902773244,100.87690814369847,300.0,1.1623447915267435e-07,208.73649914396694,0.0
653,39240.0,39240,91.26350097227736,-208.73649902772266,97.39796649294571,300.0,1.1623928350874761e-07,208.73649914396194,0.0
654,39300.0,39300,91.2635009722865,-208.73649902771353,93.9190248421931,300.0,1.1624338676608802e-07,208.73649914395693,0.0
655,39360.0,39360,91.26350097229486,-208.73649902770515,90.44008319144064,300.0,1.1624688442866503e-07,208.73649914395205,0.0
656,39420.0,39420,91.2635009723024,-208.7364990276976,86.9611415406883,300.0,1.1624983685330009e-07,208.73649914394744,0.0
657,39480.0,39480,91.26350097230907,-208.7364990276909,83.4821998899361,300.0,1.1625229096587804e-07,208.7364991439432,0.0
658,39540.0,39540,91.26350097231493,-208.7364990276851,80.00325823918398,300.0,1.1625428097704622e-07,208.73649914393937,0.0
659,39600.0,39600,91.26350097231995,-208.73649902768008,76.52431658843196,300.0,1.1625584230525878e-07,208.7364991439359,0.0
660,39660.0,39660,91.2635008634745,-13.736499136525493,73.04537493768004,105.0,1.9713086339966913e-07,13.736499333656354,0.0
661,39720.0,39720,24.683137862233206,24.683137862233206,72.81643328491181,0.0,24.683138054861807,1.9262860272772085e-07,0.0
662,39780.0,39780,24.715145286649143,24.715145286649143,73.16611107081192,0.0,24.715145479264347,1.926152056346081e-07,0.0
663,39840.0,39840,24.748156180631025,24.748156180631025,73.5162422952246,0.0,24.74815637323256,1.9260153798862979e-07,0.0
664,39900.0,39900,24.78218515930554,24.78218515930554,73.86684117396875,0.0,24.78218535189314,1.925875979123484e-07,0.0
665,39960.0,39960,24.817247454420983,24.817247454420983,74.21792212991082,0.0,24.817247646994367,1.925733834937213e-07,0.0
666,40020.0,40020,24.85335893706974,24.85335893706974,74.5694998017004,0.0,24.853359129628632,1.925588927848646e-07,0.0
667,40080.0,40080,24.8905361417149,24.8905361417149,74.92158905282753,0.0,24.89053633425903,1.925441238008132e-07,0.0
668,40140.0,40140,24.928796291604495,24.928796291604495,75.2742049810205,0.0,24.928796484133567,1.9252907451823648e-07,0.0
669,40200.0,40200,24.968157325623466,24.968157325623466,75.6273629280036,0.0,24.96815751813721,1.9251374287400898e-07,0.0
670,40260.0,40260,25.008637926721516,25.008637926721516,75.98107848963537,0.0,25.008638119219643,1.9249812676388154e-07,0.0
671,40320.0,40320,25.05025755198191,25.05025755198191,76.33536752644937,0.0,25.050257744464137,1.9248222404102234e-07,0.0
672,40380.0,40380,25.09303646443814,25.09303646443814,76.69024617462127,0.0,25.09303665690417,1.9246603251459142e-07,0.0
673,40440.0,40440,25.13699576678476,25.13699576678476,77.04573085738636,0.0,25.136995959234312,1.9244954994812962e-07,0.0
674,40500.0,40500,25.182157437048115,25.182157437048115,77.40183829693471,0.0,25.182157629480887,1.9243277405812193e-07,0.0
675,40560.0,40560,25.228544366413296,25.228544366413296,77.75858552681184,0.0,25.228544558828997,1.9241570251225276e-07,0.0
676,40620.0,40620,25.276180399300447,25.276180399300447,78.11598990485504,0.0,25.276180591698783,1.9239833292790253e-07,0.0
677,40680.0,40680,25.325090375871763,25.325090375871763,78.4740691266975,0.0,25.325090568252424,1.9238066287034348e-07,0.0
678,40740.0,40740,25.375300177127414,25.375300177127414,78.83284123987477,0.0,25.375300369490105,1.9236268985107665e-07,0.0
679,40800.0,40800,25.42683677277606,25.42683677277606,79.19232465856987,0.0,25.426836965120476,1.9234441132596094e-07,0.0
680,40860.0,40860,25.47972827207861,25.47972827207861,79.55253817903672,0.0,25.47972846440443,1.923258246934906e-07,0.0
681,40920.0,40920,25.534003977855992,25.534003977855992,79.91350099574372,0.0,25.53400417016292,1.923069272929169e-07,0.0
682,40980.0,40980,25.589694443934903,25.589694443934903,80.27523271828261,0.0,25.58969463622262,1.922877164021879e-07,0.0
683,41040.0,41040,25.646831536243518,25.646831536243518,80.63775338909102,0.0,25.646831728511707,1.9226818923622582e-07,0.0
684,41100.0,41100,25.705448497844703,25.705448497844703,81.0010835020405,0.0,25.705448690093046,1.9224834294473707e-07,0.0
685,41160.0,41160,25.765580018211693,25.765580018211693,81.36524402194605,0.0,25.765580210439868,1.9222817461033741e-07,0.0
686,41220.0,41220,25.827262307057797,25.827262307057797,81.73025640505685,0.0,25.827262499265483,1.9220768124639524e-07,0.0
687,41280.0,41280,25.890533173086848,25.89053317308685,82.09614262059303,0.0,25.89053336527371,1.9218685979488228e-07,0.0
688,41340.0,41340,25.95543210802889,25.95543210802889,82.46292517339799,0.0,25.955432300194598,1.921657071244468e-07,0.0
689,41400.0,41400,26.02200037640679,26.02200037640679,82.83062712778136,0.0,26.02200056855101,1.9214422002806022e-07,0.0
690,41460.0,41460,26.09028111148013,26.09028111148013,83.19927213263347,0.0,26.090281303602524,1.921223952209902e-07,0.0
691,41520.0,41520,26.160319417874295,26.160319417874298,83.56888444789917,0.0,26.160319609974525,1.921002293385696e-07,0.0
692,41580.0,41580,26.232162481451045,26.232162481451045,83.93948897250552,0.0,26.232162673528762,1.9207771893403225e-07,0.0
693,41640.0,41640,26.30585968702285,26.30585968702285,84.3111112738459,0.0,26.30585987907771,1.9205486047637853e-07,0.0
694,41700.0,41700,26.381462744581306,26.381462744581306,84.68377761893196,0.0,26.381462936612955,1.92031650348185e-07,0.0
695,41760.0,41760,26.459025824778998,26.459025824778998,85.05751500733348,0.0,26.45902601678708,1.9200808484352575e-07,0.0
696,41820.0,41820,26.53860570446262,26.53860570446262,85.43235120603786,0.0,26.53860589644678,1.9198416016587118e-07,0.0
697,41880.0,41880,26.62026192315715,26.62026192315715,85.80831478637118,0.0,26.620262115117022,1.9195987242612805e-07,0.0
698,41940.0,41940,26.704056951492852,26.704056951492852,86.18543516313605,0.0,26.704057143428074,1.919352176407164e-07,0.0
699,42000.0,42000,26.79005637264848,26.79005637264848,86.56374263613573,0.0,26.790056564558668,1.9191019172975447e-07,0.0
700,42060.0,42060,26.8783290780358,26.8783290780358,86.94326843426852,0.0,26.878329269920588,1.9188479051539181e-07,0.0
701,42120.0,42120,26.968947478549648,26.968947478549648,87.32404476239434,0.0,26.96894767040866,1.9185900972032077e-07,0.0
702,42180.0,42180,27.061987732883214,27.061987732883214,87.70610485119418,0.0,27.061987924716057,1.9183284496651791e-07,0.0
703,42240.0,42240,27.157529994558914,27.157529994558914,88.08948301026382,0.0,27.157530186365204,1.9180629177412688e-07,0.0
704,42300.0,42300,27.25565867951342,27.25565867951342,88.47421468470726,0.0,27.255658871292766,1.9177934556089386e-07,0.0
705,42360.0,42360,27.356462756317104,27.356462756317104,88.86033651552097,0.0,27.356462948069105,1.9175200164154414e-07,0.0
706,42420.0,42420,27.4600360612881,27.4600360612881,89.24788640408946,0.0,27.46003625301236,1.9172425522809393e-07,0.0
707,42480.0,42480,27.566477641127936,27.566477641127936,89.6369035811451,0.0,27.566477832824038,1.916961014302066e-07,0.0
708,42540.0,42540,27.67589212594083,27.67589212594083,90.02742868058188,0.0,27.67589231760837,1.9166753525650686e-07,0.0
709,42600.0,42600,27.788390135877837,27.788390135877837,90.41950381855358,0.0,27.78839032751639,1.916385516163144e-07,0.0
710,42660.0,42660,27.904088725110835,27.904088725110835,90.8131726783328,0.0,27.904088916719985,1.9160914532238723e-07,0.0
711,42720.0,42720,28.023111867214073,28.023111867214073,91.20848060145956,0.0,28.023112058793384,1.9157931109449639e-07,0.0
712,42780.0,42780,28.145590986673746,28.145590986673746,91.6054746857662,0.0,28.145591178222787,1.9154904356430758e-07,0.0
713,42840.0,42840,28.271665541767007,28.271665541767007,92.0042038909319,0.0,28.271665733285346,1.9151833728139495e-07,0.0
714,42900.0,42900,28.401483664888076,28.401483664888076,92.40471915229486,0.0,28.40148385637526,1.9148718672082884e-07,0.0
715,42960.0,42960,28.535202867097187,28.535202867097187,92.80707350373541,0.0,28.535203058552774,1.9145558629273456e-07,0.0
716,43020.0,43020,28.67299081474194,28.67299081474194,93.2113222105407,0.0,28.67299100616547,1.9142353035375957e-07,0.0
717,43080.0,43080,28.8150261870706,28.8150261870706,93.61752291327105,0.0,28.815026378461614,1.9139101322119457e-07,0.0
718,43140.0,43140,28.961499625073994,28.961499625073994,94.0257357837761,0.0,28.961499816432024,1.9135802918983426e-07,0.0
719,43200.0,43200,29.11261478331251,29.11261478331251,94.43602369465297,0.0,29.112614974637083,1.9132457255235004e-07,0.0
720,43260.0,43260,29.268589498341,29.268589498341,94.84845240360497,0.0,29.268589689631636,1.9129063762364566e-07,0.0
721,43320.0,43320,29.42965708935844,29.42965708935844,95.26309075435327,0.0,29.42965728061466,1.9125621876997569e-07,0.0
722,43380.0,43380,29.596067809343015,29.596067809343015,95.68001089597443,0.0,29.596068000564326,1.912213104433094e-07,0.0
723,43440.0,43440,29.768090467779274,29.768090467779274,96.09928852279545,0.0,29.768090658965182,1.911859072227107e-07,0.0
724,43500.0,43500,29.94601424970874,29.94601424970874,96.52100313727773,0.0,29.946014440858743,1.9115000386302718e-07,0.0
725,43560.0,43560,30.130150760022005,30.130150760022005,96.94523833867078,0.0,30.130150951135604,1.9111359535288598e-07,0.0
726,43620.0,43620,30.320836326949063,30.320836326949063,97.37208214062669,0.0,30.32083651802574,1.9107667698362185e-07,0.0
727,43680.0,43680,30.518434604876038,30.518434604876038,97.8016273214475,0.0,30.51843479591528,1.9103924443106423e-07,0.0
728,43740.0,43740,30.723339523931596,30.723339523931596,98.23397181120569,0.0,30.72333971493289,1.9100129385284908e-07,0.0
729,43800.0,43800,30.935978642780203,30.935978642780203,98.66921912065061,0.0,30.93597883374303,1.909628220042652e-07,0.0
730,43860.0,43860,31.1568169720402,31.1568169720402,99.10747881761263,0.0,31.156817162964025,1.9092382637641885e-07,0.0
731,43920.0,43920,31.386361349142025,31.386361349142028,99.54886705757262,0.0,31.386361540026332,1.9088430536138936e-07,0.0
732,43980.0,43980,31.62516546209707,31.62516546209707,99.99350717620831,0.0,31.62516565294133,1.9084425844989636e-07,0.0
733,44040.0,44040,31.873835640178775,31.873835640178775,100.44153035311096,0.0,31.873835830982465,1.9080368646882484e-07,0.0
734,44100.0,44100,32.13303755530392,32.13303755530392,100.89307635753653,0.0,32.13303774606652,1.907625918673282e-07,0.0
735,44160.0,44160,32.40350401013654,32.40350401013654,101.34829438909316,0.0,32.40350420085751,1.907209790626937e-07,0.0
736,44220.0,44220,32.68604402985655,32.68604402985655,101.80734402876001,0.0,32.686044220535415,1.9067885485992144e-07,0.0
737,44280.0,44280,32.98155352653211,32.98155352653212,102.27039631870635,0.0,32.981553717168346,1.906362289630314e-07,0.0
738,44340.0,44340,33.2910278719214,33.29102787192141,102.737634993189,0.0,33.29102806251452,1.905931146011743e-07,0.0
739,44400.0,44400,33.615576800881755,33.61557680088176,103.2092578875648,0.0,33.61557699143129,1.9054952929889806e-07,0.0
740,44460.0,44460,33.9564421805152,33.9564421805152,103.68547855843431,0.0,33.95644237102069,1.905054958293256e-07,0.0
741,44520.0,44520,34.3150193287677,34.3150193287677,104.16652815551541,0.0,34.31501951922875,1.9046104340105647e-07,0.0
742,44580.0,44580,34.69288276403788,34.69288276403788,104.6526575955302,0.0,34.6928829544541,1.9041620914591238e-07,0.0
743,44640.0,44640,35.091817533468806,35.09181753346881,105.1441401008781,0.0,35.091817723839846,1.903710399975663e-07,0.0
744,44700.0,44700,35.51385762956908,35.51385762956908,105.64127418212637,0.0,35.51385781989468,1.9032559508309755e-07,0.0
745,44760.0,44760,35.961333503877505,35.961333503877505,106.14438716473619,0.0,35.961333694157446,1.9027994879451736e-07,0.0
746,44820.0,44820,91.26350097296286,-208.73649902703715,106.6538393888988,300.0,1.165351260603293e-07,208.73649914357227,0.0
747,44880.0,44880,91.26350097297191,-208.7364990270281,103.1748977381569,300.0,1.1654038531643155e-07,208.7364991435685,0.0
748,44940.0,44940,91.26350097298128,-208.7364990270187,99.69595608741515,300.0,1.1654488485351492e-07,208.73649914356358,0.0
749,45000.0,45000,91.2635009729903,-208.73649902700967,96.21701443667355,300.0,1.1654875164678229e-07,208.7364991435584,0.0
750,45060.0,45060,91.26350097299873,-208.73649902700132,92.73807278593209,300.0,1.1655207507183495e-07,208.73649914355335,0.0
751,45120.0,45120,91.2635009730064,-208.73649902699356,89.25913113519074,300.0,1.1655492897745763e-07,208.73649914354849,0.0
752,45180.0,45180,91.26350097301331,-208.73649902698668,85.78018948444954,300.0,1.1655735416040786e-07,208.73649914354402,0.0
753,45240.0,45240,91.26350097301942,-208.73649902698057,82.30124783370843,300.0,1.1655939100755697e-07,208.73649914353993,0.0
754,45300.0,45300,91.26350097302476,-208.73649902697528,78.82230618296741,300.0,1.1656106405274642e-07,208.73649914353632,0.0
755,45360.0,45360,91.26350097302932,-208.73649902697065,75.3433645322265,300.0,1.1656240338732563e-07,208.73649914353305,0.0
756,45420.0,45420,91.26350097303316,-208.73649902696684,71.86442288148565,300.0,1.1656341902274413e-07,208.73649914353024,0.0
757,45480.0,45480,91.26350097303626,-208.7364990269637,68.38548123074486,300.0,1.1656412281411537e-07,208.73649914352785,0.0
758,45540.0,45540,85.85515286402322,5.855152864023075,64.90653958000411,80.00000000000014,5.855153059873657,1.958505808211101e-07,0.0
759,45600.0,45600,38.20381449312529,38.20381449312529,64.98948757842155,0.0,38.20381468306435,1.8993905504515327e-07,0.0
760,45660.0,45660,38.22749226042521,38.22749226042521,65.53070828326604,0.0,38.22749245035637,1.8993115858662791e-07,0.0
761,45720.0,45720,38.25361538572794,38.25361538572794,66.0722644231473,0.0,38.25361557565083,1.899228901983525e-07,0.0
762,45780.0,45780,38.282202421333075,38.282202421333075,66.61419064063703,0.0,38.28220261124733,1.899142476040211e-07,0.0
763,45840.0,45840,38.31327385255077,38.31327385255077,67.15652184113121,0.0,38.313274042456,1.8990522841516744e-07,0.0
764,45900.0,45900,38.346852144146894,38.346852144146894,67.69929322023431,0.0,38.34685233404272,1.8989583012942006e-07,0.0
765,45960.0,45960,38.382961791724355,38.382961791724355,68.24254029180172,0.0,38.38296198161041,1.898860501289358e-07,0.0
766,46020.0,46020,38.421629378272776,38.421629378272776,68.78629891670982,0.0,38.42162956814867,1.8987588567865148e-07,0.0
767,46080.0,46080,38.462883636187165,38.462883636187165,69.3306053324274,0.0,38.4628838260525,1.8986533392460574e-07,0.0
768,46140.0,46140,38.50675551503728,38.50675551503728,69.87549618346546,0.0,38.506755704891674,1.8985439189222053e-07,0.0
769,46200.0,46200,38.553278255421965,38.553278255421965,70.42100855278723,0.0,38.55327844526502,1.8984305648459338e-07,0.0
770,46260.0,46260,38.60248746930747,38.60248746930747,70.9671799942645,0.0,38.602487659138795,1.898313244807564e-07,0.0
771,46320.0,46320,38.65442122723835,38.65442122723835,71.51404856627185,0.0,38.65442141705755,1.8981919253395008e-07,0.0
772,46380.0,46380,38.70912015287859,38.70912015287859,72.06165286651658,0.0,38.70912034268525,1.898066571699974e-07,0.0
773,46440.0,46440,38.766627525400914,38.766627525400914,72.6100320682079,0.0,38.76662771519463,1.8979371478553307e-07,0.0
774,46500.0,46500,38.826989390268345,38.826989390268345,73.15922595767667,0.0,38.82698958004871,1.897803616465001e-07,0.0
775,46560.0,46560,38.89025467901142,38.89025467901142,73.70927497356443,0.0,38.890254868778015,1.897665938864422e-07,0.0
776,46620.0,46620,38.956475338710995,38.956475338711,74.26022024770941,0.0,38.95647552846341,1.8975240750507088e-07,0.0
777,46680.0,46680,39.02570647188508,39.02570647188508,74.81210364786682,0.0,39.02570666162288,1.8973779836686218e-07,0.0
778,46740.0,46740,39.09800648765793,39.09800648765793,75.36496782241092,0.0,39.0980066773807,1.8972276219978346e-07,0.0
779,46800.0,46800,39.173437265074504,39.173437265074504,75.91885624717851,0.0,39.1734374547818,1.8970729459404972e-07,0.0
780,46860.0,46860,39.25206432961069,39.25206432961069,76.4738132746262,0.0,39.25206451930208,1.8969139100129595e-07,0.0
781,46920.0,46920,39.3339570439758,39.33395704397581,77.02988418548819,0.0,39.33395723365085,1.8967504673363402e-07,0.0
782,46980.0,46980,39.419188814448596,39.419188814448596,77.58711524313705,0.0,39.419189004106855,1.89658256963289e-07,0.0
783,47040.0,47040,39.50783731413974,39.50783731413974,78.14555375086768,0.0,39.50783750378076,1.8964101672225025e-07,0.0
784,47100.0,47100,39.59998472469165,39.59998472469165,78.70524811234394,0.0,39.59998491431498,1.8962332090239753e-07,0.0
785,47160.0,47160,39.69571799812867,39.69571799812867,79.26624789546975,0.0,39.69571818773383,1.896051642562064e-07,0.0
786,47220.0,47220,39.79512914076548,39.79512914076548,79.8286038999693,0.0,39.79512933035202,1.895865413974757e-07,0.0
787,47280.0,47280,39.898315521271286,39.898315521271286,80.39236822898958,0.0,39.89831571083873,1.895674468031208e-07,0.0
788,47340.0,47340,40.005380205288986,40.005380205288986,80.95759436506707,0.0,40.00538039483686,1.8954787481529292e-07,0.0
789,47400.0,47400,40.11643231923535,40.11643231923535,81.52433725083488,0.0,40.11643250876318,1.8952781964433426e-07,0.0
790,47460.0,47460,40.23158744627768,40.23158744627768,82.09265337488362,0.0,40.23158763578496,1.895072753727909e-07,0.0
791,47520.0,47520,40.350968057841165,40.350968057841165,82.6626008632322,0.0,40.3509682473274,1.894862359601791e-07,0.0
792,47580.0,47580,40.47470398439746,40.47470398439746,83.23423957691129,0.0,40.47470417386215,1.89464695249196e-07,0.0
793,47640.0,47640,40.602932929814436,40.602932929814436,83.80763121621666,0.0,40.60293311925709,1.8944264697322182e-07,0.0
794,47700.0,47700,40.735801034066256,40.735801034066256,84.38283943224883,0.0,40.735801223486334,1.8942008476541118e-07,0.0
795,47760.0,47760,40.87346348976706,40.87346348976706,84.95992994642462,0.0,40.87346367916407,1.8939700216993352e-07,0.0
796,47820.0,47820,41.016085218748294,41.016085218748294,85.5389706787229,0.0,41.01608540812168,1.8937339265504004e-07,0.0
797,47880.0,47880,41.16384161571269,41.16384161571269,86.12003188551515,0.0,41.163841805061935,1.893492496290894e-07,0.0
798,47940.0,47940,41.31691936705801,41.31691936705801,86.7031863079311,0.0,41.31691955638258,1.8932456645944642e-07,0.0
799,48000.0,48000,41.475517354122196,41.475517354122196,87.28850933182453,0.0,41.47551754342153,1.892993364949e-07,0.0
800,48060.0,48060,41.6398476514169,41.6398476514169,87.87607916053474,0.0,41.63984784069045,1.8927355309232429e-07,0.0
801,48120.0,48120,41.81013663212094,41.81013663212094,88.46597700179004,0.0,41.81013682136815,1.8924720964821374e-07,0.0
802,48180.0,48180,41.986626194921605,41.986626194921605,89.05828727027205,0.0,41.98662638414191,1.89220299635883e-07,0.0
803,48240.0,48240,42.16957512856087,42.16957512856087,89.65309780756046,0.0,42.16957531775369,1.8919281664960882e-07,0.0
804,48300.0,48300,42.35926063313113,42.35926063313113,90.25050012140883,0.0,42.35926082229589,1.8916475445670094e-07,0.0
805,48360.0,48360,42.55598002030189,42.55598002030189,90.85058964657202,0.0,42.555980209438,1.891361070591581e-07,0.0
806,48420.0,48420,42.76005261847241,42.76005261847241,91.4534660297202,0.0,42.76005280757928,1.891068687665904e-07,0.0
807,48480.0,48480,42.971821913447265,42.971821913447265,92.05923344134253,0.0,42.97182210252429,1.8907703428282135e-07,0.0
808,48540.0,48540,43.19165796069175,43.19165796069175,92.6680009179771,0.0,43.19165814973835,1.8904659880854486e-07,0.0
809,48600.0,48600,43.4199601119712,43.4199601119712,93.27988273861438,0.0,43.41996030098676,1.8901555816347901e-07,0.0
810,48660.0,48660,91.26350097329644,-208.73649902670357,93.89499883972819,300.0,1.1665292976710537e-07,208.7364991433565,0.0
811,48720.0,48720,91.26350097330322,-208.73649902669678,90.41605718899156,300.0,1.166556683807972e-07,208.73649914335243,0.0
812,48780.0,48780,91.2635009733094,-208.73649902669055,86.93711553825506,300.0,1.1665802131113985e-07,208.7364991433486,0.0
813,48840.0,48840,91.26350097331493,-208.73649902668504,83.45817388751865,300.0,1.1666002154082405e-07,208.73649914334504,0.0
814,48900.0,48900,91.26350097331976,-208.73649902668024,79.97923223678235,300.0,1.1666169406840852e-07,208.73649914334194,0.0
815,48960.0,48960,91.26350097332393,-208.7364990266761,76.50029058604609,300.0,1.1666306533694865e-07,208.73649914333916,0.0
816,49020.0,49020,91.26350097332738,-208.7364990266726,73.02134893530993,300.0,1.16664152159631e-07,208.73649914333674,0.0
817,49080.0,49080,91.26350097333018,-208.73649902666978,69.5424072845738,300.0,1.166649601564714e-07,208.73649914333475,0.0
818,49140.0,49140,91.2635009733323,-208.73649902666767,66.06346563383772,300.0,1.166655009895712e-07,208.73649914333316,0.0
819,49200.0,49200,91.26350097333378,-208.73649902666622,62.58452398310169,300.0,1.1666577544465083e-07,208.736499143332,0.0
820,49260.0,49260,91.26350097333462,-208.7364990266654,59.105582332365664,300.0,1.16665793643182e-07,208.7364991433312,0.0
821,49320.0,49320,91.26350090454237,-78.73649909545777,55.62664068162966,170.00000000000014,1.8710096152084492e-07,78.73649928255875,0.0
822,49380.0,49380,44.462981963137175,44.462981963137175,54.314365696237694,0.0,44.46298215197202,1.8883484938443005e-07,0.0
823,49440.0,49440,44.43962823963271,44.43962823963272,54.94425794024346,0.0,44.43962842846786,1.8883514664102168e-07,0.0
824,49500.0,49500,44.419473309576034,44.419473309576034,55.57381933983293,0.0,44.419473498411044,1.888350015365684e-07,0.0
825,49560.0,49560,44.40249826689409,44.40249826689409,56.20309521124658,0.0,44.40249845572851,1.8883441360124688e-07,0.0
826,49620.0,49620,44.38868690687571,44.38868690687571,56.83213060288891,0.0,44.38868709570909,1.8883338224643954e-07,0.0
827,49680.0,49680,44.378025683878235,44.378025683878235,57.46097033359765,0.0,44.378025872710154,1.8883190676206208e-07,0.0
828,49740.0,49740,44.37050367612359,44.37050367612359,58.089659030313925,0.0,44.37050386495358,1.888299863138904e-07,0.0
829,49800.0,49800,44.36611255735778,44.36611255735778,58.71824116525368,0.0,44.3661127461854,1.8882761994138918e-07,0.0
830,49860.0,49860,44.36484657522784,44.36484657522784,59.346761092677596,0.0,44.36484676405264,1.8882480655539906e-07,0.0
831,49920.0,49920,44.36670253627799,44.36670253627799,59.975263085354676,0.0,44.366702725099536,1.8882154493604675e-07,0.0
832,49980.0,49980,44.37167979745721,44.37167979745721,60.603791370813305,0.0,44.37167998627504,1.888178337308257e-07,0.0
833,50040.0,50040,44.3797802641008,44.3797802641008,61.23239016747199,0.0,44.379780452914474,1.8881367145274762e-07,0.0
834,50100.0,50100,91.26350090495677,-58.73649909504324,61.86110372074147,150.0,1.894418385021869e-07,58.73649928448508,0.0
835,50160.0,50160,91.26350090496007,-58.736499095039946,60.88216206868389,150.0,1.8944275053543364e-07,58.7364992844827,0.0
836,50220.0,50220,91.26350090496547,-58.736499095034546,59.903220416626375,150.0,1.89444109297915e-07,58.73649928447866,0.0
837,50280.0,50280,91.26350090497296,-58.73649909502704,58.92427876456894,150.0,1.8944591794416537e-07,58.73649928447295,0.0
838,50340.0,50340,91.26350090498258,-58.73649909501742,57.94533711251162,150.0,1.8944818099910359e-07,58.7364992844656,0.0
839,50400.0,50400,91.26350090499434,-58.73649909500567,56.966395460454464,150.0,1.8945090438871053e-07,58.73649928445657,0.0
840,50460.0,50460,91.26350090500826,-58.73649909499174,55.98745380839749,150.0,1.8945409547979424e-07,58.736499284445834,0.0
841,50520.0,50520,91.26350090502439,-58.736499094975606,55.00851215634074,150.0,1.8945776312967028e-07,58.73649928443336,0.0
842,50580.0,50580,91.26350090504278,-58.73649909495722,54.02957050428425,150.0,1.8946191774635503e-07,58.73649928441913,0.0
843,50640.0,50640,91.26350090506347,-58.73649909493652,53.05062885222805,150.0,1.8946657135974343e-07,58.73649928440309,0.0
844,50700.0,50700,91.26350090508654,-58.73649909491347,52.0716872001722,150.0,1.8947173770514827e-07,58.73649928438521,0.0
845,50760.0,50760,91.26350090511205,-58.73649909488795,51.09274554811671,150.0,1.8947743231966158e-07,58.73649928436537,0.0
846,50820.0,50820,91.26350090514009,-58.73649909485991,50.113803896061626,150.0,1.8948367265334598e-07,58.73649928434358,0.0
847,50880.0,50880,91.26350090517074,-58.73649909482924,49.134862244006996,150.0,1.8949047819587647e-07,58.73649928431972,0.0
848,50940.0,50940,91.26350090520413,-58.73649909479586,48.15592059195286,150.0,1.8949787062108977e-07,58.736499284293735,0.0
849,51000.0,51000,91.26350090524035,-58.73649909475967,47.176978939899264,150.0,1.8950587395079622e-07,58.73649928426554,0.0
850,51060.0,51060,91.2635009052795,-58.73649909472048,46.19803728784625,150.0,1.8951451474067194e-07,58.736499284234995,0.0
851,51120.0,51120,91.26350090532178,-58.73649909467823,45.21909563579386,150.0,1.895238222903396e-07,58.736499284202054,0.0
852,51180.0,51180,91.2635009053673,-58.73649909463272,44.24015398374216,150.0,1.8953382888119407e-07,58.73649928416655,0.0
853,51240.0,51240,91.26350090541622,-58.73649909458378,43.26121233169119,150.0,1.895445700452476e-07,58.73649928412835,0.0
854,51300.0,51300,91.26350090546875,-58.73649909453125,42.28227067964101,150.0,1.8955608486914392e-07,58.73649928408733,0.0
855,51360.0,51360,91.26350090552506,-58.73649909447495,41.30332902759167,150.0,1.8956841633817155e-07,58.73649928404336,0.0
856,51420.0,51420,91.26350090558537,-58.736499094414626,40.32438737554324,150.0,1.8958161172601494e-07,58.736499283996245,0.0
857,51480.0,51480,91.26350090564995,-58.73649909435005,39.345445723495786,150.0,1.895957230362652e-07,58.73649928394577,0.0
858,51540.0,51540,64.63168868442031,24.63168868442046,38.36650407144937,39.99999999999986,24.631688876851403,1.92430939118325e-07,0.0
859,51600.0,51600,42.987193022344435,42.987193022344435,38.71545299399766,0.0,42.98719321128886,1.8894441891641975e-07,0.0
860,51660.0,51660,42.874023517966734,42.874023517966734,39.32443822800858,0.0,42.87402370692458,1.8895785292851525e-07,0.0
861,51720.0,51720,42.765153458562,42.765153458562,39.931820227374125,0.0,42.765153647532806,1.8897081555171334e-07,0.0
862,51780.0,51780,42.660470172348184,42.660470172348184,40.53765990089806,0.0,42.66047036133149,1.8898330964941548e-07,0.0
863,51840.0,51840,42.55986741046225,42.55986741046225,41.142016561200606,0.0,42.55986759945759,1.889953381038105e-07,0.0
864,51900.0,51900,42.46324496639437,42.46324496639437,41.74494801570974,0.0,42.46324515540128,1.8900690379931827e-07,0.0
865,51960.0,51960,42.370508326459976,42.370508326459976,42.346510652261216,0.0,42.37050851547799,1.890180096080453e-07,0.0
866,52020.0,52020,42.28156834854451,42.28156834854451,42.94675951974692,0.0,42.28156853757317,1.8902865837682552e-07,0.0
867,52080.0,52080,42.19634096651386,42.19634096651386,43.54574840421213,0.0,42.19634115555271,1.8903885291586445e-07,0.0
868,52140.0,52140,42.11474691811695,42.11474691811695,44.143529900765216,0.0,42.11474710716554,1.8904859598853091e-07,0.0
869,52200.0,52200,42.03671149431382,42.03671149431382,44.74015548163264,0.0,42.03671168337171,1.8905789030242157e-07,0.0
870,52260.0,52260,41.96216430824017,41.96216430824017,45.33567556066284,0.0,41.9621644973069,1.8906673850132038e-07,0.0
871,52320.0,52320,41.89103908218674,41.89103908218674,45.93013955455698,0.0,41.89103927126189,1.8907514315814918e-07,0.0
872,52380.0,52380,41.82327345115,41.82327345115,46.52359594108201,0.0,41.82327364023312,1.8908310676864197e-07,0.0
873,52440.0,52440,41.758808781626556,41.758808781626556,47.11609231450065,0.0,41.75880897071719,1.890906317457582e-07,0.0
874,52500.0,52500,41.69759000449378,41.6975900044938,47.707675438434364,0.0,41.69759019359151,1.8909772041458574e-07,0.0
875,52560.0,52560,41.639565460907896,41.639565460907896,48.29839129635869,0.0,41.639565650012266,1.8910437500804605e-07,0.0
876,52620.0,52620,41.584686760281045,41.584686760281045,48.88828513991552,0.0,41.584686949391646,1.8911059766267705e-07,0.0
877,52680.0,52680,41.53290864944634,41.53290864944634,49.47740153521345,0.0,41.53290883856273,1.8911639041525867e-07,0.0
878,52740.0,52740,41.48418889226769,41.484188892267696,50.06578440727455,0.0,41.48418908138945,1.8912175519944598e-07,0.0
879,52800.0,52800,41.43848815898757,41.43848815898757,50.6534770827756,0.0,41.43848834811426,1.8912669384292925e-07,0.0
880,52860.0,52860,41.39576992466646,41.39576992466646,51.24052233122184,0.0,41.395770113797674,1.8913120806489497e-07,0.0
881,52920.0,52920,41.35600037615231,41.35600037615231,51.82696240468185,0.0,41.356000565287616,1.8913529947353846e-07,0.0
882,52980.0,52980,41.31914832710143,41.31914832710143,52.41283907620457,0.0,41.3191485162404,1.891389695639407e-07,0.0
883,53040.0,53040,41.2851851405373,41.2851851405373,52.998193677032376,0.0,41.28518532967952,1.8914221971616383e-07,0.0
884,53100.0,53100,41.25408465857844,41.25408465857844,53.583067132717204,0.0,41.254084847723504,1.891450511932949e-07,0.0
885,53160.0,53160,41.22582313894765,41.22582313894765,54.16749999824093,0.0,41.22582332809512,1.8914746513988298e-07,0.0
886,53220.0,53220,41.20037919794146,41.20037919794146,54.75153249223655,0.0,41.200379387090926,1.891494625803095e-07,0.0
887,53280.0,53280,41.17773375957042,41.17773375957042,55.335204530401235,0.0,41.177733948721475,1.8915104441729237e-07,0.0
888,53340.0,53340,41.157870010597335,41.157870010597335,55.91855575818901,0.0,41.15787019974955,1.8915221143053824e-07,0.0
889,53400.0,53400,41.14077336128551,41.14077336128551,56.50162558286632,0.0,41.140773550438475,1.8915296427531713e-07,0.0
890,53460.0,53460,41.12643141161728,41.12643141161728,57.084453205011705,0.0,41.126431600770594,1.8915330348130052e-07,0.0
891,53520.0,53520,41.114833922862,41.114833922862,57.66707764953679,0.0,41.114834112015224,1.891532294511359e-07,0.0
892,53580.0,53580,41.10597279431655,41.10597279431655,58.24953779630451,0.0,41.10597298346929,1.8915274245936634e-07,0.0
893,53640.0,53640,41.099842045138715,41.099842045138715,58.831872410417844,0.0,41.099842234290556,1.891518426511092e-07,0.0
894,53700.0,53700,41.09643780117203,41.09643780117203,59.41412017225115,0.0,41.096437990322556,1.8915053004095713e-07,0.0
895,53760.0,53760,41.09575828668212,41.09575828668212,59.996319707294944,0.0,41.09575847583092,1.8914880451166026e-07,0.0
896,53820.0,53820,41.09780382102205,41.097803821022055,60.578509615883455,0.0,41.09780401016872,1.8914666581305353e-07,0.0
897,53880.0,53880,41.10257682013157,41.10257682013157,61.160728502875116,0.0,41.102577009275684,1.8914411356067922e-07,0.0
898,53940.0,53940,41.1100818029595,41.1100818029595,61.74301500735419,0.0,41.11008199210064,1.8914114723465866e-07,0.0
899,54000.0,54000,41.120325402785646,41.120325402785646,62.325407832423316,0.0,41.120325591923404,1.8913776617844484e-07,0.0
900,54060.0,54060,41.13331638351443,41.13331638351443,62.90794577515666,0.0,41.13331657264841,1.8913396959748595e-07,0.0
901,54120.0,54120,41.149065661033475,41.149065661033475,63.490667756783665,0.0,41.14906585016324,1.8912975655797818e-07,0.0
902,54180.0,54180,41.16758632973823,41.16758632973823,64.07361285317555,0.0,41.16758651886335,1.8912512598550338e-07,0.0
903,54240.0,54240,41.18889369432487,41.188893694324875,64.65682032570741,0.0,41.18889388344495,1.891200766637482e-07,0.0
904,54300.0,54300,41.213005307060314,41.213005307060314,65.24032965257095,0.0,41.21300549617493,1.891146072330676e-07,0.0
905,54360.0,54360,41.23994101066879,41.23994101066879,65.8241805606149,0.0,41.23994119977751,1.891087161891335e-07,0.0
906,54420.0,54420,41.26972298708934,41.26972298708934,66.40841305779333,0.0,41.26972317619175,1.8910240188152428e-07,0.0
907,54480.0,54480,41.30237581232351,41.30237581232351,66.9930674663044,0.0,41.30237600141917,1.8909566251228807e-07,0.0
908,54540.0,54540,41.337926517678966,41.337926517678966,67.57818445650629,0.0,41.33792670676747,1.8908849613452099e-07,0.0
909,54600.0,54600,41.37640465770858,41.37640465770858,68.16380508170076,0.0,41.37640484678948,1.8908090065093792e-07,0.0
910,54660.0,54660,41.41784238522131,41.41784238522131,68.74997081387899,0.0,41.41784257429419,1.8907287381240624e-07,0.0
911,54720.0,54720,41.4622745337708,41.4622745337708,69.33672358053033,0.0,41.46227472283521,1.8906441321665027e-07,0.0
912,54780.0,54780,41.50973870803864,41.50973870803864,69.92410580261948,0.0,41.50973889709415,1.890555163067181e-07,0.0
913,54840.0,54840,41.56027538265702,41.56027538265702,70.51216043384412,0.0,41.5602755717032,1.8904618036968232e-07,0.0
914,54900.0,54900,41.61392800999756,41.61392800999756,71.10093100129252,0.0,41.61392819903396,1.8903640253543727e-07,0.0
915,54960.0,54960,41.670743137562724,41.670743137562724,71.69046164762828,0.0,41.670743326588905,1.8902617977535898e-07,0.0
916,55020.0,55020,41.73077053564715,41.73077053564715,72.28079717493792,0.0,41.73077072466267,1.890155089012991e-07,0.0
917,55080.0,55080,41.79406333605944,41.79406333605944,72.87198309038712,0.0,41.79406352506383,1.8900438656449355e-07,0.0
918,55140.0,55140,91.26350097333159,-208.7364990266684,73.46406565384216,300.0,1.166268043678854e-07,208.7364991432952,0.0
919,55200.0,55200,91.26350097333419,-208.7364990266658,69.98512400310618,300.0,1.1662763230250784e-07,208.73649914329343,0.0
920,55260.0,55260,91.26350097333614,-208.73649902666386,66.50618235237025,300.0,1.1662817136922802e-07,208.73649914329204,0.0
921,55320.0,55320,91.26350097333744,-208.73649902666256,63.02724070163434,300.0,1.166284349042156e-07,208.73649914329098,0.0
922,55380.0,55380,91.26350097333811,-208.73649902666187,59.54829905089846,300.0,1.1662842345151388e-07,208.73649914329027,0.0
923,55440.0,55440,91.26350097333817,-208.73649902666182,56.06935740016258,300.0,1.1662813486612113e-07,208.73649914328996,0.0
924,55500.0,55500,91.26350097333761,-208.73649902666236,52.59041574942671,300.0,1.1662756959707243e-07,208.73649914328993,0.0
925,55560.0,55560,91.26350097333646,-208.7364990266635,49.11147409869082,300.0,1.1662672608191784e-07,208.73649914329022,0.0
926,55620.0,55620,91.26350097333474,-208.73649902666526,45.63253244795492,300.0,1.1662558580467745e-07,208.73649914329084,0.0
927,55680.0,55680,91.26350097333248,-208.73649902666747,42.153590797218996,300.0,1.1662415162840745e-07,208.7364991432916,0.0
928,55740.0,55740,91.26350097332974,-208.73649902667026,38.67464914648304,300.0,1.166223987212621e-07,208.7364991432926,0.0
929,55800.0,55800,91.26350091179384,-198.7364990882063,35.19570749574704,290.00000000000017,1.775968999399783e-07,198.73649926580322,0.0
930,55860.0,55860,41.269295916111986,41.269295916111986,31.88343251049967,0.0,41.269296105157025,1.890450477476786e-07,0.0
931,55920.0,55920,41.11044128118822,41.11044128118822,32.468080868838705,0.0,41.11044147025011,1.8906188480885106e-07,0.0
932,55980.0,55980,40.95712158566313,40.95712158566313,33.05047878651627,0.0,40.95712177474141,1.8907827595129943e-07,0.0
933,56040.0,56040,40.80913608829892,40.80913608829892,33.63070467517386,0.0,40.809136277393144,1.8909422279873973e-07,0.0
934,56100.0,56100,40.66629626882013,40.66629626882013,34.20883410261875,0.0,40.66629645792985,1.891097272534033e-07,0.0
935,56160.0,56160,40.52842492554681,40.52842492554681,34.784939965954315,0.0,40.528425114671606,1.8912479144787818e-07,0.0
936,56220.0,56220,40.39535535680329,40.39535535680329,35.35909265192681,0.0,40.395355545942714,1.891394177029388e-07,0.0
937,56280.0,56280,40.266930616964736,40.266930616964736,35.93136018567539,0.0,40.266930806118346,1.8915360849069099e-07,0.0
938,56340.0,56340,40.14300283919821,40.14300283919821,36.501808368942896,0.0,40.14300302836558,1.8916736640241711e-07,0.0
939,56400.0,56400,40.02343261786388,40.02343261786388,37.070500908692,0.0,40.02343280704457,1.8918069412030754e-07,0.0
940,56460.0,56460,39.90808844450896,39.90808844450896,37.63749953697217,0.0,39.90808863370256,1.8919359439267807e-07,0.0
941,56520.0,56520,39.79684619197335,39.79684619197335,38.20286412279645,0.0,39.796846381179414,1.8920607001232785e-07,0.0
942,56580.0,56580,39.68958864190957,39.68958864190957,38.76665277670977,0.0,39.6895888311277,1.8921812379742134e-07,0.0
943,56640.0,56640,39.58620505141494,39.58620505141494,39.32892194866383,0.0,39.5862052406447,1.8922975857476517e-07,0.0
944,56700.0,56700,39.48659075512998,39.48659075512998,39.88972651975252,0.0,39.48659094437096,1.8924097716518547e-07,0.0
945,56760.0,56760,39.39064679936126,39.39064679936126,40.449119888310484,0.0,39.39064698861304,1.8925178237057997e-07,0.0
946,56820.0,56820,39.298279605379584,39.298279605379584,41.00715405082834,0.0,39.29827979464176,1.8926217696251397e-07,0.0
947,56880.0,56880,39.20940065917797,39.20940065917797,41.56387967809812,0.0,39.20940084845014,1.8927216367238308e-07,0.0
948,56940.0,56940,39.12392622535243,39.12392622535243,42.11934618696334,0.0,39.12392641463417,1.892817451826078e-07,0.0
949,57000.0,57000,39.04177708300769,39.04177708300769,42.67360180801601,0.0,39.04177727229862,1.8929092411899398e-07,0.0
950,57060.0,57060,38.96287828177554,38.96287828177554,43.226693649552104,0.0,38.96287847107524,1.892997030439393e-07,0.0
951,57120.0,57120,38.88715891624778,38.88715891624778,43.77866775807072,0.0,38.88715910555586,1.8930808445063866e-07,0.0
952,57180.0,57180,38.81455191730734,38.81455191730734,44.32956917557767,0.0,38.81455210662342,1.8931607075789815e-07,0.0
953,57240.0,57240,38.74499385897719,38.74499385897719,44.87944199393295,0.0,38.74499404830086,1.893236643054838e-07,0.0
954,57300.0,57300,38.67842477953076,38.67842477953076,45.42832940646186,0.0,38.678424968861634,1.8933086735032746e-07,0.0
955,57360.0,57360,38.61478801576578,38.61478801576578,45.976273757031926,0.0,38.61478820510346,1.8933768206293747e-07,0.0
956,57420.0,57420,38.554030049418074,38.554030049418074,46.52331658678197,0.0,38.55403023876218,1.8934411052446192e-07,0.0
957,57480.0,57480,38.49610036480495,38.49610036480495,47.06949867867541,0.0,38.496100554155106,1.8935015472400873e-07,0.0
958,57540.0,57540,38.44095131685516,38.44095131685516,47.61486010003681,0.0,38.44095150621098,1.893558165563402e-07,0.0
959,57600.0,57600,38.388538008795344,38.388538008795344,48.15944024321891,0.0,38.38853819815644,1.893610978198203e-07,0.0
960,57660.0,57660,38.3388181788004,38.3388181788004,48.703277864536815,0.0,38.338818368166415,1.8936600021470324e-07,0.0
961,57720.0,57720,38.29175209498633,38.29175209498633,49.246411121596445,0.0,38.29175228435685,1.8937052534155953e-07,0.0
962,57780.0,57780,38.24730245819445,38.24730245819445,49.78887760913537,0.0,38.24730264756913,1.893746746999396e-07,0.0
963,57840.0,57840,38.20543431204593,38.20543431204593,50.330714393486396,0.0,38.20543450142438,1.8937844968719704e-07,0.0
964,57900.0,57900,38.16611495982558,38.16611495982558,50.871958045766974,0.0,38.16611514920742,1.8938185159731552e-07,0.0
965,57960.0,57960,38.12931388774177,38.12931388774177,51.41264467389109,0.0,38.12931407712665,1.893848816201218e-07,0.0
966,58020.0,58020,38.095002694227134,38.095002694227134,51.952809953494004,0.0,38.09500288361468,1.8938754084033546e-07,0.0
967,58080.0,58080,38.06315502488289,38.06315502488289,52.49248915785546,0.0,38.06315521427272,1.8938983023688208e-07,0.0
968,58140.0,58140,38.033746512801926,38.033746512801926,53.0317171869012,0.0,38.03374670219368,1.893917506820617e-07,0.0
969,58200.0,58200,38.006754723963596,38.006754723963596,53.57052859535913,0.0,38.00675491335691,1.8939330294100325e-07,0.0
970,58260.0,58260,37.98215910744775,37.98215910744775,54.10895762014184,0.0,37.98215929684224,1.89394487671011e-07,0.0
971,58320.0,58320,37.95994095023663,37.95994095023663,54.6470382070239,0.0,37.95994113963194,1.893953054208966e-07,0.0
972,58380.0,58380,37.940083336420635,37.940083336420635,55.1848040366788,0.0,37.94008352581639,1.8939575663044797e-07,0.0
973,58440.0,58440,37.92257111059442,37.92257111059442,55.722288550137975,0.0,37.92257129999026,1.8939584162981706e-07,0.0
974,58500.0,58500,37.90739084529899,37.90739084529899,56.25952497373128,0.0,37.90739103469455,1.893955606388737e-07,0.0
975,58560.0,58560,37.89453081236373,37.89453081236373,56.796546343566234,0.0,37.894531001758644,1.8939491376670462e-07,0.0
976,58620.0,58620,37.883980958023834,37.883980958023834,57.333385529601266,0.0,37.88398114741773,1.8939390101080403e-07,0.0
977,58680.0,58680,37.87573288170002,37.87573288170002,57.87007525936649,0.0,37.87573307109254,1.8939252225659494e-07,0.0
978,58740.0,58740,37.86977981835707,37.86977981835707,58.40664814138379,0.0,37.86978000774784,1.8939077727649351e-07,0.0
979,58800.0,58800,37.866116624363244,37.866116624363244,58.94313668833708,0.0,37.8661168137519,1.8938866572941173e-07,0.0
980,58860.0,58860,37.864739766788965,37.864739766788965,59.47957334004212,0.0,37.86473995617515,1.8938618715975506e-07,0.0
981,58920.0,58920,37.86564731610145,37.86564731610145,60.01599048626487,0.0,37.8656475054848,1.8938334099669852e-07,0.0
982,58980.0,58980,37.86883894223007,37.86883894223007,60.552420489436216,0.0,37.8688391316102,1.89380126553218e-07,0.0
983,59040.0,59040,37.874315913973184,37.874315913973184,61.08889570731107,0.0,37.874316103349734,1.893765430252176e-07,0.0
984,59100.0,59100,37.88208110176096,37.88208110176096,61.62544851561894,0.0,37.88208129113355,1.893725894903531e-07,0.0
985,59160.0,59160,37.8921389837824,37.8921389837824,62.162111330753824,0.0,37.89213917315067,1.8936826490711867e-07,0.0
986,59220.0,59220,37.90449565548876,37.90449565548876,62.6989166325507,0.0,37.90449584485233,1.893635681135884e-07,0.0
987,59280.0,59280,37.91915884254034,37.91915884254034,63.235896987196746,0.0,37.91915903189884,1.8935849782619882e-07,0.0
988,59340.0,59340,37.93613791722795,37.93613791722795,63.77308507032605,0.0,37.93613810658101,1.8935305263846055e-07,0.0
989,59400.0,59400,37.95544391847394,37.95544391847394,64.31051369034677,0.0,37.95544410782117,1.8934723101958136e-07,0.0
990,59460.0,59460,37.977089575442584,37.977089575442584,64.8482158120518,0.0,37.977089764783614,1.8934103131299957e-07,0.0
991,59520.0,59520,38.001089334945405,38.001089334945405,65.38622458056393,0.0,38.00108952427985,1.8933445173486965e-07,0.0
992,59580.0,59580,38.02745939268111,38.02745939268111,65.92457334566902,0.0,38.0274595820086,1.8932749037247712e-07,0.0
993,59640.0,59640,38.056217728506205,38.056217728506205,66.46329568659206,0.0,38.05621791782635,1.893201451824714e-07,0.0
994,59700.0,59700,38.08738414587497,38.08738414587497,67.00242543727263,0.0,38.08738433518738,1.8931241398916948e-07,0.0
995,59760.0,59760,38.12098031561743,38.12098031561743,67.54199671219929,0.0,38.120980504921725,1.8930429448266255e-07,0.0
996,59820.0,59820,38.15702982427985,38.15702982427985,68.08204393286398,0.0,38.157030013575636,1.892957842168896e-07,0.0
997,59880.0,59880,38.19555822723375,38.19555822723375,68.62260185490142,0.0,38.195558416520626,1.8928688060766597e-07,0.0
998,59940.0,59940,38.23659310681641,38.23659310681641,69.16370559598072,0.0,38.236593296093986,1.8927758093051564e-07,0.0
999,60000.0,60000,38.280164135761254,38.280164135761254,69.70539066452079,0.0,38.28016432502913,1.8926788231865162e-07,0.0
1000,60060.0,60060,38.32630314625399,38.32630314625399,70.24769298930427,0.0,38.32630333551177,1.8925778176051863e-07,0.0
1001,60120.0,60120,38.375044204927875,38.375044204927875,70.79064895006978,0.0,38.37504439417515,1.892472760976734e-07,0.0
1002,60180.0,60180,38.42642369418876,38.42642369418876,71.3342954091665,0.0,38.42642388342512,1.892363620223753e-07,0.0
1003,60240.0,60240,38.48048040027149,38.48048040027149,71.87866974436112,0.0,38.48048058949653,1.8922503607505485e-07,0.0
1004,60300.0,60300,38.53725560849324,38.53725560849324,72.42380988289193,0.0,38.53725579770653,1.8921329464190433e-07,0.0
1005,60360.0,60360,38.59679320619881,38.59679320619881,72.96975433687258,0.0,38.59679339539994,1.8920113395228672e-07,0.0
1006,60420.0,60420,38.65913979396825,38.65913979396825,73.5165422401541,0.0,38.659139983156805,1.8918855007617065e-07,0.0
1007,60480.0,60480,38.72434480565572,38.72434480565572,74.06421338676239,0.0,38.724344994831256,1.8917553892150198e-07,0.0
1008,60540.0,60540,38.7924606379941,38.7924606379941,74.61280827103626,0.0,38.7924608271562,1.8916209623156095e-07,0.0
1009,60600.0,60600,38.86354279044283,38.86354279044283,75.16236812960165,0.0,38.86354297959104,1.891482175822557e-07,0.0
1010,60660.0,60660,38.93765001614604,38.93765001614604,75.71293498532677,0.0,38.93765020527993,1.8913389837957974e-07,0.0
1011,60720.0,60720,39.01484448488882,39.01484448488882,76.26455169341604,0.0,39.01484467400795,1.891191338567978e-07,0.0
1012,60780.0,60780,39.095191959042786,39.095191959042786,76.81726198981255,0.0,39.0951921481467,1.8910391907208136e-07,0.0
1013,60840.0,60840,39.178761983625265,39.178761983625265,77.37111054209294,0.0,39.17876217271351,1.8908824890578755e-07,0.0
1014,60900.0,60900,39.26562809169975,39.26562809169975,77.92614300305495,0.0,39.26562828077188,1.8907211805813898e-07,0.0
1015,60960.0,60960,39.35586802645353,39.35586802645353,78.48240606721473,0.0,39.35586821550905,1.890555210468777e-07,0.0
1016,61020.0,61020,39.44956398152132,39.44956398152133,79.03994753045023,0.0,39.449564170559775,1.8903845220506747e-07,0.0
1017,61080.0,61080,39.54680286116066,39.54680286116066,79.59881635304922,0.0,39.54680305018157,1.8902090567921932e-07,0.0
1018,61140.0,61140,39.64767656222612,39.64767656222612,80.15906272644315,0.0,39.64767675122899,1.8900287542752052e-07,0.0
1019,61200.0,61200,39.75228228000694,39.75228228000694,80.72073814393558,0.0,39.75228246899129,1.889843552184799e-07,0.0
1020,61260.0,61260,39.860722840247526,39.860722840247526,81.28389547576326,0.0,39.86072302921287,1.8896533862989571e-07,0.0
1021,61320.0,61320,39.97310706001139,39.97310706001139,81.84858904886107,0.0,39.97310724895721,1.8894581904824687e-07,0.0
1022,61380.0,61380,40.08955014028577,40.08955014028577,82.4148747317389,0.0,40.089550329211555,1.8892578966873752e-07,0.0
1023,61440.0,61440,40.210174093655034,40.210174093655034,82.98281002492067,0.0,40.21017428256028,1.8890524349581666e-07,0.0
1024,61500.0,61500,40.33510821074338,40.33510821074338,83.5524541574419,0.0,40.33510839962755,1.8888417334462973e-07,0.0
1025,61560.0,61560,40.464489569638545,40.464489569638545,84.12386818995526,0.0,40.46448975850111,1.888625718432867e-07,0.0
1026,61620.0,61620,40.5984635929897,40.5984635929897,84.69711512505303,0.0,40.598463781830134,1.8884043143619562e-07,0.0
1027,61680.0,61680,40.7371846582262,40.7371846582262,85.27226002548166,0.0,40.737184847043935,1.8881774438879195e-07,0.0
1028,61740.0,61740,40.8808167669234,40.8808167669234,85.8493701410012,0.0,40.88081695571791,1.8879450279362663e-07,0.0
1029,61800.0,61800,41.02953428030962,41.02953428030962,86.42851504472735,0.0,41.02953446908032,1.887706985783807e-07,0.0
1030,61860.0,61860,41.18352272881622,41.18352272881622,87.00976677989318,0.0,41.18352291756254,1.8874632351585844e-07,0.0
1031,61920.0,61920,41.34297970476975,41.34297970476975,87.5932000180796,0.0,41.34297989349112,1.887213692366016e-07,0.0
1032,61980.0,61980,41.50811584862956,41.50811584862956,88.1788922300921,0.0,41.50811603732539,1.8869582724433943e-07,0.0
1033,62040.0,62040,41.679155940754555,41.679155940754555,88.76692387080931,0.0,41.67915612942424,1.8866968893503974e-07,0.0
1034,62100.0,62100,41.85634011255513,41.85634011255513,89.35737857949837,0.0,41.85634030119809,1.8864294562012499e-07,0.0
1035,62160.0,62160,42.03992519306519,42.03992519306519,89.95034339728801,0.0,42.039925381680774,1.8861558855440293e-07,0.0
1036,62220.0,62220,42.23018620957453,42.23018620957453,90.5459090037183,0.0,42.23018639816214,1.885876089702299e-07,0.0
1037,62280.0,62280,42.42741806403168,42.42741806403168,91.14416997454917,0.0,42.42741825259068,1.885589981182745e-07,0.0
1038,62340.0,62340,42.63193741069236,42.631937410692366,91.74522506331829,0.0,42.63193759922211,1.8852974731700125e-07,0.0
1039,62400.0,62400,42.84408476489963,42.84408476489963,92.34917750949847,0.0,42.84408495339948,1.884998480119284e-07,0.0
1040,62460.0,62460,43.064226878244796,43.064226878244796,92.95613537653003,0.0,43.06422706671409,1.8846929184715835e-07,0.0
1041,62520.0,62520,43.292759421941625,43.292759421941625,93.5662119235007,0.0,43.29275961037969,1.884380707512333e-07,0.0
1042,62580.0,62580,43.53011002814313,43.53011002814313,94.17952601484052,0.0,43.53011021654931,1.8840617704086538e-07,0.0
1043,62640.0,62640,43.776741748688636,43.776741748688636,94.7962025731016,0.0,43.77674193706224,1.8837360354577039e-07,0.0
1044,62700.0,62700,44.03315700281094,44.03315700281094,95.41637308073715,0.0,44.03315719115129,1.8834034375983972e-07,0.0
1045,62760.0,62760,44.299902100186635,44.299902100186635,96.04017613780617,0.0,44.29990228849303,1.883063920241927e-07,0.0
1046,62820.0,62820,44.57757244435584,44.57757244435584,96.66775808375478,0.0,44.57757263262758,1.882717437495261e-07,0.0
1047,62880.0,62880,44.86681854482754,44.86681854482754,97.29927369291252,0.0,44.86681873306393,1.8823639568710844e-07,0.0
1048,62940.0,62940,45.16835299578747,45.16835299578747,97.9348869551604,0.0,45.16835318398782,1.8820034626060249e-07,0.0
1049,63000.0,63000,45.48295861691873,45.48295861691873,98.5747719554636,0.0,45.482958805082326,1.8816359597322289e-07,0.0
1050,63060.0,63060,45.81149800029653,45.81149800029653,99.21911386873295,0.0,45.81149818842268,1.881261479105053e-07,0.0
1051,63120.0,63120,46.15492476988504,46.15492476988504,99.86811008993355,0.0,46.15492495797306,1.8808800836391528e-07,0.0
1052,63180.0,63180,46.51429694224311,46.51429694224311,100.52197152370346,0.0,46.51429713029229,1.880491876087024e-07,0.0
1053,63240.0,63240,46.8907928852056,46.8907928852056,101.1809240632485,0.0,46.890793073215306,1.880097008802384e-07,0.0
1054,63300.0,63300,47.28573051564453,47.28573051564453,101.84521029531895,0.0,47.28573070361411,1.8796956960829412e-07,0.0
1055,63360.0,63360,47.700590572351366,47.70059057235137,102.51509147715406,0.0,47.70059076028019,1.879288229884169e-07,0.0
1056,63420.0,63420,48.137045066038056,48.137045066038056,103.19084984312595,0.0,48.13704525392555,1.8788749999990112e-07,0.0
1057,63480.0,63480,48.59699237675899,48.59699237675899,103.87279131442519,0.0,48.59699256460464,1.878456520206428e-07,0.0
1058,63540.0,63540,49.08260098589027,49.08260098589027,104.56124870595971,0.0,49.08260117369361,1.8780334624920124e-07,0.0
1059,63600.0,63600,49.59636456688648,49.59636456688648,105.2565855527904,0.0,49.59636475464715,1.877606702338494e-07,0.0
1060,63660.0,63660,50.14117222803388,50.14117222803389,105.95920071701862,0.0,50.141172415751626,1.8771773793959974e-07,0.0
1061,63720.0,63720,50.72039928077127,50.720399280771275,106.66953398977988,0.0,50.720399468445976,1.876746979873349e-07,0.0
1062,63780.0,63780,51.338026292663606,51.338026292663606,107.3880729791217,0.0,51.33802648029536,1.8763174501288189e-07,0.0
1063,63840.0,63840,91.2635009049955,-58.736499095004504,108.11536168446543,150.0,1.8848526630294318e-07,58.73649928348977,0.0
1064,63900.0,63900,91.26350090495447,-58.73649909504556,107.13642003241088,150.0,1.8846495118729714e-07,58.736499283510504,0.0
1065,63960.0,63960,91.26350090491951,-58.73649909508048,106.1574783803557,150.0,1.884453557092867e-07,58.73649928352584,0.0
1066,64020.0,64020,91.2635009048897,-58.73649909511032,105.1785367283,150.0,1.884264698529483e-07,58.736499283536794,0.0
1067,64080.0,64080,91.26350090486423,-58.736499095135756,104.19959507624384,150.0,1.8840827200745242e-07,58.736499283544035,0.0
1068,64140.0,64140,91.26350090484249,-58.73649909515753,103.2206534241873,150.0,1.883907336830224e-07,58.73649928354826,0.0
1069,64200.0,64200,91.26350090482391,-58.736499095176086,102.24171177213046,150.0,1.8837382256252224e-07,58.736499283549904,0.0
1070,64260.0,64260,91.26350090480804,-58.73649909519197,101.26277012007334,150.0,1.8835750448369684e-07,58.73649928354946,0.0
1071,64320.0,64320,91.26350090479448,-58.73649909520552,100.28382846801601,150.0,1.883417447247327e-07,58.73649928354726,0.0
1072,64380.0,64380,91.26350090478286,-58.736499095217134,99.30488681595847,150.0,1.8832650883040419e-07,58.73649928354364,0.0
1073,64440.0,64440,91.26350090477293,-58.73649909522706,98.32594516390078,150.0,1.88311763133259e-07,58.736499283538826,0.0
1074,64500.0,64500,91.2635009047644,-58.73649909523561,97.34700351184298,150.0,1.882974750700386e-07,58.73649928353308,0.0
1075,64560.0,64560,91.26350090475702,-58.73649909524299,96.36806185978507,150.0,1.882836133618423e-07,58.73649928352659,0.0
1076,64620.0,64620,91.26350090475061,-58.73649909524937,95.38912020772705,150.0,1.8827014810216603e-07,58.736499283519514,0.0
1077,64680.0,64680,91.26350090474502,-58.736499095255,94.41017855566896,150.0,1.8825705078402705e-07,58.73649928351206,0.0
1078,64740.0,64740,91.26350090474001,-58.73649909526,93.43123690361084,150.0,1.8824429428652238e-07,58.73649928350429,0.0
1079,64800.0,64800,91.26350090473551,-58.73649909526451,92.45229525155266,150.0,1.8823185283563523e-07,58.73649928349636,0.0
1080,64860.0,64860,91.26350090473134,-58.73649909526867,91.47335359949442,150.0,1.8821970194840723e-07,58.73649928348837,0.0
1081,64920.0,64920,91.26350090472741,-58.7364990952726,90.49441194743615,150.0,1.8820781836756668e-07,58.73649928348041,0.0
1082,64980.0,64980,91.26350090472359,-58.736499095276415,89.51547029537785,150.0,1.8819617999120456e-07,58.7364992834726,0.0
1083,65040.0,65040,91.2635009047198,-58.73649909528019,88.5365286433195,150.0,1.881847658002011e-07,58.736499283464944,0.0
1084,65100.0,65100,91.26350090471595,-58.73649909528404,87.55758699126113,150.0,1.8817355578596034e-07,58.7364992834576,0.0
1085,65160.0,65160,91.26350090471198,-58.736499095288046,86.57864533920274,150.0,1.8816253087932892e-07,58.73649928345057,0.0
1086,65220.0,65220,91.26350090470775,-58.73649909529223,85.59970368714427,150.0,1.8815167288212095e-07,58.7364992834439,0.0
1087,65280.0,65280,91.26350090470328,-58.736499095296736,84.62076203508579,150.0,1.881409644010147e-07,58.7364992834377,0.0
1088,65340.0,65340,91.26350090314226,-38.736499096858005,83.64182038302725,130.00000000000028,1.9137676269383165e-07,38.73649928823477,0.0
1089,65400.0,65400,91.26350097380222,-208.7364990261978,82.99621206426795,300.0,1.1681962611521328e-07,208.7364991430174,0.0
1090,65460.0,65460,91.2635009738068,-208.73649902619317,79.51727041353936,300.0,1.1682086377623459e-07,208.73649914301404,0.0
1091,65520.0,65520,91.26350097381074,-208.73649902618925,76.03832876281085,300.0,1.1682185487561029e-07,208.73649914301112,0.0
1092,65580.0,65580,91.26350097381405,-208.73649902618595,72.5593871120824,300.0,1.1682261404167107e-07,208.7364991430086,0.0
1093,65640.0,65640,91.2635009738167,-208.73649902618328,69.080445461354,300.0,1.1682315616473979e-07,208.73649914300643,0.0
1094,65700.0,65700,91.26350097381876,-208.73649902618124,65.60150381062564,300.0,1.168234848112862e-07,208.7364991430047,0.0
1095,65760.0,65760,91.26350097382023,-208.73649902617976,62.12256215989733,300.0,1.1682360126740367e-07,208.73649914300336,0.0
1096,65820.0,65820,91.2635009738211,-208.73649902617893,58.64362050916903,300.0,1.1682350835141638e-07,208.73649914300242,0.0
1097,65880.0,65880,91.26350097382141,-208.73649902617854,55.16467885844075,300.0,1.1682321407370899e-07,208.73649914300177,0.0
1098,65940.0,65940,91.2635009738212,-208.7364990261788,51.685737207712485,300.0,1.1682270523399129e-07,208.7364991430015,0.0
1099,66000.0,66000,91.26350097382044,-208.73649902617953,48.20679555698422,300.0,1.1682198759649252e-07,208.7364991430015,0.0
1100,66060.0,66060,91.2635009738192,-208.73649902618075,44.72785390625593,300.0,1.1682104892746786e-07,208.7364991430018,0.0
1101,66120.0,66120,91.26350090596253,-108.73649909403758,41.24891225552762,200.0000000000001,1.8499979574747653e-07,108.73649927903739,0.0
1102,66180.0,66180,59.44834929455439,59.44834929455439,39.436637270164596,0.0,59.44834948128092,1.867265342827886e-07,0.0
1103,66240.0,66240,59.34250506987457,59.34250506987457,40.27882221803739,0.0,59.342505256614416,1.867398412709939e-07,0.0
1104,66300.0,66300,59.241908483807755,59.24190848380776,41.119507706060524,0.0,59.24190867056031,1.867525573185978e-07,0.0
1105,66360.0,66360,59.14644239189638,59.146442391896386,41.95876807578101,0.0,59.146442578661066,1.8676468329905677e-07,0.0
1106,66420.0,66420,59.055998103200345,59.055998103200345,42.79667600919938,0.0,59.05599828997656,1.8677622025382839e-07,0.0
1107,66480.0,66480,58.97047481552963,58.97047481552963,43.633302648527874,0.0,58.970475002316796,1.8678716934512066e-07,0.0
1108,66540.0,66540,58.889779109226566,58.889779109226566,44.46871770794766,0.0,58.8897792960241,1.867975318150133e-07,0.0
1109,66600.0,66600,58.81382449298326,58.81382449298326,45.302989578194804,0.0,58.81382467979057,1.8680730894954955e-07,0.0
1110,66660.0,66660,58.7425309960764,58.7425309960764,46.136185424711805,0.0,58.7425311828929,1.8681650204743876e-07,0.0
1111,66720.0,66720,58.67582480214634,58.67582480214634,46.968371280022595,0.0,58.67582498897144,1.8682511239267316e-07,0.0
1112,66780.0,66780,58.61363792029264,58.61363792029264,47.799612130919364,0.0,58.61363810712578,1.8683314123045445e-07,0.0
1113,66840.0,66840,58.5559078898589,58.5559078898589,48.629972000989845,0.0,58.55590807669949,1.8684058974587447e-07,0.0
1114,66900.0,66900,58.50257751567465,58.50257751567465,49.459514028962495,0.0,58.5025777025221,1.8684745904530793e-07,0.0
1115,66960.0,66960,58.453594631004044,58.453594631004044,50.288300543300856,0.0,58.4535948178578,1.868537501397816e-07,0.0
1116,67020.0,67020,58.4089118858154,58.4089118858154,51.11639313343969,0.0,58.408912072674866,1.8685946393044682e-07,0.0
1117,67080.0,67080,58.36848655821551,58.36848655821551,51.94385271802168,0.0,58.368486745080105,1.8686460119538245e-07,0.0
1118,67140.0,67140,58.33228038728541,58.332280387285415,52.770739610462655,0.0,58.33228057415458,1.8686916257812985e-07,0.0
1119,67200.0,67200,58.30025942570778,58.30025942570778,53.59711358214878,0.0,58.30025961258093,1.868731485773135e-07,0.0
1120,67260.0,67260,58.272393910830914,58.272393910830914,54.42303392354587,0.0,58.272394097707476,1.868765595374181e-07,0.0
1121,67320.0,67320,58.248658153002935,58.248658153002935,55.248559503482205,0.0,58.248658339882326,1.868793956405085e-07,0.0
1122,67380.0,67380,58.2290304401792,58.2290304401792,56.073748826849304,0.0,58.22903062706086,1.8688165689886463e-07,0.0
1123,67440.0,67440,58.213492957959794,58.213492957959794,56.898660090951395,0.0,58.21349314484314,1.8688334314830892e-07,0.0
1124,67500.0,67500,91.26350097379758,-208.73649902620244,57.72335124072203,300.0,1.1680332554484157e-07,208.73649914300574,0.0
1125,67560.0,67560,91.2635009737973,-208.7364990262027,54.2444095899934,300.0,1.1680295322040118e-07,208.73649914300563,0.0
1126,67620.0,67620,91.26350097379651,-208.7364990262035,50.76546793926477,300.0,1.1680235966415245e-07,208.73649914300586,0.0
1127,67680.0,67680,91.26350097379519,-208.73649902620483,47.28652628853612,300.0,1.1680154043444307e-07,208.73649914300637,0.0
1128,67740.0,67740,91.26350097379336,-208.73649902620662,43.80758463780746,300.0,1.16800496832063e-07,208.73649914300708,0.0
1129,67800.0,67800,91.26350097379107,-208.73649902620895,40.32864298707876,300.0,1.167992026266288e-07,208.73649914300813,0.0
1130,67860.0,67860,91.26350097378837,-208.73649902621162,36.84970133635003,300.0,1.1679765245602595e-07,208.73649914300927,0.0
1131,67920.0,67920,91.26350097378537,-208.73649902621463,33.37075968562126,300.0,1.1679582236394773e-07,208.73649914301046,0.0
1132,67980.0,67980,91.26350097378217,-208.7364990262178,29.891818034892434,300.0,1.1679369407325714e-07,208.73649914301149,0.0
1133,68040.0,68040,91.26350097377905,-208.73649902622094,26.412876384163567,300.0,1.1679122323993383e-07,208.73649914301217,0.0
1134,68100.0,68100,91.26350097377639,-208.7364990262236,22.933934733434658,300.0,1.1678837289556153e-07,208.73649914301197,0.0
1135,68160.0,68160,91.26350090853721,-158.73649909146263,19.454993082705702,249.99999999999983,1.8204154559962495e-07,158.73649927350417,0.0
1136,68220.0,68220,56.02312009364391,56.02312009364391,16.809384764059633,0.0,56.023120280736016,1.87092102162239e-07,0.0
1137,68280.0,68280,55.599137262071025,55.599137262071025,17.603045631585264,0.0,55.59913744919057,1.871195434602839e-07,0.0
1138,68340.0,68340,55.19625716367001,55.19625716367001,18.390700075663545,0.0,55.19625735081704,1.871470309176259e-07,0.0
1139,68400.0,68400,54.8128457920657,54.8128457920657,19.17264705168108,0.0,54.812845979240144,1.8717444734487297e-07,0.0
1140,68460.0,68460,54.44746824521259,54.44746824521259,19.94916236660081,0.0,54.44746843241429,1.8720169798805737e-07,0.0
1141,68520.0,68520,54.09885661469853,54.09885661469853,20.720501499606723,0.0,54.09885680192724,1.872287059884186e-07,0.0
1142,68580.0,68580,53.765884256417536,53.76588425641755,21.48690196784695,0.0,53.76588444367296,1.872554088710711e-07,0.0
1143,68640.0,68640,53.447544957640226,53.447544957640226,22.248585327678132,0.0,53.44754514492198,1.8728175580219174e-07,0.0
1144,68700.0,68700,53.14293590730671,53.14293590730671,23.005758880776565,0.0,53.14293609461442,1.8730770542711656e-07,0.0
1145,68760.0,68760,52.851243653657,52.851243653657,23.758617138995213,0.0,52.85124384099022,1.873332241520544e-07,0.0
1146,68820.0,68820,52.57173243240843,52.57173243240843,24.507343090287087,0.0,52.57173261976671,1.8735828476801912e-07,0.0
1147,68880.0,68880,52.303734393798884,52.303734393798884,25.252109299277873,0.0,52.30373458118175,1.8738286534127928e-07,0.0
1148,68940.0,68940,52.0466413638879,52.04664136388791,25.9930788693883,0.0,52.046641551294854,1.8740694831260008e-07,0.0
1149,69000.0,69000,51.79989785549841,51.79989785549841,26.730406288241593,0.0,51.79989804292893,1.8743051976191816e-07,0.0
1150,69060.0,69060,51.562995104565914,51.562995104565914,27.464238174059307,0.0,51.56299529201949,1.8745356880446674e-07,0.0
1151,69120.0,69120,51.335465953782055,51.335465953782055,28.194713937572086,0.0,51.33546614125814,1.8747608709256884e-07,0.0
1152,69180.0,69180,51.116880440837335,51.116880440837335,28.921966371448704,0.0,51.1168806283354,1.8749806840225606e-07,0.0
1153,69240.0,69240,50.90684197625697,50.90684197625697,29.646122177225216,0.0,50.90684216377648,1.875195082891012e-07,0.0
1154,69300.0,69300,50.70498401727863,50.70498401727863,30.36730243808678,0.0,50.704984204819034,1.8754040380026855e-07,0.0
1155,69360.0,69360,50.51096716140728,50.51096716140728,31.08562304452944,0.0,50.51096734896804,1.8756075323264173e-07,0.0
1156,69420.0,69420,50.324476596770914,50.324476596770914,31.8011950788472,0.0,50.32447678435147,1.8758055592903526e-07,0.0
1157,69480.0,69480,50.14521985727419,50.14521985727419,32.51412516349922,0.0,50.14522004487401,1.875998121057924e-07,0.0
1158,69540.0,69540,49.972924839330574,49.972924839330574,33.224515777675,0.0,49.97292502694909,1.8761852270657283e-07,0.0
1159,69600.0,69600,49.807338043973346,49.807338043973346,33.93246554576319,0.0,49.80733823161003,1.8763668927787518e-07,0.0
1160,69660.0,69660,49.64822301401044,49.64822301401044,34.63806950091712,0.0,49.648223201664756,1.8765431386285694e-07,0.0
1161,69720.0,69720,49.4953589405978,49.495358940597804,35.34141932647986,0.0,49.4953591282692,1.8767139891053414e-07,0.0
1162,69780.0,69780,49.34853941748525,49.34853941748525,36.042603577669205,0.0,49.348539605173194,1.8768794719778426e-07,0.0
1163,69840.0,69840,49.207571324467075,49.207571324467075,36.7417078856144,0.0,49.20757151217104,1.8770396176244492e-07,0.0
1164,69900.0,69900,49.07227382425524,49.07227382425524,37.438815145575155,0.0,49.07227401197468,1.8771944584569325e-07,0.0
1165,69960.0,69960,48.94247745920971,48.94247745920971,38.13400569094952,0.0,48.94247764694411,1.8773440284220211e-07,0.0
1166,70020.0,70020,48.81802333630613,48.81802333630613,38.827357454485714,0.0,48.81802352405497,1.8774883625715654e-07,0.0
1167,70080.0,70080,48.69876239023791,48.69876239023791,39.518946117947394,0.0,48.69876257800066,1.8776274966903895e-07,0.0
1168,70140.0,70140,48.58455471598533,48.58455471598533,40.208845251339746,0.0,48.58455490376147,1.8777614669731442e-07,0.0
1169,70200.0,70200,48.475268963244325,48.475268963244325,40.89712644268015,0.0,48.47526915103336,1.8778903097432936e-07,0.0
1170,70260.0,70260,48.37078178612935,48.370781786129356,41.58385941919003,0.0,48.37078197393076,1.8780140612101525e-07,0.0
1171,70320.0,70320,48.27097734240661,48.27097734240661,42.26911216069073,0.0,48.27097753021989,1.87813275725547e-07,0.0
1172,70380.0,70380,48.17574683716246,48.17574683716246,42.95295100590534,0.0,48.175747024987096,1.8782464332491205e-07,0.0
1173,70440.0,70440,48.08498810653718,48.08498810653718,43.63544075229564,0.0,48.084988294372685,1.8783551238871032e-07,0.0
1174,70500.0,70500,47.99860523755886,47.99860523755886,44.316644750002034,0.0,47.99860542540475,1.8784588630497724e-07,0.0
1175,70560.0,70560,47.916508220697246,47.91650822069725,44.99662499039788,0.0,47.91650840855302,1.8785576836796323e-07,0.0
1176,70620.0,70620,47.83861263204006,47.83861263204006,45.6754421897215,0.0,47.83861281990523,1.8786516176716046e-07,0.0
1177,70680.0,70680,47.76483934244692,47.76483934244692,46.35315586820579,0.0,47.76483953032099,1.8787406957794063e-07,0.0
1178,70740.0,70740,47.69511425126928,47.69511425126928,47.029824425087476,0.0,47.69511443915178,1.8788249475313205e-07,0.0
1179,70800.0,70800,47.629368042524895,47.629368042524895,47.70550520984413,0.0,47.62936823041533,1.8789044011566945e-07,0.0
1180,70860.0,70860,47.56753596162005,47.56753596162005,48.38025458997689,0.0,47.56753614951796,1.878979083522647e-07,0.0
1181,70920.0,70920,47.50955761099353,47.50955761099353,49.054128015630134,0.0,47.509557798898435,1.8790490200753028e-07,0.0
1182,70980.0,70980,47.45537676311782,47.45537676311782,49.72718008131616,0.0,47.45537695102924,1.8791142347897923e-07,0.0
1183,71040.0,71040,47.40494118957523,47.40494118957523,50.3994645849906,0.0,47.404941377492705,1.8791747501257765e-07,0.0
1184,71100.0,71100,47.35820250501019,47.35820250501019,51.0710345847065,0.0,47.35820269293325,1.879230586986242e-07,0.0
1185,71160.0,71160,47.315116024868395,47.315116024868395,51.74194245305771,0.0,47.315116212796575,1.8792817646832025e-07,0.0
1186,71220.0,71220,47.275640636020604,47.275640636020604,52.412239929606905,0.0,47.27564082395344,1.8793283009036178e-07,0.0
1187,71280.0,71280,47.239738679387884,47.239738679387884,53.081978171480735,0.0,47.2397388673249,1.8793702116810348e-07,0.0
1188,71340.0,71340,47.20737584385009,47.20737584385009,53.75120780230227,0.0,47.20737603179084,1.8794075113691186e-07,0.0
1189,71400.0,71400,47.17852107075849,47.17852107075849,54.41997895962033,0.0,47.17852125870252,1.8794402126163723e-07,0.0
1190,71460.0,71460,47.153146468465785,47.153146468465785,55.088341340986254,0.0,47.153146656412616,1.8794683263440503e-07,0.0
1191,71520.0,71520,47.13122723635085,47.13122723635085,55.756344248819694,0.0,47.131227424300036,1.8794918617249227e-07,0.0
1192,71580.0,71580,47.11274159790312,47.11274159790312,56.424036634198174,0.0,47.1127417858542,1.879510826162564e-07,0.0
1193,71640.0,71640,47.097670742451896,47.097670742451896,57.09146713969863,0.0,47.09767093040442,1.8795252252733087e-07,0.0
1194,71700.0,71700,47.085998775209305,47.08599877520931,57.75868414141352,0.0,47.08599896316281,1.8795350628669505e-07,0.0
1195,71760.0,71760,47.077712675343946,47.077712675343946,58.42573579025914,0.0,47.077712863297975,1.8795403409303326e-07,0.0
1196,71820.0,71820,47.07280226184065,47.07280226184065,59.092670052689996,0.0,47.07280244979476,1.8795410596086396e-07,0.0
1197,71880.0,71880,47.071260166954396,47.071260166954396,59.75953475092956,0.0,47.07126035490812,1.8795372171888391e-07,0.0
1198,71940.0,71940,47.07308181711566,47.07308181711566,60.42637760282491,0.0,47.07308200506855,1.8795288100821628e-07,0.0
1199,72000.0,72000,47.07826542117157,47.07826542117157,61.09324626143086,0.0,47.07826560912316,1.8795158328078077e-07,0.0
1200,72060.0,72060,47.08681196590858,47.08681196590858,61.760188354427626,0.0,47.08681215385841,1.8794982779745248e-07,0.0
1201,72120.0,72120,47.09872521883283,47.09872521883283,62.42725152347484,0.0,47.098725406780446,1.8794761362642103e-07,0.0
1202,72180.0,72180,47.114011738213904,47.114011738213904,63.094483463605144,0.0,47.11401192615883,1.8794493964140138e-07,0.0
1203,72240.0,72240,47.132680890467164,47.132680890467164,63.76193196276001,0.0,47.132681078408964,1.8794180451967375e-07,0.0
1204,72300.0,72300,47.154744874974284,47.154744874974284,64.42964494157182,0.0,47.1547450629125,1.8793820674045016e-07,0.0
1205,72360.0,72360,47.180218756463844,47.180218756463844,65.09767049349749,0.0,47.18021894439799,1.879341445829257e-07,0.0
1206,72420.0,72420,47.20912050516586,47.20912050516586,65.76605692541092,0.0,47.20912069309548,1.879296161242107e-07,0.0
1207,72480.0,72480,47.24147104496559,47.24147104496559,66.43485279876433,0.0,47.24147123289021,1.8792461923750807e-07,0.0
1208,72540.0,72540,47.27729430983071,47.27729430983071,67.10410697143156,0.0,47.27729449774985,1.879191515901087e-07,0.0
1209,72600.0,72600,47.31661730884625,47.316617308846254,67.77386864035107,0.0,47.31661749675946,1.879132106411791e-07,0.0
1210,72660.0,72660,47.35947020026549,47.35947020026549,68.44418738508998,0.0,47.359470388172284,1.8790679363993112e-07,0.0
1211,72720.0,72720,47.40588637500198,47.40588637500198,69.11511321245735,0.0,47.405886562901884,1.8789989762326853e-07,0.0
1212,72780.0,72780,47.455902550076864,47.455902550076864,69.78669660230015,0.0,47.45590273796939,1.8789251941381946e-07,0.0
1213,72840.0,72840,47.50955887262968,47.50955887262968,70.45898855462322,0.0,47.509559060514334,1.878846556177649e-07,0.0
1214,72900.0,72900,47.56689903512166,47.56689903512166,71.13204063818246,0.0,47.56689922299797,1.878763026227078e-07,0.0
1215,72960.0,72960,47.62797040248017,47.62797040248017,71.80590504071037,0.0,47.62797059034763,1.8786745659558678e-07,0.0
1216,73020.0,73020,47.692824152050164,47.692824152050164,72.48063462094254,0.0,47.69282433990828,1.8785811348058254e-07,0.0
1217,73080.0,73080,47.76151542725124,47.76151542725124,73.15628296262699,0.0,47.76151561509951,1.8784826899726173e-07,0.0
1218,73140.0,73140,47.83410350604404,47.83410350604404,73.83290443071013,0.0,47.834103693881964,1.8783791863849067e-07,0.0
1219,73200.0,73200,47.910651985338106,47.910651985338106,74.51055422990953,0.0,47.91065217316516,1.87827057668802e-07,0.0
1220,73260.0,73260,47.991228982727584,47.991228982727584,75.18928846589895,0.0,47.991229170543264,1.87815681122817e-07,0.0
1221,73320.0,73320,48.07590735701454,48.07590735701454,75.86916420935142,0.0,48.07590754481832,1.8780378380372726e-07,0.0
1222,73380.0,73380,48.16476494921542,48.16476494921542,76.55023956310635,0.0,48.164765137006775,1.8779136028222569e-07,0.0
1223,73440.0,73440,48.25788484593156,48.25788484593156,77.2325737327508,0.0,48.25788503370997,1.8777840489580096e-07,0.0
1224,73500.0,73500,48.355355667234285,48.355355667234285,77.91622710093208,0.0,48.355355854999196,1.8776491174810676e-07,0.0
1225,73560.0,73560,48.45727188142434,48.45727188142434,78.60126130574854,0.0,48.457272069175225,1.8775087470923246e-07,0.0
1226,73620.0,73620,48.563734149433415,48.563734149433415,79.28773932359937,0.0,48.5637343371697,1.8773628741617105e-07,0.0
1227,73680.0,73680,48.674849701877214,48.674849701877214,79.97572555691372,0.0,48.67484988959836,1.8772114327420003e-07,0.0
1228,73740.0,73740,48.79073275229322,48.79073275229322,80.66528592722103,0.0,48.79073293999866,1.8770543545906048e-07,0.0
1229,73800.0,73800,48.9115049504702,48.9115049504702,81.35648797407597,0.0,48.911505138159356,1.876891569199342e-07,0.0
1230,73860.0,73860,49.037295880418974,49.037295880418974,82.04940096040512,0.0,49.03729606809127,1.8767230038384642e-07,0.0
1231,73920.0,73920,49.168243608080225,49.168243608080225,82.74409598490858,0.0,49.16824379573508,1.876548583611487e-07,0.0
1232,73980.0,73980,49.30449528470237,49.30449528470237,83.44064610222063,0.0,49.3044954723392,1.8763682315282083e-07,0.0
1233,74040.0,74040,49.44620781260625,49.44620781260625,84.1391264516182,0.0,49.44620800022443,1.8761818685965114e-07,0.0
1234,74100.0,74100,49.59354858114953,49.59354858114953,84.8396143951611,0.0,49.59354876874847,1.8759894139358086e-07,0.0
1235,74160.0,74160,49.74669628187823,49.74669628187823,85.54218966625844,0.0,49.746696469457305,1.8757907849183665e-07,0.0
1236,74220.0,74220,49.90584181327326,49.90584181327326,86.24693452978282,0.0,49.90584200083185,1.8755858973413646e-07,0.0
1237,74280.0,74280,50.071189287229295,50.0711892872293,86.95393395500199,0.0,50.07118947476677,1.8753746656371558e-07,0.0
1238,74340.0,74340,50.24295715141249,50.24295715141249,87.66327580276895,0.0,50.24295733892819,1.8751570031267342e-07,0.0
1239,74400.0,74400,50.421379444092075,50.421379444092075,88.37505102861188,0.0,50.42137963158536,1.8749328223268833e-07,0.0
1240,74460.0,74460,50.60670720095872,50.60670720095872,89.08935390360116,0.0,50.60670738842893,1.874702035318778e-07,0.0
1241,74520.0,74520,50.79921003702325,50.79921003702325,89.80628225514612,0.0,50.799210224469704,1.8744645541916863e-07,0.0
1242,74580.0,74580,50.99917793100168,50.99917793100168,90.52593773020203,0.0,50.99917811842371,1.8742202915741477e-07,0.0
1243,74640.0,74640,51.206923244905106,51.206923244905106,91.24842608375604,0.0,51.20692343230202,1.8739691612710228e-07,0.0
1244,74700.0,74700,51.42278301805373,51.42278301805373,91.97385749592378,0.0,51.42278320542483,1.8737110790278363e-07,0.0
1245,74760.0,74760,51.647121582885894,51.647121582885894,92.70234692154449,0.0,51.64712177023049,1.873445963445221e-07,0.0
1246,74820.0,74820,51.880333559925724,51.880333559925724,93.43401447683372,0.0,51.8803337472431,1.8731737370775996e-07,0.0
1247,74880.0,74880,52.122847302034046,52.122847302034046,94.16898586846443,0.0,52.12284748932348,1.8728943277520726e-07,0.0
1248,74940.0,74940,52.37512887402782,52.37512887402782,94.90739287144174,0.0,52.37512906128859,1.8726076701546235e-07,0.0
1249,75000.0,75000,52.63768667413483,52.63768667413483,95.6493738633557,0.0,52.637686861366205,1.872313707741864e-07,0.0
1250,75060.0,75060,52.91107683004117,52.91107683004117,96.39507442410458,0.0,52.911077017242405,1.872012395051006e-07,0.0
1251,75120.0,75120,53.195909536167726,53.195909536167726,97.1446480120622,0.0,53.19590972333809,1.8717037004984698e-07,0.0
1252,75180.0,75180,53.49285654325479,53.49285654325479,97.89825673002338,0.0,53.49285673039355,1.8713876097806497e-07,0.0
1253,75240.0,75240,53.80266006991139,53.80266006991139,98.65607219725169,0.0,53.80266025701781,1.8710641300229826e-07,0.0
1254,75300.0,75300,54.126143484027864,54.126143484027864,99.41827654777437,0.0,54.12614367110119,1.870733294864029e-07,0.0
1255,75360.0,75360,54.4642242072381,54.4642242072381,100.18506357999713,0.0,54.46422439427762,1.870395170713238e-07,0.0
1256,75420.0,75420,54.81792943965917,54.81792943965917,100.95664008913214,0.0,54.817929626664146,1.8700498644978082e-07,0.0
1257,75480.0,75480,55.18841550077398,55.18841550077398,101.73322742239318,0.0,55.18841568774373,1.8696975333102105e-07,0.0
1258,75540.0,75540,55.57699186085138,55.57699186085138,102.5150633081868,0.0,55.57699204778522,1.8693383965112952e-07,0.0
1259,75600.0,75600,55.98515133306279,55.98515133306279,103.30240402574826,0.0,55.98515151996006,1.8689727510295289e-07,0.0
1260,75660.0,75660,56.41460846770559,56.41460846770559,104.09552700249945,0.0,56.4146086545657,1.868600990887164e-07,0.0
1261,75720.0,75720,56.867349028803716,56.867349028803716,104.89473395532484,0.0,56.86734921562608,1.8682236323709746e-07,0.0
1262,75780.0,75780,57.34569468758592,57.34569468758592,105.7003547327659,0.0,57.345694874370054,1.8678413468849633e-07,0.0
1263,75840.0,75840,57.85238898015594,57.85238898015594,106.51275207370647,0.0,57.85238916690145,1.8674550044210147e-07,0.0
1264,75900.0,75900,58.39071355698113,58.39071355698113,107.33232758379188,0.0,58.39071374368771,1.867065732018746e-07,0.0
1265,75960.0,75960,58.96464850511453,58.96464850511453,108.15952935871573,0.0,58.96464869178203,1.8666749938680522e-07,0.0
1266,76020.0,76020,59.57909829897352,59.57909829897352,108.99486187873825,0.0,59.57909848560199,1.8662847034981437e-07,0.0
1267,76080.0,76080,60.240218010077605,60.240218010077605,109.83889910417388,0.0,60.240218196667335,1.8658973849546073e-07,0.0
1268,76140.0,76140,60.9558970643337,60.9558970643337,110.69230219218356,0.0,60.95589725088534,1.8655164113430828e-07,0.0
1269,76200.0,76200,61.73649841240717,61.73649841240717,111.5558440667953,0.0,61.73649859892181,1.8651463702732598e-07,0.0
1270,76260.0,76260,62.59602627797941,62.59602627797941,112.43044446050486,0.0,62.59602646445878,1.864793646556605e-07,0.0
1271,76320.0,76320,63.55404082462996,63.55404082462997,113.31722149897676,0.0,63.554041011076706,1.864467395169335e-07,0.0
1272,76380.0,76380,64.63892938312317,64.63892938312317,114.21757041019298,0.0,64.63892956954129,1.8641812544118148e-07,0.0
1273,76440.0,76440,65.8937515332843,65.8937515332843,115.1332885759879,0.0,65.89375171967995,1.863956553243162e-07,0.0
1274,76500.0,76500,67.38718012717852,67.38718012717852,116.06678338891017,0.0,67.3871803135614,1.8638287702192864e-07,0.0
1275,76560.0,76560,69.23483011228686,69.23483011228686,117.02143510691265,0.0,69.23483029867303,1.8638618432476685e-07,0.0
1276,76620.0,76620,71.64108624015992,71.64108624015992,118.00226186637082,0.0,71.64108642657845,1.8641853620047018e-07,0.0
1277,76680.0,76680,74.96897586916366,74.96897586916366,119.01717725430711,0.0,74.96897605567702,1.865133554443874e-07,0.0
1278,76740.0,76740,79.79277799271783,79.79277799271783,120.07923774532073,0.0,79.79277817954888,1.8683104946005452e-07,0.0
1279,76800.0,76800,91.26350097360023,-208.73649902639977,121.20963543308388,300.0,1.1683872242340906e-07,208.7364991432385,0.0
1280,76860.0,76860,91.26350097354897,-208.73649902645099,117.73069378235202,300.0,1.1685316716589727e-07,208.73649914330417,0.0
1281,76920.0,76920,91.26350097353573,-208.73649902646432,114.25175213161928,300.0,1.1686031830090897e-07,208.73649914332464,0.0
1282,76980.0,76980,91.26350097353466,-208.7364990264653,110.77281048088629,300.0,1.1686538870238003e-07,208.7364991433307,0.0
1283,77040.0,77040,91.26350097353847,-208.73649902646156,107.29386883015329,300.0,1.1686941029562345e-07,208.73649914333092,0.0
1284,77100.0,77100,91.26350097354421,-208.7364990264558,103.81492717942032,300.0,1.1687275069266871e-07,208.73649914332853,0.0
1285,77160.0,77160,91.26350097355065,-208.73649902644934,100.33598552868746,300.0,1.1687558564569556e-07,208.73649914332492,0.0
1286,77220.0,77220,91.26350097355711,-208.73649902644286,96.8570438779547,300.0,1.1687800284906497e-07,208.73649914332086,0.0
1287,77280.0,77280,91.26350097356328,-208.7364990264367,93.37810222722203,300.0,1.1688006557437107e-07,208.73649914331676,0.0
1288,77340.0,77340,91.26350097356895,-208.73649902643106,89.89916057648945,300.0,1.1688181626546134e-07,208.73649914331287,0.0
1289,77400.0,77400,91.26350097357403,-208.73649902642595,86.42021892575697,300.0,1.1688328799609604e-07,208.73649914330923,0.0
1290,77460.0,77460,91.26350097357843,-208.73649902642157,82.94127727502459,300.0,1.1688449980261635e-07,208.73649914330605,0.0
1291,77520.0,77520,91.26350097358215,-208.73649902641782,79.46233562429227,300.0,1.1688546724678184e-07,208.7364991433033,0.0
1292,77580.0,77580,91.26350097358515,-208.73649902641483,75.98339397356,300.0,1.1688620368196078e-07,208.73649914330105,0.0
1293,77640.0,77640,91.26349776783397,61.26349776783397,72.50445232282777,30.0,61.263497956574504,1.8874052972717222e-07,0.0
1294,77700.0,77700,91.26349791679512,91.26349791679512,73.37235187406715,0.0,91.26349810419909,1.8740395403077498e-07,0.0
1295,77760.0,77760,91.2634979200262,91.2634979200262,74.66525142742013,0.0,91.26349810742006,1.87393874918236e-07,0.0
1296,77820.0,77820,91.26349792345627,91.26349792345627,75.95815098081893,0.0,91.26349811083914,1.8738285365439344e-07,0.0
1297,77880.0,77880,91.26349792708078,91.26349792708078,77.25105053426634,0.0,91.26349811445166,1.873708832625339e-07,0.0
1298,77940.0,77940,91.26349793089514,91.26349793089516,78.54395008776514,0.0,91.26349811825311,1.8735795632363911e-07,0.0
1299,78000.0,78000,91.26349793489477,91.26349793489477,79.83684964131801,0.0,91.26349812223884,1.8734406499401334e-07,0.0
1300,78060.0,78060,91.26349793907495,91.26349793907497,81.12974919492756,0.0,91.26349812640417,1.8732920103146916e-07,0.0
1301,78120.0,78120,91.26349794343092,91.26349794343093,82.42264874859639,0.0,91.2634981307443,1.8731335583299528e-07,0.0
1302,78180.0,78180,91.26349794795769,91.26349794795769,83.71554830232695,0.0,91.26349813525422,1.8729652048670494e-07,0.0
1303,78240.0,78240,91.26349795264998,91.26349795264998,85.00844785612168,0.0,91.2634981399287,1.8727868584256267e-07,0.0
1304,78300.0,78300,91.26349795750225,91.26349795750227,86.30134740998292,0.0,91.26349814476212,1.8725984260771536e-07,0.0
1305,78360.0,78360,91.26349796250844,91.26349796250844,87.59424696391297,0.0,91.26349814974843,1.8723998147355353e-07,0.0
1306,78420.0,78420,91.26349796766188,91.26349796766189,88.88714651791399,0.0,91.26349815488098,1.87219093284865e-07,0.0
1307,78480.0,78480,91.26349797295518,91.26349797295518,90.18004607198807,0.0,91.26349816015237,1.8719716926426534e-07,0.0
1308,78540.0,78540,91.26349797837992,91.26349797837992,91.4729456261372,0.0,91.26349816555413,1.8717420131022422e-07,0.0
1309,78600.0,78600,91.26349798392637,91.26349798392638,92.76584518036321,0.0,91.26349817107656,1.8715018239259856e-07,0.0
1310,78660.0,78660,91.26349798958319,91.26349798958319,94.05874473466788,0.0,91.26349817670831,1.8712510707938802e-07,0.0
1311,78720.0,78720,91.26349799533679,91.26349799533679,95.35164428905274,0.0,91.26349818243578,1.8709897223955643e-07,0.0
1312,78780.0,78780,91.26349800117079,91.26349800117079,96.64454384351919,0.0,91.26349818824256,1.8707177798477605e-07,0.0
1313,78840.0,78840,91.263498007065,91.263498007065,97.93744339806834,0.0,91.26349819410852,1.870435289358722e-07,0.0
1314,78900.0,78900,91.26349801299418,91.26349801299418,99.23034295270108,0.0,91.26349820000843,1.8701423593410284e-07,0.0
1315,78960.0,78960,91.26349801892634,91.26349801892634,100.52324250741789,0.0,91.26349820591027,1.8698391836454805e-07,0.0
1316,79020.0,79020,91.2634980248201,91.2634980248201,101.8161420622188,0.0,91.26349821177271,1.8695260732485468e-07,0.0
1317,79080.0,79080,91.26349803062115,91.26349803062115,103.10904161710327,0.0,91.26349821754151,1.869203499673314e-07,0.0
1318,79140.0,79140,91.26349803625689,91.26349803625689,104.40194117207002,0.0,91.26349822314411,1.8688721546986366e-07,0.0
1319,79200.0,79200,91.26349804162827,91.26349804162827,105.6948407271167,0.0,91.2634982284816,1.868533032690379e-07,0.0
1320,79260.0,79260,91.26349804659748,91.26349804659748,106.98774028223954,0.0,91.26349823341624,1.8681875442310273e-07,0.0
1321,79320.0,79320,91.26349805096831,91.26349805096831,108.28063983743289,0.0,91.26349823775209,1.8678376728909419e-07,0.0
1322,79380.0,79380,91.26349805445449,91.26349805445449,109.57353939268822,0.0,91.26349824120311,1.8674861917352335e-07,0.0
1323,79440.0,79440,91.2634980566268,91.2634980566268,110.86643894799305,0.0,91.26349824334049,1.8671369666669468e-07,0.0
1324,79500.0,79500,91.26349805682179,91.26349805682182,112.15933850332873,0.0,91.26349824350136,1.8667954107521203e-07,0.0
1325,79560.0,79560,91.26349805397585,91.26349805397585,113.45223805866725,0.0,91.26349824062278,1.8664693171726991e-07,0.0
1326,79620.0,79620,91.26349804629217,91.26349804629217,114.74513761396557,0.0,91.26349823290928,1.8661710571447731e-07,0.0
1327,79680.0,79680,91.26349803040011,91.26349803040011,116.03803716915509,0.0,91.26349821699267,1.8659256175683527e-07,0.0
1328,79740.0,79740,91.26349799795562,91.26349799795564,117.33093672411952,0.0,91.26349818453599,1.8658033934705942e-07,0.0
1329,79800.0,79800,91.26349791044558,91.26349791044558,118.62383627862437,0.0,91.26349809704702,1.866014364610969e-07,0.0
1330,79860.0,79860,91.26349754053793,91.26349754053793,119.91673583188944,0.0,91.26349772711971,1.8658178112767555e-07,0.0
1331,79920.0,79920,91.2635010178852,-208.73649898211477,121.20963537991419,300.0,1.1078368231855682e-07,208.73649909289844,0.0
1332,79980.0,79980,91.26350101782619,-208.73649898217386,117.73069372993545,300.0,1.1079221971928347e-07,208.73649909296606,0.0
1333,80040.0,80040,91.26350101780884,-208.7364989821912,114.2517520799557,300.0,1.1079749536777591e-07,208.73649909298865,0.0
1334,80100.0,80100,91.2635010178031,-208.7364989821969,110.77281042997564,300.0,1.1080168831095357e-07,208.73649909299857,0.0
1335,80160.0,80160,91.26350101780193,-208.7364989821981,107.29386877999546,300.0,1.1080508310300736e-07,208.73649909300318,0.0
1336,80220.0,80220,91.26350101780274,-208.73649898219728,103.81492713001526,300.0,1.1080786685946052e-07,208.73649909300514,0.0
1337,80280.0,80280,91.26350101780436,-208.73649898219566,100.3359854800351,300.0,1.1081017148981612e-07,208.7364990930058,0.0
1338,80340.0,80340,91.26350101780622,-208.73649898219378,96.85704383005493,300.0,1.1081208366496688e-07,208.73649909300585,0.0
1339,80400.0,80400,91.26350101780801,-208.73649898219202,93.3781021800748,300.0,1.1081366913413469e-07,208.73649909300568,0.0
1340,80460.0,80460,91.26350101780952,-208.73649898219048,89.8991605300947,300.0,1.1081497071819102e-07,208.73649909300545,0.0
1341,80520.0,80520,91.26350101781065,-208.73649898218935,86.42021888011462,300.0,1.10816018665606e-07,208.73649909300536,0.0
1342,80580.0,80580,91.26350101781132,-208.7364989821887,82.94127723013456,300.0,1.1081683395874678e-07,208.73649909300553,0.0
1343,80640.0,80640,91.26350099020938,-163.73649900979058,79.46233558015449,255.0,1.6346966926671356e-07,163.73649917326028,0.0
1344,80700.0,80700,91.26350065015441,91.26350065015441,76.73339392958277,0.0,91.26350081793379,1.677793619537966e-07,0.0
1345,80760.0,80760,91.26350065020793,91.26350065020793,78.02629352170732,0.0,91.26350081798233,1.67774404309522e-07,0.0
1346,80820.0,80820,91.26350065027276,91.26350065027276,79.31919311383261,0.0,91.26350081804104,1.6776828456633194e-07,0.0
1347,80880.0,80880,91.2635006503488,91.26350065034882,80.61209270595883,0.0,91.2635008181098,1.6776099571584612e-07,0.0
1348,80940.0,80940,91.26350065043601,91.26350065043601,81.90499229808617,0.0,91.26350081818856,1.677525300804229e-07,0.0
1349,81000.0,81000,91.26350065053428,91.26350065053428,83.19789189021478,0.0,91.26350081827717,1.6774287942998964e-07,0.0
1350,81060.0,81060,91.26350065064345,91.26350065064345,84.49079148234479,0.0,91.26350081837548,1.677320351430798e-07,0.0
1351,81120.0,81120,91.26350065076339,91.26350065076339,85.78369107447637,0.0,91.26350081848338,1.6771998842786107e-07,0.0
1352,81180.0,81180,91.26350065089389,91.26350065089389,87.07659066660968,0.0,91.26350081860062,1.6770673062478342e-07,0.0
1353,81240.0,81240,91.26350065103468,91.26350065103468,88.36949025874488,0.0,91.26350081872692,1.676922536202408e-07,0.0
1354,81300.0,81300,91.26350065118541,91.26350065118541,89.6623898508821,0.0,91.26350081886196,1.676765504123103e-07,0.0
1355,81360.0,81360,91.26350065134565,91.26350065134565,90.95528944302148,0.0,91.26350081900527,1.676596158847864e-07,0.0
1356,81420.0,81420,91.26350098597888,-58.73649901402112,92.24818903516321,150.0,1.694313660460787e-07,58.73649918345249,0.0
1357,81480.0,81480,91.26350098599386,-58.736499014006135,91.26924738450607,150.0,1.694347204643912e-07,58.73649918344085,0.0
1358,81540.0,81540,91.26350098600795,-58.73649901399206,90.2903057338492,150.0,1.6943785790490904e-07,58.73649918342992,0.0
1359,81600.0,81600,91.26350098602111,-58.73649901397887,89.31136408319253,150.0,1.6944078941096738e-07,58.73649918341967,0.0
1360,81660.0,81660,91.26350098603338,-58.736499013966636,88.33242243253606,150.0,1.6944352487306305e-07,58.73649918341016,0.0
1361,81720.0,81720,91.26350098604469,-58.73649901395529,87.35348078187981,150.0,1.6944607316472831e-07,58.736499183401364,0.0
1362,81780.0,81780,91.26350098605509,-58.73649901394489,86.37453913122373,150.0,1.6944844225788944e-07,58.73649918339333,0.0
1363,81840.0,81840,91.26350098606454,-58.73649901393546,85.39559748056783,150.0,1.6945063932115271e-07,58.73649918338609,0.0
1364,81900.0,81900,91.26350098607304,-58.73649901392696,84.41665582991207,150.0,1.6945267080371316e-07,58.73649918337963,0.0
1365,81960.0,81960,91.26350098608062,-58.73649901391938,83.43771417925646,150.0,1.6945454250760504e-07,58.73649918337392,0.0
1366,82020.0,82020,91.26350098608721,-58.73649901391279,82.45877252860099,150.0,1.6945625964951367e-07,58.73649918336905,0.0
1367,82080.0,82080,91.26350098609285,-58.73649901390715,81.4798308779456,150.0,1.6945782691435741e-07,58.73649918336497,0.0
1368,82140.0,82140,91.26350098609754,-58.73649901390247,80.5008892272903,150.0,1.6945924850150262e-07,58.736499183361715,0.0
1369,82200.0,82200,91.26350098610125,-58.736499013898765,79.52194757663509,150.0,1.6946052816481273e-07,58.736499183359285,0.0
1370,82260.0,82260,91.26350098610398,-58.736499013896015,78.54300592597993,150.0,1.6946166924748347e-07,58.73649918335769,0.0
1371,82320.0,82320,91.26350098610575,-58.736499013894246,77.5640642753248,150.0,1.694626747122065e-07,58.736499183356926,0.0
1372,82380.0,82380,91.26350098610655,-58.73649901389347,76.58512262466971,150.0,1.6946354716745906e-07,58.73649918335701,0.0
1373,82440.0,82440,91.26350098610635,-58.73649901389366,75.60618097401463,150.0,1.6946428889043799e-07,58.73649918335795,0.0
1374,82500.0,82500,91.26350098610517,-58.73649901389484,74.62723932335955,150.0,1.6946490184693112e-07,58.73649918335974,0.0
1375,82560.0,82560,91.26350098610298,-58.736499013897,73.64829767270443,150.0,1.6946538770862545e-07,58.73649918336239,0.0
1376,82620.0,82620,91.26350098609981,-58.736499013900215,72.66935602204929,150.0,1.6946574786809696e-07,58.73649918336595,0.0
1377,82680.0,82680,91.26350098609562,-58.73649901390438,71.69041437139408,150.0,1.694659834518664e-07,58.736499183370356,0.0
1378,82740.0,82740,91.2635009860904,-58.73649901390957,70.7114727207388,150.0,1.6946609533150261e-07,58.73649918337566,0.0
1379,82800.0,82800,91.26350098608418,-58.73649901391584,69.73253107008344,150.0,1.6946608413331672e-07,58.736499183381916,0.0
1380,82860.0,82860,91.26350098607692,-58.7364990139231,68.75358941942798,150.0,1.6946595024636577e-07,58.73649918338905,0.0
1381,82920.0,82920,91.26350074517158,6.263500745171723,67.7746477687724,84.99999999999986,6.26350092119486,1.7602313425550066e-07,0.0
1382,82980.0,82980,91.26350101779727,-208.7364989822027,67.86338069555575,300.0,1.1084628425581974e-07,208.736499093049,0.0
1383,83040.0,83040,91.2635010177946,-208.73649898220543,64.38443904557538,300.0,1.108460561325895e-07,208.73649909305146,0.0
1384,83100.0,83100,91.26350101779124,-208.73649898220876,60.90549739559497,300.0,1.1084563595979566e-07,208.7364990930544,0.0
1385,83160.0,83160,91.2635010177872,-208.7364989822128,57.426555745614515,300.0,1.1084502328104745e-07,208.7364990930578,0.0
1386,83220.0,83220,91.26350101778245,-208.73649898221757,53.94761409563399,300.0,1.1084421288802121e-07,208.73649909306178,0.0
1387,83280.0,83280,91.26350101777687,-208.73649898222314,50.46867244565339,300.0,1.1084320418457669e-07,208.73649909306633,0.0
1388,83340.0,83340,91.26350101777045,-208.73649898222956,46.9897307956727,300.0,1.1084198732900095e-07,208.73649909307153,0.0
1389,83400.0,83400,91.26350101776312,-208.73649898223684,43.510789145691895,300.0,1.1084055599823213e-07,208.73649909307738,0.0
1390,83460.0,83460,91.26350101775479,-208.73649898224522,40.03184749571098,300.0,1.1083888934241745e-07,208.7364990930841,0.0
1391,83520.0,83520,91.26350101774534,-208.73649898225463,36.552905845729924,300.0,1.1083697532873861e-07,208.73649909309162,0.0
1392,83580.0,83580,91.26350101773465,-208.73649898226535,33.073964195748715,300.0,1.1083478179705038e-07,208.73649909310012,0.0
1393,83640.0,83640,91.26350101772259,-208.73649898227742,29.59502254576734,300.0,1.1083227697169301e-07,208.73649909310967,0.0
1394,83700.0,83700,91.26350101770898,-208.736498982291,26.11608089578576,300.0,1.1082940886701842e-07,208.73649909312041,0.0
1395,83760.0,83760,91.26350068539449,71.26350068539477,22.637139245803958,19.99999999999972,71.26350085311698,1.6772220855760942e-07,0.0
1396,83820.0,83820,91.26350064725165,91.26350064725165,23.646705505094538,0.0,91.26350081533093,1.6807929267788767e-07,0.0
1397,83880.0,83880,91.26350064648754,91.26350064648754,24.939605097177193,0.0,91.2635008146409,1.6815335278169406e-07,0.0
1398,83940.0,83940,91.26350064575443,91.26350064575443,26.232504689248838,0.0,91.26350081397916,1.6822473473429596e-07,0.0
1399,84000.0,84000,91.26350064505078,91.26350064505078,27.52540428130992,0.0,91.26350081334435,1.6829355880445694e-07,0.0
1400,84060.0,84060,91.2635006443752,91.2635006443752,28.81830387336086,0.0,91.26350081273513,1.6835993545739836e-07,0.0
1401,84120.0,84120,91.26350064372642,91.26350064372642,30.111203465402063,0.0,91.26350081215038,1.6842396629972857e-07,0.0
1402,84180.0,84180,91.26350064310323,91.26350064310323,31.404103057433915,0.0,91.26350081158898,1.6848574493769797e-07,0.0
1403,84240.0,84240,91.2635006425046,91.2635006425046,32.69700264945678,0.0,91.26350081104995,1.6854535774843805e-07,0.0
1404,84300.0,84300,91.2635006419295,91.2635006419295,33.989902241471015,0.0,91.26350081053238,1.6860288456952676e-07,0.0
1405,84360.0,84360,91.26350064137701,91.26350064137701,35.28280183347696,0.0,91.26350081003541,1.686583993132218e-07,0.0
1406,84420.0,84420,91.2635006408463,91.2635006408463,36.57570142547493,0.0,91.26350080955828,1.6871197051290027e-07,0.0
1407,84480.0,84480,91.26350064033659,91.26350064033659,37.86860101746526,0.0,91.26350080910024,1.6876366180903947e-07,0.0
1408,84540.0,84540,91.26350063984712,91.26350063984712,39.161500609448225,0.0,91.26350080866067,1.6881353238158216e-07,0.0
1409,84600.0,84600,91.26350063937724,91.26350063937724,40.45440020142414,0.0,91.2635008082389,1.688616373349605e-07,0.0
1410,84660.0,84660,91.2635010175077,-208.73649898249226,41.747299793393275,300.0,1.107910693482811e-07,208.73649909328333,0.0
1411,84720.0,84720,91.26350101749644,-208.73649898250358,38.268358143408214,300.0,1.1078914256513695e-07,208.7364990932927,0.0
1412,84780.0,84780,91.26350101748365,-208.73649898251634,34.78941649342295,300.0,1.107869219082117e-07,208.73649909330325,0.0
1413,84840.0,84840,91.26350101746918,-208.73649898253083,31.310474843437486,300.0,1.1078436046458537e-07,208.7364990933152,0.0
1414,84900.0,84900,91.26350101745265,-208.73649898254735,27.83153319345179,300.0,1.1078140531280332e-07,208.73649909332877,0.0
1415,84960.0,84960,91.26350101743374,-208.73649898256625,24.35259154346582,300.0,1.107779808309376e-07,208.73649909334424,0.0
1416,85020.0,85020,91.26350101741181,-208.73649898258816,20.873649893479545,300.0,1.1077396305199221e-07,208.73649909336214,0.0
1417,85080.0,85080,91.26350101738612,-208.73649898261388,17.394708243492914,300.0,1.1076916666739048e-07,208.73649909338306,0.0
1418,85140.0,85140,91.26350101735544,-208.73649898264455,13.915766593505863,300.0,1.1076327612127535e-07,208.73649909340782,0.0
1419,85200.0,85200,91.2635010173179,-208.73649898268212,10.436824943518317,300.0,1.1075566471728042e-07,208.73649909343774,0.0
1420,85260.0,85260,91.26350101727105,-208.73649898272893,6.957883293530161,300.0,1.107448858608222e-07,208.73649909347384,0.0
1421,85320.0,85320,91.26350101721835,-208.73649898278168,3.4789416435412512,300.0,1.1072622462197219e-07,208.7364990935079,0.0
1422,85380.0,85380,69.36062561164081,59.360625611640955,-6.448492298701552e-09,9.999999999999858,59.36062579732839,1.8568742765947963e-07,0.0
1423,85440.0,85440,61.09199246645035,61.09199246645035,0.8409421892523063,0.0,61.091992651501805,1.8505145522062544e-07,0.0
1424,85500.0,85500,57.18906699823394,57.18906699823394,1.7064120820644955,0.0,57.18906718343781,1.8520386060017665e-07,0.0
1425,85560.0,85560,54.20183489466323,54.20183489466323,2.5165905307432372,0.0,54.20183508006208,1.8539883723371423e-07,0.0
1426,85620.0,85620,51.8016149274141,51.8016149274141,3.2844498579542396,0.0,51.80161511301318,1.8559907482098194e-07,0.0
1427,85680.0,85680,49.80624936833548,49.80624936833548,4.018306068962045,0.0,49.8062495541287,1.857932268245788e-07,0.0
1428,85740.0,85740,48.10700371156488,48.10700371156488,4.723894601215748,0.0,48.10700389754283,1.8597795234460128e-07,0.0
1429,85800.0,85800,46.633647121258974,46.633647121258974,5.4054104866647394,0.0,46.633647307411636,1.8615265860841264e-07,0.0
1430,85860.0,85860,45.33808207851974,45.33808207851974,6.0660538204172925,0.0,45.338082264837475,1.863177315694542e-07,0.0
1431,85920.0,85920,44.18589212933137,44.18589212933137,6.70834331606396,0.0,44.18589231580525,1.8647387915185555e-07,0.0
1432,85980.0,85980,43.15159832222798,43.15159832222798,7.3343101207634,0.0,43.15159850884986,1.8662187589852497e-07,0.0
1433,86040.0,86040,42.21581750717039,42.21581750717039,7.945624429861837,0.0,42.215817693932856,1.8676246446152507e-07,0.0
1434,86100.0,86100,41.36347026005148,41.36347026005148,8.54368184407994,0.0,41.3634704469478,1.8689632126355145e-07,0.0
1435,86160.0,86160,40.582603079236804,40.582603079236804,9.12966433896352,0.0,40.58260326626085,1.870240487951093e-07,0.0
1436,86220.0,86220,39.863587552417656,39.863587552417656,9.70458454878524,0.0,39.86358773956383,1.8714617866938823e-07,0.0
1437,86280.0,86280,39.19856010487813,39.19856010487814,10.26931870531005,0.0,39.198560292141316,1.872631785626387e-07,0.0
1438,86340.0,86340,38.58102041979364,38.58102041979364,10.824631639661089,0.0,38.5810206071691,1.8737546006986206e-07,0.0
1439,86400.0,86400,38.00553748624932,38.00553748624932,11.371196095139815,0.0,38.005537673732704,1.8748338623955842e-07,0.0
1440,,86460,,,,,,,
