,time,time_x,P_Grid,P_BTMS,E_BTMS,P_Charge,P_BTMS_Ch,P_BTMS_DCh,"param: btms size, a,b_sys,b_cap,c"
0,60.0,60,24.39280671770887,24.39280671770887,-2.735550394968266e-15,0.0,24.392806811348574,9.363970554581738e-08,412.6043240883877
1,120.0,120,24.39280671770836,24.39280671770836,0.34556476160010646,0.0,24.392806811348002,9.363964254918041e-08,0.5260273972602739
2,180.0,180,24.39280671770735,24.39280671770735,0.6911295232002086,0.0,24.392806811346865,9.363951655607692e-08,0.03397260273972603
3,240.0,240,24.39280671770583,24.39280671770583,1.0366942848002967,0.0,24.39280681134516,9.363932756684418e-08,0.023148148148148147
4,300.0,300,24.392806717703806,24.392806717703806,1.3822590464003637,0.0,24.392806811342883,9.363907558196977e-08,0.12
5,360.0,360,24.392806717701276,24.392806717701276,1.7278238080004027,0.0,24.392806811340034,9.363876060210252e-08,0.0
6,420.0,420,24.39280671769824,24.39280671769824,2.0733885696004064,0.0,24.392806811336623,9.363838262806542e-08,0.0
7,480.0,480,24.392806717694697,24.392806717694697,2.418953331200368,0.0,24.39280681133264,9.363794166085744e-08,0.0
8,540.0,540,24.392806717690647,24.392806717690647,2.764518092800281,0.0,24.392806811328086,9.36374377016315e-08,0.0
9,600.0,600,24.392806717686092,24.392806717686092,3.110082854400137,0.0,24.392806811322963,9.363687075168164e-08,0.0
10,660.0,660,24.39280671768103,24.39280671768103,3.4556476159999314,0.0,24.39280681131727,9.363624081252372e-08,0.0
11,720.0,720,24.392806717675466,24.392806717675466,3.8012123775996547,0.0,24.392806811311015,9.36355478857817e-08,0.0
12,780.0,780,24.39280671766939,24.39280671766939,4.146777139199301,0.0,24.392806811304183,9.363479197327386e-08,0.0
13,840.0,840,24.392806717662815,24.392806717662815,4.492341900798864,0.0,24.392806811296786,9.36339730769633e-08,0.0
14,900.0,900,24.39280671765573,24.39280671765573,4.837906662398335,0.0,24.39280681128882,9.363309119900921e-08,0.0
15,960.0,960,24.39280671764814,24.39280671764814,5.183471423997707,0.0,24.392806811280284,9.363214634168626e-08,0.0
16,1020.0,1020,24.392806717640042,24.392806717640042,5.529036185596975,0.0,24.392806811271182,9.363113850749276e-08,0.0
17,1080.0,1080,24.392806717631444,24.392806717631444,5.8746009471961305,0.0,24.39280681126151,9.363006769905712e-08,0.0
18,1140.0,1140,24.39280671762234,24.39280671762234,6.220165708795166,0.0,24.39280681125127,9.362893391916177e-08,0.0
19,1200.0,1200,24.392806717612725,24.392806717612725,6.565730470394077,0.0,24.39280681124046,9.362773717077972e-08,0.0
20,1260.0,1260,24.392806717602607,24.392806717602607,6.911295231992853,0.0,24.392806811229082,9.362647745704163e-08,0.0
21,1320.0,1320,24.39280671759198,24.39280671759198,7.25685999359149,0.0,24.392806811217135,9.362515478122664e-08,0.0
22,1380.0,1380,24.392806717580854,24.392806717580854,7.602424755189981,0.0,24.392806811204625,9.362376914682283e-08,0.0
23,1440.0,1440,24.392806717569222,24.392806717569222,7.947989516788316,0.0,24.39280681119154,9.362232055740991e-08,0.0
24,1500.0,1500,24.392806717557082,24.392806717557082,8.29355427838649,0.0,24.39280681117789,9.362080901678942e-08,0.0
25,1560.0,1560,24.39280671754444,24.39280671754444,8.639119039984495,0.0,24.392806811163673,9.361923452893151e-08,0.0
26,1620.0,1620,24.39280671753129,24.39280671753129,8.984683801582326,0.0,24.392806811148887,9.361759709793094e-08,0.0
27,1680.0,1680,24.392806717517637,24.392806717517637,9.330248563179975,0.0,24.392806811133536,9.361589672805665e-08,0.0
28,1740.0,1740,24.39280671750348,24.39280671750348,9.675813324777433,0.0,24.392806811117612,9.361413342379198e-08,0.0
29,1800.0,1800,24.392806717488817,24.392806717488817,10.021378086374696,0.0,24.392806811101124,9.361230718971016e-08,0.0
30,1860.0,1860,24.39280671747365,24.39280671747365,10.366942847971757,0.0,24.39280681108407,9.361041803059512e-08,0.0
31,1920.0,1920,24.39280671745798,24.39280671745798,10.712507609568606,0.0,24.392806811066446,9.36084659514013e-08,0.0
32,1980.0,1980,24.392806717441808,24.392806717441808,11.05807237116524,0.0,24.392806811048256,9.360645095722245e-08,0.0
33,2040.0,2040,24.392806717425124,24.392806717425124,11.403637132761647,0.0,24.392806811029498,9.360437305332276e-08,0.0
34,2100.0,2100,24.39280671740794,24.39280671740794,11.749201894357826,0.0,24.392806811010175,9.360223224512592e-08,0.0
35,2160.0,2160,24.392806717390254,24.392806717390254,12.094766655953766,0.0,24.392806810990283,9.360002853825536e-08,0.0
36,2220.0,2220,24.392806717372064,24.392806717372064,12.440331417549459,0.0,24.392806810969827,9.359776193845369e-08,0.0
37,2280.0,2280,24.39280671735337,24.39280671735337,12.785896179144903,0.0,24.3928068109488,9.359543245165229e-08,0.0
38,2340.0,2340,24.39280671733417,24.39280671733417,13.131460940740087,0.0,24.392806810927215,9.359304008395671e-08,0.0
39,2400.0,2400,24.39280671731447,24.39280671731447,13.477025702335004,0.0,24.392806810905057,9.359058484161357e-08,0.0
40,2460.0,2460,24.392806717294267,24.392806717294267,13.822590463929648,0.0,24.392806810882337,9.358806673103636e-08,0.0
41,2520.0,2520,24.39280671727356,24.39280671727356,14.168155225524012,0.0,24.392806810859046,9.358548575884195e-08,0.0
42,2580.0,2580,24.392806717252352,24.392806717252352,14.51371998711809,0.0,24.392806810835193,9.358284193173709e-08,0.0
43,2640.0,2640,24.392806717230638,24.392806717230638,14.859284748711874,0.0,24.392806810810775,9.358013525667413e-08,0.0
44,2700.0,2700,24.392806717208426,24.392806717208426,15.204849510305358,0.0,24.392806810785792,9.357736574072451e-08,0.0
45,2760.0,2760,24.39280671718571,24.39280671718571,15.550414271898534,0.0,24.392806810760245,9.357453339112104e-08,0.0
46,2820.0,2820,24.39280671716249,24.39280671716249,15.895979033491393,0.0,24.39280681073413,9.357163821529994e-08,0.0
47,2880.0,2880,24.392806717138768,24.392806717138768,16.241543795083935,0.0,24.39280681070745,9.356868022082027e-08,0.0
48,2940.0,2940,24.39280671711455,24.39280671711455,16.587108556676146,0.0,24.392806810680206,9.356565941543901e-08,0.0
49,3000.0,3000,24.392806717089822,24.392806717089822,16.93267331826802,0.0,24.3928068106524,9.356257580703962e-08,0.0
50,3060.0,3060,24.392806717064598,24.392806717064598,17.27823807985955,0.0,24.39280681062403,9.355942940372005e-08,0.0
51,3120.0,3120,24.392806717038873,24.392806717038873,17.62380284145073,0.0,24.392806810595093,9.355622021368636e-08,0.0
52,3180.0,3180,24.392806717012643,24.392806717012643,17.969367603041558,0.0,24.392806810565595,9.35529482453719e-08,0.0
53,3240.0,3240,24.392806716985916,24.392806716985916,18.31493236463202,0.0,24.392806810535532,9.354961350731634e-08,0.0
54,3300.0,3300,24.39280671695869,24.39280671695869,18.66049712622211,0.0,24.392806810504904,9.354621600826646e-08,0.0
55,3360.0,3360,24.39280671693096,24.39280671693096,19.00606188781183,0.0,24.392806810473715,9.354275575710284e-08,0.0
56,3420.0,3420,24.392806716902733,24.392806716902733,19.35162664940116,0.0,24.392806810441964,9.353923276291688e-08,0.0
57,3480.0,3480,24.392806716874006,24.392806716874006,19.6971914109901,0.0,24.392806810409652,9.353564703491357e-08,0.0
58,3540.0,3540,24.392806716844774,24.392806716844774,20.042756172578645,0.0,24.392806810376776,9.353199858247393e-08,0.0
59,3600.0,3600,24.39280671681505,24.39280671681505,20.388320934166785,0.0,24.392806810343338,9.352828741518605e-08,0.0
60,3660.0,3660,24.392806716784822,24.392806716784822,20.73388569575451,0.0,24.392806810309338,9.3524513542759e-08,0.0
61,3720.0,3720,24.392806716754098,24.392806716754098,21.079450457341814,0.0,24.392806810274774,9.352067697505582e-08,0.0
62,3780.0,3780,24.392806716722873,24.392806716722873,21.425015218928696,0.0,24.39280681023965,9.35167777221797e-08,0.0
63,3840.0,3840,24.39280671669115,24.39280671669115,21.770579980515144,0.0,24.392806810203968,9.351281579430524e-08,0.0
64,3900.0,3900,24.392806716658928,24.392806716658928,22.116144742101152,0.0,24.392806810167723,9.350879120182342e-08,0.0
65,3960.0,3960,24.39280671662621,24.39280671662621,22.461709503686713,0.0,24.392806810130917,9.350470395530844e-08,0.0
66,4020.0,4020,24.392806716592997,24.392806716592993,22.807274265271825,0.0,24.39280681009355,9.350055406545915e-08,0.0
67,4080.0,4080,24.39280671655928,24.39280671655928,23.152839026856473,0.0,24.39280681005562,9.349634154312843e-08,0.0
68,4140.0,4140,24.39280671652507,24.39280671652507,23.49840378844066,0.0,24.392806810017134,9.349206639940184e-08,0.0
69,4200.0,4200,24.392806716490362,24.392806716490362,23.843968550024364,0.0,24.39280680997809,9.348772864545852e-08,0.0
70,4260.0,4260,24.392806716455155,24.392806716455155,24.18953331160759,0.0,24.392806809938484,9.348332829269384e-08,0.0
71,4320.0,4320,24.392806716419457,24.392806716419457,24.53509807319033,0.0,24.39280680989832,9.347886535263698e-08,0.0
72,4380.0,4380,24.39280671638326,24.39280671638326,24.880662834772572,0.0,24.3928068098576,9.347433983701692e-08,0.0
73,4440.0,4440,24.39280671634657,24.39280671634657,25.226227596354317,0.0,24.39280680981632,9.346975175767079e-08,0.0
74,4500.0,4500,24.392806716309376,24.392806716309376,25.57179235793555,0.0,24.392806809774477,9.34651011266483e-08,0.0
75,4560.0,4560,24.392806716271696,24.392806716271696,25.91735711951627,0.0,24.392806809732082,9.346038795616603e-08,0.0
76,4620.0,4620,24.39280671623352,24.39280671623352,26.262921881096467,0.0,24.39280680968913,9.345561225858714e-08,0.0
77,4680.0,4680,24.392806716194844,24.392806716194844,26.608486642676134,0.0,24.392806809645617,9.345077404643975e-08,0.0
78,4740.0,4740,24.39280671615568,24.39280671615568,26.954051404255267,0.0,24.39280680960155,9.3445873332417e-08,0.0
79,4800.0,4800,24.392806716116016,24.392806716116016,27.29961616583386,0.0,24.392806809556927,9.344091012940076e-08,0.0
80,4860.0,4860,24.39280671607586,24.39280671607586,27.6451809274119,0.0,24.392806809511743,9.343588445040489e-08,0.0
81,4920.0,4920,24.392806716035214,24.392806716035214,27.990745688989385,0.0,24.39280680946601,9.343079630863026e-08,0.0
82,4980.0,4980,24.39280671599407,24.39280671599407,28.33631045056631,0.0,24.392806809419717,9.342564571746094e-08,0.0
83,5040.0,5040,24.392806715952435,24.392806715952435,28.681875212142657,0.0,24.39280680937287,9.342043269039839e-08,0.0
84,5100.0,5100,24.39280671591031,24.39280671591031,29.027439973718437,0.0,24.392806809325467,9.341515724113282e-08,0.0
85,5160.0,5160,24.392806715867692,24.392806715867692,29.373004735293627,0.0,24.39280680927751,9.340981938354326e-08,0.0
86,5220.0,5220,24.392806715824584,24.392806715824584,29.718569496868227,0.0,24.392806809228997,9.340441913164984e-08,0.0
87,5280.0,5280,24.39280671578098,24.39280671578098,30.06413425844223,0.0,24.392806809179934,9.339895649964686e-08,0.0
88,5340.0,5340,24.392806715736885,24.392806715736885,30.40969902001563,0.0,24.392806809130317,9.339343150187889e-08,0.0
89,5400.0,5400,24.392806715692302,24.392806715692302,30.75526378158842,0.0,24.392806809080145,9.338784415286832e-08,0.0
90,5460.0,5460,24.392806715647225,24.392806715647225,31.10082854316059,0.0,24.392806809029423,9.338219446732081e-08,0.0
91,5520.0,5520,24.392806715601665,24.392806715601665,31.446393304732133,0.0,24.392806808978147,9.337648246008682e-08,0.0
92,5580.0,5580,24.39280671555561,24.39280671555561,31.79195806630305,0.0,24.392806808926316,9.337070814617264e-08,0.0
93,5640.0,5640,24.392806715509067,24.392806715509067,32.137522827873326,0.0,24.392806808873935,9.336487154077701e-08,0.0
94,5700.0,5700,24.392806715462033,24.392806715462033,32.48308758944297,0.0,24.392806808821003,9.335897265925628e-08,0.0
95,5760.0,5760,24.392806715414515,24.392806715414515,32.82865235101194,0.0,24.392806808767524,9.335301151712078e-08,0.0
96,5820.0,5820,24.392806715366504,24.392806715366504,33.174217112580266,0.0,24.392806808713495,9.33469881300513e-08,0.0
97,5880.0,5880,24.392806715318006,24.392806715318006,33.519781874147924,0.0,24.39280680865891,9.334090251390278e-08,0.0
98,5940.0,5940,24.392806715269025,24.392806715269025,33.86534663571491,0.0,24.392806808603776,9.333475468471159e-08,0.0
99,6000.0,6000,24.392806715219553,24.392806715219553,34.210911397281215,0.0,24.392806808548094,9.332854465862961e-08,0.0
100,6060.0,6060,24.39280671516959,24.39280671516959,34.556476158846834,0.0,24.392806808491862,9.332227245203595e-08,0.0
101,6120.0,6120,24.39280671511915,24.39280671511915,34.902040920411764,0.0,24.392806808435083,9.33159380814326e-08,0.0
102,6180.0,6180,24.392806715068215,24.392806715068215,35.24760568197599,0.0,24.39280680837776,9.330954156349377e-08,0.0
103,6240.0,6240,24.3928067150168,24.3928067150168,35.59317044353951,0.0,24.392806808319886,9.330308291508252e-08,0.0
104,6300.0,6300,24.392806714964898,24.392806714964898,35.93873520510233,0.0,24.39280680826146,9.329656215320669e-08,0.0
105,6360.0,6360,24.392806714912513,24.392806714912513,36.28429996666443,0.0,24.39280680820249,9.328997929505926e-08,0.0
106,6420.0,6420,24.392806714859642,24.392806714859642,36.6298647282258,0.0,24.392806808142975,9.328333435796881e-08,0.0
107,6480.0,6480,24.392806714806284,24.392806714806284,36.975429489786436,0.0,24.392806808082913,9.32766273594546e-08,0.0
108,6540.0,6540,24.392806714752446,24.392806714752446,37.320994251346335,0.0,24.392806808022303,9.32698583172228e-08,0.0
109,6600.0,6600,24.39280671469813,24.39280671469813,37.66655901290549,0.0,24.392806807961154,9.32630272490786e-08,0.0
110,6660.0,6660,24.392806714643324,24.392806714643324,38.01212377446389,0.0,24.392806807899458,9.32561341730581e-08,0.0
111,6720.0,6720,24.392806714588037,24.392806714588037,38.35768853602153,0.0,24.392806807837214,9.324917910734775e-08,0.0
112,6780.0,6780,24.39280671453227,24.39280671453227,38.7032532975784,0.0,24.39280680777443,9.324216207028975e-08,0.0
113,6840.0,6840,24.392806714476016,24.392806714476016,39.048818059134504,0.0,24.392806807711104,9.323508308040778e-08,0.0
114,6900.0,6900,24.392806714419287,24.392806714419287,39.39438282068983,0.0,24.392806807647233,9.322794215634101e-08,0.0
115,6960.0,6960,24.392806714362077,24.392806714362077,39.73994758224437,0.0,24.392806807582815,9.322073931699803e-08,0.0
116,7020.0,7020,24.392806714304385,24.392806714304385,40.08551234379811,0.0,24.39280680751786,9.321347458133878e-08,0.0
117,7080.0,7080,24.392806714246213,24.392806714246213,40.43107710535106,0.0,24.392806807452363,9.320614796857245e-08,0.0
118,7140.0,7140,24.39280671418756,24.39280671418756,40.7766418669032,0.0,24.39280680738632,9.319875949804387e-08,0.0
119,7200.0,7200,24.392806714128437,24.392806714128437,41.12220662845453,0.0,24.39280680731974,9.31913091892647e-08,0.0
120,7260.0,7260,24.392806714068826,24.392806714068826,41.46777139000503,0.0,24.392806807252622,9.318379706191518e-08,0.0
121,7320.0,7320,24.392806714008742,24.392806714008742,41.81333615155472,0.0,24.392806807184964,9.317622313583508e-08,0.0
122,7380.0,7380,24.39280671394818,24.39280671394818,42.158900913103565,0.0,24.392806807116767,9.316858743106755e-08,0.0
123,7440.0,7440,24.39280671388714,24.39280671388714,42.50446567465157,0.0,24.39280680704803,9.316088996776395e-08,0.0
124,7500.0,7500,24.392806713825625,24.392806713825625,42.85003043619874,0.0,24.392806806978754,9.315313076627538e-08,0.0
125,7560.0,7560,24.392806713763633,24.392806713763633,43.19559519774505,0.0,24.39280680690894,9.314530984715095e-08,0.0
126,7620.0,7620,24.392806713701166,24.392806713701166,43.54115995929051,0.0,24.39280680683859,9.313742723103504e-08,0.0
127,7680.0,7680,24.39280671363822,24.39280671363822,43.8867247208351,0.0,24.392806806767705,9.312948293880847e-08,0.0
128,7740.0,7740,24.392806713574803,24.392806713574803,44.23228948237881,0.0,24.39280680669628,9.312147699146943e-08,0.0
129,7800.0,7800,24.39280671351091,24.39280671351091,44.57785424392164,0.0,24.39280680662432,9.311340941020483e-08,0.0
130,7860.0,7860,24.39280671344655,24.392806713446546,44.9234190054636,0.0,24.392806806551828,9.310528021639043e-08,0.0
131,7920.0,7920,24.39280671338171,24.39280671338171,45.26898376700467,0.0,24.392806806478795,9.30970894315046e-08,0.0
132,7980.0,7980,24.392806713316396,24.392806713316396,45.61454852854484,0.0,24.392806806405236,9.308883707727133e-08,0.0
133,8040.0,8040,24.392806713250614,24.392806713250614,45.9601132900841,0.0,24.39280680633114,9.308052317551178e-08,0.0
134,8100.0,8100,24.39280671318436,24.39280671318436,46.30567805162244,0.0,24.39280680625651,9.307214774828901e-08,0.0
135,8160.0,8160,24.392806713117636,24.392806713117636,46.651242813159875,0.0,24.392806806181348,9.306371081775594e-08,0.0
136,8220.0,8220,24.39280671305044,24.39280671305044,46.99680757469638,0.0,24.392806806105654,9.305521240628909e-08,0.0
137,8280.0,8280,24.39280671298277,24.39280671298277,47.34237233623195,0.0,24.392806806029427,9.304665253641345e-08,0.0
138,8340.0,8340,24.392806712914638,24.392806712914638,47.68793709776659,0.0,24.392806805952667,9.303803123080247e-08,0.0
139,8400.0,8400,24.392806712846035,24.392806712846035,48.03350185930029,0.0,24.39280680587538,9.302934851233308e-08,0.0
140,8460.0,8460,24.39280671277696,24.39280671277696,48.37906662083303,0.0,24.392806805797562,9.30206044040233e-08,0.0
141,8520.0,8520,24.39280671270742,24.39280671270742,48.72463138236482,0.0,24.392806805719218,9.3011798929069e-08,0.0
142,8580.0,8580,24.392806712637412,24.392806712637412,49.07019614389564,0.0,24.392806805640344,9.300293211083648e-08,0.0
143,8640.0,8640,24.392806712566934,24.392806712566934,49.4157609054255,0.0,24.392806805560937,9.299400397286617e-08,0.0
144,8700.0,8700,24.392806712495993,24.392806712495993,49.761325666954384,0.0,24.39280680548101,9.298501453882866e-08,0.0
145,8760.0,8760,24.392806712424584,24.392806712424584,50.10689042848228,0.0,24.39280680540055,9.297596383260714e-08,0.0
146,8820.0,8820,24.392806712352712,24.392806712352712,50.452455190009196,0.0,24.392806805319566,9.296685187822961e-08,0.0
147,8880.0,8880,24.392806712280375,24.392806712280375,50.7980199515351,0.0,24.392806805238052,9.295767869991101e-08,0.0
148,8940.0,8940,24.392806712207573,24.392806712207573,51.143584713060015,0.0,24.392806805156017,9.294844432200932e-08,0.0
149,9000.0,9000,24.39280671213431,24.39280671213431,51.489149474583925,0.0,24.392806805073455,9.293914876906203e-08,0.0
150,9060.0,9060,24.392806712060576,24.392806712060576,51.83471423610681,0.0,24.392806804990368,9.292979206577355e-08,0.0
151,9120.0,9120,24.39280671198639,24.39280671198639,52.180278997628676,0.0,24.392806804906762,9.292037423701866e-08,0.0
152,9180.0,9180,24.392806711911735,24.392806711911735,52.52584375914952,0.0,24.39280680482263,9.291089530784999e-08,0.0
153,9240.0,9240,24.39280671183662,24.39280671183662,52.87140852066933,0.0,24.392806804737976,9.29013553034521e-08,0.0
154,9300.0,9300,24.392806711761043,24.392806711761043,53.21697328218808,0.0,24.3928068046528,9.289175424923873e-08,0.0
155,9360.0,9360,24.392806711685008,24.392806711685008,53.5625380437058,0.0,24.3928068045671,9.288209217071887e-08,0.0
156,9420.0,9420,24.392806711608515,24.392806711608515,53.90810280522248,0.0,24.392806804480884,9.287236909363982e-08,0.0
157,9480.0,9480,24.39280671153156,24.39280671153156,54.25366756673808,0.0,24.392806804394144,9.286258504386068e-08,0.0
158,9540.0,9540,24.39280671145415,24.39280671145415,54.599232328252626,0.0,24.392806804306886,9.285274004743485e-08,0.0
159,9600.0,9600,24.392806711376277,24.392806711376277,54.94479708976609,0.0,24.39280680421911,9.28428341305917e-08,0.0
160,9660.0,9660,24.392806711297947,24.392806711297947,55.29036185127848,0.0,24.392806804130814,9.283286731972004e-08,0.0
161,9720.0,9720,24.392806711219162,24.392806711219162,55.63592661278979,0.0,24.392806804042003,9.282283964136084e-08,0.0
162,9780.0,9780,24.392806711139922,24.392806711139922,55.9814913743,0.0,24.392806803952674,9.2812751122253e-08,0.0
163,9840.0,9840,24.392806711060228,24.392806711060228,56.32705613580912,0.0,24.392806803862825,9.280260178928941e-08,0.0
164,9900.0,9900,24.39280671098007,24.39280671098007,56.67262089731713,0.0,24.392806803772466,9.27923916695316e-08,0.0
165,9960.0,9960,24.392806710899468,24.392806710899468,57.01818565882403,0.0,24.39280680368159,9.278212079019503e-08,0.0
166,10020.0,10020,24.39280671081841,24.39280671081841,57.36375042032982,0.0,24.392806803590197,9.277178917870689e-08,0.0
167,10080.0,10080,24.392806710736895,24.392806710736895,57.709315181834484,0.0,24.392806803498292,9.27613968626126e-08,0.0
168,10140.0,10140,24.39280671065493,24.39280671065493,58.05487994333803,0.0,24.392806803405875,9.275094386964542e-08,0.0
169,10200.0,10200,24.392806710572515,24.392806710572515,58.400444704840424,0.0,24.392806803312943,9.274043022772745e-08,0.0
170,10260.0,10260,24.392806710489648,24.392806710489648,58.74600946634168,0.0,24.392806803219504,9.27298559649274e-08,0.0
171,10320.0,10320,24.39280671040633,24.39280671040633,59.09157422784179,0.0,24.39280680312555,9.271922110948445e-08,0.0
172,10380.0,10380,24.39280671032256,24.39280671032256,59.43713898934075,0.0,24.392806803031085,9.270852568981098e-08,0.0
173,10440.0,10440,24.39280671023834,24.39280671023834,59.78270375083855,0.0,24.39280680293611,9.269776973450084e-08,0.0
174,10500.0,10500,24.392806710153675,24.392806710153675,60.12826851233518,0.0,24.392806802840628,9.268695327227712e-08,0.0
175,10560.0,10560,24.39280671006856,24.39280671006856,60.473833273830635,0.0,24.392806802744637,9.267607633207915e-08,0.0
176,10620.0,10620,24.392806709983,24.392806709983,60.819398035324916,0.0,24.39280680264814,9.266513894299295e-08,0.0
177,10680.0,10680,24.39280670989699,24.39280670989699,61.16496279681802,0.0,24.392806802551128,9.26541411342603e-08,0.0
178,10740.0,10740,24.392806709810532,24.392806709810532,61.510527558309924,0.0,24.392806802453613,9.264308293532463e-08,0.0
179,10800.0,10800,24.39280670972363,24.39280670972363,61.856092319800624,0.0,24.392806802355597,9.26319643757769e-08,0.0
180,10860.0,10860,24.392806709636286,24.392806709636286,62.20165708129013,0.0,24.392806802257073,9.26207854853758e-08,0.0
181,10920.0,10920,24.3928067095485,24.3928067095485,62.54722184277843,0.0,24.39280680215804,9.260954629406146e-08,0.0
182,10980.0,10980,24.392806709460263,24.392806709460263,62.89278660426551,0.0,24.39280680205851,9.259824683194267e-08,0.0
183,11040.0,11040,24.392806709371587,24.392806709371587,63.23835136575138,0.0,24.392806801958475,9.258688712926385e-08,0.0
184,11100.0,11100,24.392806709282468,24.392806709282468,63.583916127236,0.0,24.392806801857937,9.257546721649666e-08,0.0
185,11160.0,11160,24.392806709192907,24.392806709192907,63.929480888719404,0.0,24.392806801756894,9.256398712423198e-08,0.0
186,11220.0,11220,24.392806709102906,24.392806709102906,64.27504565020156,0.0,24.39280680165535,9.255244688327142e-08,0.0
187,11280.0,11280,24.392806709012465,24.392806709012465,64.62061041168246,0.0,24.39280680155331,9.254084652454673e-08,0.0
188,11340.0,11340,24.392806708921583,24.392806708921583,64.96617517316213,0.0,24.39280680145077,9.252918607917298e-08,0.0
189,11400.0,11400,24.39280670883026,24.39280670883026,65.31173993464053,0.0,24.392806801347728,9.25174655784531e-08,0.0
190,11460.0,11460,24.392806708738508,24.392806708738508,65.65730469611766,0.0,24.39280680124419,9.25056850538486e-08,0.0
191,11520.0,11520,24.392806708646308,24.392806708646308,66.00286945759352,0.0,24.392806801140154,9.249384453696023e-08,0.0
192,11580.0,11580,24.392806708553678,24.392806708553678,66.34843421906811,0.0,24.392806801035622,9.248194405962065e-08,0.0
193,11640.0,11640,24.392806708460608,24.392806708460608,66.69399898054142,0.0,24.392806800930593,9.246998365378627e-08,0.0
194,11700.0,11700,24.392806708367104,24.392806708367104,67.03956374201344,0.0,24.39280680082507,9.245796335156831e-08,0.0
195,11760.0,11760,24.392806708273167,24.392806708273167,67.38512850348415,0.0,24.39280680071905,9.244588318531083e-08,0.0
196,11820.0,11820,24.392806708178792,24.392806708178792,67.73069326495359,0.0,24.392806800612536,9.243374318747061e-08,0.0
197,11880.0,11880,24.392806708083985,24.392806708083985,68.0762580264217,0.0,24.39280680050553,9.242154339068862e-08,0.0
198,11940.0,11940,24.392806707988747,24.392806707988747,68.4218227878885,0.0,24.392806800398034,9.240928382780379e-08,0.0
199,12000.0,12000,24.39280670789308,24.39280670789308,68.76738754935398,0.0,24.392806800290042,9.239696453177604e-08,0.0
200,12060.0,12060,24.39280670779698,24.39280670779698,69.11295231081814,0.0,24.39280680018156,9.238458553578065e-08,0.0
201,12120.0,12120,24.392806707700444,24.392806707700444,69.45851707228097,0.0,24.392806800072588,9.237214687313222e-08,0.0
202,12180.0,12180,24.392806707603484,24.392806707603484,69.80408183374247,0.0,24.39280679996313,9.235964857733593e-08,0.0
203,12240.0,12240,24.39280670750609,24.39280670750609,70.14964659520263,0.0,24.39280679985318,9.23470906820455e-08,0.0
204,12300.0,12300,24.392806707408273,24.392806707408273,70.4952113566614,0.0,24.392806799742743,9.233447322110703e-08,0.0
205,12360.0,12360,24.392806707310026,24.392806707310026,70.84077611811887,0.0,24.39280679963182,9.232179622853346e-08,0.0
206,12420.0,12420,24.39280670721135,24.39280670721135,71.18634087957494,0.0,24.39280679952041,9.230905973849355e-08,0.0
207,12480.0,12480,24.39280670711225,24.39280670711225,71.53190564102967,0.0,24.39280679940851,9.229626378532463e-08,0.0
208,12540.0,12540,24.392806707012728,24.392806707012728,71.87747040248303,0.0,24.392806799296135,9.22834084035584e-08,0.0
209,12600.0,12600,24.392806706912776,24.392806706912776,72.223035163935,0.0,24.39280679918327,9.227049362786944e-08,0.0
210,12660.0,12660,24.392806706812397,24.392806706812397,72.56859992538558,0.0,24.392806799069916,9.225751949312487e-08,0.0
211,12720.0,12720,24.392806706711603,24.392806706711603,72.9141646868348,0.0,24.392806798956087,9.22444860343549e-08,0.0
212,12780.0,12780,24.392806706610383,24.392806706610383,73.25972944828258,0.0,24.392806798841775,9.223139328674736e-08,0.0
213,12840.0,12840,24.392806706508743,24.392806706508743,73.60529420972898,0.0,24.392806798726983,9.221824128567614e-08,0.0
214,12900.0,12900,24.392806706406677,24.392806706406677,73.95085897117399,0.0,24.39280679861171,9.220503006669572e-08,0.0
215,12960.0,12960,24.392806706304192,24.392806706304192,74.29642373261757,0.0,24.392806798495954,9.219175966548697e-08,0.0
216,13020.0,13020,24.39280670620129,24.39280670620129,74.64198849405975,0.0,24.392806798379723,9.21784301179361e-08,0.0
217,13080.0,13080,24.392806706097968,24.392806706097968,74.98755325550047,0.0,24.392806798263013,9.216504146011993e-08,0.0
218,13140.0,13140,24.392806705994232,24.392806705994232,75.33311801693979,0.0,24.392806798145827,9.215159372822801e-08,0.0
219,13200.0,13200,24.392806705890077,24.392806705890077,75.67868277837766,0.0,24.392806798028165,9.213808695866802e-08,0.0
220,13260.0,13260,24.392806705785503,24.392806705785503,76.02424753981411,0.0,24.392806797910023,9.212452118800158e-08,0.0
221,13320.0,13320,24.392806705680517,24.392806705680517,76.36981230124908,0.0,24.392806797791412,9.21108964529654e-08,0.0
222,13380.0,13380,24.39280670557511,24.39280670557511,76.71537706268262,0.0,24.392806797672325,9.20972127904446e-08,0.0
223,13440.0,13440,24.392806705469294,24.392806705469294,77.06094182411468,0.0,24.392806797552762,9.208347023754339e-08,0.0
224,13500.0,13500,24.392806705363064,24.392806705363064,77.40650658554529,0.0,24.392806797432733,9.206966883147318e-08,0.0
225,13560.0,13560,24.392806705256422,24.392806705256422,77.75207134697443,0.0,24.39280679731223,9.205580860967358e-08,0.0
226,13620.0,13620,24.39280670514936,24.39280670514936,78.09763610840207,0.0,24.392806797191255,9.204188960972808e-08,0.0
227,13680.0,13680,24.3928067050419,24.3928067050419,78.44320086982825,0.0,24.39280679706981,9.202791186939249e-08,0.0
228,13740.0,13740,24.39280670493402,24.39280670493402,78.78876563125294,0.0,24.392806796947898,9.20138754266004e-08,0.0
229,13800.0,13800,24.392806704825738,24.392806704825738,79.13433039267615,0.0,24.392806796825514,9.199978031943387e-08,0.0
230,13860.0,13860,24.392806704717042,24.392806704717042,79.47989515409785,0.0,24.392806796702665,9.198562658618299e-08,0.0
231,13920.0,13920,24.39280670460794,24.39280670460794,79.82545991551804,0.0,24.39280679657935,9.19714142652836e-08,0.0
232,13980.0,13980,24.39280670449843,24.39280670449843,80.17102467693672,0.0,24.392806796455574,9.195714339534012e-08,0.0
233,14040.0,14040,24.392806704388516,24.392806704388516,80.51658943835388,0.0,24.392806796331328,9.194281401514855e-08,0.0
234,14100.0,14100,24.392806704278193,24.392806704278193,80.86215419976953,0.0,24.39280679620662,9.192842616365335e-08,0.0
235,14160.0,14160,24.392806704167462,24.392806704167462,81.20771896118366,0.0,24.392806796081445,9.191397987998595e-08,0.0
236,14220.0,14220,24.392806704056333,24.392806704056333,81.55328372259623,0.0,24.39280679595581,9.189947520344453e-08,0.0
237,14280.0,14280,24.392806703944803,24.392806703944803,81.89884848400729,0.0,24.392806795829717,9.18849121734923e-08,0.0
238,14340.0,14340,24.392806703832868,24.392806703832868,82.2444132454168,0.0,24.39280679570316,9.187029082977206e-08,0.0
239,14400.0,14400,24.39280670372053,24.39280670372053,82.58997800682474,0.0,24.392806795576142,9.18556112120815e-08,0.0
240,14460.0,14460,24.392806703607793,24.392806703607793,82.93554276823114,0.0,24.392806795448664,9.184087336042635e-08,0.0
241,14520.0,14520,24.392806703494657,24.392806703494657,83.28110752963599,0.0,24.392806795320734,9.182607731494247e-08,0.0
242,14580.0,14580,24.39280670338112,24.39280670338112,83.62667229103927,0.0,24.392806795192342,9.181122311596096e-08,0.0
243,14640.0,14640,24.392806703267187,24.392806703267187,83.97223705244097,0.0,24.392806795063496,9.179631080396592e-08,0.0
244,14700.0,14700,24.392806703152853,24.392806703152853,84.3178018138411,0.0,24.392806794934195,9.178134041963395e-08,0.0
245,14760.0,14760,24.392806703038126,24.392806703038126,84.66336657523965,0.0,24.39280679480444,9.176631200380292e-08,0.0
246,14820.0,14820,24.392806702923004,24.392806702923,85.0089313366366,0.0,24.39280679467423,9.175122559749219e-08,0.0
247,14880.0,14880,24.39280670280748,24.39280670280748,85.35449609803197,0.0,24.392806794543564,9.17360812418604e-08,0.0
248,14940.0,14940,24.39280670269157,24.39280670269157,85.70006085942575,0.0,24.392806794412447,9.172087897826782e-08,0.0
249,15000.0,15000,24.392806702575264,24.392806702575264,86.04562562081792,0.0,24.392806794280883,9.170561884824336e-08,0.0
250,15060.0,15060,24.392806702458564,24.392806702458564,86.39119038220846,0.0,24.392806794148868,9.169030089347814e-08,0.0
251,15120.0,15120,24.392806702341474,24.392806702341474,86.7367551435974,0.0,24.3928067940164,9.167492515585114e-08,0.0
252,15180.0,15180,24.392806702223996,24.392806702223996,87.08231990498473,0.0,24.392806793883484,9.165949167737608e-08,0.0
253,15240.0,15240,24.392806702106125,24.392806702106125,87.42788466637042,0.0,24.392806793750125,9.164400050028296e-08,0.0
254,15300.0,15300,24.392806701987865,24.392806701987865,87.77344942775447,0.0,24.392806793616316,9.162845166693926e-08,0.0
255,15360.0,15360,24.392806701869215,24.392806701869215,88.1190141891369,0.0,24.39280679348206,9.161284521992139e-08,0.0
256,15420.0,15420,24.39280670175018,24.39280670175018,88.4645789505177,0.0,24.39280679334736,9.15971812019231e-08,0.0
257,15480.0,15480,24.39280670163076,24.39280670163076,88.81014371189684,0.0,24.39280679321222,9.158145965585534e-08,0.0
258,15540.0,15540,24.392806701510956,24.392806701510953,89.15570847327432,0.0,24.392806793076634,9.156568062479123e-08,0.0
259,15600.0,15600,24.39280670139076,24.39280670139076,89.50127323465014,0.0,24.392806792940604,9.154984415196523e-08,0.0
260,15660.0,15660,24.392806701270185,24.392806701270185,89.84683799602432,0.0,24.392806792804134,9.153395028077952e-08,0.0
261,15720.0,15720,24.392806701149226,24.392806701149226,90.1924027573968,0.0,24.392806792667223,9.151799905482414e-08,0.0
262,15780.0,15780,24.392806701027887,24.392806701027887,90.53796751876764,0.0,24.392806792529875,9.150199051786966e-08,0.0
263,15840.0,15840,24.392806700906164,24.392806700906164,90.88353228013679,0.0,24.39280679239209,9.148592471380491e-08,0.0
264,15900.0,15900,24.39280670078406,24.39280670078406,91.22909704150423,0.0,24.39280679225386,9.146980168676247e-08,0.0
265,15960.0,15960,24.392806700661577,24.392806700661577,91.57466180287001,0.0,24.3928067921152,9.14536214809895e-08,0.0
266,16020.0,16020,24.392806700538717,24.392806700538717,91.92022656423408,0.0,24.3928067919761,9.143738414093844e-08,0.0
267,16080.0,16080,24.392806700415477,24.392806700415477,92.26579132559645,0.0,24.39280679183657,9.142108971121935e-08,0.0
268,16140.0,16140,24.39280670029186,24.39280670029186,92.61135608695712,0.0,24.3928067916966,9.140473823661187e-08,0.0
269,16200.0,16200,24.39280670016787,24.39280670016787,92.95692084831607,0.0,24.392806791556197,9.13883297620908e-08,0.0
270,16260.0,16260,24.392806700043504,24.392806700043504,93.3024856096733,0.0,24.392806791415367,9.137186433276938e-08,0.0
271,16320.0,16320,24.39280669991876,24.39280669991876,93.64805037102883,0.0,24.3928067912741,9.135534199395509e-08,0.0
272,16380.0,16380,24.392806699793645,24.392806699793645,93.99361513238263,0.0,24.39280679113241,9.13387627911076e-08,0.0
273,16440.0,16440,24.39280669966816,24.39280669966816,94.3391798937347,0.0,24.392806790990285,9.132212676987991e-08,0.0
274,16500.0,16500,24.3928066995423,24.3928066995423,94.68474465508501,0.0,24.392806790847736,9.130543397609274e-08,0.0
275,16560.0,16560,24.39280669941607,24.39280669941607,95.0303094164336,0.0,24.392806790704757,9.128868445572172e-08,0.0
276,16620.0,16620,24.39280669928947,24.39280669928947,95.37587417778043,0.0,24.392806790561348,9.127187825493125e-08,0.0
277,16680.0,16680,24.3928066991625,24.3928066991625,95.72143893912553,0.0,24.392806790417517,9.125501542006351e-08,0.0
278,16740.0,16740,24.392806699035166,24.392806699035166,96.06700370046886,0.0,24.39280679027326,9.123809599761103e-08,0.0
279,16800.0,16800,24.39280669890746,24.39280669890746,96.41256846181045,0.0,24.39280679012858,9.122112003424134e-08,0.0
280,16860.0,16860,24.39280669877939,24.39280669877939,96.75813322315024,0.0,24.392806789983478,9.120408757682454e-08,0.0
281,16920.0,16920,24.392806698650954,24.392806698650954,97.10369798448828,0.0,24.39280678983795,9.118699867237092e-08,0.0
282,16980.0,16980,24.392806698522154,24.392806698522154,97.44926274582453,0.0,24.39280678969201,9.116985336805025e-08,0.0
283,17040.0,17040,24.39280669839299,24.39280669839299,97.794827507159,0.0,24.39280678954564,9.115265171127244e-08,0.0
284,17100.0,17100,24.39280669826346,24.39280669826346,98.14039226849168,0.0,24.392806789398858,9.113539374950143e-08,0.0
285,17160.0,17160,24.392806698133572,24.392806698133572,98.48595702982259,0.0,24.392806789251654,9.111807953050911e-08,0.0
286,17220.0,17220,24.392806698003326,24.392806698003326,98.83152179115169,0.0,24.392806789104032,9.110070910215721e-08,0.0
287,17280.0,17280,24.392806697872714,24.392806697872714,99.17708655247898,0.0,24.392806788956,9.108328251247696e-08,0.0
288,17340.0,17340,24.392806697741747,24.392806697741747,99.52265131380447,0.0,24.392806788807547,9.106579980970675e-08,0.0
289,17400.0,17400,24.39280669761042,24.39280669761042,99.86821607512816,0.0,24.39280678865868,9.104826104224716e-08,0.0
290,17460.0,17460,24.392806697478736,24.392806697478736,100.21378083645001,0.0,24.3928067885094,9.103066625864725e-08,0.0
291,17520.0,17520,24.392806697346696,24.392806697346696,100.55934559777006,0.0,24.39280678835971,9.101301550766046e-08,0.0
292,17580.0,17580,24.3928066972143,24.3928066972143,100.90491035908828,0.0,24.39280678820961,9.099530883820334e-08,0.0
293,17640.0,17640,24.39280669708155,24.39280669708155,101.25047512040466,0.0,24.392806788059097,9.097754629932535e-08,0.0
294,17700.0,17700,24.392806696948448,24.392806696948448,101.5960398817192,0.0,24.392806787908178,9.095972794031973e-08,0.0
295,17760.0,17760,24.39280669681499,24.39280669681499,101.94160464303191,0.0,24.392806787756843,9.094185381058876e-08,0.0
296,17820.0,17820,24.392806696681184,24.392806696681184,102.28716940434278,0.0,24.392806787605107,9.092392395974094e-08,0.0
297,17880.0,17880,24.392806696547026,24.392806696547026,102.6327341656518,0.0,24.392806787452965,9.090593843754515e-08,0.0
298,17940.0,17940,24.392806696412517,24.392806696412517,102.97829892695894,0.0,24.39280678730041,9.088789729394624e-08,0.0
299,18000.0,18000,24.39280669627766,24.39280669627766,103.32386368826423,0.0,24.392806787147457,9.086980057904391e-08,0.0
300,18060.0,18060,24.392806696142454,24.392806696142454,103.66942844956766,0.0,24.3928067869941,9.085164834314596e-08,0.0
301,18120.0,18120,24.3928066960069,24.3928066960069,104.0149932108692,0.0,24.392806786840342,9.08334406367031e-08,0.0
302,18180.0,18180,24.392806695871002,24.392806695871002,104.36055797216888,0.0,24.39280678668618,9.081517751033194e-08,0.0
303,18240.0,18240,24.39280669573476,24.39280669573476,104.7061227334667,0.0,24.392806786531615,9.079685901485531e-08,0.0
304,18300.0,18300,24.392806695598168,24.392806695598168,105.0516874947626,0.0,24.392806786376653,9.077848520124267e-08,0.0
305,18360.0,18360,24.39280669546124,24.39280669546124,105.39725225605663,0.0,24.392806786221293,9.076005612062385e-08,0.0
306,18420.0,18420,24.392806695323966,24.392806695323966,105.74281701734877,0.0,24.392806786065535,9.074157182433581e-08,0.0
307,18480.0,18480,24.39280669518635,24.39280669518635,106.08838177863903,0.0,24.392806785909382,9.072303236384748e-08,0.0
308,18540.0,18540,24.392806695048396,24.392806695048396,106.43394653992735,0.0,24.392806785752832,9.070443779084134e-08,0.0
309,18600.0,18600,24.392806694910096,24.392806694910096,106.77951130121379,0.0,24.392806785595887,9.068578815713638e-08,0.0
310,18660.0,18660,24.392806694771465,24.392806694771465,107.12507606249831,0.0,24.392806785438548,9.066708351474778e-08,0.0
311,18720.0,18720,24.392806694632494,24.392806694632494,107.47064082378088,0.0,24.392806785280815,9.064832391585198e-08,0.0
312,18780.0,18780,24.392806694493185,24.392806694493185,107.81620558506157,0.0,24.392806785122694,9.062950941278396e-08,0.0
313,18840.0,18840,24.392806694353542,24.392806694353542,108.16177034634032,0.0,24.392806784964183,9.061064005808126e-08,0.0
314,18900.0,18900,24.392806694213565,24.392806694213565,108.50733510761712,0.0,24.39280678480528,9.059171590442898e-08,0.0
315,18960.0,18960,24.39280669407325,24.39280669407325,108.852899868892,0.0,24.392806784645988,9.057273700470097e-08,0.0
316,19020.0,19020,24.392806693932606,24.392806693932606,109.19846463016493,0.0,24.39280678448631,9.05537034119086e-08,0.0
317,19080.0,19080,24.39280669379163,24.39280669379163,109.54402939143593,0.0,24.392806784326243,9.05346151792786e-08,0.0
318,19140.0,19140,24.39280669365032,24.39280669365032,109.88959415270499,0.0,24.392806784165792,9.051547236019439e-08,0.0
319,19200.0,19200,24.392806693508685,24.392806693508685,110.23515891397207,0.0,24.392806784004957,9.049627500819336e-08,0.0
320,19260.0,19260,24.392806693366715,24.392806693366715,110.58072367523721,0.0,24.39280678384374,9.047702317701181e-08,0.0
321,19320.0,19320,24.392806693224422,24.392806693224422,110.92628843650039,0.0,24.39280678368214,9.045771692052714e-08,0.0
322,19380.0,19380,24.3928066930818,24.3928066930818,111.27185319776159,0.0,24.392806783520154,9.043835629281746e-08,0.0
323,19440.0,19440,24.392806692938848,24.392806692938848,111.61741795902081,0.0,24.39280678335779,9.041894134813322e-08,0.0
324,19500.0,19500,24.392806692795578,24.392806692795578,111.96298272027808,0.0,24.39280678319505,9.039947214085678e-08,0.0
325,19560.0,19560,24.39280669265198,24.39280669265198,112.30854748153335,0.0,24.392806783031926,9.037994872558224e-08,0.0
326,19620.0,19620,24.392806692508056,24.392806692508056,112.65411224278664,0.0,24.39280678286843,9.036037115706957e-08,0.0
327,19680.0,19680,24.392806692363816,24.392806692363816,112.99967700403793,0.0,24.392806782704554,9.034073949022263e-08,0.0
328,19740.0,19740,24.39280669221925,24.39280669221925,113.34524176528724,0.0,24.392806782540305,9.032105378014691e-08,0.0
329,19800.0,19800,24.39280669207437,24.39280669207437,113.69080652653454,0.0,24.39280678237568,9.030131408212384e-08,0.0
330,19860.0,19860,24.392806691929163,24.392806691929163,114.03637128777986,0.0,24.392806782210684,9.028152045156684e-08,0.0
331,19920.0,19920,24.39280669178364,24.39280669178364,114.38193604902314,0.0,24.392806782045312,9.026167294411112e-08,0.0
332,19980.0,19980,24.3928066916378,24.3928066916378,114.72750081026442,0.0,24.39280678187957,9.02417716155101e-08,0.0
333,20040.0,20040,24.392806691491643,24.392806691491643,115.07306557150369,0.0,24.39280678171346,9.022181652173808e-08,0.0
334,20100.0,20100,24.392806691345175,24.392806691345175,115.41863033274093,0.0,24.39280678154698,9.020180771891689e-08,0.0
335,20160.0,20160,24.392806691198388,24.392806691198388,115.76419509397616,0.0,24.39280678138013,9.018174526333245e-08,0.0
336,20220.0,20220,24.392806691051288,24.392806691051288,116.10975985520935,0.0,24.392806781212915,9.016162921145118e-08,0.0
337,20280.0,20280,24.39280669090388,24.39280669090388,116.4553246164405,0.0,24.392806781045334,9.014145961991273e-08,0.0
338,20340.0,20340,24.392806690756153,24.392806690756153,116.80088937766962,0.0,24.39280678087739,9.012123654553275e-08,0.0
339,20400.0,20400,24.39280669060812,24.39280669060812,117.1464541388967,0.0,24.392806780709076,9.010096004529269e-08,0.0
340,20460.0,20460,24.39280669045978,24.39280669045978,117.49201890012174,0.0,24.392806780540404,9.00806301763271e-08,0.0
341,20520.0,20520,24.392806690311126,24.392806690311126,117.83758366134471,0.0,24.39280678037137,9.006024699597127e-08,0.0
342,20580.0,20580,24.392806690162164,24.392806690162164,118.18314842256562,0.0,24.392806780201976,9.00398105617089e-08,0.0
343,20640.0,20640,24.3928066900129,24.3928066900129,118.5287131837845,0.0,24.39280678003222,9.001932093121707e-08,0.0
344,20700.0,20700,24.392806689863328,24.392806689863328,118.87427794500132,0.0,24.392806779862106,8.999877816232044e-08,0.0
345,20760.0,20760,24.392806689713453,24.392806689713453,119.21984270621604,0.0,24.392806779691632,8.997818231303062e-08,0.0
346,20820.0,20820,24.392806689563272,24.392806689563272,119.56540746742871,0.0,24.392806779520804,8.995753344152877e-08,0.0
347,20880.0,20880,24.39280668941279,24.39280668941279,119.91097222863931,0.0,24.39280677934962,8.993683160614723e-08,0.0
348,20940.0,20940,24.392806689262006,24.392806689262006,120.2565369898478,0.0,24.392806779178084,8.991607686540904e-08,0.0
349,21000.0,21000,24.392806689110923,24.392806689110923,120.60210175105422,0.0,24.39280677900619,8.989526927801314e-08,0.0
350,21060.0,21060,24.392806688959535,24.392806688959535,120.94766651225856,0.0,24.392806778833947,8.987440890280787e-08,0.0
351,21120.0,21120,24.392806688807855,24.392806688807855,121.2932312734608,0.0,24.39280677866135,8.98534957988267e-08,0.0
352,21180.0,21180,24.392806688655877,24.392806688655877,121.63879603466097,0.0,24.392806778488406,8.983253002528273e-08,0.0
353,21240.0,21240,24.392806688503597,24.392806688503597,121.984360795859,0.0,24.39280677831511,8.981151164153203e-08,0.0
354,21300.0,21300,24.392806688351026,24.392806688351026,122.32992555705495,0.0,24.392806778141466,8.979044070713047e-08,0.0
355,21360.0,21360,24.39280668819816,24.39280668819816,122.67549031824878,0.0,24.39280677796748,8.976931728177501e-08,0.0
356,21420.0,21420,24.392806688045,24.392806688045,123.02105507944052,0.0,24.392806777793144,8.974814142534965e-08,0.0
357,21480.0,21480,24.39280668789155,24.39280668789155,123.36661984063011,0.0,24.39280677761846,8.972691319792344e-08,0.0
358,21540.0,21540,24.392806687737803,24.392806687737803,123.71218460181758,0.0,24.392806777443436,8.97056326597066e-08,0.0
359,21600.0,21600,24.392806687583768,24.392806687583768,124.05774936300294,0.0,24.392806777268067,8.968429987109817e-08,0.0
360,21660.0,21660,24.392806687429445,24.392806687429445,124.40331412418618,0.0,24.39280677709236,8.966291489264741e-08,0.0
361,21720.0,21720,24.39280668727483,24.39280668727483,124.74887888536728,0.0,24.392806776916306,8.964147778511996e-08,0.0
362,21780.0,21780,24.39280668711993,24.39280668711993,125.09444364654622,0.0,24.39280677673992,8.961998860939414e-08,0.0
363,21840.0,21840,24.392806686964743,24.392806686964743,125.44000840772306,0.0,24.39280677656319,8.959844742654894e-08,0.0
364,21900.0,21900,24.392806686809273,24.392806686809273,125.78557316889774,0.0,24.392806776386127,8.95768542978449e-08,0.0
365,21960.0,21960,24.392806686653515,24.392806686653515,126.13113793007027,0.0,24.392806776208726,8.955520928465707e-08,0.0
366,22020.0,22020,24.392806686497472,24.392806686497472,126.47670269124063,0.0,24.392806776030984,8.953351244860607e-08,0.0
367,22080.0,22080,24.39280668634115,24.39280668634115,126.82226745240885,0.0,24.39280677585291,8.951176385142717e-08,0.0
368,22140.0,22140,24.392806686184546,24.392806686184546,127.1678322135749,0.0,24.392806775674508,8.948996355504343e-08,0.0
369,22200.0,22200,24.39280668602766,24.39280668602766,127.51339697473881,0.0,24.39280677549577,8.946811162156402e-08,0.0
370,22260.0,22260,24.392806685870493,24.392806685870493,127.85896173590054,0.0,24.392806775316703,8.944620811323738e-08,0.0
371,22320.0,22320,24.392806685713055,24.392806685713055,128.2045264970601,0.0,24.392806775137306,8.942425309249159e-08,0.0
372,22380.0,22380,24.392806685555332,24.392806685555332,128.55009125821746,0.0,24.39280677495758,8.940224662193066e-08,0.0
373,22440.0,22440,24.392806685397336,24.392806685397336,128.89565601937267,0.0,24.392806774777526,8.938018876433461e-08,0.0
374,22500.0,22500,24.392806685239066,24.392806685239066,129.24122078052568,0.0,24.392806774597144,8.935807958262825e-08,0.0
375,22560.0,22560,24.392806685080515,24.392806685080515,129.58678554167653,0.0,24.392806774416435,8.933591913992332e-08,0.0
376,22620.0,22620,24.3928066849217,24.3928066849217,129.93235030282517,0.0,24.392806774235403,8.931370749951212e-08,0.0
377,22680.0,22680,24.392806684762608,24.392806684762608,130.2779150639716,0.0,24.39280677405405,8.929144472482994e-08,0.0
378,22740.0,22740,24.392806684603244,24.392806684603244,130.62347982511585,0.0,24.392806773872373,8.926913087949351e-08,0.0
379,22800.0,22800,24.39280668444361,24.39280668444361,130.9690445862579,0.0,24.392806773690374,8.924676602729003e-08,0.0
380,22860.0,22860,24.39280668428371,24.39280668428371,131.31460934739775,0.0,24.392806773508056,8.922435023217074e-08,0.0
381,22920.0,22920,24.39280668412354,24.39280668412354,131.66017410853536,0.0,24.392806773325418,8.92018835582656e-08,0.0
382,22980.0,22980,24.392806683963098,24.392806683963098,132.00573886967078,0.0,24.392806773142464,8.917936606984389e-08,0.0
383,23040.0,23040,24.392806683802394,24.392806683802394,132.351303630804,0.0,24.39280677295919,8.915679783138472e-08,0.0
384,23100.0,23100,24.392806683641425,24.392806683641425,132.69686839193497,0.0,24.392806772775604,8.913417890752119e-08,0.0
385,23160.0,23160,24.39280668348019,24.39280668348019,133.04243315306374,0.0,24.3928067725917,8.911150936303122e-08,0.0
386,23220.0,23220,24.392806683318696,24.392806683318696,133.38799791419027,0.0,24.392806772407482,8.908878926289248e-08,0.0
387,23280.0,23280,24.392806683156934,24.392806683156934,133.73356267531457,0.0,24.392806772222954,8.906601867223847e-08,0.0
388,23340.0,23340,24.392806682994916,24.392806682994916,134.07912743643664,0.0,24.392806772038114,8.90431976563539e-08,0.0
389,23400.0,23400,24.392806682832635,24.392806682832635,134.42469219755645,0.0,24.39280677185296,8.902032628073429e-08,0.0
390,23460.0,23460,24.3928066826701,24.3928066826701,134.77025695867405,0.0,24.392806771667498,8.899740461099516e-08,0.0
391,23520.0,23520,24.3928066825073,24.3928066825073,135.11582171978938,0.0,24.39280677148173,8.897443271294728e-08,0.0
392,23580.0,23580,24.392806682344244,24.392806682344244,135.46138648090246,0.0,24.392806771295653,8.895141065257831e-08,0.0
393,23640.0,23640,24.392806682180936,24.392806682180936,135.8069512420133,0.0,24.39280677110927,8.892833849601152e-08,0.0
394,23700.0,23700,24.392806682017373,24.392806682017373,136.1525160031219,0.0,24.392806770922586,8.89052163095544e-08,0.0
395,23760.0,23760,24.392806681853553,24.392806681853553,136.4980807642282,0.0,24.392806770735596,8.88820441596904e-08,0.0
396,23820.0,23820,24.392806681689482,24.392806681689482,136.84364552533228,0.0,24.3928067705483,8.885882211306243e-08,0.0
397,23880.0,23880,24.39280668152516,24.39280668152516,137.18921028643405,0.0,24.39280677036071,8.883555023647013e-08,0.0
398,23940.0,23940,24.392806681360586,24.392806681360586,137.53477504753357,0.0,24.39280677017281,8.881222859692209e-08,0.0
399,24000.0,24000,24.39280668119576,24.39280668119576,137.88033980863082,0.0,24.392806769984617,8.878885726151946e-08,0.0
400,24060.0,24060,24.392806681030685,24.392806681030685,138.2259045697258,0.0,24.392806769796124,8.876543629760902e-08,0.0
401,24120.0,24120,24.39280668086537,24.39280668086537,138.5714693308185,0.0,24.392806769607333,8.87419657726475e-08,0.0
402,24180.0,24180,24.392806680699803,24.392806680699803,138.91703409190893,0.0,24.39280676941825,8.87184457542951e-08,0.0
403,24240.0,24240,24.39280668053399,24.39280668053399,139.26259885299703,0.0,24.392806769228866,8.869487631036231e-08,0.0
404,24300.0,24300,24.392806680367933,24.392806680367933,139.60816361408288,0.0,24.39280676903919,8.867125750881819e-08,0.0
405,24360.0,24360,24.39280668020163,24.39280668020163,139.95372837516643,0.0,24.39280676884922,8.864758941782242e-08,0.0
406,24420.0,24420,24.39280668003509,24.39280668003509,140.29929313624766,0.0,24.39280676865896,8.862387210567488e-08,0.0
407,24480.0,24480,24.392806679868304,24.392806679868304,140.6448578973266,0.0,24.39280676846841,8.860010564084869e-08,0.0
408,24540.0,24540,24.392806679701277,24.392806679701277,140.99042265840322,0.0,24.39280676827757,8.857629009200757e-08,0.0
409,24600.0,24600,24.392806679534015,24.392806679534015,141.33598741947756,0.0,24.39280676808644,8.85524255279454e-08,0.0
410,24660.0,24660,24.39280667936651,24.39280667936651,141.6815521805496,0.0,24.392806767895024,8.852851201764759e-08,0.0
411,24720.0,24720,24.392806679198774,24.392806679198774,142.02711694161934,0.0,24.392806767703323,8.85045496302462e-08,0.0
412,24780.0,24780,24.392806679030798,24.392806679030798,142.3726817026867,0.0,24.39280676751134,8.848053843505931e-08,0.0
413,24840.0,24840,24.392806678862584,24.392806678862584,142.71824646375177,0.0,24.392806767319065,8.845647850156357e-08,0.0
414,24900.0,24900,24.39280667869414,24.39280667869414,143.06381122481451,0.0,24.392806767126512,8.843236989938773e-08,0.0
415,24960.0,24960,24.392806678525464,24.392806678525464,143.40937598587493,0.0,24.392806766933674,8.840821269833382e-08,0.0
416,25020.0,25020,24.392806678356553,24.392806678356553,143.75494074693304,0.0,24.39280676674056,8.838400696837243e-08,0.0
417,25080.0,25080,24.39280667818741,24.39280667818741,144.10050550798883,0.0,24.392806766547164,8.835975277965288e-08,0.0
418,25140.0,25140,24.392806678018037,24.392806678018037,144.44607026904222,0.0,24.392806766353484,8.833545020245376e-08,0.0
419,25200.0,25200,24.392806677848437,24.392806677848437,144.79163503009335,0.0,24.392806766159534,8.831109930726438e-08,0.0
420,25260.0,25260,24.392806677678607,24.392806677678607,145.13719979114205,0.0,24.392806765965307,8.828670016468957e-08,0.0
421,25320.0,25320,24.39280667750855,24.39280667750855,145.48276455218848,0.0,24.392806765770803,8.826225284553575e-08,0.0
422,25380.0,25380,24.392806677338267,24.392806677338267,145.82832931323253,0.0,24.392806765576026,8.823775742075236e-08,0.0
423,25440.0,25440,24.392806677167762,24.392806677167762,146.17389407427424,0.0,24.39280676538098,8.821321396147666e-08,0.0
424,25500.0,25500,24.392806676997033,24.392806676997033,146.5194588353136,0.0,24.392806765185654,8.818862253898522e-08,0.0
425,25560.0,25560,24.392806676826076,24.392806676826076,146.86502359635057,0.0,24.39280676499006,8.816398322473613e-08,0.0
426,25620.0,25620,24.3928066766549,24.3928066766549,147.21058835738523,0.0,24.392806764794198,8.813929609032306e-08,0.0
427,25680.0,25680,24.392806676483506,24.392806676483506,147.55615311841748,0.0,24.392806764598067,8.811456120755324e-08,0.0
428,25740.0,25740,24.39280667631189,24.39280667631189,147.9017178794474,0.0,24.39280676440167,8.80897786483475e-08,0.0
429,25800.0,25800,24.392806676140058,24.392806676140058,148.24728264047494,0.0,24.392806764205005,8.806494848482837e-08,0.0
430,25860.0,25860,24.392806675968,24.392806675968,148.59284740150008,0.0,24.392806764008075,8.804007078925396e-08,0.0
431,25920.0,25920,24.392806675795736,24.392806675795736,148.93841216252284,0.0,24.39280676381088,8.80151456340611e-08,0.0
432,25980.0,25980,24.39280667562325,24.39280667562325,149.28397692354326,0.0,24.392806763613425,8.799017309184704e-08,0.0
433,26040.0,26040,24.39280667545055,24.39280667545055,149.6295416845613,0.0,24.392806763415706,8.796515323536202e-08,0.0
434,26100.0,26100,24.39280667527764,24.39280667527764,149.97510644557693,0.0,24.392806763217724,8.794008613753138e-08,0.0
435,26160.0,26160,24.392806675104517,24.392806675104517,150.32067120659016,0.0,24.392806763019486,8.791497187145545e-08,0.0
436,26220.0,26220,24.39280667493118,24.39280667493118,150.666235967601,0.0,24.39280676282099,8.788981051035192e-08,0.0
437,26280.0,26280,24.392806674757633,24.392806674757633,151.01180072860947,0.0,24.392806762622232,8.786460212765659e-08,0.0
438,26340.0,26340,24.392806674583873,24.392806674583873,151.35736548961555,0.0,24.392806762423223,8.783934679692529e-08,0.0
439,26400.0,26400,24.392806674409915,24.392806674409915,151.70293025061923,0.0,24.39280676222396,8.781404459190176e-08,0.0
440,26460.0,26460,24.39280667423574,24.39280667423574,152.0484950116205,0.0,24.39280676202444,8.778869558646717e-08,0.0
441,26520.0,26520,24.39280667406136,24.39280667406136,152.39405977261939,0.0,24.392806761824662,8.776329985469611e-08,0.0
442,26580.0,26580,24.39280667388678,24.39280667388678,152.73962453361582,0.0,24.39280676162464,8.773785747078779e-08,0.0
443,26640.0,26640,24.392806673711995,24.392806673711995,153.0851892946099,0.0,24.392806761424364,8.771236850913661e-08,0.0
444,26700.0,26700,24.392806673537006,24.392806673537006,153.43075405560157,0.0,24.392806761223838,8.768683304429372e-08,0.0
445,26760.0,26760,24.392806673361815,24.392806673361815,153.7763188165908,0.0,24.392806761023067,8.766125115093946e-08,0.0
446,26820.0,26820,24.392806673186417,24.392806673186417,154.12188357757756,0.0,24.39280676082204,8.763562290394849e-08,0.0
447,26880.0,26880,24.392806673010828,24.392806673010828,154.46744833856198,0.0,24.392806760620775,8.7609948378343e-08,0.0
448,26940.0,26940,24.392806672835036,24.392806672835036,154.81301309954392,0.0,24.392806760419262,8.758422764931383e-08,0.0
449,27000.0,27000,24.39280667265905,24.39280667265905,155.15857786052348,0.0,24.392806760217507,8.755846079220027e-08,0.0
450,27060.0,27060,24.39280667248286,24.39280667248286,155.5041426215006,0.0,24.392806760015507,8.753264788252491e-08,0.0
451,27120.0,27120,24.392806672306477,24.392806672306477,155.8497073824753,0.0,24.392806759813265,8.750678899592122e-08,0.0
452,27180.0,27180,24.3928066721299,24.3928066721299,156.19527214344754,0.0,24.39280675961078,8.748088420824176e-08,0.0
453,27240.0,27240,24.392806671953128,24.392806671953128,156.54083690441735,0.0,24.392806759408064,8.745493359547191e-08,0.0
454,27300.0,27300,24.392806671776164,24.392806671776164,156.8864016653847,0.0,24.392806759205104,8.742893723375287e-08,0.0
455,27360.0,27360,24.392806671599008,24.392806671599008,157.23196642634963,0.0,24.392806759001903,8.740289519937159e-08,0.0
456,27420.0,27420,24.392806671421663,24.392806671421663,157.57753118731213,0.0,24.39280675879847,8.737680756883218e-08,0.0
457,27480.0,27480,24.392806671244127,24.392806671244127,157.92309594827213,0.0,24.3928067585948,8.735067441873043e-08,0.0
458,27540.0,27540,24.392806671066406,24.392806671066406,158.26866070922975,0.0,24.3928067583909,8.732449582584265e-08,0.0
459,27600.0,27600,24.392806670888493,24.392806670888493,158.61422547018486,0.0,24.39280675818676,8.72982718671358e-08,0.0
460,27660.0,27660,24.392806670710392,24.392806670710392,158.95979023113756,0.0,24.392806757982395,8.727200261970146e-08,0.0
461,27720.0,27720,24.39280667053211,24.39280667053211,159.30535499208779,0.0,24.392806757777798,8.724568816078886e-08,0.0
462,27780.0,27780,24.392806670353643,24.392806670353643,159.65091975303554,0.0,24.392806757572973,8.721932856781124e-08,0.0
463,27840.0,27840,24.39280667017499,24.39280667017499,159.99648451398085,0.0,24.392806757367918,8.719292391835786e-08,0.0
464,27900.0,27900,24.39280666999616,24.39280666999616,160.34204927492368,0.0,24.39280675716263,8.71664742901545e-08,0.0
465,27960.0,27960,24.392806669817144,24.392806669817144,160.68761403586407,0.0,24.39280675695712,8.713997976109922e-08,0.0
466,28020.0,28020,24.392806669637945,24.392806669637945,161.03317879680196,0.0,24.39280675675139,8.711344040923216e-08,0.0
467,28080.0,28080,24.392806669458572,24.392806669458572,161.3787435577374,0.0,24.39280675654543,8.708685631275478e-08,0.0
468,28140.0,28140,24.39280666927902,24.39280666927902,161.72430831867035,0.0,24.392806756339247,8.706022755003803e-08,0.0
469,28200.0,28200,24.39280666909929,24.39280666909929,162.06987307960082,0.0,24.392806756132842,8.703355419959126e-08,0.0
470,28260.0,28260,24.392806668919384,24.392806668919384,162.4154378405288,0.0,24.39280675592622,8.700683634010625e-08,0.0
471,28320.0,28320,24.392806668739304,24.392806668739304,162.76100260145432,0.0,24.392806755719377,8.698007405039203e-08,0.0
472,28380.0,28380,24.392806668559047,24.392806668559047,163.10656736237738,0.0,24.392806755512314,8.695326740945653e-08,0.0
473,28440.0,28440,24.39280666837862,24.39280666837862,163.45213212329793,0.0,24.39280675530503,8.692641649644791e-08,0.0
474,28500.0,28500,24.392806668198016,24.392806668198016,163.79769688421595,0.0,24.39280675509754,8.6899521390649e-08,0.0
475,28560.0,28560,24.392806668017244,24.392806668017244,164.14326164513153,0.0,24.39280675488983,8.687258217152324e-08,0.0
476,28620.0,28620,24.392806667836307,24.392806667836307,164.48882640604458,0.0,24.392806754681903,8.684559891869349e-08,0.0
477,28680.0,28680,24.392806667655194,24.392806667655194,164.83439116695519,0.0,24.392806754473767,8.681857171191003e-08,0.0
478,28740.0,28740,24.392806667473916,24.392806667473916,165.17995592786323,0.0,24.39280675426542,8.679150063111648e-08,0.0
479,28800.0,28800,24.392806667292472,24.392806667292472,165.5255206887688,0.0,24.392806754056856,8.67643857563619e-08,0.0
480,28860.0,28860,24.39280666711086,24.39280666711086,165.87108544967188,0.0,24.392806753848088,8.673722716789234e-08,0.0
481,28920.0,28920,24.392806666929083,24.392806666929083,166.21665021057248,0.0,24.392806753639107,8.671002494609503e-08,0.0
482,28980.0,28980,24.392806666747145,24.392806666747145,166.56221497147055,0.0,24.392806753429923,8.668277917151298e-08,0.0
483,29040.0,29040,24.39280666656504,24.39280666656504,166.9077797323661,0.0,24.39280675322053,8.665548992484315e-08,0.0
484,29100.0,29100,24.39280666638278,24.39280666638278,167.25334449325916,0.0,24.39280675301093,8.662815728692734e-08,0.0
485,29160.0,29160,24.39280666620035,24.39280666620035,167.5989092541497,0.0,24.392806752801132,8.660078133875487e-08,0.0
486,29220.0,29220,24.392806666017766,24.392806666017766,167.94447401503768,0.0,24.39280675259113,8.657336216152129e-08,0.0
487,29280.0,29280,24.39280666583502,24.39280666583502,168.2900387759232,0.0,24.392806752380924,8.654589983648627e-08,0.0
488,29340.0,29340,24.392806665652124,24.392806665652124,168.63560353680614,0.0,24.392806752170518,8.65183944451423e-08,0.0
489,29400.0,29400,24.392806665469067,24.392806665469067,168.98116829768662,0.0,24.39280675195991,8.649084606909092e-08,0.0
490,29460.0,29460,24.39280666528585,24.39280666528585,169.32673305856454,0.0,24.392806751749106,8.646325479011603e-08,0.0
491,29520.0,29520,24.392806665102484,24.392806665102484,169.67229781943993,0.0,24.392806751538103,8.643562069011244e-08,0.0
492,29580.0,29580,24.39280666491896,24.39280666491896,170.01786258031277,0.0,24.392806751326905,8.640794385116465e-08,0.0
493,29640.0,29640,24.392806664735286,24.392806664735286,170.36342734118313,0.0,24.39280675111551,8.638022435549191e-08,0.0
494,29700.0,29700,24.39280666455146,24.39280666455146,170.70899210205093,0.0,24.392806750903922,8.635246228547565e-08,0.0
495,29760.0,29760,24.392806664367484,24.392806664367484,171.0545568629162,0.0,24.392806750692145,8.632465772363573e-08,0.0
496,29820.0,29820,24.39280666418336,24.39280666418336,171.40012162377894,0.0,24.39280675048017,8.629681075265419e-08,0.0
497,29880.0,29880,24.392806663999085,24.392806663999085,171.74568638463913,0.0,24.392806750268008,8.626892145534413e-08,0.0
498,29940.0,29940,24.392806663814664,24.392806663814664,172.09125114549678,0.0,24.392806750055655,8.624098991469005e-08,0.0
499,30000.0,30000,24.392806663630097,24.392806663630097,172.4368159063519,0.0,24.39280674984311,8.621301621383955e-08,0.0
500,30060.0,30060,24.392806663445384,24.392806663445384,172.78238066720445,0.0,24.392806749630385,8.61850004360585e-08,0.0
501,30120.0,30120,24.392806663260526,24.392806663260526,173.12794542805446,0.0,24.392806749417467,8.615694266475385e-08,0.0
502,30180.0,30180,24.392806663075525,24.392806663075525,173.47351018890197,0.0,24.392806749204365,8.612884298354247e-08,0.0
503,30240.0,30240,24.392806662890383,24.392806662890383,173.8190749497469,0.0,24.39280674899108,8.610070147612827e-08,0.0
504,30300.0,30300,24.392806662705095,24.392806662705095,174.16463971058926,0.0,24.392806748777613,8.607251822639752e-08,0.0
505,30360.0,30360,24.39280666251967,24.39280666251967,174.5102044714291,0.0,24.392806748563963,8.604429331836027e-08,0.0
506,30420.0,30420,24.392806662334106,24.392806662334106,174.8557692322663,0.0,24.392806748350132,8.601602683620982e-08,0.0
507,30480.0,30480,24.392806662148402,24.392806662148402,175.20133399310106,0.0,24.392806748136124,8.598771886426778e-08,0.0
508,30540.0,30540,24.392806661962563,24.392806661962563,175.5468987539332,0.0,24.39280674792193,8.595936948699321e-08,0.0
509,30600.0,30600,24.39280666177659,24.39280666177659,175.89246351476274,0.0,24.392806747707567,8.593097878902121e-08,0.0
510,30660.0,30660,24.392806661590477,24.392806661590477,176.23802827558976,0.0,24.392806747493022,8.590254685510868e-08,0.0
511,30720.0,30720,24.39280666140423,24.39280666140423,176.58359303641421,0.0,24.392806747278303,8.587407377015097e-08,0.0
512,30780.0,30780,24.39280666121785,24.39280666121785,176.9291577972361,0.0,24.39280674706341,8.584555961925967e-08,0.0
513,30840.0,30840,24.392806661031337,24.392806661031337,177.27472255805543,0.0,24.392806746848343,8.581700448759774e-08,0.0
514,30900.0,30900,24.3928066608447,24.3928066608447,177.62028731887213,0.0,24.392806746633106,8.578840846054346e-08,0.0
515,30960.0,30960,24.392806660657925,24.392806660657925,177.96585207968633,0.0,24.392806746417698,8.575977162358236e-08,0.0
516,31020.0,31020,24.39280666047102,24.39280666047102,178.31141684049788,0.0,24.392806746202115,8.573109406237687e-08,0.0
517,31080.0,31080,24.392806660283995,24.392806660283995,178.65698160130694,0.0,24.392806745986366,8.570237586270762e-08,0.0
518,31140.0,31140,24.392806660096834,24.392806660096834,179.00254636211338,0.0,24.392806745770454,8.567361711051929e-08,0.0
519,31200.0,31200,24.39280665990955,24.39280665990955,179.34811112291723,0.0,24.392806745554367,8.564481789189403e-08,0.0
520,31260.0,31260,24.392806659722144,24.392806659722144,179.6936758837185,0.0,24.39280674533812,8.561597829306796e-08,0.0
521,31320.0,31320,24.39280665953461,24.39280665953461,180.0392406445172,0.0,24.392806745121707,8.558709840040093e-08,0.0
522,31380.0,31380,24.392806659346952,24.392806659346952,180.3848054053133,0.0,24.392806744905133,8.555817830043515e-08,0.0
523,31440.0,31440,24.392806659159177,24.392806659159177,180.73037016610687,0.0,24.392806744688393,8.552921807980634e-08,0.0
524,31500.0,31500,24.392806658971278,24.392806658971278,181.07593492689776,0.0,24.392806744471493,8.550021782532798e-08,0.0
525,31560.0,31560,24.392806658783257,24.392806658783257,181.42149968768612,0.0,24.392806744254433,8.547117762396663e-08,0.0
526,31620.0,31620,24.39280665859512,24.39280665859512,181.7670644484719,0.0,24.392806744037212,8.544209756278963e-08,0.0
527,31680.0,31680,24.39280665840686,24.39280665840686,182.11262920925503,0.0,24.39280674381984,8.541297772906138e-08,0.0
528,31740.0,31740,24.392806658218483,24.392806658218483,182.4581939700356,0.0,24.392806743602303,8.538381821013428e-08,0.0
529,31800.0,31800,24.392806658029997,24.392806658029997,182.8037587308136,0.0,24.392806743384615,8.535461909355041e-08,0.0
530,31860.0,31860,24.392806657841387,24.392806657841387,183.14932349158894,0.0,24.39280674316677,8.532538046696734e-08,0.0
531,31920.0,31920,24.39280665765267,24.39280665765267,183.49488825236173,0.0,24.39280674294877,8.529610241818926e-08,0.0
532,31980.0,31980,24.392806657463836,24.392806657463836,183.84045301313193,0.0,24.39280674273062,8.526678503515509e-08,0.0
533,32040.0,32040,24.39280665727489,24.39280665727489,184.18601777389952,0.0,24.392806742512317,8.52374284059678e-08,0.0
534,32100.0,32100,24.39280665708583,24.39280665708583,184.53158253466447,0.0,24.392806742293867,8.520803261885316e-08,0.0
535,32160.0,32160,24.392806656896667,24.392806656896667,184.87714729542682,0.0,24.392806742075265,8.517859776217994e-08,0.0
536,32220.0,32220,24.392806656707393,24.392806656707393,185.22271205618662,0.0,24.392806741856514,8.514912392446534e-08,0.0
537,32280.0,32280,24.392806656518005,24.392806656518005,185.56827681694375,0.0,24.392806741637617,8.511961119435761e-08,0.0
538,32340.0,32340,24.392806656328514,24.392806656328514,185.9138415776983,0.0,24.39280674141857,8.509005966063884e-08,0.0
539,32400.0,32400,24.39280665613892,24.39280665613892,186.25940633845025,0.0,24.392806741199387,8.50604694122515e-08,0.0
540,32460.0,32460,24.39280665594921,24.39280665594921,186.6049710991996,0.0,24.392806740980053,8.503084053826815e-08,0.0
541,32520.0,32520,24.392806655759404,24.392806655759404,186.95053585994629,0.0,24.39280674076058,8.500117312786954e-08,0.0
542,32580.0,32580,24.392806655569494,24.392806655569494,187.2961006206904,0.0,24.392806740540962,8.497146727045087e-08,0.0
543,32640.0,32640,24.39280665537948,24.39280665537948,187.6416653814319,0.0,24.392806740321205,8.494172305545498e-08,0.0
544,32700.0,32700,24.392806655189364,24.392806655189364,187.98723014217074,0.0,24.392806740101307,8.491194057253e-08,0.0
545,32760.0,32760,24.392806654999152,24.392806654999152,188.33279490290698,0.0,24.392806739881273,8.488211991141665e-08,0.0
546,32820.0,32820,24.392806654808837,24.392806654808837,188.67835966364063,0.0,24.392806739661097,8.485226116203982e-08,0.0
547,32880.0,32880,24.392806654618422,24.392806654618422,189.0239244243716,0.0,24.39280673944079,8.482236441442342e-08,0.0
548,32940.0,32940,24.392806654427915,24.392806654427915,189.3694891851,0.0,24.392806739220344,8.479242975873703e-08,0.0
549,33000.0,33000,24.392806654237308,24.392806654237308,189.71505394582576,0.0,24.392806738999766,8.47624572852905e-08,0.0
550,33060.0,33060,24.392806654046606,24.392806654046606,190.06061870654892,0.0,24.392806738779054,8.473244708454944e-08,0.0
551,33120.0,33120,24.392806653855807,24.392806653855807,190.40618346726944,0.0,24.392806738558207,8.47023992470638e-08,0.0
552,33180.0,33180,24.392806653664916,24.392806653664916,190.75174822798726,0.0,24.392806738337228,8.467231386356043e-08,0.0
553,33240.0,33240,24.392806653473933,24.392806653473933,191.09731298870253,0.0,24.392806738116125,8.464219102491732e-08,0.0
554,33300.0,33300,24.39280665328286,24.39280665328286,191.44287774941515,0.0,24.39280673789489,8.461203082208036e-08,0.0
555,33360.0,33360,24.392806653091693,24.392806653091693,191.7884425101251,0.0,24.392806737673528,8.458183334620526e-08,0.0
556,33420.0,33420,24.39280665290044,24.39280665290044,192.13400727083246,0.0,24.39280673745204,8.455159868851557e-08,0.0
557,33480.0,33480,24.392806652709098,24.392806652709098,192.47957203153717,0.0,24.392806737230426,8.452132694043189e-08,0.0
558,33540.0,33540,24.392806652517667,24.392806652517667,192.82513679223925,0.0,24.392806737008684,8.449101819345271e-08,0.0
559,33600.0,33600,24.392806652326147,24.392806652326147,193.17070155293868,0.0,24.39280673678682,8.446067253926164e-08,0.0
560,33660.0,33660,24.392806652134542,24.392806652134542,193.5162663136355,0.0,24.392806736564832,8.443029006962111e-08,0.0
561,33720.0,33720,24.392806651942855,24.392806651942855,193.86183107432967,0.0,24.392806736342724,8.439987087646217e-08,0.0
562,33780.0,33780,24.39280665175108,24.39280665175108,194.20739583502123,0.0,24.392806736120498,8.436941505184146e-08,0.0
563,33840.0,33840,24.392806651559226,24.392806651559226,194.55296059571012,0.0,24.392806735898148,8.433892268795399e-08,0.0
564,33900.0,33900,24.39280665136729,24.39280665136729,194.89852535639636,0.0,24.392806735675684,8.430839387709738e-08,0.0
565,33960.0,33960,24.392806651175274,24.392806651175274,195.24409011707996,0.0,24.3928067354531,8.427782871172327e-08,0.0
566,34020.0,34020,24.392806650983175,24.392806650983175,195.58965487776092,0.0,24.3928067352304,8.424722728442624e-08,0.0
567,34080.0,34080,24.392806650790998,24.392806650790998,195.93521963843924,0.0,24.392806735007586,8.421658968789343e-08,0.0
568,34140.0,34140,24.39280665059874,24.39280665059874,196.2807843991149,0.0,24.392806734784656,8.418591601498339e-08,0.0
569,34200.0,34200,24.39280665040641,24.39280665040641,196.62634915978794,0.0,24.392806734561614,8.415520635866552e-08,0.0
570,34260.0,34260,24.392806650214,24.392806650214,196.97191392045832,0.0,24.39280673433846,8.412446081203298e-08,0.0
571,34320.0,34320,24.39280665002152,24.39280665002152,197.31747868112606,0.0,24.392806734115197,8.409367946830172e-08,0.0
572,34380.0,34380,24.39280664982896,24.39280664982896,197.66304344179116,0.0,24.39280673389182,8.406286242084533e-08,0.0
573,34440.0,34440,24.392806649636327,24.392806649636327,198.0086082024536,0.0,24.392806733668337,8.403200976315379e-08,0.0
574,34500.0,34500,24.39280664944362,24.39280664944362,198.35417296311334,0.0,24.392806733444743,8.400112158882062e-08,0.0
575,34560.0,34560,24.392806649250847,24.392806649250847,198.69973772377048,0.0,24.392806733221047,8.39701979916025e-08,0.0
576,34620.0,34620,24.392806649058006,24.392806649058006,199.04530248442495,0.0,24.392806732997244,8.39392390653624e-08,0.0
577,34680.0,34680,24.392806648865086,24.392806648865086,199.39086724507678,0.0,24.39280673277333,8.390824490409254e-08,0.0
578,34740.0,34740,24.392806648672103,24.392806648672103,199.7364320057259,0.0,24.39280673254932,8.387721560191983e-08,0.0
579,34800.0,34800,24.392806648479052,24.392806648479052,200.08199676637244,0.0,24.392806732325205,8.384615125309309e-08,0.0
580,34860.0,34860,24.392806648285934,24.392806648285934,200.42756152701628,0.0,24.392806732100986,8.38150519519766e-08,0.0
581,34920.0,34920,24.39280664809275,24.39280664809275,200.7731262876575,0.0,24.392806731876668,8.378391779307214e-08,0.0
582,34980.0,34980,24.3928066478995,24.3928066478995,201.11869104829603,0.0,24.39280673165225,8.375274887101708e-08,0.0
583,35040.0,35040,24.39280664770619,24.39280664770619,201.46425580893188,0.0,24.392806731427736,8.372154528055332e-08,0.0
584,35100.0,35100,24.392806647512817,24.392806647512817,201.8098205695651,0.0,24.392806731203123,8.36903071165501e-08,0.0
585,35160.0,35160,24.39280664731938,24.39280664731938,202.15538533019566,0.0,24.392806730978414,8.365903447400776e-08,0.0
586,35220.0,35220,24.39280664712588,24.39280664712588,202.50095009082355,0.0,24.39280673075361,8.362772744804116e-08,0.0
587,35280.0,35280,24.39280664693232,24.39280664693232,202.84651485144877,0.0,24.39280673052871,8.359638613390633e-08,0.0
588,35340.0,35340,24.392806646738705,24.392806646738705,203.19207961207132,0.0,24.392806730303715,8.356501062696924e-08,0.0
589,35400.0,35400,24.39280664654503,24.39280664654503,203.53764437269123,0.0,24.39280673007863,8.35336010227013e-08,0.0
590,35460.0,35460,24.392806646351296,24.392806646351296,203.88320913330844,0.0,24.392806729853454,8.350215741674066e-08,0.0
591,35520.0,35520,24.39280664615751,24.39280664615751,204.228773893923,0.0,24.392806729628187,8.347067990479519e-08,0.0
592,35580.0,35580,24.392806645963663,24.392806645963663,204.57433865453493,0.0,24.39280672940283,8.343916858274773e-08,0.0
593,35640.0,35640,24.392806645769763,24.392806645769763,204.91990341514415,0.0,24.392806729177387,8.340762354655268e-08,0.0
594,35700.0,35700,24.39280664557581,24.39280664557581,205.2654681757507,0.0,24.392806728951854,8.337604489231559e-08,0.0
595,35760.0,35760,24.392806645381807,24.392806645381807,205.6110329363546,0.0,24.39280672872624,8.33444327162502e-08,0.0
596,35820.0,35820,24.392806645187747,24.392806645187747,205.95659769695584,0.0,24.39280672850054,8.33127871146848e-08,0.0
597,35880.0,35880,24.39280664499364,24.39280664499364,206.30216245755437,0.0,24.392806728274746,8.328110818409521e-08,0.0
598,35940.0,35940,24.39280664479948,24.39280664479948,206.6477272181503,0.0,24.392806728048882,8.324939602103334e-08,0.0
599,36000.0,36000,24.392806644605276,24.392806644605276,206.99329197874349,0.0,24.392806727822926,8.321765072220689e-08,0.0
600,36060.0,36060,24.39280664441102,24.39280664441102,207.33885673933403,0.0,24.39280672759689,8.318587238442713e-08,0.0
601,36120.0,36120,24.39280664421672,24.39280664421672,207.6844214999219,0.0,24.39280672737078,8.315406110462079e-08,0.0
602,36180.0,36180,24.392806644022368,24.392806644022368,208.0299862605071,0.0,24.39280672714459,8.312221697983282e-08,0.0
603,36240.0,36240,24.392806643827978,24.392806643827978,208.37555102108962,0.0,24.39280672691832,8.30903401072255e-08,0.0
604,36300.0,36300,24.39280664363354,24.39280664363354,208.72111578166943,0.0,24.392806726691973,8.305843058408942e-08,0.0
605,36360.0,36360,24.39280664343906,24.39280664343906,209.06668054224662,0.0,24.392806726465547,8.302648850781505e-08,0.0
606,36420.0,36420,24.392806643244533,24.392806643244533,209.41224530282113,0.0,24.39280672623905,8.299451397589915e-08,0.0
607,36480.0,36480,24.39280664304997,24.39280664304997,209.75781006339292,0.0,24.392806726012477,8.296250708599248e-08,0.0
608,36540.0,36540,24.392806642855366,24.392806642855366,210.10337482396207,0.0,24.392806725785835,8.293046793583194e-08,0.0
609,36600.0,36600,24.39280664266072,24.39280664266072,210.44893958452855,0.0,24.392806725559115,8.289839662326349e-08,0.0
610,36660.0,36660,24.392806642466034,24.392806642466034,210.79450434509232,0.0,24.392806725332328,8.286629324627238e-08,0.0
611,36720.0,36720,24.39280664227131,24.39280664227131,211.14006910565345,0.0,24.39280672510547,8.28341579029337e-08,0.0
612,36780.0,36780,24.392806642076554,24.392806642076554,211.48563386621188,0.0,24.392806724878543,8.280199069146639e-08,0.0
613,36840.0,36840,24.39280664188176,24.39280664188176,211.83119862676762,0.0,24.39280672465155,8.276979171015265e-08,0.0
614,36900.0,36900,24.392806641686928,24.392806641686928,212.1767633873207,0.0,24.39280672442449,8.273756105742867e-08,0.0
615,36960.0,36960,24.39280664149206,24.39280664149206,212.5223281478711,0.0,24.39280672419736,8.270529883183139e-08,0.0
616,37020.0,37020,24.392806641297163,24.392806641297163,212.86789290841878,0.0,24.392806723970168,8.267300513201602e-08,0.0
617,37080.0,37080,24.39280664110223,24.39280664110223,213.21345766896383,0.0,24.392806723742908,8.264068005673307e-08,0.0
618,37140.0,37140,24.392806640907267,24.392806640907267,213.5590224295062,0.0,24.39280672351559,8.260832370485405e-08,0.0
619,37200.0,37200,24.392806640712273,24.392806640712273,213.90458719004587,0.0,24.39280672328821,8.257593617535581e-08,0.0
620,37260.0,37260,24.39280664051725,24.39280664051725,214.25015195058285,0.0,24.39280672306077,8.254351756732796e-08,0.0
621,37320.0,37320,24.392806640322195,24.392806640322195,214.5957167111172,0.0,24.392806722833264,8.251106797997651e-08,0.0
622,37380.0,37380,24.392806640127116,24.392806640127116,214.9412814716488,0.0,24.3928067226057,8.247858751259453e-08,0.0
623,37440.0,37440,24.392806639932008,24.392806639932008,215.28684623217777,0.0,24.392806722378083,8.244607626462262e-08,0.0
624,37500.0,37500,24.392806639736875,24.392806639736875,215.63241099270402,0.0,24.39280672215041,8.241353433557012e-08,0.0
625,37560.0,37560,24.392806639541714,24.392806639541714,215.9779757532276,0.0,24.392806721922675,8.238096182508661e-08,0.0
626,37620.0,37620,24.392806639346528,24.392806639346528,216.3235405137485,0.0,24.39280672169489,8.234835883289498e-08,0.0
627,37680.0,37680,24.39280663915132,24.39280663915132,216.66910527426674,0.0,24.392806721467046,8.231572545883358e-08,0.0
628,37740.0,37740,24.392806638956092,24.392806638956092,217.01467003478226,0.0,24.392806721239154,8.228306180288651e-08,0.0
629,37800.0,37800,24.392806638760838,24.392806638760838,217.3602347952951,0.0,24.39280672101121,8.225036796510381e-08,0.0
630,37860.0,37860,24.392806638565563,24.392806638565563,217.70579955580527,0.0,24.39280672078321,8.221764404564096e-08,0.0
631,37920.0,37920,24.392806638370274,24.392806638370274,218.05136431631274,0.0,24.39280672055516,8.218489014477806e-08,0.0
632,37980.0,37980,24.392806638174957,24.392806638174957,218.39692907681754,0.0,24.392806720327066,8.215210636288409e-08,0.0
633,38040.0,38040,24.39280663797963,24.39280663797963,218.74249383731967,0.0,24.392806720098918,8.211929280043713e-08,0.0
634,38100.0,38100,24.39280663778428,24.39280663778428,219.0880585978191,0.0,24.392806719870727,8.208644955804169e-08,0.0
635,38160.0,38160,24.39280663758891,24.39280663758891,219.43362335831583,0.0,24.392806719642486,8.205357673635181e-08,0.0
636,38220.0,38220,24.392806637393534,24.392806637393534,219.77918811880988,0.0,24.392806719414207,8.202067443618644e-08,0.0
637,38280.0,38280,24.392806637198138,24.392806637198138,220.12475287930124,0.0,24.39280671918588,8.198774275842784e-08,0.0
638,38340.0,38340,24.392806637002725,24.392806637002725,220.47031763978995,0.0,24.39280671895751,8.195478180405628e-08,0.0
639,38400.0,38400,24.392806636807304,24.392806636807304,220.81588240027597,0.0,24.392806718729094,8.192179167419959e-08,0.0
640,38460.0,38460,24.39280663661187,24.39280663661187,221.16144716075925,0.0,24.39280671850064,8.188877247002591e-08,0.0
641,38520.0,38520,24.392806636416424,24.392806636416424,221.5070119212399,0.0,24.392806718272148,8.185572429284182e-08,0.0
642,38580.0,38580,24.392806636220964,24.392806636220964,221.85257668171786,0.0,24.392806718043612,8.18226472440519e-08,0.0
643,38640.0,38640,24.392806636025497,24.392806636025497,222.19814144219308,0.0,24.392806717815038,8.178954142514235e-08,0.0
644,38700.0,38700,24.39280663583002,24.39280663583002,222.54370620266565,0.0,24.392806717586428,8.175640693773039e-08,0.0
645,38760.0,38760,24.392806635634535,24.392806635634535,222.88927096313554,0.0,24.392806717357782,8.172324388349097e-08,0.0
646,38820.0,38820,24.392806635439047,24.392806635439047,223.2348357236027,0.0,24.3928067171291,8.169005236423013e-08,0.0
647,38880.0,38880,24.39280663524355,24.39280663524355,223.58040048406724,0.0,24.39280671690038,8.165683248183636e-08,0.0
648,38940.0,38940,24.39280663504805,24.39280663504805,223.92596524452904,0.0,24.392806716671632,8.162358433829991e-08,0.0
649,39000.0,39000,24.39280663485254,24.39280663485254,224.2715300049882,0.0,24.39280671644285,8.159030803569623e-08,0.0
650,39060.0,39060,24.39280663465703,24.39280663465703,224.61709476544462,0.0,24.392806716214032,8.155700367623002e-08,0.0
651,39120.0,39120,24.392806634461515,24.392806634461515,224.96265952589837,0.0,24.39280671598519,8.152367136217467e-08,0.0
652,39180.0,39180,24.392806634266,24.392806634266,225.30822428634946,0.0,24.392806715756315,8.14903111958852e-08,0.0
653,39240.0,39240,24.392806634070485,24.392806634070485,225.65378904679784,0.0,24.39280671552741,8.145692327986506e-08,0.0
654,39300.0,39300,24.392806633874972,24.392806633874972,225.99935380724352,0.0,24.392806715298477,8.142350771665067e-08,0.0
655,39360.0,39360,24.392806633679452,24.392806633679452,226.34491856768653,0.0,24.39280671506952,8.1390064608905e-08,0.0
656,39420.0,39420,24.39280663348394,24.39280663348394,226.69048332812687,0.0,24.392806714840535,8.135659405937432e-08,0.0
657,39480.0,39480,24.392806633288426,24.392806633288426,227.0360480885645,0.0,24.392806714611524,8.132309617092597e-08,0.0
658,39540.0,39540,24.39280663309292,24.39280663309292,227.38161284899945,0.0,24.39280671438249,8.128957104647853e-08,0.0
659,39600.0,39600,24.39280663289741,24.39280663289741,227.72717760943172,0.0,24.392806714153433,8.12560187890835e-08,0.0
660,39660.0,39660,24.392806632701912,24.392806632701912,228.07274236986132,0.0,24.39280671392435,8.122243950183824e-08,0.0
661,39720.0,39720,24.39280663250642,24.39280663250642,228.4183071302882,0.0,24.39280671369525,8.118883328796377e-08,0.0
662,39780.0,39780,24.392806632310933,24.392806632310933,228.7638718907124,0.0,24.39280671346613,8.115520025077465e-08,0.0
663,39840.0,39840,24.392806632115448,24.392806632115448,229.10943665113393,0.0,24.392806713236993,8.112154049364311e-08,0.0
664,39900.0,39900,24.392806631919974,24.392806631919974,229.45500141155276,0.0,24.39280671300783,8.108785412007344e-08,0.0
665,39960.0,39960,24.392806631724515,24.392806631724515,229.80056617196894,0.0,24.392806712778654,8.105414123363308e-08,0.0
666,40020.0,40020,24.392806631529062,24.392806631529062,230.1461309323824,0.0,24.39280671254946,8.102040193797474e-08,0.0
667,40080.0,40080,24.392806631333617,24.392806631333617,230.49169569279317,0.0,24.39280671232025,8.098663633686752e-08,0.0
668,40140.0,40140,24.392806631138185,24.392806631138185,230.83726045320125,0.0,24.39280671209103,8.095284453412635e-08,0.0
669,40200.0,40200,24.392806630942765,24.392806630942765,231.1828252136067,0.0,24.39280671186179,8.091902663369448e-08,0.0
670,40260.0,40260,24.39280663074736,24.39280663074736,231.52838997400943,0.0,24.39280671163254,8.088518273957558e-08,0.0
671,40320.0,40320,24.392806630551966,24.392806630551966,231.8739547344095,0.0,24.39280671140328,8.085131295587513e-08,0.0
672,40380.0,40380,24.39280663035659,24.39280663035659,232.21951949480686,0.0,24.392806711174007,8.08174173867737e-08,0.0
673,40440.0,40440,24.39280663016123,24.39280663016123,232.56508425520155,0.0,24.392806710944726,8.078349613653073e-08,0.0
674,40500.0,40500,24.392806629965882,24.392806629965882,232.91064901559358,0.0,24.392806710715433,8.074954930951191e-08,0.0
675,40560.0,40560,24.392806629770558,24.392806629770558,233.25621377598287,0.0,24.392806710486134,8.071557701015722e-08,0.0
676,40620.0,40620,24.392806629575244,24.392806629575244,233.6017785363695,0.0,24.392806710256824,8.06815793429909e-08,0.0
677,40680.0,40680,24.392806629379955,24.392806629379955,233.94734329675347,0.0,24.39280671002751,8.064755641260783e-08,0.0
678,40740.0,40740,24.39280662918468,24.392806629184683,234.29290805713472,0.0,24.392806709798194,8.061350832369905e-08,0.0
679,40800.0,40800,24.39280662898943,24.39280662898943,234.6384728175133,0.0,24.392806709568866,8.05794351810427e-08,0.0
680,40860.0,40860,24.3928066287942,24.3928066287942,234.9840375778892,0.0,24.39280670933954,8.054533708949022e-08,0.0
681,40920.0,40920,24.392806628598994,24.392806628598994,235.32960233826242,0.0,24.39280670911021,8.051121415396824e-08,0.0
682,40980.0,40980,24.392806628403807,24.392806628403807,235.67516709863298,0.0,24.392806708880876,8.04770664795014e-08,0.0
683,41040.0,41040,24.392806628208646,24.392806628208646,236.02073185900085,0.0,24.392806708651545,8.04428941711895e-08,0.0
684,41100.0,41100,24.392806628013513,24.392806628013513,236.366296619366,0.0,24.39280670842221,8.040869733418461e-08,0.0
685,41160.0,41160,24.392806627818402,24.392806627818402,236.71186137972856,0.0,24.39280670819288,8.037447607375884e-08,0.0
686,41220.0,41220,24.39280662762332,24.39280662762332,237.0574261400884,0.0,24.392806707963548,8.034023049524388e-08,0.0
687,41280.0,41280,24.39280662742826,24.39280662742826,237.40299090044553,0.0,24.39280670773422,8.030596070402454e-08,0.0
688,41340.0,41340,24.39280662723323,24.39280662723323,237.7485556608,0.0,24.3928067075049,8.027166680563507e-08,0.0
689,41400.0,41400,24.39280662703823,24.39280662703823,238.0941204211518,0.0,24.392806707275575,8.023734890562432e-08,0.0
690,41460.0,41460,24.392806626843257,24.392806626843257,238.43968518150095,0.0,24.392806707046265,8.020300710962002e-08,0.0
691,41520.0,41520,24.392806626648316,24.392806626648316,238.78524994184744,0.0,24.39280670681696,8.016864152334425e-08,0.0
692,41580.0,41580,24.392806626453403,24.392806626453403,239.13081470219117,0.0,24.392806706587656,8.013425225260433e-08,0.0
693,41640.0,41640,24.392806626258526,24.392806626258526,239.47637946253232,0.0,24.392806706358364,8.009983940325251e-08,0.0
694,41700.0,41700,24.392806626063678,24.392806626063678,239.8219442228707,0.0,24.39280670612908,8.006540308125742e-08,0.0
695,41760.0,41760,24.392806625868865,24.392806625868865,240.16750898320646,0.0,24.392806705899805,8.003094339261425e-08,0.0
696,41820.0,41820,24.392806625674083,24.392806625674083,240.51307374353954,0.0,24.392806705670544,7.999646044342453e-08,0.0
697,41880.0,41880,24.39280662547934,24.39280662547934,240.8586385038699,0.0,24.392806705441295,7.996195433984017e-08,0.0
698,41940.0,41940,24.39280662528463,24.39280662528463,241.20420326419764,0.0,24.392806705212056,7.992742518811757e-08,0.0
699,42000.0,42000,24.39280662508996,24.39280662508996,241.5497680245227,0.0,24.39280670498283,7.989287309454153e-08,0.0
700,42060.0,42060,24.392806624895325,24.392806624895325,241.89533278484507,0.0,24.392806704753625,7.985829816552151e-08,0.0
701,42120.0,42120,24.392806624700725,24.392806624700725,242.2408975451648,0.0,24.39280670452443,7.982370050748346e-08,0.0
702,42180.0,42180,24.392806624506168,24.392806624506168,242.58646230548183,0.0,24.39280670429525,7.978908022696145e-08,0.0
703,42240.0,42240,24.392806624311653,24.392806624311653,242.9320270657962,0.0,24.392806704066086,7.975443743054915e-08,0.0
704,42300.0,42300,24.39280662411717,24.39280662411717,243.2775918261079,0.0,24.392806703836946,7.971977222488972e-08,0.0
705,42360.0,42360,24.392806623922738,24.392806623922738,243.62315658641694,0.0,24.392806703607818,7.96850847167271e-08,0.0
706,42420.0,42420,24.39280662372834,24.39280662372834,243.9687213467233,0.0,24.392806703378717,7.965037501285198e-08,0.0
707,42480.0,42480,24.392806623533986,24.392806623533986,244.31428610702702,0.0,24.39280670314963,7.961564322014032e-08,0.0
708,42540.0,42540,24.392806623339677,24.392806623339677,244.65985086732806,0.0,24.39280670292057,7.958088944550653e-08,0.0
709,42600.0,42600,24.392806623145415,24.392806623145415,245.0054156276264,0.0,24.39280670269153,7.954611379595852e-08,0.0
710,42660.0,42660,24.392806622951195,24.392806622951195,245.3509803879221,0.0,24.392806702462508,7.951131637856376e-08,0.0
711,42720.0,42720,24.39280662275702,24.39280662275702,245.69654514821516,0.0,24.392806702233518,7.947649730044836e-08,0.0
712,42780.0,42780,24.392806622562894,24.392806622562894,246.04210990850552,0.0,24.39280670200455,7.944165666879896e-08,0.0
713,42840.0,42840,24.392806622368813,24.392806622368813,246.38767466879324,0.0,24.39280670177561,7.940679459088648e-08,0.0
714,42900.0,42900,24.39280662217478,24.39280662217478,246.73323942907828,0.0,24.392806701546693,7.937191117401667e-08,0.0
715,42960.0,42960,24.392806621980796,24.3928066219808,247.07880418936065,0.0,24.392806701317802,7.933700652560893e-08,0.0
716,43020.0,43020,24.392806621786864,24.392806621786864,247.42436894964038,0.0,24.392806701088947,7.930208075308268e-08,0.0
717,43080.0,43080,24.392806621592978,24.392806621592978,247.76993370991747,0.0,24.392806700860117,7.9267133963959e-08,0.0
718,43140.0,43140,24.39280662139915,24.39280662139915,248.11549847019188,0.0,24.39280670063131,7.923216626581038e-08,0.0
719,43200.0,43200,24.392806621205366,24.392806621205366,248.46106323046365,0.0,24.392806700402545,7.919717776627158e-08,0.0
720,43260.0,43260,24.39280662101164,24.39280662101164,248.80662799073272,0.0,24.39280670017381,7.916216857301859e-08,0.0
721,43320.0,43320,24.392806620817964,24.392806620817964,249.15219275099918,0.0,24.392806699945105,7.912713879384108e-08,0.0
722,43380.0,43380,24.392806620624345,24.392806620624345,249.49775751126293,0.0,24.392806699716434,7.909208853652503e-08,0.0
723,43440.0,43440,24.39280662043078,24.39280662043078,249.84332227152407,0.0,24.3928066994878,7.905701790896457e-08,0.0
724,43500.0,43500,24.392806620237266,24.392806620237266,250.18888703178254,0.0,24.392806699259193,7.902192701905842e-08,0.0
725,43560.0,43560,24.392806620043817,24.392806620043817,250.53445179203837,0.0,24.39280669903063,7.898681597482623e-08,0.0
726,43620.0,43620,24.39280661985042,24.39280661985042,250.88001655229152,0.0,24.3928066988021,7.895168488430423e-08,0.0
727,43680.0,43680,24.39280661965708,24.39280661965708,251.22558131254203,0.0,24.392806698573615,7.891653385558265e-08,0.0
728,43740.0,43740,24.392806619463798,24.392806619463798,251.5711460727899,0.0,24.392806698345165,7.888136299683147e-08,0.0
729,43800.0,43800,24.39280661927058,24.39280661927058,251.9167108330351,0.0,24.392806698116754,7.884617241626651e-08,0.0
730,43860.0,43860,24.392806619077415,24.392806619077415,252.26227559327768,0.0,24.39280669788838,7.881096222214666e-08,0.0
731,43920.0,43920,24.39280661888432,24.39280661888432,252.6078403535176,0.0,24.39280669766005,7.877573252281143e-08,0.0
732,43980.0,43980,24.39280661869128,24.39280661869128,252.95340511375485,0.0,24.392806697431766,7.874048342662604e-08,0.0
733,44040.0,44040,24.3928066184983,24.3928066184983,253.29896987398948,0.0,24.39280669720352,7.870521504201249e-08,0.0
734,44100.0,44100,24.39280661830539,24.39280661830539,253.64453463422146,0.0,24.392806696975317,7.86699274774707e-08,0.0
735,44160.0,44160,24.392806618112537,24.392806618112537,253.99009939445077,0.0,24.39280669674716,7.863462084153267e-08,0.0
736,44220.0,44220,24.392806617919756,24.392806617919756,254.33566415467746,0.0,24.39280669651905,7.859929524278354e-08,0.0
737,44280.0,44280,24.392806617727036,24.392806617727036,254.68122891490148,0.0,24.392806696290986,7.856395078984969e-08,0.0
738,44340.0,44340,24.39280661753438,24.39280661753438,255.02679367512286,0.0,24.39280669606297,7.852858759142718e-08,0.0
739,44400.0,44400,24.39280661734179,24.39280661734179,255.3723584353416,0.0,24.392806695835,7.849320575625418e-08,0.0
740,44460.0,44460,24.392806617149276,24.392806617149276,255.71792319555774,0.0,24.392806695607078,7.84578053931349e-08,0.0
741,44520.0,44520,24.39280661695682,24.39280661695682,256.06348795577117,0.0,24.39280669537921,7.842238661087718e-08,0.0
742,44580.0,44580,24.39280661676444,24.39280661676444,256.409052715982,0.0,24.392806695151386,7.838694951837776e-08,0.0
743,44640.0,44640,24.392806616572123,24.392806616572123,256.7546174761902,0.0,24.392806694923618,7.835149422456456e-08,0.0
744,44700.0,44700,24.392806616379882,24.392806616379882,257.1001822363958,0.0,24.3928066946959,7.831602083842595e-08,0.0
745,44760.0,44760,24.392806616187706,24.392806616187706,257.44574699659876,0.0,24.392806694468238,7.828052946897051e-08,0.0
746,44820.0,44820,24.39280661599561,24.39280661599561,257.791311756799,0.0,24.392806694240626,7.824502022528743e-08,0.0
747,44880.0,44880,24.39280661580358,24.39280661580358,258.13687651699667,0.0,24.39280669401307,7.820949321648976e-08,0.0
748,44940.0,44940,24.392806615611626,24.392806615611626,258.48244127719175,0.0,24.392806693785573,7.817394855171527e-08,0.0
749,45000.0,45000,24.392806615419744,24.392806615419744,258.82800603738417,0.0,24.39280669355813,7.813838634019154e-08,0.0
750,45060.0,45060,24.392806615227933,24.392806615227936,259.1735707975739,0.0,24.39280669333074,7.810280669115627e-08,0.0
751,45120.0,45120,24.392806615036204,24.392806615036204,259.5191355577611,0.0,24.392806693103413,7.806720971391677e-08,0.0
752,45180.0,45180,24.39280661484455,24.39280661484455,259.8647003179456,0.0,24.392806692876142,7.803159551778586e-08,0.0
753,45240.0,45240,24.392806614652965,24.392806614652965,260.2102650781275,0.0,24.392806692648932,7.799596421215243e-08,0.0
754,45300.0,45300,24.392806614461463,24.392806614461463,260.55582983830675,0.0,24.39280669242178,7.796031590642462e-08,0.0
755,45360.0,45360,24.392806614270043,24.392806614270043,260.9013945984834,0.0,24.392806692194693,7.792465071007106e-08,0.0
756,45420.0,45420,24.392806614078697,24.392806614078697,261.2469593586574,0.0,24.392806691967667,7.788896873257503e-08,0.0
757,45480.0,45480,24.39280661388743,24.39280661388743,261.59252411882886,0.0,24.392806691740702,7.785327008348489e-08,0.0
758,45540.0,45540,24.392806613696244,24.392806613696244,261.93808887899763,0.0,24.3928066915138,7.781755487236275e-08,0.0
759,45600.0,45600,24.392806613505144,24.392806613505144,262.2836536391638,0.0,24.392806691286964,7.778182320882936e-08,0.0
760,45660.0,45660,24.392806613314118,24.392806613314118,262.6292183993273,0.0,24.392806691060194,7.774607520253572e-08,0.0
761,45720.0,45720,24.392806613123177,24.392806613123177,262.97478315948825,0.0,24.392806690833492,7.771031096318415e-08,0.0
762,45780.0,45780,24.392806612932322,24.392806612932322,263.32034791964657,0.0,24.39280669060685,7.767453060047791e-08,0.0
763,45840.0,45840,24.392806612741545,24.392806612741545,263.66591267980226,0.0,24.39280669038028,7.763873422419354e-08,0.0
764,45900.0,45900,24.392806612550856,24.392806612550856,264.01147743995534,0.0,24.392806690153776,7.760292194410851e-08,0.0
765,45960.0,45960,24.39280661236025,24.39280661236025,264.35704220010587,0.0,24.392806689927344,7.756709387007911e-08,0.0
766,46020.0,46020,24.392806612169732,24.392806612169732,264.7026069602537,0.0,24.392806689700983,7.753125011195342e-08,0.0
767,46080.0,46080,24.392806611979296,24.392806611979296,265.04817172039895,0.0,24.39280668947469,7.749539077963534e-08,0.0
768,46140.0,46140,24.392806611788952,24.392806611788952,265.3937364805416,0.0,24.392806689248467,7.745951598304899e-08,0.0
769,46200.0,46200,24.392806611598694,24.392806611598694,265.73930124068164,0.0,24.39280668902232,7.742362583216798e-08,0.0
770,46260.0,46260,24.392806611408524,24.392806611408524,266.0848660008191,0.0,24.392806688796245,7.738772043698882e-08,0.0
771,46320.0,46320,24.392806611218447,24.392806611218447,266.4304307609539,0.0,24.392806688570243,7.735179990753e-08,0.0
772,46380.0,46380,24.392806611028455,24.392806611028455,266.77599552108614,0.0,24.392806688344315,7.731586435385312e-08,0.0
773,46440.0,46440,24.39280661083855,24.39280661083855,267.12156028121575,0.0,24.392806688118466,7.727991388605274e-08,0.0
774,46500.0,46500,24.392806610648744,24.392806610648744,267.4671250413428,0.0,24.39280668789269,7.72439486142436e-08,0.0
775,46560.0,46560,24.392806610459026,24.392806610459026,267.81268980146723,0.0,24.392806687666994,7.720796864856058e-08,0.0
776,46620.0,46620,24.3928066102694,24.3928066102694,268.15825456158905,0.0,24.392806687441375,7.717197409918901e-08,0.0
777,46680.0,46680,24.39280661007987,24.39280661007987,268.5038193217083,0.0,24.392806687215835,7.713596507632244e-08,0.0
778,46740.0,46740,24.392806609890428,24.392806609890428,268.84938408182495,0.0,24.392806686990372,7.709994169018923e-08,0.0
779,46800.0,46800,24.392806609701086,24.392806609701086,269.194948841939,0.0,24.392806686764988,7.706390405105624e-08,0.0
780,46860.0,46860,24.392806609511837,24.392806609511837,269.54051360205045,0.0,24.392806686539693,7.702785226919312e-08,0.0
781,46920.0,46920,24.392806609322683,24.392806609322683,269.88607836215925,0.0,24.392806686314472,7.699178645492079e-08,0.0
782,46980.0,46980,24.392806609133633,24.392806609133633,270.23164312226555,0.0,24.39280668608934,7.695570671854645e-08,0.0
783,47040.0,47040,24.39280660894467,24.39280660894467,270.57720788236924,0.0,24.392806685864283,7.691961317044235e-08,0.0
784,47100.0,47100,24.39280660875581,24.39280660875581,270.92277264247036,0.0,24.392806685639314,7.688350592097344e-08,0.0
785,47160.0,47160,24.39280660856705,24.39280660856705,271.2683374025688,0.0,24.39280668541443,7.684738508055963e-08,0.0
786,47220.0,47220,24.392806608378383,24.392806608378383,271.6139021626648,0.0,24.392806685189633,7.681125075960984e-08,0.0
787,47280.0,47280,24.39280660818982,24.39280660818982,271.9594669227581,0.0,24.392806684964924,7.67751030685724e-08,0.0
788,47340.0,47340,24.392806608001358,24.392806608001358,272.3050316828489,0.0,24.3928066847403,7.673894211791672e-08,0.0
789,47400.0,47400,24.392806607812997,24.392806607812997,272.65059644293706,0.0,24.39280668451576,7.670276801811679e-08,0.0
790,47460.0,47460,24.392806607624735,24.392806607624735,272.9961612030227,0.0,24.392806684291315,7.666658087969427e-08,0.0
791,47520.0,47520,24.392806607436576,24.392806607436576,273.3417259631057,0.0,24.392806684066958,7.663038081317537e-08,0.0
792,47580.0,47580,24.392806607248524,24.392806607248524,273.68729072318615,0.0,24.39280668384269,7.65941679290909e-08,0.0
793,47640.0,47640,24.392806607060567,24.392806607060567,274.03285548326403,0.0,24.392806683618513,7.655794233799644e-08,0.0
794,47700.0,47700,24.39280660687272,24.39280660687272,274.37842024333935,0.0,24.39280668339443,7.652170415048603e-08,0.0
795,47760.0,47760,24.39280660668498,24.39280660668498,274.7239850034121,0.0,24.392806683170434,7.648545347715922e-08,0.0
796,47820.0,47820,24.392806606497345,24.392806606497345,275.06954976348226,0.0,24.392806682946535,7.644919042862011e-08,0.0
797,47880.0,47880,24.392806606309815,24.392806606309815,275.41511452354985,0.0,24.39280668272273,7.641291511549212e-08,0.0
798,47940.0,47940,24.39280660612239,24.39280660612239,275.7606792836149,0.0,24.392806682499018,7.637662764842791e-08,0.0
799,48000.0,48000,24.392806605935075,24.392806605935075,276.10624404367735,0.0,24.392806682275403,7.63403281380848e-08,0.0
800,48060.0,48060,24.39280660574787,24.39280660574787,276.45180880373726,0.0,24.392806682051887,7.630401669512005e-08,0.0
801,48120.0,48120,24.39280660556077,24.39280660556077,276.7973735637946,0.0,24.392806681828464,7.62676934302322e-08,0.0
802,48180.0,48180,24.39280660537378,24.39280660537378,277.14293832384936,0.0,24.39280668160514,7.623135845410327e-08,0.0
803,48240.0,48240,24.392806605186905,24.392806605186905,277.4885030839016,0.0,24.392806681381916,7.619501187745746e-08,0.0
804,48300.0,48300,24.392806605000136,24.392806605000136,277.8340678439513,0.0,24.39280668115879,7.615865381100612e-08,0.0
805,48360.0,48360,24.39280660481348,24.39280660481348,278.1796326039984,0.0,24.392806680935763,7.61222843654826e-08,0.0
806,48420.0,48420,24.392806604626934,24.392806604626937,278.525197364043,0.0,24.392806680712837,7.608590365162392e-08,0.0
807,48480.0,48480,24.3928066044405,24.3928066044405,278.870762124085,0.0,24.392806680490015,7.604951178016709e-08,0.0
808,48540.0,48540,24.392806604254183,24.392806604254183,279.21632688412444,0.0,24.39280668026729,7.601310886190322e-08,0.0
809,48600.0,48600,24.392806604067978,24.392806604067978,279.56189164416134,0.0,24.392806680044675,7.597669500757755e-08,0.0
810,48660.0,48660,24.39280660388189,24.39280660388189,279.9074564041957,0.0,24.392806679822158,7.594027032796744e-08,0.0
811,48720.0,48720,24.392806603695917,24.392806603695917,280.2530211642275,0.0,24.392806679599747,7.590383493384931e-08,0.0
812,48780.0,48780,24.392806603510056,24.392806603510056,280.59858592425684,0.0,24.392806679377443,7.586738893602341e-08,0.0
813,48840.0,48840,24.392806603324313,24.392806603324313,280.94415068428356,0.0,24.392806679155246,7.583093244527534e-08,0.0
814,48900.0,48900,24.392806603138684,24.392806603138684,281.28971544430783,0.0,24.39280667893315,7.579446557240809e-08,0.0
815,48960.0,48960,24.39280660295318,24.39280660295318,281.63528020432943,0.0,24.392806678711167,7.575798842821643e-08,0.0
816,49020.0,49020,24.392806602767788,24.392806602767788,281.9808449643486,0.0,24.39280667848929,7.572150112351893e-08,0.0
817,49080.0,49080,24.392806602582517,24.392806602582517,282.32640972436513,0.0,24.392806678267522,7.568500376912044e-08,0.0
818,49140.0,49140,24.392806602397368,24.392806602397368,282.67197448437923,0.0,24.39280667804586,7.564849647584595e-08,0.0
819,49200.0,49200,24.392806602212335,24.392806602212335,283.0175392443907,0.0,24.392806677824314,7.561197935449206e-08,0.0
820,49260.0,49260,24.392806602027424,24.392806602027424,283.36310400439976,0.0,24.392806677602877,7.557545251588741e-08,0.0
821,49320.0,49320,24.392806601842636,24.392806601842636,283.70866876440624,0.0,24.392806677381554,7.553891607085335e-08,0.0
822,49380.0,49380,24.392806601657966,24.392806601657966,284.05423352441017,0.0,24.392806677160337,7.550237013020663e-08,0.0
823,49440.0,49440,24.392806601473424,24.392806601473424,284.3997982844116,0.0,24.392806676939237,7.546581480475668e-08,0.0
824,49500.0,49500,24.392806601289003,24.392806601289003,284.74536304441045,0.0,24.39280667671825,7.542925020533673e-08,0.0
825,49560.0,49560,24.392806601104702,24.392806601104702,285.0909278044068,0.0,24.39280667649738,7.53926764427452e-08,0.0
826,49620.0,49620,24.392806600920533,24.392806600920533,285.4364925644006,0.0,24.392806676276624,7.53560936278016e-08,0.0
827,49680.0,49680,24.392806600736485,24.392806600736485,285.78205732439193,0.0,24.392806676055987,7.531950187132726e-08,0.0
828,49740.0,49740,24.392806600552557,24.392806600552557,286.12762208438073,0.0,24.392806675835462,7.528290128412334e-08,0.0
829,49800.0,49800,24.392806600368765,24.392806600368765,286.47318684436704,0.0,24.39280667561506,7.524629197698369e-08,0.0
830,49860.0,49860,24.392806600185093,24.392806600185096,286.81875160435084,0.0,24.39280667539477,7.520967406070398e-08,0.0
831,49920.0,49920,24.392806600001553,24.392806600001553,287.1643163643321,0.0,24.392806675174597,7.517304764610555e-08,0.0
832,49980.0,49980,24.392806599818137,24.392806599818137,287.5098811243109,0.0,24.392806674954553,7.513641284394924e-08,0.0
833,50040.0,50040,24.392806599634852,24.392806599634852,287.8554458842872,0.0,24.392806674734622,7.509976976503162e-08,0.0
834,50100.0,50100,24.392806599451696,24.392806599451696,288.2010106442609,0.0,24.392806674514816,7.506311852010991e-08,0.0
835,50160.0,50160,24.392806599268667,24.392806599268667,288.5465754042321,0.0,24.39280667429513,7.50264592199724e-08,0.0
836,50220.0,50220,24.392806599085773,24.392806599085773,288.89214016420084,0.0,24.392806674075562,7.498979197535249e-08,0.0
837,50280.0,50280,24.392806598903007,24.392806598903007,289.2377049241671,0.0,24.39280667385612,7.495311689702108e-08,0.0
838,50340.0,50340,24.392806598720373,24.392806598720373,289.5832696841308,0.0,24.392806673636805,7.491643409571244e-08,0.0
839,50400.0,50400,24.39280659853787,24.39280659853787,289.9288344440921,0.0,24.392806673417617,7.487974368214709e-08,0.0
840,50460.0,50460,24.392806598355502,24.392806598355502,290.27439920405084,0.0,24.39280667319855,7.484304576704831e-08,0.0
841,50520.0,50520,24.392806598173266,24.392806598173266,290.61996396400707,0.0,24.392806672979606,7.480634046112563e-08,0.0
842,50580.0,50580,24.392806597991164,24.392806597991164,290.9655287239609,0.0,24.39280667276079,7.476962787507205e-08,0.0
843,50640.0,50640,24.392806597809198,24.392806597809198,291.3110934839122,0.0,24.392806672542108,7.47329081195678e-08,0.0
844,50700.0,50700,24.392806597627366,24.392806597627366,291.656658243861,0.0,24.392806672323548,7.469618130528571e-08,0.0
845,50760.0,50760,24.39280659744567,24.39280659744567,292.00222300380733,0.0,24.392806672105117,7.465944754287669e-08,0.0
846,50820.0,50820,24.39280659726411,24.39280659726411,292.34778776375117,0.0,24.392806671886817,7.462270694299065e-08,0.0
847,50880.0,50880,24.392806597082686,24.392806597082686,292.6933525236925,0.0,24.392806671668644,7.45859596162455e-08,0.0
848,50940.0,50940,24.3928065969014,24.3928065969014,293.0389172836314,0.0,24.392806671450604,7.454920567325177e-08,0.0
849,51000.0,51000,24.39280659672025,24.39280659672025,293.3844820435678,0.0,24.392806671232695,7.451244522460808e-08,0.0
850,51060.0,51060,24.39280659653924,24.39280659653924,293.73004680350175,0.0,24.39280667101492,7.447567838088743e-08,0.0
851,51120.0,51120,24.392806596358373,24.392806596358373,294.0756115634332,0.0,24.392806670797274,7.443890525264719e-08,0.0
852,51180.0,51180,24.392806596177643,24.392806596177643,294.42117632336215,0.0,24.392806670579766,7.440212595043191e-08,0.0
853,51240.0,51240,24.392806595997047,24.392806595997047,294.7667410832887,0.0,24.39280667036239,7.4365340584766e-08,0.0
854,51300.0,51300,24.3928065958166,24.3928065958166,295.1123058432128,0.0,24.39280667014515,7.432854926613903e-08,0.0
855,51360.0,51360,24.392806595636294,24.392806595636294,295.4578706031344,0.0,24.392806669928046,7.429175210505525e-08,0.0
856,51420.0,51420,24.39280659545613,24.39280659545613,295.8034353630535,0.0,24.392806669711074,7.42549492119538e-08,0.0
857,51480.0,51480,24.392806595276102,24.392806595276102,296.1490001229702,0.0,24.392806669494245,7.421814069729858e-08,0.0
858,51540.0,51540,24.39280659509622,24.39280659509622,296.4945648828844,0.0,24.39280666927755,7.418132667148389e-08,0.0
859,51600.0,51600,24.392806594916483,24.392806594916483,296.84012964279617,0.0,24.39280666906099,7.414450724492136e-08,0.0
860,51660.0,51660,24.392806594736893,24.392806594736893,297.18569440270545,0.0,24.392806668844575,7.410768252798511e-08,0.0
861,51720.0,51720,24.39280659455744,24.39280659455744,297.5312591626123,0.0,24.3928066686283,7.407085263101716e-08,0.0
862,51780.0,51780,24.39280659437814,24.39280659437814,297.8768239225167,0.0,24.39280666841216,7.403401766435676e-08,0.0
863,51840.0,51840,24.392806594198987,24.392806594198987,298.22238868241874,0.0,24.39280666819616,7.399717773828546e-08,0.0
864,51900.0,51900,24.392806594019973,24.392806594019973,298.5679534423182,0.0,24.39280666798031,7.396033296309762e-08,0.0
865,51960.0,51960,24.39280659384111,24.39280659384111,298.91351820221524,0.0,24.392806667764592,7.392348344902437e-08,0.0
866,52020.0,52020,24.392806593662392,24.392806593662392,299.2590829621098,0.0,24.392806667549024,7.388662930629681e-08,0.0
867,52080.0,52080,24.392806593483826,24.392806593483826,299.604647722002,0.0,24.3928066673336,7.384977064510028e-08,0.0
868,52140.0,52140,24.39280659330541,24.39280659330541,299.95021248189175,0.0,24.392806667118318,7.381290757562465e-08,0.0
869,52200.0,52200,24.39280659312714,24.39280659312714,300.29577724177904,0.0,24.39280666690318,7.37760402079709e-08,0.0
870,52260.0,52260,24.39280659294902,24.39280659294902,300.641342001664,0.0,24.39280666668819,7.373916865227944e-08,0.0
871,52320.0,52320,24.392806592771052,24.392806592771052,300.9869067615464,0.0,24.392806666473344,7.370229301862375e-08,0.0
872,52380.0,52380,24.39280659259323,24.39280659259323,301.3324715214265,0.0,24.392806666258643,7.366541341704066e-08,0.0
873,52440.0,52440,24.392806592415564,24.392806592415564,301.678036281304,0.0,24.392806666044095,7.362852995754871e-08,0.0
874,52500.0,52500,24.39280659223805,24.39280659223805,302.0236010411792,0.0,24.392806665829692,7.359164275013612e-08,0.0
875,52560.0,52560,24.392806592060687,24.392806592060687,302.3691658010519,0.0,24.39280666561544,7.355475190476186e-08,0.0
876,52620.0,52620,24.392806591883478,24.392806591883478,302.71473056092225,0.0,24.392806665401334,7.351785753134269e-08,0.0
877,52680.0,52680,24.39280659170642,24.39280659170642,303.06029532079015,0.0,24.39280666518738,7.348095973976514e-08,0.0
878,52740.0,52740,24.39280659152952,24.39280659152952,303.4058600806556,0.0,24.39280666497358,7.344405863987543e-08,0.0
879,52800.0,52800,24.392806591352773,24.392806591352773,303.75142484051867,0.0,24.392806664759927,7.340715434149959e-08,0.0
880,52860.0,52860,24.39280659117618,24.39280659117618,304.0969896003793,0.0,24.392806664546427,7.337024695441603e-08,0.0
881,52920.0,52920,24.392806590999747,24.392806590999747,304.4425543602375,0.0,24.392806664333083,7.333333658838114e-08,0.0
882,52980.0,52980,24.392806590823465,24.392806590823465,304.78811912009337,0.0,24.392806664119888,7.329642335308257e-08,0.0
883,53040.0,53040,24.392806590647343,24.392806590647343,305.1336838799469,0.0,24.39280666390685,7.325950735822083e-08,0.0
884,53100.0,53100,24.392806590471377,24.392806590471377,305.47924863979785,0.0,24.392806663693968,7.322258871340749e-08,0.0
885,53160.0,53160,24.392806590295567,24.392806590295567,305.8248133996465,0.0,24.392806663481238,7.318566752825141e-08,0.0
886,53220.0,53220,24.392806590119918,24.392806590119918,306.17037815949277,0.0,24.392806663268665,7.314874391231285e-08,0.0
887,53280.0,53280,24.39280658994443,24.39280658994443,306.51594291933657,0.0,24.39280666305625,7.311181797509527e-08,0.0
888,53340.0,53340,24.3928065897691,24.3928065897691,306.8615076791781,0.0,24.392806662843988,7.30748898260847e-08,0.0
889,53400.0,53400,24.392806589593928,24.392806589593928,307.20707243901717,0.0,24.392806662631887,7.303795957472503e-08,0.0
890,53460.0,53460,24.39280658941892,24.39280658941892,307.5526371988538,0.0,24.392806662419947,7.300102733040513e-08,0.0
891,53520.0,53520,24.39280658924407,24.39280658924407,307.89820195868805,0.0,24.392806662208166,7.296409320248001e-08,0.0
892,53580.0,53580,24.392806589069384,24.392806589069384,308.24376671851996,0.0,24.392806661996538,7.292715730025788e-08,0.0
893,53640.0,53640,24.392806588894857,24.392806588894857,308.5893314783495,0.0,24.392806661785077,7.28902197330076e-08,0.0
894,53700.0,53700,24.392806588720493,24.392806588720493,308.93489623817663,0.0,24.392806661573772,7.285328060994941e-08,0.0
895,53760.0,53760,24.392806588546293,24.392806588546293,309.28046099800133,0.0,24.392806661362638,7.281634004027426e-08,0.0
896,53820.0,53820,24.39280658837226,24.39280658837226,309.6260257578237,0.0,24.392806661151656,7.277939813310066e-08,0.0
897,53880.0,53880,24.39280658819839,24.39280658819839,309.9715905176437,0.0,24.392806660940845,7.274245499752518e-08,0.0
898,53940.0,53940,24.39280658802468,24.39280658802468,310.3171552774613,0.0,24.39280666073019,7.270551074258751e-08,0.0
899,54000.0,54000,24.39280658785114,24.39280658785114,310.66272003727664,0.0,24.392806660519703,7.266856547729164e-08,0.0
900,54060.0,54060,24.392806587677764,24.392806587677764,311.0082847970895,0.0,24.392806660309382,7.263161931057188e-08,0.0
901,54120.0,54120,24.392806587504555,24.392806587504555,311.35384955690006,0.0,24.392806660099225,7.259467235134148e-08,0.0
902,54180.0,54180,24.392806587331513,24.392806587331513,311.69941431670827,0.0,24.39280665988924,7.255772470843762e-08,0.0
903,54240.0,54240,24.39280658715864,24.39280658715864,312.04497907651404,0.0,24.39280665967941,7.25207764906718e-08,0.0
904,54300.0,54300,24.39280658698593,24.39280658698593,312.3905438363175,0.0,24.39280665946976,7.248382780680055e-08,0.0
905,54360.0,54360,24.39280658681339,24.39280658681339,312.7361085961186,0.0,24.39280665926027,7.244687876551626e-08,0.0
906,54420.0,54420,24.39280658664102,24.39280658664102,313.08167335591725,0.0,24.39280665905095,7.240992947546639e-08,0.0
907,54480.0,54480,24.392806586468822,24.392806586468822,313.4272381157137,0.0,24.3928066588418,7.237298004525991e-08,0.0
908,54540.0,54540,24.39280658629679,24.39280658629679,313.77280287550775,0.0,24.39280665863282,7.233603058343155e-08,0.0
909,54600.0,54600,24.39280658612493,24.39280658612493,314.1183676352995,0.0,24.392806658424007,7.229908119848401e-08,0.0
910,54660.0,54660,24.39280658595324,24.39280658595324,314.4639323950888,0.0,24.39280665821537,7.226213199885486e-08,0.0
911,54720.0,54720,24.39280658578172,24.39280658578172,314.8094971548758,0.0,24.392806658006904,7.222518309293403e-08,0.0
912,54780.0,54780,24.392806585610376,24.392806585610376,315.1550619146605,0.0,24.39280665779861,7.218823458904459e-08,0.0
913,54840.0,54840,24.3928065854392,24.3928065854392,315.50062667444286,0.0,24.392806657590487,7.215128659546739e-08,0.0
914,54900.0,54900,24.392806585268197,24.392806585268197,315.8461914342228,0.0,24.39280665738254,7.211433922042924e-08,0.0
915,54960.0,54960,24.39280658509737,24.39280658509737,316.19175619400056,0.0,24.392806657174763,7.207739257207906e-08,0.0
916,55020.0,55020,24.392806584926717,24.392806584926717,316.53732095377586,0.0,24.392806656967167,7.204044675854194e-08,0.0
917,55080.0,55080,24.392806584756237,24.392806584756237,316.88288571354894,0.0,24.39280665675974,7.20035018878522e-08,0.0
918,55140.0,55140,24.392806584585934,24.392806584585934,317.22845047331964,0.0,24.39280665655249,7.196655806799837e-08,0.0
919,55200.0,55200,24.392806584415805,24.392806584415805,317.57401523308806,0.0,24.392806656345417,7.192961540694058e-08,0.0
920,55260.0,55260,24.392806584245854,24.392806584245854,317.91957999285415,0.0,24.392806656138525,7.189267401251706e-08,0.0
921,55320.0,55320,24.392806584076073,24.392806584076073,318.2651447526179,0.0,24.39280665593181,7.185573399256143e-08,0.0
922,55380.0,55380,24.392806583906474,24.392806583906474,318.6107095123794,0.0,24.39280665572527,7.181879545481753e-08,0.0
923,55440.0,55440,24.392806583737052,24.392806583737052,318.9562742721385,0.0,24.39280665551891,7.178185850698519e-08,0.0
924,55500.0,55500,24.392806583567808,24.392806583567808,319.3018390318953,0.0,24.39280665531273,7.17449232566827e-08,0.0
925,55560.0,55560,24.392806583398738,24.392806583398738,319.6474037916499,0.0,24.39280665510673,7.170798981148799e-08,0.0
926,55620.0,55620,24.392806583229856,24.392806583229856,319.99296855140216,0.0,24.392806654900912,7.167105827889103e-08,0.0
927,55680.0,55680,24.392806583061144,24.392806583061144,320.338533311152,0.0,24.39280665469527,7.163412876634054e-08,0.0
928,55740.0,55740,24.392806582892618,24.392806582892618,320.6840980708996,0.0,24.392806654489817,7.159720138122568e-08,0.0
929,55800.0,55800,24.392806582724265,24.392806582724265,321.02966283064495,0.0,24.392806654284545,7.156027623084214e-08,0.0
930,55860.0,55860,24.392806582556098,24.392806582556098,321.37522759038796,0.0,24.39280665407945,7.152335342243332e-08,0.0
931,55920.0,55920,24.392806582388115,24.392806582388115,321.72079235012876,0.0,24.392806653874544,7.148643306320237e-08,0.0
932,55980.0,55980,24.39280658222031,24.39280658222031,322.0663571098672,0.0,24.392806653669826,7.144951526023689e-08,0.0
933,56040.0,56040,24.392806582052685,24.392806582052685,322.41192186960336,0.0,24.39280665346529,7.141260012060163e-08,0.0
934,56100.0,56100,24.392806581885246,24.392806581885246,322.7574866293373,0.0,24.392806653260937,7.13756877512715e-08,0.0
935,56160.0,56160,24.392806581717988,24.392806581717988,323.10305138906887,0.0,24.392806653056766,7.133877825917008e-08,0.0
936,56220.0,56220,24.392806581550914,24.392806581550914,323.44861614879824,0.0,24.392806652852787,7.130187175111554e-08,0.0
937,56280.0,56280,24.392806581384026,24.392806581384026,323.79418090852533,0.0,24.392806652648996,7.126496833390137e-08,0.0
938,56340.0,56340,24.39280658121732,24.39280658121732,324.1397456682501,0.0,24.39280665244539,7.12280681142266e-08,0.0
939,56400.0,56400,24.392806581050806,24.392806581050806,324.48531042797265,0.0,24.392806652241976,7.119117119871698e-08,0.0
940,56460.0,56460,24.39280658088447,24.39280658088447,324.83087518769287,0.0,24.39280665203875,7.115427769394507e-08,0.0
941,56520.0,56520,24.392806580718325,24.392806580718325,325.17643994741087,0.0,24.392806651835713,7.111738770639548e-08,0.0
942,56580.0,56580,24.392806580552364,24.392806580552364,325.52200470712665,0.0,24.392806651632863,7.108050134249783e-08,0.0
943,56640.0,56640,24.39280658038659,24.39280658038659,325.8675694668401,0.0,24.392806651430206,7.10436187085809e-08,0.0
944,56700.0,56700,24.392806580221002,24.392806580221002,326.21313422655135,0.0,24.392806651227744,7.100673991092492e-08,0.0
945,56760.0,56760,24.392806580055602,24.392806580055602,326.5586989862603,0.0,24.39280665102547,7.09698650557469e-08,0.0
946,56820.0,56820,24.392806579890394,24.392806579890394,326.904263745967,0.0,24.39280665082339,7.093299424913733e-08,0.0
947,56880.0,56880,24.392806579725374,24.392806579725374,327.2498285056715,0.0,24.3928066506215,7.089612759716749e-08,0.0
948,56940.0,56940,24.392806579560542,24.392806579560542,327.5953932653737,0.0,24.392806650419804,7.085926520580052e-08,0.0
949,57000.0,57000,24.392806579395895,24.392806579395895,327.94095802507366,0.0,24.392806650218304,7.082240718093814e-08,0.0
950,57060.0,57060,24.392806579231443,24.392806579231443,328.28652278477136,0.0,24.392806650016997,7.078555362841699e-08,0.0
951,57120.0,57120,24.392806579067184,24.392806579067184,328.6320875444669,0.0,24.39280664981589,7.07487046539546e-08,0.0
952,57180.0,57180,24.392806578903112,24.392806578903112,328.97765230416013,0.0,24.392806649614975,7.071186036322264e-08,0.0
953,57240.0,57240,24.392806578739233,24.392806578739233,329.3232170638512,0.0,24.392806649414254,7.067502086181769e-08,0.0
954,57300.0,57300,24.39280657857555,24.39280657857555,329.66878182354,0.0,24.392806649213735,7.063818625523819e-08,0.0
955,57360.0,57360,24.392806578412053,24.392806578412053,330.0143465832265,0.0,24.392806649013412,7.06013566489313e-08,0.0
956,57420.0,57420,24.39280657824875,24.39280657824875,330.3599113429109,0.0,24.392806648813284,7.05645321482223e-08,0.0
957,57480.0,57480,24.392806578085644,24.392806578085644,330.70547610259297,0.0,24.392806648613355,7.052771285838604e-08,0.0
958,57540.0,57540,24.39280657792273,24.39280657792273,331.0510408622728,0.0,24.39280664841363,7.049089888461398e-08,0.0
959,57600.0,57600,24.39280657776001,24.39280657776001,331.3966056219506,0.0,24.392806648214098,7.045409033201051e-08,0.0
960,57660.0,57660,24.392806577597483,24.392806577597483,331.742170381626,0.0,24.392806648014773,7.04172873055994e-08,0.0
961,57720.0,57720,24.392806577435156,24.392806577435156,332.0877351412993,0.0,24.392806647815647,7.038048991031639e-08,0.0
962,57780.0,57780,24.39280657727302,24.39280657727302,332.4332999009703,0.0,24.39280664761672,7.034369825102028e-08,0.0
963,57840.0,57840,24.392806577111084,24.392806577111084,332.77886466063916,0.0,24.392806647418,7.030691243248185e-08,0.0
964,57900.0,57900,24.392806576949344,24.392806576949344,333.12442942030583,0.0,24.392806647219476,7.027013255937844e-08,0.0
965,57960.0,57960,24.392806576787798,24.392806576787798,333.4699941799703,0.0,24.39280664702116,7.02333587363342e-08,0.0
966,58020.0,58020,24.39280657662645,24.39280657662645,333.8155589396325,0.0,24.392806646823043,7.019659106784868e-08,0.0
967,58080.0,58080,24.392806576465308,24.392806576465308,334.1611236992926,0.0,24.392806646625132,7.015982965836271e-08,0.0
968,58140.0,58140,24.392806576304356,24.392806576304356,334.50668845895046,0.0,24.39280664642743,7.012307461222099e-08,0.0
969,58200.0,58200,24.392806576143602,24.392806576143602,334.8522532186062,0.0,24.39280664622993,7.008632603366272e-08,0.0
970,58260.0,58260,24.39280657598305,24.39280657598305,335.1978179782597,0.0,24.392806646032632,7.0049584026885e-08,0.0
971,58320.0,58320,24.392806575822696,24.392806575822696,335.54338273791103,0.0,24.392806645835545,7.001284869594015e-08,0.0
972,58380.0,58380,24.392806575662547,24.392806575662547,335.8889474975602,0.0,24.392806645638668,6.997612014483734e-08,0.0
973,58440.0,58440,24.392806575502597,24.392806575502597,336.23451225720714,0.0,24.392806645441993,6.99393984774841e-08,0.0
974,58500.0,58500,24.392806575342846,24.392806575342846,336.5800770168519,0.0,24.39280664524553,6.990268379767057e-08,0.0
975,58560.0,58560,24.392806575183293,24.392806575183293,336.9256417764945,0.0,24.39280664504927,6.986597620913745e-08,0.0
976,58620.0,58620,24.392806575023947,24.392806575023947,337.2712065361349,0.0,24.392806644853223,6.982927581550539e-08,0.0
977,58680.0,58680,24.392806574864803,24.392806574864803,337.6167712957732,0.0,24.392806644657387,6.979258272031434e-08,0.0
978,58740.0,58740,24.39280657470586,24.39280657470586,337.96233605540937,0.0,24.392806644461757,6.975589702701268e-08,0.0
979,58800.0,58800,24.392806574547123,24.392806574547123,338.3079008150433,0.0,24.39280664426634,6.97192188389543e-08,0.0
980,58860.0,58860,24.392806574388587,24.392806574388587,338.65346557467507,0.0,24.392806644071133,6.968254825940245e-08,0.0
981,58920.0,58920,24.392806574230256,24.392806574230256,338.9990303343047,0.0,24.392806643876142,6.964588539151767e-08,0.0
982,58980.0,58980,24.392806574072132,24.392806574072132,339.3445950939322,0.0,24.39280664368136,6.960923033838995e-08,0.0
983,59040.0,59040,24.39280657391421,24.39280657391421,339.69015985355753,0.0,24.392806643486793,6.957258320296635e-08,0.0
984,59100.0,59100,24.39280657375649,24.39280657375649,340.03572461318066,0.0,24.392806643292435,6.953594408814986e-08,0.0
985,59160.0,59160,24.392806573598982,24.392806573598982,340.3812893728018,0.0,24.392806643098297,6.949931309673907e-08,0.0
986,59220.0,59220,24.392806573441675,24.392806573441675,340.72685413242067,0.0,24.392806642904368,6.946269033139505e-08,0.0
987,59280.0,59280,24.392806573284577,24.392806573284577,341.0724188920375,0.0,24.392806642710656,6.942607589473217e-08,0.0
988,59340.0,59340,24.39280657312769,24.39280657312769,341.4179836516521,0.0,24.392806642517158,6.938946988923646e-08,0.0
989,59400.0,59400,24.392806572971008,24.392806572971008,341.76354841126465,0.0,24.392806642323876,6.935287241731055e-08,0.0
990,59460.0,59460,24.392806572814532,24.392806572814532,342.10911317087493,0.0,24.392806642130815,6.931628358125446e-08,0.0
991,59520.0,59520,24.392806572658262,24.392806572658262,342.45467793048323,0.0,24.392806641937966,6.927970348326646e-08,0.0
992,59580.0,59580,24.392806572502206,24.392806572502206,342.80024269008936,0.0,24.392806641745338,6.9243132225444e-08,0.0
993,59640.0,59640,24.39280657234636,24.39280657234636,343.14580744969334,0.0,24.392806641552927,6.920656990980021e-08,0.0
994,59700.0,59700,24.39280657219072,24.39280657219072,343.49137220929526,0.0,24.392806641360735,6.917001663821354e-08,0.0
995,59760.0,59760,24.39280657203529,24.39280657203529,343.83693696889503,0.0,24.39280664116876,6.9133472512501e-08,0.0
996,59820.0,59820,24.392806571880072,24.392806571880072,344.18250172849275,0.0,24.39280664097701,6.909693763435587e-08,0.0
997,59880.0,59880,24.392806571725064,24.392806571725064,344.52806648808826,0.0,24.392806640785476,6.906041210537434e-08,0.0
998,59940.0,59940,24.39280657157027,24.39280657157027,344.8736312476817,0.0,24.392806640594163,6.90238960270407e-08,0.0
999,60000.0,60000,24.392806571415683,24.392806571415683,345.2191960072731,0.0,24.392806640403073,6.898738950075684e-08,0.0
1000,60060.0,60060,24.39280657126131,24.39280657126131,345.5647607668624,0.0,24.392806640212203,6.895089262780089e-08,0.0
1001,60120.0,60120,24.39280657110715,24.39280657110715,345.9103255264495,0.0,24.392806640021558,6.8914405509352e-08,0.0
1002,60180.0,60180,24.3928065709532,24.3928065709532,346.2558902860346,0.0,24.392806639831132,6.887792824649403e-08,0.0
1003,60240.0,60240,24.392806570799472,24.392806570799472,346.6014550456176,0.0,24.39280663964093,6.884146094019718e-08,0.0
1004,60300.0,60300,24.392806570645952,24.392806570645952,346.9470198051985,0.0,24.392806639450953,6.880500369132531e-08,0.0
1005,60360.0,60360,24.392806570492642,24.392806570492642,347.2925845647773,0.0,24.392806639261202,6.876855660063787e-08,0.0
1006,60420.0,60420,24.392806570339552,24.392806570339552,347.6381493243541,0.0,24.392806639071672,6.873211976879436e-08,0.0
1007,60480.0,60480,24.392806570186675,24.392806570186675,347.98371408392876,0.0,24.392806638882373,6.869569329633332e-08,0.0
1008,60540.0,60540,24.39280657003402,24.39280657003402,348.3292788435014,0.0,24.39280663869329,6.865927728368884e-08,0.0
1009,60600.0,60600,24.392806569881568,24.392806569881568,348.6748436030719,0.0,24.392806638504442,6.862287183120881e-08,0.0
1010,60660.0,60660,24.39280656972934,24.39280656972934,349.02040836264035,0.0,24.392806638315818,6.858647703909361e-08,0.0
1011,60720.0,60720,24.392806569577328,24.392806569577328,349.3659731222067,0.0,24.392806638127425,6.855009300747396e-08,0.0
1012,60780.0,60780,24.392806569425534,24.392806569425534,349.7115378817711,0.0,24.392806637939255,6.85137198363486e-08,0.0
1013,60840.0,60840,24.392806569273954,24.392806569273954,350.05710264133336,0.0,24.392806637751317,6.847735762559439e-08,0.0
1014,60900.0,60900,24.392806569122598,24.392806569122598,350.40266740089356,0.0,24.392806637563606,6.844100647500294e-08,0.0
1015,60960.0,60960,24.392806568971455,24.392806568971455,350.74823216045166,0.0,24.392806637376122,6.84046664842559e-08,0.0
1016,61020.0,61020,24.392806568820532,24.392806568820532,351.0937969200077,0.0,24.39280663718887,6.836833775290478e-08,0.0
1017,61080.0,61080,24.39280656866983,24.39280656866983,351.4393616795618,0.0,24.39280663700185,6.833202038038743e-08,0.0
1018,61140.0,61140,24.392806568519344,24.392806568519344,351.7849264391138,0.0,24.392806636815056,6.829571446604184e-08,0.0
1019,61200.0,61200,24.39280656836908,24.39280656836908,352.1304911986638,0.0,24.392806636628496,6.82594201091015e-08,0.0
1020,61260.0,61260,24.392806568219033,24.392806568219033,352.47605595821176,0.0,24.39280663644217,6.822313740865508e-08,0.0
1021,61320.0,61320,24.392806568069208,24.392806568069208,352.8216207177576,0.0,24.392806636256076,6.818686646371797e-08,0.0
1022,61380.0,61380,24.392806567919607,24.392806567919607,353.1671854773015,0.0,24.392806636070212,6.815060737314607e-08,0.0
1023,61440.0,61440,24.392806567770226,24.392806567770226,353.5127502368433,0.0,24.392806635884586,6.81143602357128e-08,0.0
1024,61500.0,61500,24.392806567621065,24.392806567621065,353.85831499638306,0.0,24.39280663569919,6.807812515007703e-08,0.0
1025,61560.0,61560,24.392806567472128,24.392806567472128,354.20387975592087,0.0,24.392806635514027,6.804190221476016e-08,0.0
1026,61620.0,61620,24.39280656732341,24.39280656732341,354.54944451545657,0.0,24.3928066353291,6.800569152817634e-08,0.0
1027,61680.0,61680,24.39280656717492,24.39280656717492,354.89500927499034,0.0,24.392806635144414,6.796949318863254e-08,0.0
1028,61740.0,61740,24.39280656702665,24.39280656702665,355.240574034522,0.0,24.392806634959957,6.793330729431194e-08,0.0
1029,61800.0,61800,24.392806566878605,24.392806566878605,355.58613879405175,0.0,24.392806634775738,6.789713394325574e-08,0.0
1030,61860.0,61860,24.392806566730783,24.392806566730783,355.9317035535794,0.0,24.392806634591757,6.786097323344552e-08,0.0
1031,61920.0,61920,24.392806566583186,24.392806566583186,356.2772683131051,0.0,24.39280663440801,6.782482526268873e-08,0.0
1032,61980.0,61980,24.392806566435812,24.392806566435812,356.62283307262885,0.0,24.392806634224506,6.77886901286893e-08,0.0
1033,62040.0,62040,24.392806566288666,24.392806566288666,356.9683978321505,0.0,24.392806634041236,6.775256792904206e-08,0.0
1034,62100.0,62100,24.392806566141747,24.392806566141747,357.31396259167025,0.0,24.392806633858203,6.77164587612108e-08,0.0
1035,62160.0,62160,24.39280656599505,24.39280656599505,357.659527351188,0.0,24.392806633675413,6.768036272254934e-08,0.0
1036,62220.0,62220,24.392806565848584,24.392806565848584,358.00509211070374,0.0,24.392806633492864,6.764427991027219e-08,0.0
1037,62280.0,62280,24.39280656570234,24.39280656570234,358.35065687021756,0.0,24.392806633310553,6.760821042149486e-08,0.0
1038,62340.0,62340,24.392806565556324,24.392806565556324,358.6962216297293,0.0,24.39280663312848,6.757215435319635e-08,0.0
1039,62400.0,62400,24.392806565410538,24.392806565410538,359.04178638923906,0.0,24.392806632946648,6.75361118022264e-08,0.0
1040,62460.0,62460,24.39280656526498,24.39280656526498,359.38735114874686,0.0,24.392806632765062,6.750008286534679e-08,0.0
1041,62520.0,62520,24.39280656511965,24.39280656511965,359.7329159082527,0.0,24.392806632583714,6.746406763914882e-08,0.0
1042,62580.0,62580,24.392806564974546,24.392806564974546,360.07848066775665,0.0,24.39280663240261,6.7428066220123e-08,0.0
1043,62640.0,62640,24.39280656482967,24.39280656482967,360.42404542725853,0.0,24.39280663222175,6.739207870464986e-08,0.0
1044,62700.0,62700,24.392806564685028,24.392806564685028,360.7696101867584,0.0,24.392806632041133,6.735610518895961e-08,0.0
1045,62760.0,62760,24.392806564540614,24.392806564540614,361.11517494625645,0.0,24.392806631860758,6.732014576916515e-08,0.0
1046,62820.0,62820,24.392806564396427,24.392806564396427,361.46073970575253,0.0,24.392806631680628,6.728420054127768e-08,0.0
1047,62880.0,62880,24.392806564252474,24.392806564252474,361.80630446524657,0.0,24.392806631500743,6.724826960113243e-08,0.0
1048,62940.0,62940,24.39280656410875,24.39280656410875,362.15186922473873,0.0,24.392806631321104,6.721235304448395e-08,0.0
1049,63000.0,63000,24.39280656396526,24.39280656396526,362.4974339842289,0.0,24.39280663114171,6.717645096693653e-08,0.0
1050,63060.0,63060,24.392806563822,24.392806563822,362.8429987437172,0.0,24.39280663096256,6.714056346398537e-08,0.0
1051,63120.0,63120,24.39280656367897,24.39280656367897,363.1885635032035,0.0,24.39280663078366,6.71046906309754e-08,0.0
1052,63180.0,63180,24.392806563536173,24.392806563536173,363.5341282626879,0.0,24.392806630605005,6.706883256313237e-08,0.0
1053,63240.0,63240,24.39280656339361,24.39280656339361,363.87969302217033,0.0,24.3928066304266,6.703298935555285e-08,0.0
1054,63300.0,63300,24.39280656325128,24.39280656325128,364.22525778165084,0.0,24.39280663024844,6.699716110322156e-08,0.0
1055,63360.0,63360,24.392806563109183,24.392806563109183,364.5708225411294,0.0,24.39280663007053,6.69613479009702e-08,0.0
1056,63420.0,63420,24.39280656296732,24.39280656296732,364.91638730060606,0.0,24.39280662989287,6.69255498435058e-08,0.0
1057,63480.0,63480,24.392806562825694,24.392806562825694,365.2619520600808,0.0,24.39280662971546,6.688976702541078e-08,0.0
1058,63540.0,63540,24.392806562684296,24.392806562684296,365.60751681955367,0.0,24.392806629538295,6.685399954113833e-08,0.0
1059,63600.0,63600,24.39280656254314,24.39280656254314,365.95308157902457,0.0,24.392806629361385,6.681824748499776e-08,0.0
1060,63660.0,63660,24.39280656240221,24.39280656240221,366.2986463384936,0.0,24.392806629184722,6.67825109511847e-08,0.0
1061,63720.0,63720,24.392806562261523,24.392806562261523,366.64421109796064,0.0,24.392806629008312,6.674679003374729e-08,0.0
1062,63780.0,63780,24.39280656212107,24.39280656212107,366.9897758574259,0.0,24.392806628832155,6.671108482661631e-08,0.0
1063,63840.0,63840,24.39280656198085,24.39280656198085,367.33534061688914,0.0,24.39280662865625,6.667539542356859e-08,0.0
1064,63900.0,63900,24.39280656184087,24.39280656184087,367.68090537635055,0.0,24.392806628480596,6.663972191826458e-08,0.0
1065,63960.0,63960,24.39280656170113,24.39280656170113,368.02647013581003,0.0,24.392806628305195,6.660406440423182e-08,0.0
1066,64020.0,64020,24.392806561561624,24.392806561561624,368.37203489526763,0.0,24.392806628130046,6.656842297484757e-08,0.0
1067,64080.0,64080,24.392806561422354,24.392806561422354,368.7175996547234,0.0,24.392806627955153,6.653279772337544e-08,0.0
1068,64140.0,64140,24.392806561283326,24.392806561283326,369.0631644141772,0.0,24.392806627780512,6.649718874292599e-08,0.0
1069,64200.0,64200,24.392806561144532,24.392806561144532,369.4087291736291,0.0,24.392806627606127,6.64615961264952e-08,0.0
1070,64260.0,64260,24.39280656100598,24.39280656100598,369.75429393307917,0.0,24.392806627432,6.642601996690955e-08,0.0
1071,64320.0,64320,24.392806560867665,24.392806560867665,370.0998586925274,0.0,24.392806627258125,6.639046035689651e-08,0.0
1072,64380.0,64380,24.39280656072959,24.39280656072959,370.4454234519737,0.0,24.392806627084507,6.635491738903048e-08,0.0
1073,64440.0,64440,24.39280656059175,24.39280656059175,370.7909882114181,0.0,24.392806626911145,6.63193911557457e-08,0.0
1074,64500.0,64500,24.392806560454158,24.392806560454158,371.1365529708607,0.0,24.39280662673804,6.628388174933979e-08,0.0
1075,64560.0,64560,24.392806560316803,24.392806560316803,371.48211773030147,0.0,24.392806626565193,6.624838926198394e-08,0.0
1076,64620.0,64620,24.39280656017969,24.39280656017969,371.82768248974037,0.0,24.392806626392602,6.62129137856871e-08,0.0
1077,64680.0,64680,24.392806560042818,24.392806560042818,372.1732472491774,0.0,24.39280662622027,6.617745541235378e-08,0.0
1078,64740.0,64740,24.392806559906184,24.392806559906184,372.5188120086126,0.0,24.392806626048202,6.614201423372713e-08,0.0
1079,64800.0,64800,24.392806559769795,24.392806559769795,372.86437676804593,0.0,24.392806625876382,6.610659034140741e-08,0.0
1080,64860.0,64860,24.392806559633648,24.392806559633648,373.2099415274774,0.0,24.392806625704832,6.607118382687291e-08,0.0
1081,64920.0,64920,24.39280655949774,24.39280655949774,373.555506286907,0.0,24.392806625533538,6.603579478143426e-08,0.0
1082,64980.0,64980,24.39280655936208,24.39280655936208,373.9010710463348,0.0,24.3928066253625,6.600042329631042e-08,0.0
1083,65040.0,65040,24.392806559226656,24.392806559226656,374.2466358057608,0.0,24.392806625191728,6.596506946251598e-08,0.0
1084,65100.0,65100,24.392806559091483,24.392806559091483,374.59220056518495,0.0,24.392806625021215,6.59297333709794e-08,0.0
1085,65160.0,65160,24.39280655895655,24.39280655895655,374.93776532460726,0.0,24.392806624850966,6.589441511245406e-08,0.0
1086,65220.0,65220,24.392806558821864,24.392806558821864,375.2833300840277,0.0,24.392806624680976,6.585911477756597e-08,0.0
1087,65280.0,65280,24.392806558687415,24.392806558687415,375.6288948434464,0.0,24.39280662451125,6.582383245678993e-08,0.0
1088,65340.0,65340,24.392806558553218,24.392806558553218,375.97445960286325,0.0,24.392806624341784,6.578856824047885e-08,0.0
1089,65400.0,65400,24.392806558419263,24.392806558419263,376.3200243622782,0.0,24.392806624172586,6.575332221881424e-08,0.0
1090,65460.0,65460,24.392806558285553,24.392806558285553,376.6655891216915,0.0,24.392806624003647,6.57180944818484e-08,0.0
1091,65520.0,65520,24.392806558152092,24.392806558152092,377.0111538811029,0.0,24.392806623834975,6.568288511949433e-08,0.0
1092,65580.0,65580,24.392806558018872,24.392806558018872,377.3567186405125,0.0,24.39280662366657,6.564769422150554e-08,0.0
1093,65640.0,65640,24.3928065578859,24.3928065578859,377.70228339992036,0.0,24.392806623498426,6.561252187751462e-08,0.0
1094,65700.0,65700,24.39280655775318,24.39280655775318,378.04784815932635,0.0,24.392806623330547,6.557736817697907e-08,0.0
1095,65760.0,65760,24.392806557620702,24.392806557620702,378.39341291873063,0.0,24.392806623162933,6.55422332092455e-08,0.0
1096,65820.0,65820,24.392806557488473,24.392806557488473,378.7389776781331,0.0,24.392806622995586,6.550711706348273e-08,0.0
1097,65880.0,65880,24.39280655735649,24.39280655735649,379.08454243753374,0.0,24.39280662282851,6.547201982873679e-08,0.0
1098,65940.0,65940,24.392806557224755,24.392806557224755,379.4301071969326,0.0,24.392806622661695,6.543694159389514e-08,0.0
1099,66000.0,66000,24.39280655709327,24.39280655709327,379.7756719563297,0.0,24.39280662249515,6.54018824476986e-08,0.0
1100,66060.0,66060,24.392806556962032,24.392806556962032,380.12123671572505,0.0,24.392806622328873,6.536684247875331e-08,0.0
1101,66120.0,66120,24.39280655683104,24.39280655683104,380.46680147511864,0.0,24.392806622162865,6.533182177549305e-08,0.0
1102,66180.0,66180,24.3928065567003,24.3928065567003,380.81236623451036,0.0,24.39280662199712,6.529682042624902e-08,0.0
1103,66240.0,66240,24.39280655656981,24.39280655656981,381.1579309939004,0.0,24.39280662183165,6.526183851914616e-08,0.0
1104,66300.0,66300,24.39280655643957,24.39280655643957,381.50349575328863,0.0,24.39280662166645,6.52268761422013e-08,0.0
1105,66360.0,66360,24.39280655630958,24.392806556309583,381.8490605126751,0.0,24.392806621501514,6.519193338327455e-08,0.0
1106,66420.0,66420,24.392806556179842,24.392806556179842,382.1946252720599,0.0,24.39280662133685,6.515701033006746e-08,0.0
1107,66480.0,66480,24.39280655605035,24.39280655605035,382.54019003144293,0.0,24.392806621172458,6.512210707015052e-08,0.0
1108,66540.0,66540,24.392806555921112,24.392806555921112,382.88575479082414,0.0,24.392806621008337,6.50872236909302e-08,0.0
1109,66600.0,66600,24.392806555792124,24.392806555792124,383.23131955020364,0.0,24.392806620844485,6.505236027965531e-08,0.0
1110,66660.0,66660,24.39280655566339,24.39280655566339,383.5768843095814,0.0,24.392806620680908,6.501751692344179e-08,0.0
1111,66720.0,66720,24.392806555534907,24.392806555534907,383.9224490689574,0.0,24.392806620517604,6.498269370925433e-08,0.0
1112,66780.0,66780,24.392806555406676,24.392806555406676,384.26801382833173,0.0,24.392806620354566,6.494789072387895e-08,0.0
1113,66840.0,66840,24.392806555278696,24.392806555278696,384.6135785877043,0.0,24.392806620191806,6.491310805400452e-08,0.0
1114,66900.0,66900,24.392806555150973,24.392806555150973,384.9591433470751,0.0,24.39280662002932,6.487834578610267e-08,0.0
1115,66960.0,66960,24.3928065550235,24.3928065550235,385.30470810644425,0.0,24.392806619867102,6.484360400654882e-08,0.0
1116,67020.0,67020,24.392806554896282,24.392806554896282,385.65027286581164,0.0,24.392806619705166,6.48088828015342e-08,0.0
1117,67080.0,67080,24.392806554769315,24.392806554769315,385.99583762517733,0.0,24.392806619543496,6.477418225709423e-08,0.0
1118,67140.0,67140,24.392806554642604,24.392806554642604,386.3414023845413,0.0,24.392806619382107,6.4739502459147e-08,0.0
1119,67200.0,67200,24.392806554516145,24.392806554516145,386.68696714390353,0.0,24.392806619220988,6.47048434934154e-08,0.0
1120,67260.0,67260,24.392806554389942,24.392806554389942,387.0325319032641,0.0,24.39280661906015,6.467020544549404e-08,0.0
1121,67320.0,67320,24.392806554263995,24.392806554263995,387.3780966626229,0.0,24.392806618899584,6.463558840081711e-08,0.0
1122,67380.0,67380,24.392806554138303,24.392806554138303,387.72366142198007,0.0,24.392806618739293,6.460099244466029e-08,0.0
1123,67440.0,67440,24.392806554012868,24.392806554012868,388.0692261813355,0.0,24.392806618579282,6.456641766215992e-08,0.0
1124,67500.0,67500,24.392806553887684,24.392806553887684,388.41479094068933,0.0,24.39280661841955,6.453186413827917e-08,0.0
1125,67560.0,67560,24.392806553762757,24.39280655376276,388.76035570004143,0.0,24.392806618260092,6.449733195782353e-08,0.0
1126,67620.0,67620,24.39280655363809,24.39280655363809,389.1059204593919,0.0,24.39280661810091,6.446282120546561e-08,0.0
1127,67680.0,67680,24.392806553513676,24.392806553513676,389.4514852187406,0.0,24.39280661794201,6.442833196570668e-08,0.0
1128,67740.0,67740,24.39280655338952,24.39280655338952,389.79704997808756,0.0,24.392806617783386,6.439386432290226e-08,0.0
1129,67800.0,67800,24.392806553265622,24.392806553265622,390.14261473743295,0.0,24.39280661762504,6.435941836123374e-08,0.0
1130,67860.0,67860,24.39280655314198,24.39280655314198,390.4881794967767,0.0,24.392806617466977,6.432499416473588e-08,0.0
1131,67920.0,67920,24.3928065530186,24.3928065530186,390.83374425611873,0.0,24.39280661730919,6.429059181730322e-08,0.0
1132,67980.0,67980,24.392806552895472,24.392806552895472,391.1793090154591,0.0,24.392806617151685,6.425621140264335e-08,0.0
1133,68040.0,68040,24.392806552772605,24.392806552772605,391.5248737747979,0.0,24.39280661699446,6.422185300431903e-08,0.0
1134,68100.0,68100,24.392806552649997,24.392806552649997,391.8704385341349,0.0,24.392806616837515,6.418751670574917e-08,0.0
1135,68160.0,68160,24.392806552527645,24.392806552527645,392.21600329347035,0.0,24.39280661668085,6.415320259017853e-08,0.0
1136,68220.0,68220,24.392806552405556,24.392806552405556,392.5615680528041,0.0,24.392806616524467,6.411891074068599e-08,0.0
1137,68280.0,68280,24.392806552283723,24.392806552283723,392.90713281213624,0.0,24.392806616368365,6.40846412402157e-08,0.0
1138,68340.0,68340,24.392806552162153,24.392806552162153,393.25269757146674,0.0,24.392806616212546,6.405039417155238e-08,0.0
1139,68400.0,68400,24.392806552040838,24.392806552040838,393.5982623307956,0.0,24.392806616057012,6.401616961728642e-08,0.0
1140,68460.0,68460,24.39280655191979,24.39280655191979,393.94382709012274,0.0,24.392806615901755,6.398196765987809e-08,0.0
1141,68520.0,68520,24.392806551798998,24.392806551798998,394.28939184944835,0.0,24.392806615746785,6.394778838163002e-08,0.0
1142,68580.0,68580,24.392806551678465,24.392806551678465,394.63495660877226,0.0,24.392806615592097,6.391363186467804e-08,0.0
1143,68640.0,68640,24.392806551558195,24.392806551558195,394.9805213680946,0.0,24.392806615437692,6.387949819100312e-08,0.0
1144,68700.0,68700,24.392806551438188,24.392806551438188,395.32608612741535,0.0,24.392806615283575,6.384538744241023e-08,0.0
1145,68760.0,68760,24.39280655131844,24.39280655131844,395.6716508867344,0.0,24.39280661512974,6.381129970055314e-08,0.0
1146,68820.0,68820,24.392806551198955,24.392806551198955,396.01721564605197,0.0,24.392806614976188,6.377723504693261e-08,0.0
1147,68880.0,68880,24.392806551079733,24.392806551079733,396.3627804053678,0.0,24.392806614822927,6.374319356286694e-08,0.0
1148,68940.0,68940,24.39280655096077,24.39280655096077,396.7083451646821,0.0,24.392806614669944,6.37091753295471e-08,0.0
1149,69000.0,69000,24.39280655084207,24.39280655084207,397.0539099239948,0.0,24.39280661451725,6.367518042798352e-08,0.0
1150,69060.0,69060,24.392806550723638,24.392806550723638,397.39947468330587,0.0,24.392806614364847,6.364120893899962e-08,0.0
1151,69120.0,69120,24.39280655060546,24.39280655060546,397.74503944261534,0.0,24.392806614212724,6.360726094330065e-08,0.0
1152,69180.0,69180,24.392806550487553,24.392806550487553,398.09060420192327,0.0,24.39280661406089,6.357333652139937e-08,0.0
1153,69240.0,69240,24.392806550369908,24.392806550369908,398.43616896122955,0.0,24.392806613909343,6.353943575367198e-08,0.0
1154,69300.0,69300,24.392806550252526,24.392806550252526,398.7817337205343,0.0,24.392806613758083,6.35055587202986e-08,0.0
1155,69360.0,69360,24.392806550135404,24.392806550135404,399.12729847983746,0.0,24.39280661360711,6.347170550133465e-08,0.0
1156,69420.0,69420,24.392806550018552,24.392806550018552,399.4728632391391,0.0,24.39280661345643,6.343787617662573e-08,0.0
1157,69480.0,69480,24.39280654990196,24.39280654990196,399.81842799843906,0.0,24.39280661330603,6.340407082589551e-08,0.0
1158,69540.0,69540,24.392806549785636,24.392806549785636,400.1639927577375,0.0,24.392806613155923,6.337028952869081e-08,0.0
1159,69600.0,69600,24.392806549669576,24.392806549669576,400.50955751703435,0.0,24.39280661300611,6.333653236437514e-08,0.0
1160,69660.0,69660,24.39280654955378,24.39280654955378,400.8551222763297,0.0,24.392806612856578,6.330279941217822e-08,0.0
1161,69720.0,69720,24.392806549438248,24.392806549438248,401.2006870356234,0.0,24.392806612707343,6.326909075115103e-08,0.0
1162,69780.0,69780,24.392806549322987,24.392806549322987,401.54625179491563,0.0,24.392806612558392,6.32354064601732e-08,0.0
1163,69840.0,69840,24.39280654920799,24.39280654920799,401.89181655420623,0.0,24.392806612409736,6.320174661797772e-08,0.0
1164,69900.0,69900,24.392806549093258,24.392806549093258,402.2373813134954,0.0,24.392806612261367,6.316811130311061e-08,0.0
1165,69960.0,69960,24.392806548978793,24.392806548978793,402.58294607278293,0.0,24.39280661211329,6.313450059396026e-08,0.0
1166,70020.0,70020,24.39280654886459,24.39280654886459,402.928510832069,0.0,24.392806611965504,6.310091456876658e-08,0.0
1167,70080.0,70080,24.39280654875066,24.392806548750663,403.2740755913535,0.0,24.392806611818013,6.306735330557889e-08,0.0
1168,70140.0,70140,24.392806548636997,24.392806548636997,403.6196403506364,0.0,24.392806611670814,6.303381688228886e-08,0.0
1169,70200.0,70200,24.392806548523595,24.392806548523595,403.965205109918,0.0,24.392806611523906,6.300030537663507e-08,0.0
1170,70260.0,70260,24.39280654841047,24.39280654841047,404.3107698691978,0.0,24.392806611377285,6.29668188661692e-08,0.0
1171,70320.0,70320,24.392806548297607,24.392806548297607,404.6563346284762,0.0,24.39280661123096,6.293335742828802e-08,0.0
1172,70380.0,70380,24.39280654818501,24.39280654818501,405.0018993877531,0.0,24.392806611084932,6.289992114022149e-08,0.0
1173,70440.0,70440,24.392806548072684,24.392806548072684,405.34746414702846,0.0,24.392806610939193,6.286651007903556e-08,0.0
1174,70500.0,70500,24.392806547960625,24.392806547960625,405.69302890630235,0.0,24.39280661079375,6.28331243216156e-08,0.0
1175,70560.0,70560,24.392806547848835,24.392806547848835,406.0385936655747,0.0,24.392806610648602,6.279976394469392e-08,0.0
1176,70620.0,70620,24.392806547737315,24.392806547737315,406.38415842484557,0.0,24.392806610503747,6.276642902481226e-08,0.0
1177,70680.0,70680,24.392806547626066,24.392806547626066,406.72972318411496,0.0,24.392806610359184,6.27331196383895e-08,0.0
1178,70740.0,70740,24.392806547515082,24.392806547515082,407.0752879433828,0.0,24.39280661021492,6.269983586163099e-08,0.0
1179,70800.0,70800,24.39280654740437,24.39280654740437,407.4208527026492,0.0,24.39280661007095,6.266657777060006e-08,0.0
1180,70860.0,70860,24.392806803868645,-125.60719319613133,407.7664174619141,150.0,5.348446361910505e-08,125.60719324961579,0.0
1181,70920.0,70920,24.392806803883502,-125.60719319611648,405.6729642418449,150.0,5.3471345761230346e-08,125.60719324958782,0.0
1182,70980.0,70980,24.39280680389817,-125.60719319610183,403.57951102177594,150.0,5.345825565347857e-08,125.60719324956007,0.0
1183,71040.0,71040,24.39280680391265,-125.60719319608735,401.48605780170726,150.0,5.3445193336212866e-08,125.60719324953254,0.0
1184,71100.0,71100,24.392806803926945,-125.60719319607306,399.3926045816389,150.0,5.343215884952237e-08,125.6071932495052,0.0
1185,71160.0,71160,24.392806803941046,-125.60719319605894,397.2991513615708,150.0,5.3419152233224936e-08,125.60719324947809,0.0
1186,71220.0,71220,24.392806803954965,-125.60719319604503,395.2056981415029,150.0,5.340617352687264e-08,125.60719324945121,0.0
1187,71280.0,71280,24.3928068039687,-125.60719319603129,393.1122449214354,150.0,5.339322276975361e-08,125.6071932494245,0.0
1188,71340.0,71340,24.392806803982246,-125.60719319601776,391.018791701368,150.0,5.3380300000890214e-08,125.60719324939805,0.0
1189,71400.0,71400,24.392806803995608,-125.60719319600437,388.9253384813009,150.0,5.336740525903261e-08,125.60719324937178,0.0
1190,71460.0,71460,24.39280680400879,-125.6071931959912,386.83188526123405,150.0,5.335453858267618e-08,125.60719324934574,0.0
1191,71520.0,71520,24.39280680402178,-125.60719319597821,384.7384320411675,150.0,5.334170001004964e-08,125.60719324931992,0.0
1192,71580.0,71580,24.392806804034592,-125.6071931959654,382.64497882110123,150.0,5.332888957911589e-08,125.6071932492943,0.0
1193,71640.0,71640,24.392806804047222,-125.60719319595276,380.5515256010351,150.0,5.3316107327578495e-08,125.60719324926886,0.0
1194,71700.0,71700,24.392806804059664,-125.60719319594031,378.45807238096927,150.0,5.3303353292880734e-08,125.60719324924366,0.0
1195,71760.0,71760,24.392806804071924,-125.60719319592806,376.3646191609037,150.0,5.329062751219919e-08,125.60719324921868,0.0
1196,71820.0,71820,24.392806804084007,-125.60719319591597,374.2711659408384,150.0,5.3277930022462096e-08,125.60719324919391,0.0
1197,71880.0,71880,24.392806804095905,-125.60719319590407,372.17771272077323,150.0,5.3265260860320907e-08,125.60719324916934,0.0
1198,71940.0,71940,24.392806804107625,-125.60719319589238,370.08425950070836,150.0,5.325262006218603e-08,125.607193249145,0.0
1199,72000.0,72000,24.39280680411916,-125.60719319588084,367.99080628064365,150.0,5.3240007664190196e-08,125.60719324912084,0.0
1200,72060.0,72060,24.39280680413052,-125.60719319586948,365.8973530605792,150.0,5.322742370224069e-08,125.6071932490969,0.0
1201,72120.0,72120,24.392806804141696,-125.6071931958583,363.803899840515,150.0,5.321486821194693e-08,125.60719324907318,0.0
1202,72180.0,72180,24.392806804152695,-125.60719319584732,361.71044662045097,150.0,5.320234122869198e-08,125.60719324904966,0.0
1203,72240.0,72240,24.392806804163513,-125.60719319583649,359.6169934003872,150.0,5.3189842787603194e-08,125.60719324902632,0.0
1204,72300.0,72300,24.392806804174157,-125.60719319582583,357.52354018032366,150.0,5.3177372923513755e-08,125.6071932490032,0.0
1205,72360.0,72360,24.392806804184616,-125.60719319581536,355.43008696026027,150.0,5.316493167106163e-08,125.60719324898031,0.0
1206,72420.0,72420,24.3928068041949,-125.60719319580511,353.33663374019716,150.0,5.315251906459884e-08,125.60719324895763,0.0
1207,72480.0,72480,24.392806804205012,-125.60719319579499,351.2431805201341,150.0,5.314013513821531e-08,125.60719324893512,0.0
1208,72540.0,72540,24.39280680421494,-125.60719319578504,349.1497273000714,150.0,5.31277799257645e-08,125.60719324891282,0.0
1209,72600.0,72600,24.392806804585707,-115.607193195414,347.05627408000885,139.99999999999972,5.4550084216630446e-08,115.6071932499641,0.0
1210,72660.0,72660,24.39280654430931,24.39280654430931,345.12948752661555,0.0,24.39280660608048,6.177117157931323e-08,0.0
1211,72720.0,72720,24.392806544219326,24.392806544219326,345.47505228583884,0.0,24.392806605965877,6.174654610548947e-08,0.0
1212,72780.0,72780,24.392806544129506,24.392806544129506,345.8206170450609,0.0,24.392806605851437,6.172193451048561e-08,0.0
1213,72840.0,72840,24.392806544039832,24.392806544039832,346.16618180428173,0.0,24.39280660573717,6.169733688046171e-08,0.0
1214,72900.0,72900,24.392806543950318,24.392806543950318,346.51174656350145,0.0,24.392806605623072,6.167275330149626e-08,0.0
1215,72960.0,72960,24.39280654386096,24.39280654386096,346.85731132271985,0.0,24.392806605509143,6.164818385961915e-08,0.0
1216,73020.0,73020,24.392806543771755,24.392806543771755,347.2028760819371,0.0,24.392806605395386,6.16236286407687e-08,0.0
1217,73080.0,73080,24.392806543682706,24.392806543682706,347.54844084115314,0.0,24.392806605281795,6.159908773082629e-08,0.0
1218,73140.0,73140,24.392806543593817,24.392806543593817,347.894005600368,0.0,24.392806605168374,6.157456121559644e-08,0.0
1219,73200.0,73200,24.39280654350508,24.39280654350508,348.23957035958165,0.0,24.392806605055128,6.155004918081943e-08,0.0
1220,73260.0,73260,24.3928065434165,24.3928065434165,348.5851351187941,0.0,24.392806604942056,6.152555171213935e-08,0.0
1221,73320.0,73320,24.39280654332808,24.39280654332808,348.9306998780054,0.0,24.39280660482915,6.150106889516271e-08,0.0
1222,73380.0,73380,24.392806543239814,24.392806543239814,349.2762646372155,0.0,24.392806604716416,6.147660081540619e-08,0.0
1223,73440.0,73440,24.392806543151707,24.392806543151707,349.6218293964244,0.0,24.39280660460386,6.1452147558304e-08,0.0
1224,73500.0,73500,24.39280654306376,24.39280654306376,349.9673941556321,0.0,24.39280660449147,6.142770920923996e-08,0.0
1225,73560.0,73560,24.392806542975965,24.392806542975965,350.3129589148386,0.0,24.392806604379253,6.140328585350988e-08,0.0
1226,73620.0,73620,24.39280654288833,24.39280654288833,350.6585236740439,0.0,24.39280660426721,6.137887757633167e-08,0.0
1227,73680.0,73680,24.392806542800855,24.392806542800855,351.00408843324806,0.0,24.39280660415534,6.135448446286462e-08,0.0
1228,73740.0,73740,24.39280654271354,24.39280654271354,351.349653192451,0.0,24.392806604043646,6.133010659818094e-08,0.0
1229,73800.0,73800,24.39280654262638,24.39280654262638,351.6952179516528,0.0,24.392806603932122,6.130574406729599e-08,0.0
1230,73860.0,73860,24.392806542539383,24.392806542539383,352.04078271085336,0.0,24.39280660382078,6.128139695513169e-08,0.0
1231,73920.0,73920,24.39280654245254,24.39280654245254,352.38634747005284,0.0,24.392806603709605,6.125706534654118e-08,0.0
1232,73980.0,73980,24.392806542365857,24.392806542365857,352.7319122292511,0.0,24.392806603598604,6.123274932631443e-08,0.0
1233,74040.0,74040,24.392806542279335,24.392806542279335,353.07747698844827,0.0,24.392806603487784,6.120844897914145e-08,0.0
1234,74100.0,74100,24.39280654219297,24.39280654219297,353.4230417476442,0.0,24.392806603377135,6.118416438966921e-08,0.0
1235,74160.0,74160,24.392806542106772,24.392806542106772,353.76860650683903,0.0,24.392806603266667,6.115989564243836e-08,0.0
1236,74220.0,74220,24.39280654202073,24.39280654202073,354.1141712660326,0.0,24.39280660315637,6.1135642821941e-08,0.0
1237,74280.0,74280,24.392806541934846,24.392806541934846,354.4597360252251,0.0,24.392806603046253,6.111140601256927e-08,0.0
1238,74340.0,74340,24.392806541849122,24.392806541849122,354.80530078441643,0.0,24.392806602936307,6.108718529865948e-08,0.0
1239,74400.0,74400,24.392806541763566,24.392806541763566,355.1508655436065,0.0,24.392806602826543,6.106298076445718e-08,0.0
1240,74460.0,74460,24.392806541678162,24.392806541678162,355.49643030279555,0.0,24.392806602716956,6.103879249413641e-08,0.0
1241,74520.0,74520,24.392806541592925,24.392806541592925,355.8419950619834,0.0,24.392806602607543,6.101462057179977e-08,0.0
1242,74580.0,74580,24.392806541507845,24.392806541507845,356.1875598211701,0.0,24.392806602498315,6.099046508146094e-08,0.0
1243,74640.0,74640,24.392806541422928,24.392806541422928,356.5331245803556,0.0,24.392806602389257,6.096632610706303e-08,0.0
1244,74700.0,74700,24.392806541338178,24.392806541338178,356.8786893395401,0.0,24.39280660228038,6.094220373247766e-08,0.0
1245,74760.0,74760,24.392806541253584,24.392806541253584,357.2242540987234,0.0,24.39280660217168,6.091809804149581e-08,0.0
1246,74820.0,74820,24.39280654116915,24.39280654116915,357.5698188579055,0.0,24.392806602063164,6.089400911781135e-08,0.0
1247,74880.0,74880,24.392806541084884,24.392806541084884,357.9153836170865,0.0,24.39280660195482,6.086993704507773e-08,0.0
1248,74940.0,74940,24.392806541000777,24.392806541000777,358.26094837626636,0.0,24.392806601846658,6.084588190684127e-08,0.0
1249,75000.0,75000,24.392806540916833,24.392806540916833,358.606513135445,0.0,24.39280660173868,6.082184378657036e-08,0.0
1250,75060.0,75060,24.39280654083305,24.39280654083305,358.9520778946226,0.0,24.392806601630877,6.07978227676747e-08,0.0
1251,75120.0,75120,24.392806540749433,24.392806540749433,359.2976426537992,0.0,24.39280660152325,6.07738189334614e-08,0.0
1252,75180.0,75180,24.392806540665976,24.392806540665976,359.64320741297445,0.0,24.39280660141581,6.07498323671807e-08,0.0
1253,75240.0,75240,24.392806540582686,24.392806540582686,359.98877217214874,0.0,24.392806601308553,6.072586315199121e-08,0.0
1254,75300.0,75300,24.392806540499556,24.392806540499556,360.33433693132184,0.0,24.39280660120147,6.070191137096634e-08,0.0
1255,75360.0,75360,24.392806540416593,24.392806540416593,360.6799016904938,0.0,24.39280660109457,6.06779771071089e-08,0.0
1256,75420.0,75420,24.392806540333794,24.392806540333794,361.0254664496647,0.0,24.392806600987853,6.065406044334562e-08,0.0
1257,75480.0,75480,24.392806540251158,24.392806540251158,361.37103120883455,0.0,24.392806600881315,6.063016146252537e-08,0.0
1258,75540.0,75540,24.39280654016868,24.39280654016868,361.7165959680032,0.0,24.39280660077496,6.060628024739435e-08,0.0
1259,75600.0,75600,24.392806540086376,24.392806540086376,362.06216072717075,0.0,24.39280660066879,6.058241688065385e-08,0.0
1260,75660.0,75660,24.39280654000423,24.39280654000423,362.4077254863372,0.0,24.3928066005628,6.055857144488144e-08,0.0
1261,75720.0,75720,24.39280653992225,24.39280653992225,362.75329024550257,0.0,24.392806600456993,6.053474402261712e-08,0.0
1262,75780.0,75780,24.392806539840432,24.392806539840432,363.09885500466675,0.0,24.392806600351367,6.05109346962946e-08,0.0
1263,75840.0,75840,24.392806539758784,24.392806539758784,363.44441976382984,0.0,24.392806600245926,6.048714354827697e-08,0.0
1264,75900.0,75900,24.392806539677295,24.392806539677295,363.78998452299186,0.0,24.392806600140666,6.046337066083939e-08,0.0
1265,75960.0,75960,24.392806539595977,24.392806539595977,364.1355492821528,0.0,24.392806600035588,6.043961611617359e-08,0.0
1266,76020.0,76020,24.39280653951482,24.39280653951482,364.48111404131265,0.0,24.3928065999307,6.041587999640349e-08,0.0
1267,76080.0,76080,24.39280653943383,24.39280653943383,364.8266788004714,0.0,24.39280659982599,6.039216238356045e-08,0.0
1268,76140.0,76140,24.392806539353003,24.392806539353003,365.17224355962907,0.0,24.392806599721464,6.03684633595952e-08,0.0
1269,76200.0,76200,24.392806539272346,24.392806539272343,365.5178083187857,0.0,24.392806599617124,6.034478300639058e-08,0.0
1270,76260.0,76260,24.39280653919185,24.39280653919185,365.8633730779411,0.0,24.39280659951297,6.032112140571863e-08,0.0
1271,76320.0,76320,24.392806539111522,24.392806539111522,366.2089378370955,0.0,24.392806599409003,6.029747863929727e-08,0.0
1272,76380.0,76380,24.392806539031362,24.392806539031362,366.5545025962489,0.0,24.392806599305214,6.02738547887491e-08,0.0
1273,76440.0,76440,24.392806538951366,24.392806538951366,366.9000673554011,0.0,24.392806599201613,6.025024993561425e-08,0.0
1274,76500.0,76500,24.392806538871532,24.392806538871532,367.2456321145524,0.0,24.3928065990982,6.022666416135038e-08,0.0
1275,76560.0,76560,24.39280653879187,24.39280653879187,367.5911968737025,0.0,24.392806598994966,6.020309754734089e-08,0.0
1276,76620.0,76620,24.392806538712374,24.392806538712374,367.9367616328515,0.0,24.392806598891923,6.017955017487664e-08,0.0
1277,76680.0,76680,24.392806538633042,24.392806538633042,368.2823263919995,0.0,24.392806598789065,6.015602212517334e-08,0.0
1278,76740.0,76740,24.392806538553877,24.392806538553877,368.6278911511464,0.0,24.39280659868639,6.013251347935502e-08,0.0
1279,76800.0,76800,24.39280653847488,24.39280653847488,368.9734559102923,0.0,24.392806598583906,6.01090243184651e-08,0.0
1280,76860.0,76860,24.39280653839605,24.39280653839605,369.31902066943707,0.0,24.392806598481606,6.008555472347457e-08,0.0
1281,76920.0,76920,24.392806538317384,24.392806538317384,369.6645854285808,0.0,24.39280659837949,6.006210477525729e-08,0.0
1282,76980.0,76980,24.39280653823889,24.39280653823889,370.0101501877235,0.0,24.392806598277566,6.003867455460372e-08,0.0
1283,77040.0,77040,24.39280653816056,24.39280653816056,370.35571494686513,0.0,24.392806598175824,6.001526414223469e-08,0.0
1284,77100.0,77100,24.39280680846071,-275.60719319153924,370.70127970600566,300.0,6.548512257953817e-08,275.6071932570244,0.0
1285,77160.0,77160,24.3928068084699,-275.60719319153014,366.10782648598297,300.0,6.547897612159349e-08,275.6071932570091,0.0
1286,77220.0,77220,24.392806808478962,-275.607193191521,361.5143732659604,300.0,6.547292694957578e-08,275.6071932569939,0.0
1287,77280.0,77280,24.392806808487908,-275.6071931915121,356.9209200459381,300.0,6.546697505982284e-08,275.6071932569791,0.0
1288,77340.0,77340,24.392806808496726,-275.60719319150326,352.32746682591585,300.0,6.546112044862936e-08,275.60719325696436,0.0
1289,77400.0,77400,24.392806808505416,-275.60719319149456,347.73401360589384,300.0,6.545536311227633e-08,275.6071932569499,0.0
1290,77460.0,77460,24.39280680851399,-275.607193191486,343.140560385872,300.0,6.544970304703921e-08,275.6071932569357,0.0
1291,77520.0,77520,24.392806808522437,-275.60719319147756,338.54710716585026,300.0,6.544414024915038e-08,275.60719325692173,0.0
1292,77580.0,77580,24.392806808530764,-275.6071931914692,333.95365394582865,300.0,6.543867471485416e-08,275.6071932569079,0.0
1293,77640.0,77640,24.392806808538968,-275.607193191461,329.36020072580726,300.0,6.543330644038662e-08,275.60719325689433,0.0
1294,77700.0,77700,24.39280680854705,-275.6071931914529,324.766747505786,300.0,6.54280354219682e-08,275.607193256881,0.0
1295,77760.0,77760,24.39280680855501,-275.607193191445,320.1732942857649,300.0,6.542286165581118e-08,275.60719325686784,0.0
1296,77820.0,77820,24.39280680384266,-40.60719319615748,315.5798410657439,65.00000000000014,7.219258014187723e-08,40.60719326835006,0.0
1297,77880.0,77880,24.39280653718147,24.39280653718147,314.90305451229403,0.0,24.392806596895472,5.971400041582618e-08,0.0
1298,77940.0,77940,24.392806537118872,24.392806537118872,315.2486192714215,0.0,24.392806596813106,5.969423301130964e-08,0.0
1299,78000.0,78000,24.392806537056387,24.392806537056387,315.59418403054815,0.0,24.392806596730868,5.967447952444565e-08,0.0
1300,78060.0,78060,24.39280653699402,24.39280653699402,315.93974878967396,0.0,24.39280659664876,5.965474003205086e-08,0.0
1301,78120.0,78120,24.392806536931776,24.392806536931776,316.2853135487989,0.0,24.39280659656679,5.96350146109465e-08,0.0
1302,78180.0,78180,24.392806536869646,24.392806536869646,316.63087830792307,0.0,24.39280659648495,5.961530333792354e-08,0.0
1303,78240.0,78240,24.392806536807637,24.392806536807637,316.9764430670463,0.0,24.392806596403243,5.95956062897684e-08,0.0
1304,78300.0,78300,24.392806536745745,24.392806536745745,317.3220078261687,0.0,24.39280659632167,5.957592354329223e-08,0.0
1305,78360.0,78360,24.392806536683974,24.392806536683974,317.66757258529043,0.0,24.392806596240227,5.955625517529608e-08,0.0
1306,78420.0,78420,24.39280653662232,24.39280653662232,318.01313734441123,0.0,24.39280659615892,5.953660126254621e-08,0.0
1307,78480.0,78480,24.392806536560787,24.392806536560787,318.35870210353124,0.0,24.39280659607775,5.951696188183633e-08,0.0
1308,78540.0,78540,24.392806536499375,24.392806536499375,318.7042668626504,0.0,24.39280659599671,5.949733710993728e-08,0.0
1309,78600.0,78600,24.39280653643808,24.39280653643808,319.04983162176876,0.0,24.392806595915808,5.947772702362813e-08,0.0
1310,78660.0,78660,24.39280653637691,24.39280653637691,319.39539638088627,0.0,24.392806595835037,5.945813169967511e-08,0.0
1311,78720.0,78720,24.39280653631585,24.39280653631585,319.7409611400029,0.0,24.392806595754404,5.943855121483164e-08,0.0
1312,78780.0,78780,24.392806536254916,24.392806536254916,320.0865258991188,0.0,24.392806595673903,5.941898564586854e-08,0.0
1313,78840.0,78840,24.392806536194104,24.392806536194104,320.43209065823385,0.0,24.392806595593537,5.939943506951906e-08,0.0
1314,78900.0,78900,24.39280653613341,24.39280653613341,320.77765541734817,0.0,24.392806595513306,5.93798995625366e-08,0.0
1315,78960.0,78960,24.392806536072836,24.392806536072836,321.1232201764616,0.0,24.392806595433214,5.936037920165533e-08,0.0
1316,79020.0,79020,24.392806536012383,24.392806536012383,321.46878493557415,0.0,24.392806595353257,5.934087406360117e-08,0.0
1317,79080.0,79080,24.392806808726398,-275.60719319127355,321.8143496946861,300.0,6.530891098549774e-08,275.60719325658243,0.0
1318,79140.0,79140,24.39280680873406,-275.6071931912659,317.2208964746682,300.0,6.530371155374799e-08,275.60719325656964,0.0
1319,79200.0,79200,24.392806808741607,-275.6071931912584,312.62744325465053,300.0,6.529860926442164e-08,275.60719325655697,0.0
1320,79260.0,79260,24.392806808749032,-275.607193191251,308.03399003463295,300.0,6.529360411316916e-08,275.6071932565446,0.0
1321,79320.0,79320,24.392806808756337,-275.60719319124365,303.4405368146155,300.0,6.52886960956272e-08,275.60719325653236,0.0
1322,79380.0,79380,24.39280680876353,-275.60719319123643,298.8470835945982,300.0,6.528388520748381e-08,275.60719325652036,0.0
1323,79440.0,79440,24.3928068087706,-275.6071931912294,294.2536303745811,300.0,6.527917144440774e-08,275.60719325650854,0.0
1324,79500.0,79500,24.392806808777554,-275.6071931912224,289.6601771545641,300.0,6.527455480212273e-08,275.60719325649694,0.0
1325,79560.0,79560,24.392806808784393,-275.6071931912156,285.0667239345472,300.0,6.527003527636171e-08,275.60719325648563,0.0
1326,79620.0,79620,24.39280680879111,-275.60719319120886,280.4732707145304,300.0,6.526561286288602e-08,275.60719325647443,0.0
1327,79680.0,79680,24.392806808797715,-275.60719319120227,275.8798174945138,300.0,6.52612875574872e-08,275.6071932564635,0.0
1328,79740.0,79740,24.39280680354311,-180.6071931964567,271.2863642744973,204.99999999999983,6.26536050339179e-08,180.6071932591103,0.0
1329,79800.0,79800,24.392806535318773,24.392806535318773,268.2762443877331,0.0,24.392806594427796,5.910902695472197e-08,0.0
1330,79860.0,79860,24.39280653527178,24.39280653527178,268.62180914683563,0.0,24.39280659436462,5.909284345648168e-08,0.0
1331,79920.0,79920,24.39280653522487,24.39280653522487,268.96737390593756,0.0,24.392806594301543,5.907667082623056e-08,0.0
1332,79980.0,79980,24.392806535178046,24.392806535178046,269.3129386650389,0.0,24.392806594238554,5.906050913218329e-08,0.0
1333,80040.0,80040,24.3928065351313,24.3928065351313,269.65850342413967,0.0,24.392806594175653,5.9044358442644335e-08,0.0
1334,80100.0,80100,24.39280653508463,24.39280653508463,270.0040681832397,0.0,24.39280659411285,5.902821882596674e-08,0.0
1335,80160.0,80160,24.39280653503805,24.392806535038048,270.3496329423392,0.0,24.39280659405014,5.901209035060255e-08,0.0
1336,80220.0,80220,24.392806534991546,24.392806534991546,270.695197701438,0.0,24.392806593987522,5.899597308504319e-08,0.0
1337,80280.0,80280,24.39280653494513,24.39280653494513,271.04076246053626,0.0,24.392806593925,5.8979867097869916e-08,0.0
1338,80340.0,80340,24.392806534898796,24.392806534898796,271.38632721963387,0.0,24.392806593862566,5.896377245771621e-08,0.0
1339,80400.0,80400,24.392806534852543,24.392806534852543,271.73189197873086,0.0,24.39280659380023,5.894768923331729e-08,0.0
1340,80460.0,80460,24.39280653480637,24.39280653480637,272.0774567378272,0.0,24.39280659373799,5.89316174934258e-08,0.0
1341,80520.0,80520,24.392806534760282,24.39280653476028,272.423021496923,0.0,24.39280659367584,5.891555730690707e-08,0.0
1342,80580.0,80580,24.392806534714275,24.392806534714275,272.7685862560181,0.0,24.392806593613784,5.889950874266956e-08,0.0
1343,80640.0,80640,24.392806534668352,24.392806534668352,273.1141510151127,0.0,24.392806593551825,5.8883471869708754e-08,0.0
1344,80700.0,80700,24.392806534622512,24.392806534622512,273.45971577420664,0.0,24.39280659348996,5.8867446757062296e-08,0.0
1345,80760.0,80760,24.392806534576756,24.392806534576756,273.80528053329994,0.0,24.39280659342819,5.885143347385216e-08,0.0
1346,80820.0,80820,24.392806534531083,24.392806534531083,274.15084529239266,0.0,24.39280659336652,5.883543208926171e-08,0.0
1347,80880.0,80880,24.392806534485494,24.392806534485494,274.49641005148476,0.0,24.392806593304936,5.881944267254398e-08,0.0
1348,80940.0,80940,24.392806534439988,24.392806534439988,274.8419748105763,0.0,24.392806593243453,5.880346529301339e-08,0.0
1349,81000.0,81000,24.392806534394566,24.392806534394566,275.18753956966714,0.0,24.392806593182065,5.878750002005036e-08,0.0
1350,81060.0,81060,24.392806534349226,24.392806534349226,275.5331043287574,0.0,24.392806593120774,5.877154692310769e-08,0.0
1351,81120.0,81120,24.39280653430397,24.39280653430397,275.87866908784713,0.0,24.39280659305958,5.875560607168494e-08,0.0
1352,81180.0,81180,24.3928065342588,24.3928065342588,276.2242338469362,0.0,24.392806592998475,5.873967753537515e-08,0.0
1353,81240.0,81240,24.39280653421371,24.39280653421371,276.56979860602473,0.0,24.392806592937472,5.8723761383808916e-08,0.0
1354,81300.0,81300,24.392806534168706,24.392806534168706,276.91536336511257,0.0,24.392806592876564,5.8707857686703913e-08,0.0
1355,81360.0,81360,24.392806534123785,24.392806534123785,277.2609281241999,0.0,24.392806592815756,5.869196651381081e-08,0.0
1356,81420.0,81420,24.39280653407895,24.39280653407895,277.6064928832866,0.0,24.39280659275504,5.8676087934982006e-08,0.0
1357,81480.0,81480,24.3928065340342,24.3928065340342,277.9520576423726,0.0,24.39280659269442,5.866022202009646e-08,0.0
1358,81540.0,81540,24.392806533989532,24.392806533989532,278.29762240145817,0.0,24.392806592633903,5.864436883913122e-08,0.0
1359,81600.0,81600,24.392806533944952,24.392806533944952,278.64318716054305,0.0,24.39280659257348,5.8628528462105465e-08,0.0
1360,81660.0,81660,24.392806533900455,24.392806533900455,278.98875191962736,0.0,24.392806592513157,5.861270095908513e-08,0.0
1361,81720.0,81720,24.39280653385604,24.39280653385604,279.3343166787111,0.0,24.392806592452928,5.8596886400241545e-08,0.0
1362,81780.0,81780,24.39280653381171,24.39280653381171,279.6798814377942,0.0,24.392806592392798,5.858108485577261e-08,0.0
1363,81840.0,81840,24.39280653376747,24.39280653376747,280.02544619687677,0.0,24.392806592332768,5.856529639595687e-08,0.0
1364,81900.0,81900,24.39280653372331,24.39280653372331,280.37101095595875,0.0,24.392806592272834,5.854952109112238e-08,0.0
1365,81960.0,81960,24.392806533679238,24.392806533679238,280.7165757150401,0.0,24.39280659221299,5.853375901165125e-08,0.0
1366,82020.0,82020,24.392806533635248,24.392806533635248,281.06214047412095,0.0,24.392806592153256,5.851801022802273e-08,0.0
1367,82080.0,82080,24.39280653359134,24.39280653359134,281.4077052332011,0.0,24.39280659209362,5.850227481073716e-08,0.0
1368,82140.0,82140,24.392806533547525,24.392806533547525,281.7532699922808,0.0,24.392806592034077,5.8486552830368205e-08,0.0
1369,82200.0,82200,24.39280653350379,24.39280653350379,282.09883475135985,0.0,24.392806591974633,5.847084435755275e-08,0.0
1370,82260.0,82260,24.39280653346014,24.39280653346014,282.44439951043836,0.0,24.392806591915292,5.845514946300008e-08,0.0
1371,82320.0,82320,24.392806533416575,24.392806533416575,282.78996426951625,0.0,24.392806591856047,5.8439468217464415e-08,0.0
1372,82380.0,82380,24.3928065333731,24.3928065333731,283.1355290285935,0.0,24.3928065917969,5.842380069173477e-08,0.0
1373,82440.0,82440,24.392806533329708,24.392806533329708,283.48109378767026,0.0,24.392806591737855,5.84081469567193e-08,0.0
1374,82500.0,82500,24.3928065332864,24.3928065332864,283.82665854674644,0.0,24.392806591678905,5.8392507083337187e-08,0.0
1375,82560.0,82560,24.39280653324318,24.392806533243174,284.17222330582206,0.0,24.392806591620058,5.837688114257358e-08,0.0
1376,82620.0,82620,24.392806533200044,24.392806533200044,284.51778806489705,0.0,24.39280659156131,5.836126920549518e-08,0.0
1377,82680.0,82680,24.392806762706492,-575.6071932372935,284.8633528239715,600.0,3.731200192551016e-07,575.6071936104136,0.0
1378,82740.0,82740,24.39280676270044,-575.6071932372995,275.2698996024171,600.0,3.7312135310901524e-07,575.607193610421,0.0
1379,82800.0,82800,24.392806762694597,-575.6071932373054,265.67644638086267,600.0,3.7312264291112555e-07,575.607193610428,0.0
1380,82860.0,82860,24.392806762688945,-575.6071932373111,256.0829931593081,600.0,3.731238886650324e-07,575.6071936104349,0.0
1381,82920.0,82920,24.3928067626835,-575.6071932373164,246.48953993775345,600.0,3.7312509037424037e-07,575.6071936104416,0.0
1382,82980.0,82980,24.392806762678255,-575.6071932373218,236.89608671619868,600.0,3.731262480418288e-07,575.607193610448,0.0
1383,83040.0,83040,24.392806762673214,-575.6071932373268,227.30263349464386,600.0,3.7312736167111174e-07,575.6071936104541,0.0
1384,83100.0,83100,24.392806762668368,-575.6071932373317,217.70918027308892,600.0,3.7312843126491176e-07,575.6071936104602,0.0
1385,83160.0,83160,24.392806762663724,-575.6071932373362,208.1157270515339,600.0,3.7312945682624225e-07,575.6071936104657,0.0
1386,83220.0,83220,24.392806762659287,-575.6071932373407,198.52227382997881,600.0,3.7313043835764744e-07,575.6071936104712,0.0
1387,83280.0,83280,24.392806762655045,-575.6071932373449,188.9288206084236,600.0,3.731313758618253e-07,575.6071936104762,0.0
1388,83340.0,83340,24.39280676265101,-575.607193237349,179.33536738686837,600.0,3.731322693411733e-07,575.6071936104812,0.0
1389,83400.0,83400,24.39280679597137,-385.60719320402876,169.74191416531306,410.0000000000001,1.0916549891419683e-07,385.6071933131943,0.0
1390,83460.0,83460,24.392806799423038,-360.60719320057717,163.3151276116397,385.0000000000003,9.460652582654202e-08,360.60719329518366,0.0
1391,83520.0,83520,24.392806762639896,-575.6071932373601,157.3050077247269,600.0,3.7313472657127295e-07,575.6071936104948,0.0
1392,83580.0,83580,24.39280676263652,-575.6071932373635,147.71155450317136,600.0,3.731354716584789e-07,575.6071936104988,0.0
1393,83640.0,83640,24.392806762633352,-575.6071932373667,138.1181012816158,600.0,3.731361727297705e-07,575.6071936105028,0.0
1394,83700.0,83700,24.39280676263038,-575.6071932373696,128.52464806006017,600.0,3.7313682978677534e-07,575.6071936105063,0.0
1395,83760.0,83760,24.39280676262761,-575.6071932373723,118.93119483850452,600.0,3.731374428311871e-07,575.6071936105097,0.0
1396,83820.0,83820,24.39280676262504,-575.6071932373749,109.3377416169488,600.0,3.731380118643034e-07,575.6071936105129,0.0
1397,83880.0,83880,24.392806762622673,-575.6071932373773,99.74428839539306,600.0,3.7313853688734145e-07,575.6071936105158,0.0
1398,83940.0,83940,24.39280676262051,-575.6071932373794,90.15083517383727,600.0,3.7313901790155487e-07,575.6071936105185,0.0
1399,84000.0,84000,24.392806762618545,-575.6071932373816,80.55738195228142,600.0,3.731394549078089e-07,575.607193610521,0.0
1400,84060.0,84060,24.39280676261678,-575.6071932373832,70.96392873072554,600.0,3.731398479068733e-07,575.607193610523,0.0
1401,84120.0,84120,24.392806796359277,-465.6071932036406,61.37047550916965,489.9999999999999,1.373000246413603e-07,465.6071933409406,0.0
1402,84180.0,84180,24.392806808910187,-260.60719319108983,53.610355622099064,285.0,6.490639306096589e-08,260.6071932559962,0.0
1403,84240.0,84240,24.392806532484787,24.392806532484787,49.2669024020853,0.0,24.392806590596425,5.8111639525858725e-08,0.0
1404,84300.0,84300,24.39280653247364,24.39280653247364,49.61246716115023,0.0,24.39280659058199,5.810835080829494e-08,0.0
1405,84360.0,84360,24.392806532462483,24.392806532462483,49.95803192021499,0.0,24.392806590567552,5.8105066723314347e-08,0.0
1406,84420.0,84420,24.392806532451317,24.392806532451317,50.30359667927962,0.0,24.392806590553107,5.810178728550257e-08,0.0
1407,84480.0,84480,24.392806532440147,24.392806532440147,50.64916143834409,0.0,24.392806590538658,5.8098512509727473e-08,0.0
1408,84540.0,84540,24.392806532428967,24.392806532428967,50.99472619740841,0.0,24.392806590524206,5.8095242411139234e-08,0.0
1409,84600.0,84600,24.392806532417776,24.392806532417776,51.34029095647259,0.0,24.392806590509753,5.8091977005148284e-08,0.0
1410,84660.0,84660,24.392806532406578,24.392806532406578,51.68585571553662,0.0,24.392806590495294,5.808871630745008e-08,0.0
1411,84720.0,84720,24.392806532395372,24.392806532395372,52.03142047460049,0.0,24.39280659048083,5.8085460334007684e-08,0.0
1412,84780.0,84780,24.392806809224602,-275.6071931907754,52.376985233664215,300.0,6.495992373331038e-08,275.6071932557353,0.0
1413,84840.0,84840,24.392806809225796,-275.6071931907742,47.78353201365557,300.0,6.495901851868135e-08,275.6071932557332,0.0
1414,84900.0,84900,24.39280680922688,-275.6071931907731,43.19007879364693,300.0,6.495821007518e-08,275.6071932557313,0.0
1415,84960.0,84960,24.392806809227856,-275.60719319077214,38.59662557363832,300.0,6.495749840184955e-08,275.6071932557296,0.0
1416,85020.0,85020,24.392806809228727,-275.6071931907712,34.00317235362972,300.0,6.495688349785417e-08,275.60719325572813,0.0
1417,85080.0,85080,24.39280680922949,-275.6071931907705,29.40971913362115,300.0,6.495636536242769e-08,275.6071932557269,0.0
1418,85140.0,85140,24.392806809230144,-275.60719319076986,24.81626591361258,300.0,6.495594399493043e-08,275.6071932557258,0.0
1419,85200.0,85200,24.392806809230688,-275.6071931907693,20.22281269360403,300.0,6.495561939482623e-08,275.6071932557249,0.0
1420,85260.0,85260,24.39280680923113,-275.60719319076884,15.62935947359549,300.0,6.495539156166513e-08,275.6071932557242,0.0
1421,85320.0,85320,24.39280680923146,-275.6071931907685,11.035906253586958,300.0,6.495526049512451e-08,275.60719325572376,0.0
1422,85380.0,85380,24.392806809231683,-275.60719319076827,6.442453033578431,300.0,6.495522619496426e-08,275.6071932557235,0.0
1423,85440.0,85440,24.392806809231796,-275.60719319076816,1.8489998135699077,300.0,6.495528866104876e-08,275.6071932557235,0.0
1424,85500.0,85500,24.39280680553127,-125.60719319446872,-2.7444534064386152,150.0,5.0874903243456535e-08,125.60719324534362,0.0
1425,85560.0,85560,24.39280653232337,24.39280653232337,-4.837906626473612,0.0,24.392806590386037,5.806266736948134e-08,0.0
1426,85620.0,85620,24.39280653232357,24.39280653232357,-4.492341867410852,0.0,24.392806590386222,5.80626533492401e-08,0.0
1427,85680.0,85680,24.392806532323757,24.392806532323757,-4.14677710834809,0.0,24.392806590386396,5.806264371938756e-08,0.0
1428,85740.0,85740,24.392806532323934,24.39280653232393,-3.8012123492853247,0.0,24.39280659038657,5.80626384762945e-08,0.0
1429,85800.0,85800,24.392806532324098,24.392806532324094,-3.4556475902225565,0.0,24.392806590386737,5.806263761661581e-08,0.0
1430,85860.0,85860,24.39280653232425,24.39280653232425,-3.110082831159786,0.0,24.392806590386893,5.806264113727672e-08,0.0
1431,85920.0,85920,24.392806532324393,24.392806532324393,-2.764518072097014,0.0,24.392806590387043,5.8062649035501254e-08,0.0
1432,85980.0,85980,24.392806532324524,24.392806532324524,-2.4189533130342395,0.0,24.392806590387185,5.806266130877921e-08,0.0
1433,86040.0,86040,24.392806532324645,24.392806532324645,-2.0733885539714634,0.0,24.392806590387323,5.8062677954903706e-08,0.0
1434,86100.0,86100,24.39280653232475,24.39280653232475,-1.7278237949086857,0.0,24.39280659038745,5.8062698971933684e-08,0.0
1435,86160.0,86160,24.39280653232485,24.39280653232485,-1.3822590358459064,0.0,24.392806590387572,5.8062724358220404e-08,0.0
1436,86220.0,86220,24.392806532324936,24.392806532324936,-1.0366942767831253,0.0,24.392806590387693,5.806275411239741e-08,0.0
1437,86280.0,86280,24.392806532325015,24.392806532325015,-0.6911295177203437,0.0,24.3928065903878,5.806278823338786e-08,0.0
1438,86340.0,86340,24.392806532325075,24.392806532325075,-0.34556475865756087,0.0,24.392806590387902,5.806282672037882e-08,0.0
1439,86400.0,86400,1.0569404342952937e-09,1.0569403278749764e-09,4.0522273517502894e-10,0.0,1.691381675591175e-07,1.6808122782041278e-07,0.0
1440,,86460,,,,,,,
