,time,time_x,P_Grid,P_BTMS,E_BTMS,P_Charge,P_BTMS_Ch,P_BTMS_DCh,"param: btms size, a,b_sys,b_cap,b_loan,c,d_wait_cost",E_Shift,P_Shift
0,60.0,60,1.2942003874125925,1.294200486142179,12.613858707724994,0.0,1.2942006476663133,1.6152413344257955e-07,29.8333486298334,-1.137582856013674e-14,9.872958556239842e-08
1,120.0,120,1.290282911233627,1.290282920209707,12.632193214208336,0.0,1.2902830824603295,1.622506216948551e-07,0.06575342465753424,1.6454315756101955e-09,8.97607927593185e-09
2,180.0,180,1.289258760263314,1.2892587611995534,12.650472221839147,0.0,1.2892589235231178,1.623235635013061e-07,0.04323985936321764,1.7949815609417774e-09,9.362383737871784e-10
3,240.0,240,1.2884244693058746,1.2884244694128395,12.668736720550466,0.0,1.2884246317423043,1.6232946407581304e-07,0.023148148148148147,1.810533970169783e-09,1.0696394231225104e-10
4,300.0,300,1.2875825277624033,1.2875825277793318,12.686989400128132,0.0,1.2875826901058336,1.6232650081796972e-07,0.009341992564003648,1.8122650622288683e-09,1.6927432434945713e-11
5,360.0,360,1.2867300791535803,1.2867300791591094,12.705230152199327,0.0,1.2867302414812076,1.623220972792902e-07,0.12,1.8124954953755127e-09,5.528071052111787e-12
6,420.0,420,1.2858764935698834,1.2858764935733273,12.72345882791507,0.0,1.2858766558908232,1.6231749477741372e-07,20.0,1.8125358934079429e-09,3.443091193665711e-12
7,480.0,480,1.28502669601156,1.2850266960144308,12.74167541116837,0.0,1.2850268583274336,1.623130019178937e-07,0.0,1.8125414978553005e-09,2.8697897019330066e-12
8,540.0,540,1.2841822754887922,1.2841822754915029,12.759879955622928,0.0,1.2841824378002284,1.6230872461511808e-07,0.0,1.8125375026297408e-09,2.709645037089982e-12
9,600.0,600,1.2833434206984138,1.2833434207011374,12.778072537453424,0.0,1.2833435830058144,1.6230467602593722e-07,0.0,1.8125307914770318e-09,2.722668432061621e-12
10,660.0,660,1.2825099894631735,1.2825099894660015,12.796253235507725,0.0,1.2825101517668185,1.62300816145104e-07,0.0,1.812524248361294e-09,2.8270495083922985e-12
11,720.0,720,1.2816818451031837,1.2816818451061658,12.814422126619547,0.0,1.2816820074032542,1.6229708747360244e-07,0.0,1.8125193943503784e-09,2.9811338567499724e-12
12,780.0,780,1.280858860118061,1.2808588601212176,12.832579285686277,0.0,1.2808590224146572,1.6229343863395298e-07,0.0,1.8125170568770884e-09,3.155686617244269e-12
13,840.0,840,1.2800408651543205,1.28004086515765,12.850724785799066,0.0,1.280041027447484,1.6228983310239735e-07,0.0,1.8125175765745723e-09,3.3285785503503178e-12
14,900.0,900,1.2792276347596574,1.2792276347631428,12.868858697649879,0.0,1.2792277970493924,1.6228624857168408e-07,0.0,1.8125209255457013e-09,3.4846509900735142e-12
15,960.0,960,1.2784189052044121,1.2784189052080284,12.886981088736778,0.0,1.2784190674907023,1.622826729930844e-07,0.0,1.812526823417404e-09,3.615428153210175e-12
16,1020.0,1020,1.2776144012441355,1.2776144012478543,12.905092022821654,0.0,1.277614563526956,1.622791006859096e-07,0.0,1.8125348486404634e-09,3.717856325206727e-12
17,1080.0,1080,1.2768138579672443,1.276813857971038,12.923191559767108,0.0,1.2768140202465685,1.6227552959043438e-07,0.0,1.8125445288093855e-09,3.79258897571168e-12
18,1140.0,1140,1.2760170339535055,1.2760170339573487,12.941279755682805,0.0,1.2760171962293094,1.6227195960816764e-07,0.0,1.8125554024238865e-09,3.842387534506062e-12
19,1200.0,1200,1.2752237170008842,1.2752237170047558,12.959356663258328,0.0,1.2752238792731483,1.6226839166931214e-07,0.0,1.8125670540092203e-09,3.870922022400945e-12
20,1260.0,1260,1.2744337249605713,1.2744337249644542,12.977422332177031,0.0,1.2744338872292824,1.6226482721332005e-07,0.0,1.8125791292545027e-09,3.882008086145229e-12
21,1320.0,1320,1.273646903901601,1.273646903905481,12.995476809541836,0.0,1.2736470661667498,1.6226126788731258e-07,0.0,1.8125913374383263e-09,3.879193940785663e-12
22,1380.0,1380,1.272863125099182,1.2728631251030482,13.013520140274979,0.0,1.2728632873607646,1.6225771535979405e-07,0.0,1.8126034469715698e-09,3.865581847960944e-12
23,1440.0,1440,1.2720822817039001,1.2720822817077448,13.0315523674751,0.0,1.2720824439619172,1.6225417120156097e-07,0.0,1.8126152779654076e-09,3.8437863290549416e-12
24,1500.0,1500,1.2713042855484702,1.2713042855522871,13.049573532727129,0.0,1.271304447802925,1.6225063681018176e-07,0.0,1.8126266941031537e-09,3.815961819858548e-12
25,1560.0,1560,1.2705290642645728,1.2705290642683578,13.067583676366965,0.0,1.2705292265154717,1.6224711336633333e-07,0.0,1.812637594972964e-09,3.78385905657365e-12
26,1620.0,1620,1.2697565587882564,1.269756558792006,13.085582837705285,0.0,1.2697567210356089,1.6224360181415263e-07,0.0,1.8126479093399638e-09,3.7488879346411634e-12
27,1680.0,1680,1.2689867212171124,1.2689867212208252,13.103571055216031,0.0,1.2689868834609292,1.6224010285954402e-07,0.0,1.812657589466284e-09,3.7121769727743655e-12
28,1740.0,1740,1.2682195130146081,1.2682195130182838,13.121548366694526,0.0,1.2682196752549015,1.6223661698136756e-07,0.0,1.8126666064215638e-09,3.67462504635787e-12
29,1800.0,1800,1.2674549034852232,1.2674549034888611,13.139514809390167,0.0,1.2674550657220065,1.622331444513484e-07,0.0,1.8126749462555974e-09,3.6369444581315394e-12
30,1860.0,1860,1.2666928684916943,1.266692868495295,13.157470420117482,0.0,1.266693030724981,1.622296853590702e-07,0.0,1.812682606888908e-09,3.599696384914207e-12
31,1920.0,1920,1.2659333893713136,1.2659333893748779,13.175415235349064,0.0,1.2659335516011183,1.622262396394985e-07,0.0,1.8126895955940733e-09,3.563319415032941e-12
32,1980.0,1980,1.2651764520116502,1.2651764520151794,13.193349291293119,0.0,1.2651766142379872,1.622228071006992e-07,0.0,1.8126959269518874e-09,3.5281524385031215e-12
33,2040.0,2040,1.2644220460602165,1.264422046063712,13.211272623957914,0.0,1.2644222082831003,1.6221938745058442e-07,0.0,1.8127016211901428e-09,3.494453131754946e-12
34,2100.0,2100,1.263670164242944,1.2636701642464077,13.229185269205072,0.0,1.2636703264623887,1.6221598032144695e-07,0.0,1.812706702829605e-09,3.4624126263466665e-12
35,2160.0,2160,1.262920801772941,1.262920801776374,13.247087262793167,0.0,1.2629209639889603,1.6221258529184137e-07,0.0,1.812711199574838e-09,3.432167482060725e-12
36,2220.0,2220,1.2621739558395584,1.2621739558429632,13.264978640412942,0.0,1.262174118052166,1.6220920190542807e-07,0.0,1.8127151414045343e-09,3.4038091479178815e-12
37,2280.0,2280,1.2614296251570807,1.261429625160459,13.28285943771533,0.0,1.2614297873662896,1.6220582968700244e-07,0.0,1.8127185598194272e-09,3.3773917871160156e-12
38,2340.0,2340,1.260687809572816,1.2606878095761698,13.300729690333068,0.0,1.2606879717786392,1.6220246815535454e-07,0.0,1.8127214872211983e-09,3.352938605856288e-12
39,2400.0,2400,1.2599485097291747,1.259948509732506,13.318589433896692,0.0,1.2599486719316237,1.621991168336381e-07,0.0,1.81272395639626e-09,3.330447045635988e-12
40,2460.0,2460,1.259211726762803,1.2592117267661138,13.336438704045886,0.0,1.2592118889618902,1.6219577525732047e-07,0.0,1.8127260000862182e-09,3.309893183369394e-12
41,2520.0,2520,1.2584774620517705,1.2584774620550627,13.354277536436388,0.0,1.2584776242475069,1.6219244297994784e-07,0.0,1.8127276506324975e-09,3.2912353844687783e-12
42,2580.0,2580,1.257745717000069,1.2577457170033444,13.372105966743495,0.0,1.2577458791924652,1.6218911957717262e-07,0.0,1.8127289396804951e-09,3.274417506437548e-12
43,2640.0,2640,1.2570164928495775,1.2570164928528378,13.389924030662378,0.0,1.2570166550386435,1.621858046493316e-07,0.0,1.8127298979384825e-09,3.2593715722862763e-12
44,2700.0,2700,1.2562897905341126,1.2562897905373598,13.407731763905803,0.0,1.2562899527198583,1.6218249782272426e-07,0.0,1.812730554980539e-09,3.2460203011498716e-12
45,2760.0,2760,1.255565610554551,1.2555656105577861,13.425529202199769,0.0,1.255565772736986,1.6217919875003906e-07,0.0,1.8127309390911734e-09,3.2342792109637275e-12
46,2820.0,2820,1.254843952885545,1.25484395288877,13.443316381277356,0.0,1.2548441150646783,1.6217590710991514e-07,0.0,1.8127310771459819e-09,3.2240585545881312e-12
47,2880.0,2880,1.2541248169089902,1.2541248169122063,13.461093336871322,0.0,1.2541249790848301,1.6217262260605113e-07,0.0,1.8127309945240527e-09,3.2152651060763544e-12
48,2940.0,2940,1.2534082013587267,1.2534082013619356,13.478860104705621,0.0,1.2534083635312816,1.621693449657795e-07,0.0,1.8127307150497255e-09,3.2078037615325806e-12
49,3000.0,3000,1.2526941042995838,1.2526941043027866,13.496616720486303,0.0,1.2526942664688614,1.621660739385271e-07,0.0,1.8127302609620875e-09,3.2015788766733096e-12
50,3060.0,3060,1.2519825231102097,1.2519825231134072,13.514363219891981,0.0,1.2519826852762173,1.6216280929391825e-07,0.0,1.8127296529055957e-09,3.1964955652240453e-12
51,3120.0,3120,1.2512734544907806,1.2512734544939739,13.532099638564157,0.0,1.2512736166535257,1.621595508200163e-07,0.0,1.8127289099432996e-09,3.1924608585985247e-12
52,3180.0,3180,1.2505668944763335,1.2505668944795238,13.549826012097565,0.0,1.2505670566358231,1.621562983212257e-07,0.0,1.8127280495885647e-09,3.189384521647387e-12
53,3240.0,3240,1.2498628384591761,1.2498628384623642,13.567542376030783,0.0,1.2498630006154168,1.621530516165995e-07,0.0,1.8127270878509565e-09,3.1871799583201406e-12
54,3300.0,3300,1.2491612812268944,1.2491612812300814,13.58524876583709,0.0,1.2491614433798928,1.621498105378553e-07,0.0,1.8127260392969204e-09,3.185764758972122e-12
55,3360.0,3360,1.2484622170006532,1.2484622170038393,13.602945216915947,0.0,1.2484623791504155,1.6214657492777612e-07,0.0,1.8127249171196977e-09,3.185061266642245e-12
56,3420.0,3420,1.2477656394760872,1.247765639479273,13.620631764584946,0.0,1.2477658016226187,1.621433446385143e-07,0.0,1.8127237332184803e-09,3.1849968856314197e-12
57,3480.0,3480,1.2470715418699898,1.2470715418731761,13.638308444072349,0.0,1.2470717040132968,1.621401195302203e-07,0.0,1.8127224982829828e-09,3.1855043070159337e-12
58,3540.0,3540,1.246379916969008,1.2463799169721952,13.655975290510344,0.0,1.2463800791090955,1.6213689946961698e-07,0.0,1.8127212218814115e-09,3.1865216129740534e-12
59,3600.0,3600,1.2456907571734956,1.2456907571766849,13.673632338928922,0.0,1.2456909193103702,1.621336843288833e-07,0.0,1.8127199125505464e-09,3.1879922853809294e-12
60,3660.0,3660,1.2450040545448409,1.2450040545480319,13.691279624250393,0.0,1.245004216678507,1.6213047398460688e-07,0.0,1.8127185778854457e-09,3.189865075979666e-12
61,3720.0,3720,1.2443198008522052,1.2443198008553982,13.708917181284642,0.0,1.2443199629826676,1.6212726831693164e-07,0.0,1.8127172246277456e-09,3.1920938663184876e-12
62,3780.0,3780,1.2436379876092931,1.2436379876124886,13.726545044724917,0.0,1.2436381497365567,1.6212406720872655e-07,0.0,1.8127158587505357e-09,3.1946373882509725e-12
63,3840.0,3840,1.242958606117574,1.2429586061207722,13.74416324914426,0.0,1.2429587682416436,1.6212087054517145e-07,0.0,1.8127144855396936e-09,3.1974589310359464e-12
64,3900.0,3900,1.2422816474997382,1.24228164750294,13.76177182899248,0.0,1.242281809620619,1.6211767821307277e-07,0.0,1.8127131096697581e-09,3.2005260323777903e-12
65,3960.0,3960,1.2416071027311903,1.2416071027343953,13.77937081859362,0.0,1.2416072648488863,1.6211449010071952e-07,0.0,1.812711735274502e-09,3.203810123841478e-12
66,4020.0,4020,1.2409349626730546,1.240934962676263,13.796960252143885,0.0,1.24093512478757,1.6211130609751113e-07,0.0,1.8127103660118316e-09,3.207286108246748e-12
67,4080.0,4080,1.240265218094527,1.2402652180977392,13.814540163709992,0.0,1.2402653802058663,1.621081260938944e-07,0.0,1.8127090051218874e-09,3.2109320640571896e-12
68,4140.0,4140,1.2395978596979114,1.239597859701127,13.832110587227922,0.0,1.2395980218060778,1.621049499813215e-07,0.0,1.812707655479656e-09,3.2147288248736862e-12
69,4200.0,4200,1.2389328781336049,1.2389328781368247,13.849671556501903,0.0,1.2389330402386034,1.6210177765225607e-07,0.0,1.8127063196408564e-09,3.218659656475117e-12
70,4260.0,4260,1.2382702640242325,1.238270264027456,13.867223105203731,0.0,1.238270426126066,1.6209860900026e-07,0.0,1.8127049998827584e-09,3.222709915804419e-12
71,4320.0,4320,1.2376100079735362,1.2376100079767638,13.88476526687235,0.0,1.2376101700722089,1.6209544392020385e-07,0.0,1.812703698238744e-09,3.2268667590417046e-12
72,4380.0,4380,1.236952100580949,1.236952100584181,13.902298074913595,0.0,1.2369522626764644,1.6209228230837757e-07,0.0,1.8127024165281064e-09,3.2311188406013213e-12
73,4440.0,4440,1.236296532448648,1.2362965324518842,13.919821562600122,0.0,1.2362966945410094,1.6208912406275785e-07,0.0,1.812701156381537e-09,3.235456079286938e-12
74,4500.0,4500,1.235643294194201,1.235643294197442,13.93733576307144,0.0,1.235643456283412,1.62085969083197e-07,0.0,1.8126999192617103e-09,3.239869441634022e-12
75,4560.0,4560,1.2349923764553556,1.2349923764586008,13.954840709334169,0.0,1.234992538541419,1.620828172717292e-07,0.0,1.8126987064807998e-09,3.2443507350584577e-12
76,4620.0,4620,1.2343437698917021,1.2343437698949522,13.972336434262274,0.0,1.2343439319746214,1.6207966853269952e-07,0.0,1.8126975192144502e-09,3.2488924704989223e-12
77,4680.0,4680,1.2336974651950383,1.2336974651982928,13.989822970597396,0.0,1.2336976272748166,1.6207652277311197e-07,0.0,1.8126963585138067e-09,3.253487675606061e-12
78,4740.0,4740,1.2330534530905588,1.233053453093818,14.007300350949325,0.0,1.2330536151671991,1.6207337990274963e-07,0.0,1.81269522531351e-09,3.258129869786059e-12
79,4800.0,4800,1.2324117243381565,1.2324117243414203,14.024768607796453,0.0,1.232411886411661,1.6207023983448973e-07,0.0,1.8126941204405115e-09,3.2628128718282797e-12
80,4860.0,4860,1.2317722697359303,1.2317722697391988,14.042227773486259,0.0,1.2317724318063024,1.620671024842587e-07,0.0,1.8126930446186225e-09,3.2675308279975414e-12
81,4920.0,4920,1.2311350801210443,1.2311350801243177,14.059677880235881,0.0,1.2311352421882862,1.6206396777144624e-07,0.0,1.8126919984740704e-09,3.272278096490726e-12
82,4980.0,4980,1.2305001463745466,1.2305001463778247,14.077118960132626,0.0,1.2305003084386614,1.6206083561880325e-07,0.0,1.8126909825389224e-09,3.2770492405988347e-12
83,5040.0,5040,1.2298674594175136,1.2298674594207963,14.094551045134637,0.0,1.2298676214785034,1.6205770595263109e-07,0.0,1.8126899972546728e-09,3.2818389915188206e-12
84,5100.0,5100,1.2292370102143557,1.229237010217643,14.111974167071438,0.0,1.229237172272223,1.6205457870282634e-07,0.0,1.8126890429749155e-09,3.286642256163685e-12
85,5160.0,5160,1.22860878977573,1.2286087897790225,14.129388357644526,0.0,1.2286089518304772,1.6205145380285703e-07,0.0,1.8126881199682747e-09,3.2914540957329783e-12
86,5220.0,5220,1.2279827891571797,1.227982789160477,14.146793648428085,0.0,1.2279829512088092,1.6204833118982252e-07,0.0,1.8126872284209378e-09,3.296269689957631e-12
87,5280.0,5280,1.2273589994605947,1.2273589994638965,14.164190070869552,0.0,1.2273591615091084,1.6204521080436947e-07,0.0,1.812686368438624e-09,3.301084466149132e-12
88,5340.0,5340,1.2267374118340726,1.2267374118373793,14.181577656290319,0.0,1.2267375738794728,1.620420925906799e-07,0.0,1.8126855400507588e-09,3.3058939396372606e-12
89,5400.0,5400,1.2261180174752206,1.2261180174785324,14.198956435886391,0.0,1.2261181795175098,1.620389764963211e-07,0.0,1.8126847432119028e-09,3.3106938624034866e-12
90,5460.0,5460,1.2255008076304539,1.2255008076337703,14.21632644072905,0.0,1.225500969669634,1.6203586247224862e-07,0.0,1.8126839778055985e-09,3.3154801581063797e-12
91,5520.0,5520,1.2248857735965883,1.2248857735999095,14.23368770176558,0.0,1.2248859356326611,1.6203275047255423e-07,0.0,1.8126832436473468e-09,3.3202489717338046e-12
92,5580.0,5580,1.2242729067209621,1.2242729067242881,14.25104024981998,0.0,1.2242730687539296,1.6202964045446583e-07,0.0,1.8126825404882179e-09,3.3249966443106685e-12
93,5640.0,5640,1.2236621984018916,1.2236621984052223,14.268384115593644,0.0,1.2236623604317558,1.6202653237810743e-07,0.0,1.812681868018158e-09,3.329719766784321e-12
94,5700.0,5700,1.2230536400918959,1.2230536400952314,14.285719329666131,0.0,1.2230538021186586,1.6202342620637008e-07,0.0,1.8126812258699741e-09,3.3344151362799133e-12
95,5760.0,5760,1.2224472232984915,1.2224472233018315,14.303045922495897,0.0,1.2224473853221545,1.620203219047738e-07,0.0,1.8126806136231803e-09,3.3390798142936255e-12
96,5820.0,5820,1.2218429395820627,1.2218429395854074,14.320363924421104,0.0,1.2218431016026279,1.6201721944124558e-07,0.0,1.8126800308079126e-09,3.3437110845143933e-12
97,5880.0,5880,1.2212407805586523,1.2212407805620016,14.337673365660333,0.0,1.2212409425761215,1.6201411878599317e-07,0.0,1.8126794769088907e-09,3.348306498575936e-12
98,5940.0,5940,1.2206407379033777,1.2206407379067314,14.354974276313406,0.0,1.2206408999177525,1.6201101991131017e-07,0.0,1.8126789513698515e-09,3.352863814782513e-12
99,6000.0,6000,1.2200428033467545,1.220042803350113,14.3722666863622,0.0,1.220042965358037,1.6200792279138088e-07,0.0,1.8126784535969696e-09,3.35738107244013e-12
100,6060.0,6060,1.2194469686785991,1.219446968681962,14.389550625671461,0.0,1.2194471306867904,1.6200482740213324e-07,0.0,1.8126779829635957e-09,3.3618565228348022e-12
101,6120.0,6120,1.218853225747728,1.2188532257510956,14.406826123989589,0.0,1.2188533877528303,1.6200173372108882e-07,0.0,1.812677538813608e-09,3.366288658066003e-12
102,6180.0,6180,1.2182615664632481,1.2182615664666196,14.424093210949538,0.0,1.2182617284652624,1.6199864172717068e-07,0.0,1.8126771204657502e-09,3.37067619381811e-12
103,6240.0,6240,1.217671982794329,1.217671982797705,14.44135191606963,0.0,1.2176721447932575,1.6199555140053234e-07,0.0,1.8126767272168442e-09,3.37501807635178e-12
104,6300.0,6300,1.2170844667716043,1.2170844667749845,14.45860226875442,0.0,1.2170846287674482,1.619924627224318e-07,0.0,1.8126763583461503e-09,3.3793134184427107e-12
105,6360.0,6360,1.2164990104864062,1.2164990104897908,14.475844298295572,0.0,1.2164991724791674,1.6198937567508133e-07,0.0,1.812676013117923e-09,3.3835615916318066e-12
106,6420.0,6420,1.2159156060919618,1.2159156060953507,14.493078033872678,0.0,1.215915768081642,1.6198629024150656e-07,0.0,1.8126756907856783e-09,3.387762095593349e-12
107,6480.0,6480,1.2153342458070338,1.2153342458104266,14.51030350455421,0.0,1.2153344077936339,1.6198320640540538e-07,0.0,1.8126753905943515e-09,3.391914661359641e-12
108,6540.0,6540,1.2147549219077047,1.2147549219111018,14.527520739298378,0.0,1.2147550838912269,1.6198012415106388e-07,0.0,1.812675111784399e-09,3.39601913448168e-12
109,6600.0,6600,1.2141776267372797,1.214177626740681,14.544729766953989,0.0,1.2141777887177254,1.6197704346318527e-07,0.0,1.8126748535930654e-09,3.400075543799165e-12
110,6660.0,6660,1.213602352699649,1.213602352703054,14.56193061626135,0.0,1.2136025146770193,1.61973964326845e-07,0.0,1.8126746152583687e-09,3.4040840481445076e-12
111,6720.0,6720,1.2130290922622824,1.2130290922656917,14.57912331585319,0.0,1.2130292542365793,1.6197088672734047e-07,0.0,1.812674396020414e-09,3.4080449541925505e-12
112,6780.0,6780,1.2124578379572684,1.2124578379606812,14.59630789425551,0.0,1.2124579999284928,1.619678106501553e-07,0.0,1.8126741951243005e-09,3.4119586686772996e-12
113,6840.0,6840,1.2118885823762444,1.2118885823796615,14.613484379888513,0.0,1.2118887443443984,1.6196473608081798e-07,0.0,1.812674011821645e-09,3.415825707760376e-12
114,6900.0,6900,1.2113213181775178,1.2113213181809384,14.630652801067466,0.0,1.2113214801426024,1.6196166300488712e-07,0.0,1.8126738453725991e-09,3.419646683460566e-12
115,6960.0,6960,1.2107560380793059,1.2107560380827302,14.647813186003608,0.0,1.2107562000413228,1.6195859140783726e-07,0.0,1.8126736950471383e-09,3.4234223128912375e-12
116,7020.0,7020,1.210192734863962,1.2101927348673902,14.664965562805042,0.0,1.2101928968229125,1.619555212750319e-07,0.0,1.8126735601271021e-09,3.4271533739968306e-12
117,7080.0,7080,1.209631401374729,1.2096314013781608,14.682109959477584,0.0,1.2096315633306145,1.6195245259165743e-07,0.0,1.8126734399070612e-09,3.4308407204213965e-12
118,7140.0,7140,1.2090720305182647,1.2090720305217002,14.699246403925713,0.0,1.2090721924710865,1.6194938534268124e-07,0.0,1.8126733336955368e-09,3.4344852464800996e-12
119,7200.0,7200,1.2085146152618813,1.2085146152653206,14.716374923953378,0.0,1.208514777211641,1.6194631951280055e-07,0.0,1.8126732408158448e-09,3.4380879216950204e-12
120,7260.0,7260,1.2079591486333112,1.2079591486367538,14.733495547264921,0.0,1.20795931058001,1.6194325508641555e-07,0.0,1.8126731606072917e-09,3.4416497302895145e-12
121,7320.0,7320,1.2074056237236597,1.2074056237271058,14.750608301465904,0.0,1.2074057856672988,1.6194019204761118e-07,0.0,1.812673092425174e-09,3.445171734355147e-12
122,7380.0,7380,1.2068540336816282,1.206854033685078,14.767713214064004,0.0,1.2068541956222094,1.6193713038009436e-07,0.0,1.8126730356424903e-09,3.4486549729885798e-12
123,7440.0,7440,1.2063043717160733,1.2063043717195263,14.784810312469846,0.0,1.2063045336535974,1.6193407006723585e-07,0.0,1.8126729896493552e-09,3.452100551517459e-12
124,7500.0,7500,1.205756631097889,1.205756631101346,14.801899623997853,0.0,1.205756793032358,1.6193101109196518e-07,0.0,1.8126729538538901e-09,3.455509548983822e-12
125,7560.0,7560,1.2052108051536552,1.205210805157115,14.818981175867112,0.0,1.2052109670850695,1.6192795343686686e-07,0.0,1.8126729276822694e-09,3.4588830980653967e-12
126,7620.0,7620,1.2046668872701207,1.204666887273584,14.836054995202176,0.0,1.204667049198482,1.6192489708408712e-07,0.0,1.812672910579238e-09,3.4622223026069408e-12
127,7680.0,7680,1.2041248708904142,1.2041248708938805,14.853121109033886,0.0,1.2041250328157238,1.6192184201531014e-07,0.0,1.812672902007664e-09,3.465528289022031e-12
128,7740.0,7740,1.2035847495163352,1.203584749519805,14.870179544300226,0.0,1.2035849114385944,1.6191878821187484e-07,0.0,1.8126729014491493e-09,3.4688021772126705e-12
129,7800.0,7800,1.2030465167059563,1.2030465167094295,14.887230327847112,0.0,1.2030466786251663,1.6191573565464908e-07,0.0,1.812672908403678e-09,3.4720450740532994e-12
130,7860.0,7860,1.2025101660729396,1.202510166076416,14.904273486429197,0.0,1.2025103279891012,1.6191268432407747e-07,0.0,1.8126729223894515e-09,3.4752580749409737e-12
131,7920.0,7920,1.201975691286517,1.2019756912899964,14.921309046710642,0.0,1.2019758531996318,1.6190963420021754e-07,0.0,1.812672942942913e-09,3.478442273572982e-12
132,7980.0,7980,1.2014430860711476,1.2014430860746304,14.938337035265963,0.0,1.2014432479812167,1.6190658526268561e-07,0.0,1.8126729696183714e-09,3.4815987587135013e-12
133,8040.0,8040,1.2009123442058172,1.200912344209303,14.955357478580732,0.0,1.2009125061128416,1.6190353749068087e-07,0.0,1.8126730019881425e-09,3.484728560108394e-12
134,8100.0,8100,1.2003834595232432,1.2003834595267322,14.972370403052421,0.0,1.200383621427224,1.6190049086304536e-07,0.0,1.8126730396415876e-09,3.4878327499843547e-12
135,8160.0,8160,1.1998564259085442,1.1998564259120361,14.989375834991117,0.0,1.1998565878094827,1.6189744535818894e-07,0.0,1.8126730821856759e-09,3.490912319889925e-12
136,8220.0,8220,1.1993312372990852,1.19933123730258,15.00637380062028,0.0,1.199331399196982,1.6189440095416141e-07,0.0,1.812673129243719e-09,3.493968279258217e-12
137,8280.0,8280,1.1988078876872745,1.1988078876907726,15.023364326077482,0.0,1.1988080495821314,1.6189135762863734e-07,0.0,1.812673180455746e-09,3.497001596284809e-12
138,8340.0,8340,1.1982863711124385,1.1982863711159395,15.040347437415186,0.0,1.198286533004256,1.6188831535896722e-07,0.0,1.8126732354777755e-09,3.5000132255233472e-12
139,8400.0,8400,1.197766681669607,1.1977666816731112,15.057323160601428,0.0,1.1977668435583864,1.6188527412210537e-07,0.0,1.8126732939813717e-09,3.5030040953319923e-12
140,8460.0,8460,1.1972488134994141,1.1972488135029211,15.074291521520566,0.0,1.1972489753851563,1.6188223389470305e-07,0.0,1.8126733556535966e-09,3.505975105062927e-12
141,8520.0,8520,1.1967327607949467,1.1967327607984568,15.091252545973967,0.0,1.1967329226776524,1.6187919465310836e-07,0.0,1.8126734201961663e-09,3.508927112253138e-12
142,8580.0,8580,1.196218517798916,1.1962185178024287,15.108206259680735,0.0,1.1962186796785863,1.6187615637332725e-07,0.0,1.8126734873250521e-09,3.5118609881475315e-12
143,8640.0,8640,1.1957060788005496,1.1957060788040654,15.12515268827839,0.0,1.1957062406771857,1.618731190311196e-07,0.0,1.8126735567704574e-09,3.514777527408092e-12
144,8700.0,8700,1.1951954381396368,1.1951954381431555,15.142091857323585,0.0,1.195195600013239,1.6187008260194226e-07,0.0,1.8126736282757384e-09,3.5176775549798937e-12
145,8760.0,8760,1.194686590200476,1.1946865902039974,15.159023792292754,0.0,1.1946867520710456,1.6186704706099682e-07,0.0,1.812673701597898e-09,3.520561822181546e-12
146,8820.0,8820,1.1941795294175073,1.1941795294210318,15.175948518582794,0.0,1.1941796912850453,1.6186401238322692e-07,0.0,1.812673776506107e-09,3.5234310723251086e-12
147,8880.0,8880,1.1936742502697182,1.1936742502732454,15.192866061511756,0.0,1.1936744121342249,1.61860978543369e-07,0.0,1.8126738527818221e-09,3.5262860238822997e-12
148,8940.0,8940,1.193170747283109,1.193170747286639,15.209776446319456,0.0,1.1931709091445857,1.6185794551591652e-07,0.0,1.8126739302184816e-09,3.5291273606801837e-12
149,9000.0,9000,1.192669015028185,1.192669015031718,15.226679698168185,0.0,1.1926691768866327,1.618549132751558e-07,0.0,1.8126740086205431e-09,3.5319557522651875e-12
150,9060.0,9060,1.192169048122318,1.1921690481258536,15.24357584214332,0.0,1.1921692099777363,1.6185188179522013e-07,0.0,1.8126740878034607e-09,3.534771848661155e-12
151,9120.0,9120,1.1916708412251353,1.1916708412286738,15.26046490325395,0.0,1.191671003077526,1.618488510499997e-07,0.0,1.812674167593544e-09,3.5375762542452753e-12
152,9180.0,9180,1.1911743890407382,1.1911743890442794,15.277346906433557,0.0,1.1911745508901017,1.6184582101327657e-07,0.0,1.81267424782688e-09,3.5403695485169834e-12
153,9240.0,9240,1.1906796863199642,1.1906796863235085,15.294221876540556,0.0,1.1906798481663012,1.6184279165864092e-07,0.0,1.8126743283490509e-09,3.5431523199955173e-12
154,9300.0,9300,1.1901867278526939,1.1901867278562408,15.311089838359017,0.0,1.1901868896960048,1.618397629595447e-07,0.0,1.8126744090153464e-09,3.5459251094539603e-12
155,9360.0,9360,1.1896955084741045,1.1896955084776542,15.327950816599206,0.0,1.1896956703143902,1.6183673488933193e-07,0.0,1.8126744896898952e-09,3.5486884076143157e-12
156,9420.0,9420,1.1892060230583827,1.189206023061935,15.344804835898195,0.0,1.1892061848956434,1.6183370742123853e-07,0.0,1.8126745702447973e-09,3.5514427601400788e-12
157,9480.0,9480,1.1887182665276261,1.1887182665311813,15.361651920820481,0.0,1.188718428361863,1.6183068052833534e-07,0.0,1.8126746505611566e-09,3.5541886144705767e-12
158,9540.0,9540,1.1882322338395623,1.1882322338431204,15.378492095858586,0.0,1.1882323956707754,1.6182765418365728e-07,0.0,1.812674730527345e-09,3.5569264286071745e-12
159,9600.0,9600,1.1877479199956338,1.1877479199991947,15.395325385433614,0.0,1.1877480818238242,1.6182462836012517e-07,0.0,1.8126748100392146e-09,3.559656656689075e-12
160,9660.0,9660,1.1872653200374712,1.1872653200410346,15.41215181389587,0.0,1.1872654818626387,1.6182160303058474e-07,0.0,1.8126748889999783e-09,3.562379693486895e-12
161,9720.0,9720,1.1867844290463745,1.1867844290499407,15.428971405525386,0.0,1.1867845908685202,1.6181857816782783e-07,0.0,1.8126749673194148e-09,3.565095945762344e-12
162,9780.0,9780,1.1863052421447375,1.1863052421483067,15.445784184532538,0.0,1.1863054039638616,1.6181555374458012e-07,0.0,1.8126750449138447e-09,3.567805804877714e-12
163,9840.0,9840,1.1858277544938027,1.1858277544973743,15.462590175058583,0.0,1.185827916309905,1.6181252973355243e-07,0.0,1.8126751217059415e-09,3.5705096099314904e-12
164,9900.0,9900,1.185351961292442,1.185351961296016,15.479389401176254,0.0,1.1853521231055233,1.6180950610735338e-07,0.0,1.8126751976238895e-09,3.5732077172947437e-12
165,9960.0,9960,1.1848778577812813,1.1848778577848584,15.496181886890243,0.0,1.1848780195913422,1.6180648283862174e-07,0.0,1.8126752726017339e-09,3.575900455288921e-12
166,10020.0,10020,1.1844054392375953,1.184405439241175,15.512967656137837,0.0,1.184405601044636,1.618034598999572e-07,0.0,1.8126753465787489e-09,3.5785881255999977e-12
167,10080.0,10080,1.183934700976383,1.1839347009799654,15.529746732789398,0.0,1.1839348627804038,1.618004372639324e-07,0.0,1.8126754194990855e-09,3.5812710425575115e-12
168,10140.0,10140,1.1834656383500894,1.1834656383536746,15.546519140648934,0.0,1.1834658001510905,1.617974149031111e-07,0.0,1.8126754913121464e-09,3.5839494605959938e-12
169,10200.0,10200,1.1829982467509679,1.1829982467545557,15.563284903454612,0.0,1.1829984085489496,1.6179439279009295e-07,0.0,1.812675561971297e-09,3.586623664841017e-12
170,10260.0,10260,1.1825325216053735,1.1825325216089637,15.580044044879298,0.0,1.182532683400336,1.6179137089742965e-07,0.0,1.8126756314344509e-09,3.5892939077820067e-12
171,10320.0,10320,1.1820684583780185,1.1820684583816117,15.596796588531108,0.0,1.182068620169962,1.6178834919774788e-07,0.0,1.8126756996636724e-09,3.5919604228535635e-12
172,10380.0,10380,1.1816060525699477,1.1816060525735435,15.613542557953865,0.0,1.181606214358872,1.6178532766362338e-07,0.0,1.8126757666248233e-09,3.5946234321739834e-12
173,10440.0,10440,1.1811452997181948,1.181145299721793,15.630281976627687,0.0,1.1811454615041004,1.6178230626772783e-07,0.0,1.8126758322872593e-09,3.5972831644373612e-12
174,10500.0,10500,1.1806861953946592,1.1806861953982601,15.647014867969443,0.0,1.1806863571775463,1.6177928498270296e-07,0.0,1.8126758966239468e-09,3.5999398043108097e-12
175,10560.0,10560,1.1802287352084322,1.1802287352120358,15.663741255333296,0.0,1.1802288969883008,1.6177626378126254e-07,0.0,1.8126759596109474e-09,3.6025935620007532e-12
176,10620.0,10620,1.1797729148023117,1.1797729148059182,15.68046116201118,0.0,1.1797730765791619,1.6177324263613525e-07,0.0,1.812676021227464e-09,3.6052445983509475e-12
177,10680.0,10680,1.1793187298551748,1.179318729858784,15.697174611233315,0.0,1.1793188916290065,1.6177022152012194e-07,0.0,1.8126760814554428e-09,3.6078931084026308e-12
178,10740.0,10740,1.1788661760808723,1.178866176084484,15.713881626168718,0.0,1.1788663378516855,1.6176720040604134e-07,0.0,1.8126761402799017e-09,3.6105392180138798e-12
179,10800.0,10800,1.178415249226624,1.1784152492302382,15.730582229925647,0.0,1.1784154109944185,1.6176417926678428e-07,0.0,1.8126761976877345e-09,3.613183112293624e-12
180,10860.0,10860,1.1779659450735331,1.1779659450771502,15.747276445552165,0.0,1.1779661068383094,1.6176115807528657e-07,0.0,1.812676253668812e-09,3.6158249145185116e-12
181,10920.0,10920,1.1775182594362708,1.1775182594398903,15.763964296036505,0.0,1.1775184211980283,1.617581368045411e-07,0.0,1.8126763082149048e-09,3.6184647577491025e-12
182,10980.0,10980,1.1770721881669608,1.177072188170583,15.780645804307664,0.0,1.1770723499256994,1.6175511542762768e-07,0.0,1.812676361320034e-09,3.621102781086956e-12
183,11040.0,11040,1.1766277271471397,1.1766277271507646,15.797320993235855,0.0,1.1766278889028594,1.6175209391765024e-07,0.0,1.8126764129801666e-09,3.6237390807330106e-12
184,11100.0,11100,1.1761848722918367,1.176184872295464,15.813989885632935,0.0,1.1761850340445374,1.6174907224781772e-07,0.0,1.8126764631928648e-09,3.626373778570255e-12
185,11160.0,11160,1.1757436195499078,1.175743619553538,15.830652504252901,0.0,1.1757437812995892,1.6174605039139303e-07,0.0,1.8126765119575886e-09,3.629006984259302e-12
186,11220.0,11220,1.1753039649036248,1.1753039649072576,15.847308871792368,0.0,1.175304126650287,1.6174302832171118e-07,0.0,1.8126765592753935e-09,3.63163876888814e-12
187,11280.0,11280,1.17486590436567,1.1748659043693053,15.863959010891017,0.0,1.1748660661093124,1.6174000601217614e-07,0.0,1.8126766051486475e-09,3.6342692501656268e-12
188,11340.0,11340,1.1744294339834627,1.1744294339871006,15.880602944132061,0.0,1.1744295957240851,1.6173698343629397e-07,0.0,1.8126766495811256e-09,3.63689850099627e-12
189,11400.0,11400,1.1739945498338125,1.173994549837453,15.897240694042697,0.0,1.1739947115714149,1.6173396056761274e-07,0.0,1.812676692577939e-09,3.639526588436643e-12
190,11460.0,11460,1.1735612480278224,1.1735612480314654,15.913872283094548,0.0,1.173561409762404,1.617309373798035e-07,0.0,1.8126767341453241e-09,3.642153589246432e-12
191,11520.0,11520,1.1731295247058646,1.1731295247095104,15.930497733704154,0.0,1.1731296864374254,1.6172791384659144e-07,0.0,1.8126767742904325e-09,3.644779583126416e-12
192,11580.0,11580,1.1726993760414512,1.1726993760450999,15.947117068233375,0.0,1.172699537769991,1.6172488994178565e-07,0.0,1.8126768130215639e-09,3.647404613391393e-12
193,11640.0,11640,1.1722707982380347,1.172270798241686,15.963730308989856,0.0,1.1722709599635528,1.6172186563927936e-07,0.0,1.8126768503479329e-09,3.650028754415158e-12
194,11700.0,11700,1.1718437875310448,1.1718437875346985,15.980337478227469,0.0,1.1718439492535404,1.6171884091307377e-07,0.0,1.8126768862795509e-09,3.652652032724605e-12
195,11760.0,11760,1.171418340185182,1.1714183401888385,15.996938598146741,0.0,1.1714185019046555,1.6171581573722715e-07,0.0,1.8126769208268749e-09,3.655274522911873e-12
196,11820.0,11820,1.1709944524973706,1.1709944525010296,16.013533690895283,0.0,1.1709946142138208,1.6171279008591775e-07,0.0,1.8126769540014877e-09,3.657896256046443e-12
197,11880.0,11880,1.1705721207935391,1.1705721207972006,16.030122778568256,0.0,1.1705722825069658,1.6170976393337493e-07,0.0,1.8126769858152294e-09,3.660517270225416e-12
198,11940.0,11940,1.170151341430556,1.1701513414342202,16.04670588320877,0.0,1.1701515031409586,1.6170673725394202e-07,0.0,1.8126770162807143e-09,3.663137608791365e-12
199,12000.0,12000,1.169732110796575,1.1697321108002416,16.06328302680831,0.0,1.169732272503953,1.617037100220554e-07,0.0,1.8126770454108142e-09,3.6657573009720224e-12
200,12060.0,12060,1.1693144253057655,1.169314425309435,16.07985423130722,0.0,1.1693145870101183,1.6170068221222353e-07,0.0,1.8126770732190815e-09,3.6683763787840864e-12
201,12120.0,12120,1.1688982814061109,1.1688982814097828,16.09641951859501,0.0,1.1688984431074378,1.616976537990448e-07,0.0,1.8126770997192318e-09,3.670994864017198e-12
202,12180.0,12180,1.1684836755713952,1.16848367557507,16.1129789105109,0.0,1.168483837269696,1.6169462475724675e-07,0.0,1.81267712492538e-09,3.673612788282644e-12
203,12240.0,12240,1.1680706043080962,1.1680706043117735,16.12953242884414,0.0,1.1680707660033696,1.6169159506156286e-07,0.0,1.812677148851969e-09,3.676230169475504e-12
204,12300.0,12300,1.1676590641490083,1.1676590641526883,16.146080095334483,0.0,1.1676592258412541,1.6168856468693974e-07,0.0,1.8126771715136528e-09,3.678847018076693e-12
205,12360.0,12360,1.1672490516581788,1.1672490516618614,16.16262193167259,0.0,1.1672492133473962,1.6168553360829992e-07,0.0,1.8126771929250385e-09,3.681463373439316e-12
206,12420.0,12420,1.1668405634254393,1.1668405634291243,16.17915795950042,0.0,1.1668407251116273,1.6168250180071607e-07,0.0,1.8126772131013427e-09,3.684079234592892e-12
207,12480.0,12480,1.1664335960730547,1.1664335960767425,16.195688200411613,0.0,1.1664337577562127,1.6167946923934182e-07,0.0,1.8126772320576646e-09,3.68669459731104e-12
208,12540.0,12540,1.166028146248228,1.1660281462519184,16.212212675951992,0.0,1.1660283079283555,1.6167643589941787e-07,0.0,1.8126772498088695e-09,3.6893095006306374e-12
209,12600.0,12600,1.1656242106283183,1.1656242106320116,16.22873140761986,0.0,1.1656243723054143,1.6167340175627196e-07,0.0,1.8126772663704084e-09,3.691923936145815e-12
210,12660.0,12660,1.165221785919118,1.1652217859228138,16.245244416866456,0.0,1.1652219475931815,1.6167036678532482e-07,0.0,1.8126772817574276e-09,3.694537916891486e-12
211,12720.0,12720,1.1648208688526567,1.1648208688563548,16.26175172509635,0.0,1.1648210305236868,1.6166733096210525e-07,0.0,1.8126772959851906e-09,3.6971514581262105e-12
212,12780.0,12780,1.164421456190771,1.164421456194472,16.278253353667804,0.0,1.1644216178587672,1.616642942621871e-07,0.0,1.8126773090690548e-09,3.699764534890127e-12
213,12840.0,12840,1.1640235447209033,1.164023544724607,16.294749323893225,0.0,1.1640237063858645,1.6166125666126722e-07,0.0,1.8126773210237914e-09,3.7023771785726995e-12
214,12900.0,12900,1.1636271312604465,1.1636271312641524,16.31123965703949,0.0,1.1636272929223719,1.616582181351355e-07,0.0,1.8126773318647109e-09,3.704989368940674e-12
215,12960.0,12960,1.1632322126518442,1.163232212655553,16.32772437432842,0.0,1.1632323743107327,1.6165517865962086e-07,0.0,1.8126773416066312e-09,3.70760112745029e-12
216,13020.0,13020,1.1628387857660407,1.162838785769752,16.344203496937066,0.0,1.1628389474218914,1.6165213821071424e-07,0.0,1.8126773502645815e-09,3.710212432925565e-12
217,13080.0,13080,1.162446847502614,1.1624468475063279,16.360677045998166,0.0,1.162447009155426,1.6164909676442767e-07,0.0,1.812677357853075e-09,3.712823292051697e-12
218,13140.0,13140,1.1620563947834792,1.1620563947871956,16.377145042600546,0.0,1.1620565564332512,1.6164605429689318e-07,0.0,1.812677364386719e-09,3.715433700052326e-12
219,13200.0,13200,1.1616674245621557,1.1616674245658747,16.393607507789405,0.0,1.1616675862088868,1.6164301078432678e-07,0.0,1.812677369879792e-09,3.7180436547043315e-12
220,13260.0,13260,1.1612799338166773,1.1612799338203992,16.41006446256681,0.0,1.1612800954603664,1.6163996620299557e-07,0.0,1.8126773743466195e-09,3.7206531528169774e-12
221,13320.0,13320,1.1608939195520889,1.1608939195558132,16.426515927891998,0.0,1.1608940811927349,1.616369205292987e-07,0.0,1.8126773778011293e-09,3.723262181781184e-12
222,13380.0,13380,1.160509378799228,1.160509378802955,16.44296192468177,0.0,1.1605095404368297,1.6163387373968628e-07,0.0,1.8126773802570603e-09,3.725870741137917e-12
223,13440.0,13440,1.1601263086159679,1.1601263086196973,16.459402473810893,0.0,1.160126470250524,1.6163082581070752e-07,0.0,1.8126773817280588e-09,3.728478821919899e-12
224,13500.0,13500,1.1597447060865234,1.1597447060902555,16.475837596112424,0.0,1.1597448677180333,1.6162777671898664e-07,0.0,1.8126773822273948e-09,3.731086420361409e-12
225,13560.0,13560,1.1593645683207798,1.1593645683245146,16.492267312378125,0.0,1.159364729949242,1.6162472644120483e-07,0.0,1.812677381768199e-09,3.7336935281829e-12
226,13620.0,13620,1.1589858924533805,1.1589858924571177,16.50869164335882,0.0,1.1589860540787937,1.616216749541664e-07,0.0,1.8126773803633191e-09,3.736300125246114e-12
227,13680.0,13680,1.1586086756468112,1.1586086756505511,16.52511060976473,0.0,1.1586088372691747,1.6161862223472966e-07,0.0,1.8126773780253699e-09,3.7389062273553355e-12
228,13740.0,13740,1.1582329150896828,1.1582329150934256,16.541524232265893,0.0,1.158233076708995,1.616155682598339e-07,0.0,1.8126773747668244e-09,3.741511793671501e-12
229,13800.0,13800,1.1578586079925597,1.157858607996305,16.557932531492504,0.0,1.1578587696088192,1.6161251300650552e-07,0.0,1.8126773705995e-09,3.744116846946193e-12
230,13860.0,13860,1.157485751595794,1.1574857515995416,16.57433552803525,0.0,1.1574859132089992,1.616094564518369e-07,0.0,1.8126773655354712e-09,3.746721354719704e-12
231,13920.0,13920,1.1571143431614055,1.1571143431651558,16.59073324244571,0.0,1.1571145047715554,1.6160639857299244e-07,0.0,1.8126773595861328e-09,3.749325322093533e-12
232,13980.0,13980,1.1567443799801282,1.1567443799838812,16.6071256952367,0.0,1.1567445415872215,1.616033393472176e-07,0.0,1.8126773527629036e-09,3.751928725197383e-12
233,14040.0,14040,1.1563758593649895,1.1563758593687452,16.623512906882624,0.0,1.1563760209690248,1.6160027875186289e-07,0.0,1.8126773450766623e-09,3.754531566103369e-12
234,14100.0,14100,1.1560087786540243,1.1560087786577824,16.63989489781984,0.0,1.1560089402550002,1.6159721676427574e-07,0.0,1.8126773365382414e-09,3.757133822124571e-12
235,14160.0,14160,1.1556431352133885,1.1556431352171492,16.656271688447,0.0,1.1556432968113037,1.615941533619537e-07,0.0,1.8126773271579334e-09,3.759735505265548e-12
236,14220.0,14220,1.1552789264301155,1.155278926433879,16.672643299125408,0.0,1.1552790880249688,1.6159108852243336e-07,0.0,1.8126773169461022e-09,3.762336566912657e-12
237,14280.0,14280,1.1549161497184064,1.1549161497221725,16.689009750179416,0.0,1.154916311310196,1.6158802222332329e-07,0.0,1.8126773059123602e-09,3.764937045058223e-12
238,14340.0,14340,1.154554802516697,1.1545548025204655,16.705371061896667,0.0,1.1545549641054211,1.6158495444228005e-07,0.0,1.8126772940665553e-09,3.7675368902006645e-12
239,14400.0,14400,1.1541948822860737,1.1541948822898451,16.721727254528577,0.0,1.1541950438717314,1.6158188515707734e-07,0.0,1.812677281417878e-09,3.7701361053810875e-12
240,14460.0,14460,1.153836386513749,1.153836386517523,16.73807834829056,0.0,1.1538365480963384,1.615788143455278e-07,0.0,1.812677267975379e-09,3.772734684920745e-12
241,14520.0,14520,1.1534793127127394,1.153479312716516,16.75442436336244,0.0,1.153479474292259,1.615757419855071e-07,0.0,1.8126772537478035e-09,3.775332608380655e-12
242,14580.0,14580,1.1531236584166475,1.1531236584204265,16.77076531988882,0.0,1.1531238199930958,1.6157266805496593e-07,0.0,1.8126772387435922e-09,3.777929877259961e-12
243,14640.0,14640,1.152769421184372,1.1527694211881536,16.787101237979332,0.0,1.152769582757747,1.6156959253193308e-07,0.0,1.8126772229709046e-09,3.780526474747566e-12
244,14700.0,14700,1.1524165986000199,1.1524165986038044,16.80343213770908,0.0,1.1524167601703208,1.6156651539446427e-07,0.0,1.8126772064377593e-09,3.783122380883144e-12
245,14760.0,14760,1.152065188271762,1.152065188275549,16.819758039118877,0.0,1.1520653498389868,1.615634366207263e-07,0.0,1.8126771891517059e-09,3.785717605860394e-12
246,14820.0,14820,1.1517151878293495,1.151715187833139,16.8360789622157,0.0,1.1517153493934962,1.61560356188928e-07,0.0,1.8126771711201533e-09,3.7883121229788396e-12
247,14880.0,14880,1.1513665949275944,1.1513665949313867,16.85239492697294,0.0,1.151366756488662,1.6155727407732612e-07,0.0,1.8126771523499716e-09,3.790905920178305e-12
248,14940.0,14940,1.1510194072452904,1.1510194072490851,16.868705953330746,0.0,1.1510195688032765,1.615541902642586e-07,0.0,1.8126771328481007e-09,3.793499003439228e-12
249,15000.0,15000,1.1506736224844907,1.1506736224882879,16.88501206119638,0.0,1.1506737840393937,1.615511047281233e-07,0.0,1.8126771126210822e-09,3.796091356678237e-12
250,15060.0,15060,1.1503292383695711,1.1503292383733708,16.901313270444586,0.0,1.1503293999213895,1.6154801744735708e-07,0.0,1.8126770916751529e-09,3.798682967009544e-12
251,15120.0,15120,1.149986252650655,1.1499862526544575,16.917609600917842,0.0,1.149986414199387,1.6154492840048688e-07,0.0,1.8126770700163618e-09,3.801273815840885e-12
252,15180.0,15180,1.1496446630980306,1.1496446631018353,16.93390107242674,0.0,1.1496448246436743,1.6154183756606065e-07,0.0,1.8126770476503359e-09,3.8038639082569526e-12
253,15240.0,15240,1.1493044675080357,1.1493044675118436,16.950187704750324,0.0,1.1493046290505897,1.6153874492272836e-07,0.0,1.812677024582562e-09,3.806453240009909e-12
254,15300.0,15300,1.1489656636981982,1.1489656637020085,16.966469517636398,0.0,1.1489658252376602,1.6153565044917599e-07,0.0,1.8126770008183621e-09,3.809041783278917e-12
255,15360.0,15360,1.1486282495098596,1.1486282495136724,16.982746530801833,0.0,1.1486284110462277,1.6153255412412253e-07,0.0,1.81267697636266e-09,3.8116295332270735e-12
256,15420.0,15420,1.1482922228068893,1.1482922228107046,16.999018763932952,0.0,1.1482923843401616,1.6152945592637402e-07,0.0,1.8126769512199577e-09,3.814216496028706e-12
257,15480.0,15480,1.147957581476313,1.1479575814801308,17.015286236685775,0.0,1.1479577430064878,1.6152635583477554e-07,0.0,1.8126769253950141e-09,3.816802649341744e-12
258,15540.0,15540,1.1476243234278507,1.1476243234316712,17.03154896868643,0.0,1.1476244849549262,1.615232538282291e-07,0.0,1.8126768988918861e-09,3.819387980608692e-12
259,15600.0,15600,1.147292446593524,1.147292446597347,17.04780697953141,0.0,1.1472926081174981,1.6152014988570282e-07,0.0,1.812676871714536e-09,3.821972503958406e-12
260,15660.0,15660,1.146961948929125,1.1469619489329506,17.064060288787896,0.0,1.1469621104499956,1.6151704398617981e-07,0.0,1.8126768438668088e-09,3.824556177600943e-12
261,15720.0,15720,1.1466328284113327,1.146632828415161,17.080308915994156,0.0,1.1466329899290983,1.615139361087362e-07,0.0,1.8126768153520338e-09,3.827139029702677e-12
262,15780.0,15780,1.1463050830410846,1.1463050830449153,17.096552880659758,0.0,1.146305244555743,1.6151082623248413e-07,0.0,1.8126767861736343e-09,3.829721017093814e-12
263,15840.0,15840,1.1459787108396249,1.1459787108434585,17.112792202265947,0.0,1.145978872351174,1.6150771433655672e-07,0.0,1.812676756334471e-09,3.832302159513633e-12
264,15900.0,15900,1.1456537098518402,1.145653709855676,17.129026900265963,0.0,1.1456538713602777,1.6150460040018923e-07,0.0,1.8126767258374273e-09,3.83488244065703e-12
265,15960.0,15960,1.1453300781453863,1.1453300781492248,17.14525699408532,0.0,1.1453302396507106,1.6150148440262882e-07,0.0,1.812676694685153e-09,3.837461848499801e-12
266,16020.0,16020,1.1450078138089514,1.1450078138127926,17.161482503122187,0.0,1.14500797531116,1.6149836632317972e-07,0.0,1.8126766628799222e-09,3.8400403772816635e-12
267,16080.0,16080,1.1446869149527823,1.1446869149566261,17.177703446747625,0.0,1.1446870764518733,1.6149524614119417e-07,0.0,1.8126766304237748e-09,3.8426180294223714e-12
268,16140.0,16140,1.144367379711741,1.1443673797155873,17.19391984430594,0.0,1.1443675412077126,1.614921238360634e-07,0.0,1.8126765973188915e-09,3.845194783699715e-12
269,16200.0,16200,1.144049206239819,1.144049206243668,17.21013171511501,0.0,1.1440493677326684,1.614889993872267e-07,0.0,1.8126765635668195e-09,3.847770639265251e-12
270,16260.0,16260,1.1437323927140641,1.1437323927179155,17.226339078466573,0.0,1.1437325542037893,1.6148587277418036e-07,0.0,1.812676529169036e-09,3.850345595342185e-12
271,16320.0,16320,1.1434169373340166,1.1434169373378709,17.24254195362653,0.0,1.143417098820616,1.614827439764627e-07,0.0,1.8126764941269477e-09,3.852919641103104e-12
272,16380.0,16380,1.1431028383197046,1.143102838323561,17.25874035983528,0.0,1.1431029998031754,1.61479612973639e-07,0.0,1.8126764584416097e-09,3.855492762975844e-12
273,16440.0,16440,1.1427900939136468,1.142790093917506,17.274934316308,0.0,1.142790255393987,1.6147647974533462e-07,0.0,1.8126764221138429e-09,3.858064966233833e-12
274,16500.0,16500,1.142478702380167,1.1424787023840288,17.29112384223497,0.0,1.1424788638573742,1.6147334427119892e-07,0.0,1.8126763851444205e-09,3.8606362412963675e-12
275,16560.0,16560,1.142168662004064,1.1421686620079283,17.307308956781895,0.0,1.1421688234781362,1.6147020653094424e-07,0.0,1.8126763475338823e-09,3.8632065786180255e-12
276,16620.0,16620,1.1418599710937072,1.1418599710975739,17.323489679090162,0.0,1.1418601325646416,1.6146706650431002e-07,0.0,1.8126763092824858e-09,3.865775977712938e-12
277,16680.0,16680,1.1415526279767723,1.1415526279806416,17.33966602827722,0.0,1.141552789444567,1.6146392417108362e-07,0.0,1.812676270390372e-09,3.868344423163549e-12
278,16740.0,16740,1.1412466310030418,1.1412466310069138,17.35583802343678,0.0,1.1412467924676943,1.6146077951107944e-07,0.0,1.8126762308574705e-09,3.870911930618696e-12
279,16800.0,16800,1.1409419785442867,1.1409419785481614,17.37200568363923,0.0,1.140942140005795,1.6145763250417495e-07,0.0,1.812676190683523e-09,3.8734784723512555e-12
280,16860.0,16860,1.1406386689930703,1.1406386689969474,17.388169027931852,0.0,1.1406388304514317,1.6145448313025957e-07,0.0,1.8126761498682254e-09,3.876044050120732e-12
281,16920.0,16920,1.1403367007629948,1.1403367007668745,17.40432807533917,0.0,1.140336862218207,1.6145133136928277e-07,0.0,1.8126761084108268e-09,3.87860866907043e-12
282,16980.0,16980,1.140036072289807,1.1400360722936893,17.42048284486325,0.0,1.140036233741868,1.6144817720120602e-07,0.0,1.812676066310624e-09,3.881172315543424e-12
283,17040.0,17040,1.1397367820290314,1.139736782032916,17.43663335548396,0.0,1.1397369434779379,1.614450206060628e-07,0.0,1.8126760235667497e-09,3.883734981751506e-12
284,17100.0,17100,1.1394388284575856,1.139438828461473,17.452779626159316,0.0,1.1394389899033357,1.6144186156388958e-07,0.0,1.8126759801780077e-09,3.886296668561067e-12
285,17160.0,17160,1.1391422100742017,1.1391422100780917,17.468921675825747,0.0,1.139142371516793,1.6143870005478894e-07,0.0,1.8126759361431324e-09,3.888857368105755e-12
286,17220.0,17220,1.1388469253988744,1.1388469254027669,17.485059523398427,0.0,1.138847086838304,1.6143553605885434e-07,0.0,1.8126758914606697e-09,3.891417082598339e-12
287,17280.0,17280,1.1385529729703028,1.138552972974198,17.50119318777154,0.0,1.1385531344065687,1.6143236955625736e-07,0.0,1.812675846129049e-09,3.893975803335427e-12
288,17340.0,17340,1.138260351350225,1.1382603513541225,17.5173226878186,0.0,1.138260512783324,1.6142920052720857e-07,0.0,1.8126758001464882e-09,3.896533525906548e-12
289,17400.0,17400,1.1379690591204006,1.1379690591243008,17.53344804239271,0.0,1.1379692205503311,1.614260289519005e-07,0.0,1.8126757535111117e-09,3.899090247317328e-12
290,17460.0,17460,1.1376790948833355,1.1376790948872384,17.549569270326906,0.0,1.1376792563100944,1.6142285481059772e-07,0.0,1.8126757062208563e-09,3.9016459718389795e-12
291,17520.0,17520,1.1373904572632498,1.1373904572671554,17.565686390434426,0.0,1.1373906186868348,1.6141967808358282e-07,0.0,1.8126756582735646e-09,3.904200674237591e-12
292,17580.0,17580,1.1371031449041673,1.137103144908075,17.581799421508997,0.0,1.137103306324575,1.6141649875120446e-07,0.0,1.8126756096666345e-09,3.906754371071412e-12
293,17640.0,17640,1.1368171564694802,1.1368171564733907,17.597908382325155,0.0,1.1368173178867087,1.614133167937842e-07,0.0,1.812675560397721e-09,3.9093070627559045e-12
294,17700.0,17700,1.1365324906462484,1.1365324906501615,17.614013291638503,0.0,1.1365326520602947,1.6141013219171264e-07,0.0,1.8126755104642452e-09,3.911858717581897e-12
295,17760.0,17760,1.1362491461385176,1.1362491461424329,17.63011416818603,0.0,1.136249307549379,1.6140694492541949e-07,0.0,1.8126754598633465e-09,3.914409363535726e-12
296,17820.0,17820,1.1359671216745966,1.1359671216785148,17.64621103068636,0.0,1.135967283082271,1.6140375497534032e-07,0.0,1.8126754085920007e-09,3.916958986482515e-12
297,17880.0,17880,1.1356864160008044,1.1356864160047249,17.662303897840122,0.0,1.1356865774052882,1.6140056232194087e-07,0.0,1.8126753566472999e-09,3.9195075764590686e-12
298,17940.0,17940,1.1354070278833608,1.135407027887284,17.678392788330203,0.0,1.1354071892846522,1.6139736694574374e-07,0.0,1.8126753040258448e-09,3.922055143049663e-12
299,18000.0,18000,1.1351289561122637,1.1351289561161895,17.69447772082194,0.0,1.1351291175103593,1.6139416882725364e-07,0.0,1.8126752507245638e-09,3.924601675854919e-12
300,18060.0,18060,1.1348521994944858,1.1348521994984142,17.710558713963607,0.0,1.1348523608893835,1.6139096794704727e-07,0.0,1.8126751967397993e-09,3.927147179176137e-12
301,18120.0,18120,1.1345767568588476,1.1345767568627785,17.72663578638653,0.0,1.134576918250544,1.6138776428571634e-07,0.0,1.812675142068128e-09,3.929691642246397e-12
302,18180.0,18180,1.1343026270532632,1.1343026270571968,17.742708956705453,0.0,1.1343027884417556,1.6138455782386153e-07,0.0,1.8126750867057518e-09,3.932235063093095e-12
303,18240.0,18240,1.134029808947788,1.1340298089517238,17.758778243518808,0.0,1.1340299703330734,1.6138134854213158e-07,0.0,1.8126750306488959e-09,3.934777448873906e-12
304,18300.0,18300,1.1337583014315482,1.1337583014354868,17.774843665409012,0.0,1.1337584628136244,1.613781364212082e-07,0.0,1.812674973893621e-09,3.937318798289781e-12
305,18360.0,18360,1.1334881034140836,1.1334881034180244,17.790905240942735,0.0,1.1334882647929472,1.613749214417732e-07,0.0,1.8126749164358945e-09,3.939859092100499e-12
306,18420.0,18420,1.1332192138248185,1.1332192138287618,17.80696298867122,0.0,1.1332193752004667,1.6137170358455023e-07,0.0,1.8126748582715195e-09,3.942398360036835e-12
307,18480.0,18480,1.132951631613672,1.132951631617618,17.823016927130535,0.0,1.132951792986102,1.6136848283030214e-07,0.0,1.8126747993963461e-09,3.944936559811345e-12
308,18540.0,18540,1.1326853557511176,1.1326853557550662,17.839067074841868,0.0,1.1326855171203265,1.6136525915976765e-07,0.0,1.8126747398058257e-09,3.9474737313477215e-12
309,18600.0,18600,1.1324203852263737,1.132420385230325,17.855113450311823,0.0,1.1324205465923587,1.613620325537726e-07,0.0,1.8126746794957377e-09,3.950009841607361e-12
310,18660.0,18660,1.1321567190502977,1.1321567190542516,17.871156072032683,0.0,1.1321568804130557,1.6135880299312168e-07,0.0,1.8126746184612526e-09,3.952544921723992e-12
311,18720.0,18720,1.1318943562520583,1.1318943562560146,17.887194958482723,0.0,1.131894517611586,1.6135557045867677e-07,0.0,1.8126745566980558e-09,3.955078941006435e-12
312,18780.0,18780,1.1316332958831414,1.1316332958871003,17.903230128126452,0.0,1.1316334572394362,1.6135233493128765e-07,0.0,1.8126744942011536e-09,3.957611915895524e-12
313,18840.0,18840,1.1313735370121467,1.131373537016108,17.919261599414988,0.0,1.1313736983652056,1.6134909639187617e-07,0.0,1.8126744309658332e-09,3.96014383626868e-12
314,18900.0,18900,1.1311150787295337,1.1311150787334976,17.935289390786185,0.0,1.1311152400793534,1.613458548213191e-07,0.0,1.8126743669871474e-09,3.9626747202290674e-12
315,18960.0,18960,1.1308579201458921,1.1308579201498585,17.951313520665042,0.0,1.1308580814924698,1.613426102005743e-07,0.0,1.8126743022601021e-09,3.965204545350035e-12
316,19020.0,19020,1.1306020603913425,1.1306020603953115,17.967334007463982,0.0,1.1306022217346752,1.6133936251061764e-07,0.0,1.81267423677975e-09,3.967733331061457e-12
317,19080.0,19080,1.130347498613702,1.1303474986176734,17.983350869583077,0.0,1.1303476599537863,1.6133611173240391e-07,0.0,1.8126741705408864e-09,3.970261071307086e-12
318,19140.0,19140,1.1300942339835514,1.1300942339875253,17.99936412541032,0.0,1.1300943953203846,1.6133285784697502e-07,0.0,1.8126741035383763e-09,3.9727877643568856e-12
319,19200.0,19200,1.129842265690599,1.1298422656945757,18.015373793321984,0.0,1.1298424270241778,1.6132960083532783e-07,0.0,1.812674035766944e-09,3.97531341371663e-12
320,19260.0,19260,1.12959159294486,1.1295915929488387,18.03137989168284,0.0,1.1295917542751805,1.613263406785222e-07,0.0,1.8126739672213148e-09,3.977838027493203e-12
321,19320.0,19320,1.1293422149733148,1.1293422149772963,18.047382438846473,0.0,1.129342376300375,1.61323077357648e-07,0.0,1.8126738978961893e-09,3.980361599999292e-12
322,19380.0,19380,1.1290941310259734,1.1290941310299574,18.063381453155518,0.0,1.1290942923497695,1.6131981085379517e-07,0.0,1.8126738277861748e-09,3.982884144128632e-12
323,19440.0,19440,1.1288473403711676,1.1288473403751544,18.079376952941978,0.0,1.1288475016916966,1.6131654114803856e-07,0.0,1.8126737568859025e-09,3.985405637509454e-12
324,19500.0,19500,1.1286018422977555,1.1286018423017448,18.09536895652751,0.0,1.1286020036150142,1.6131326822157313e-07,0.0,1.8126736851896745e-09,3.987926122840199e-12
325,19560.0,19560,1.1283576361123928,1.1283576361163843,18.111357482223685,0.0,1.1283577974263777,1.6130999205550673e-07,0.0,1.8126736126924502e-09,3.99044556814552e-12
326,19620.0,19620,1.128114721144196,1.1281147211481901,18.12734254833223,0.0,1.1281148824549039,1.6130671263104936e-07,0.0,1.8126735393883913e-09,3.992963992859184e-12
327,19680.0,19680,1.1278730967390305,1.1278730967430273,18.1433241731454,0.0,1.1278732580464585,1.6130342992939588e-07,0.0,1.8126734652721988e-09,3.995481413503011e-12
328,19740.0,19740,1.127632762265221,1.12763276226922,18.15930237494618,0.0,1.1276329235693652,1.613001439317563e-07,0.0,1.8126733903383865e-09,3.9979978113584856e-12
329,19800.0,19800,1.1273937171090738,1.1273937171130757,18.175277172008574,0.0,1.1273938784099313,1.612968546193945e-07,0.0,1.812673314581421e-09,4.000513203584325e-12
330,19860.0,19860,1.1271559606772381,1.127155960681242,18.19124858259794,0.0,1.1271561219748054,1.612935619735385e-07,0.0,1.8126732379958393e-09,4.003027596788248e-12
331,19920.0,19920,1.12691949239483,1.1269194923988368,18.207216624971196,0.0,1.126919653689104,1.612902659755062e-07,0.0,1.8126731605761784e-09,4.005540999440462e-12
332,19980.0,19980,1.1266843117083847,1.126684311712394,18.223181317377122,0.0,1.1266844729993615,1.6128696660659461e-07,0.0,1.812673082317116e-09,4.008053409863847e-12
333,20040.0,20040,1.1264504180828945,1.1264504180869062,18.23914267805667,0.0,1.1264505793705712,1.612836638481097e-07,0.0,1.8126730032131188e-09,4.010564851013239e-12
334,20100.0,20100,1.1262178110028553,1.1262178110068695,18.255100725243203,0.0,1.1262179722872285,1.6128035768142347e-07,0.0,1.8126729232591457e-09,4.0130753103789734e-12
335,20160.0,20160,1.125986489973782,1.1259864899777987,18.27105547716277,0.0,1.1259866512548482,1.6127704808789291e-07,0.0,1.8126728424496635e-09,4.015584812285619e-12
336,20220.0,20220,1.125756454517908,1.1257564545219272,18.287006952034425,0.0,1.1257566157956633,1.6127373504892302e-07,0.0,1.8126727607796312e-09,4.018093368014654e-12
337,20280.0,20280,1.1255277041801033,1.1255277041841254,18.30295516807048,0.0,1.1255278654545449,1.6127041854590982e-07,0.0,1.8126726782440313e-09,4.0206009758865524e-12
338,20340.0,20340,1.1253002385237008,1.1253002385277249,18.318900143476753,0.0,1.1253003997948248,1.612670985603003e-07,0.0,1.812672594837776e-09,4.023107648324725e-12
339,20400.0,20400,1.125074057130127,1.1250740571341535,18.3348418964529,0.0,1.1250742183979299,1.612637750735385e-07,0.0,1.812672510555918e-09,4.0256134135088706e-12
340,20460.0,20460,1.1248491596037127,1.124849159607742,18.350780445192644,0.0,1.1248493208681913,1.6126044806713452e-07,0.0,1.8126724253937916e-09,4.028118261707783e-12
341,20520.0,20520,1.124625545563872,1.124625545567904,18.36671580788411,0.0,1.1246257068250227,1.6125711752256533e-07,0.0,1.8126723393467074e-09,4.03062223055477e-12
342,20580.0,20580,1.1244032146537615,1.1244032146577956,18.382648002710017,0.0,1.1244033759115803,1.6125378342136499e-07,0.0,1.8126722524103516e-09,4.033125309782174e-12
343,20640.0,20640,1.1241821665334213,1.124182166537458,18.398577047848043,0.0,1.124182327787905,1.6125044574510062e-07,0.0,1.8126721645802221e-09,4.035627532034731e-12
344,20700.0,20700,1.123962400883438,1.1239624008874771,18.414502961471037,0.0,1.1239625621345828,1.6124710447532423e-07,0.0,1.8126720758523333e-09,4.038128904770292e-12
345,20760.0,20760,1.1237439174040442,1.1237439174080859,18.430425761747333,0.0,1.1237440786518467,1.6124375959365997e-07,0.0,1.812671986222699e-09,4.04062945263153e-12
346,20820.0,20820,1.123526715814138,1.123526715818182,18.44634546684102,0.0,1.1235268770585944,1.6124041108172887e-07,0.0,1.812671895687709e-09,4.043129183842147e-12
347,20880.0,20880,1.1233107958533644,1.123310795857411,18.462262094912184,0.0,1.123310957094471,1.6123705892118507e-07,0.0,1.8126718042437052e-09,4.0456281259138525e-12
348,20940.0,20940,1.1230961572792264,1.1230961572832756,18.478175664117238,0.0,1.1230963185169798,1.6123370309368865e-07,0.0,1.8126717118876633e-09,4.048126298083089e-12
349,21000.0,21000,1.1228827998715796,1.1228827998756314,18.49408619260918,0.0,1.1228829611059759,1.612303435809898e-07,0.0,1.8126716186164415e-09,4.050623719700666e-12
350,21060.0,21060,1.1226707234253244,1.1226707234293785,18.50999369853785,0.0,1.1226708846563602,1.6122698036479358e-07,0.0,1.8126715244275776e-09,4.0531204178841035e-12
351,21120.0,21120,1.122459927758932,1.1224599277629888,18.52589820005021,0.0,1.1224600889866034,1.6122361342688016e-07,0.0,1.8126714293185397e-09,4.055616409946947e-12
352,21180.0,21180,1.1222504127088095,1.122250412712869,18.54179971529064,0.0,1.122250573933113,1.6122024274906571e-07,0.0,1.812671333287499e-09,4.058111729729004e-12
353,21240.0,21240,1.1220421781317849,1.1220421781358465,18.557698262401196,0.0,1.122042339352716,1.612168683131334e-07,0.0,1.81267123633265e-09,4.060606395245772e-12
354,21300.0,21300,1.121835223901045,1.1218352239051093,18.573593859521917,0.0,1.1218353851186005,1.6121349010099842e-07,0.0,1.8126711384527033e-09,4.063100445694746e-12
355,21360.0,21360,1.1216295499135676,1.1216295499176343,18.589486524791052,0.0,1.1216297111277436,1.612101080945219e-07,0.0,1.8126710396469552e-09,4.065593904611494e-12
356,21420.0,21420,1.1214251560834358,1.121425156087505,18.605376276345375,0.0,1.1214253172942286,1.6120672227565212e-07,0.0,1.812670939914773e-09,4.068086806543542e-12
357,21480.0,21480,1.1212220423441832,1.121222042348255,18.62126313232044,0.0,1.1212222035515889,1.612033326263553e-07,0.0,1.8126708392563677e-09,4.0705791718924595e-12
358,21540.0,21540,1.1210202086499055,1.1210202086539798,18.637147110850876,0.0,1.12102036985392,1.6119993912862762e-07,0.0,1.8126707376720204e-09,4.073071054640568e-12
359,21600.0,21600,1.1208196549723972,1.1208196549764742,18.653028230070653,0.0,1.1208198161730172,1.6119654176452234e-07,0.0,1.8126706351628331e-09,4.07556248106054e-12
360,21660.0,21660,1.1206203813054185,1.1206203813094977,18.66890650811334,0.0,1.1206205425026394,1.6119314051610777e-07,0.0,1.8126705317303537e-09,4.078053488771118e-12
361,21720.0,21720,1.120422387660862,1.1204223876649437,18.684781963112414,0.0,1.1204225488546802,1.6118973536550916e-07,0.0,1.8126704273766918e-09,4.080544122504642e-12
362,21780.0,21780,1.1202256740695837,1.1202256740736678,18.70065461320154,0.0,1.1202258352599954,1.611863262949238e-07,0.0,1.8126703221045204e-09,4.0830344183846925e-12
363,21840.0,21840,1.120030240581733,1.12003024058582,18.716524476514792,0.0,1.1200304017687346,1.6118291328655204e-07,0.0,1.8126702159171927e-09,4.085524413803722e-12
364,21900.0,21900,1.119836087269403,1.1198360872734923,18.732391571186977,0.0,1.11983624845299,1.6117949632263915e-07,0.0,1.8126701088185067e-09,4.088014178880868e-12
365,21960.0,21960,1.119643214221226,1.119643214225318,18.74825591535392,0.0,1.1196433754013946,1.6117607538552654e-07,0.0,1.812670000813433e-09,4.090503738057972e-12
366,22020.0,22020,1.119451621548362,1.1194516215524561,18.76411752715268,0.0,1.1194517827251078,1.6117265045754953e-07,0.0,1.8126698919072238e-09,4.092993149643708e-12
367,22080.0,22080,1.119261309378063,1.1192613093821597,18.779976424721923,0.0,1.1192614705513824,1.6116922152114254e-07,0.0,1.8126697821060216e-09,4.0954824580937535e-12
368,22140.0,22140,1.1190722778592657,1.119072277863365,18.79583262620208,0.0,1.1190724390291547,1.6116578855874295e-07,0.0,1.8126696714168139e-09,4.097971724772152e-12
369,22200.0,22200,1.1188845271602939,1.1188845271643955,18.811686149735745,0.0,1.118884688326748,1.6116235155291725e-07,0.0,1.812669559847314e-09,4.100460998635448e-12
370,22260.0,22260,1.118698057468206,1.1186980574723098,18.827537013467843,0.0,1.1186982186312218,1.6115891048622284e-07,0.0,1.8126694474061274e-09,4.1029503473259636e-12
371,22320.0,22320,1.1185128689898882,1.118512868993995,18.843385235545988,0.0,1.1185130301494612,1.6115546534131921e-07,0.0,1.8126693341028899e-09,4.105439824482662e-12
372,22380.0,22380,1.1183289619516867,1.1183289619557961,18.859230834120694,0.0,1.1183291231078134,1.6115201610092585e-07,0.0,1.8126692199479417e-09,4.107929490358151e-12
373,22440.0,22440,1.1181463366006636,1.1181463366047752,18.875073827345698,0.0,1.118146497753339,1.611485627478073e-07,0.0,1.8126691049527479e-09,4.1104194095011e-12
374,22500.0,22500,1.1179649932019071,1.1179649932060212,18.890914233378243,0.0,1.1179651543511278,1.6114510526482412e-07,0.0,1.8126689891297117e-09,4.112909652235705e-12
375,22560.0,22560,1.1177849320387714,1.1177849320428879,18.906752070379312,0.0,1.1177850931845328,1.6114164363488788e-07,0.0,1.8126688724922909e-09,4.115400275435719e-12
376,22620.0,22620,1.1176061534178217,1.1176061534219408,18.922587356513905,0.0,1.1176063145601196,1.6113817784099718e-07,0.0,1.8126687550549056e-09,4.117891358906057e-12
377,22680.0,22680,1.117428657662493,1.1174286576666146,18.938420109951384,0.0,1.117428818801324,1.6113470786622265e-07,0.0,1.8126686368331471e-09,4.120382973004757e-12
378,22740.0,22740,1.117252445116386,1.1172524451205101,18.95425034886567,0.0,1.117252606251745,1.6113123369373098e-07,0.0,1.8126685178438736e-09,4.122875187807405e-12
379,22800.0,22800,1.117077516142289,1.1170775161464157,18.97007809143556,0.0,1.1170776772741722,1.6112775530674888e-07,0.0,1.8126683981048573e-09,4.125368088708595e-12
380,22860.0,22860,1.1169038711230792,1.1169038711272083,18.985903355844986,0.0,1.1169040322514825,1.6112427268860802e-07,0.0,1.8126682776352067e-09,4.1278617438817816e-12
381,22920.0,22920,1.1167315104612232,1.1167315104653548,19.00172616028333,0.0,1.116731671586142,1.6112078582270922e-07,0.0,1.8126681564553207e-09,4.1303562283891755e-12
382,22980.0,22980,1.116560434578351,1.116560434582485,19.017546522945626,0.0,1.116560595699781,1.6111729469259127e-07,0.0,1.812668034586652e-09,4.1328516258867685e-12
383,23040.0,23040,1.116390643915652,1.1163906439197882,19.03336446203293,0.0,1.116390805033589,1.61113799281817e-07,0.0,1.8126679120520847e-09,4.135348023752931e-12
384,23100.0,23100,1.1162221389337592,1.1162221389378981,19.049179995752528,0.0,1.1162223000481992,1.6111029957411725e-07,0.0,1.8126677888756043e-09,4.137845495350679e-12
385,23160.0,23160,1.1160549201139573,1.1160549201180987,19.064993142318208,0.0,1.1160550812248957,1.6110679555327097e-07,0.0,1.8126676650826498e-09,4.140344126423689e-12
386,23220.0,23220,1.1158889879558989,1.1158889879600429,19.080803919950625,0.0,1.1158891490633314,1.6110328720322813e-07,0.0,1.8126675406998563e-09,4.142843997714497e-12
387,23280.0,23280,1.1157243429793695,1.1157243429835162,19.096612346877478,0.0,1.115724504083292,1.6109977450796868e-07,0.0,1.8126674157553125e-09,4.145345188873118e-12
388,23340.0,23340,1.1155609857231872,1.1155609857273363,19.11241844133384,0.0,1.115561146823595,1.6109625745163168e-07,0.0,1.8126672902782561e-09,4.147847800720014e-12
389,23400.0,23400,1.1153989167469784,1.11539891675113,19.12822222156241,0.0,1.115399077843867,1.6109273601847016e-07,0.0,1.8126671642994252e-09,4.1503518922208085e-12
390,23460.0,23460,1.1152381366302406,1.1152381366343946,19.144023705813833,0.0,1.1152382977236062,1.610892101928453e-07,0.0,1.8126670378507066e-09,4.152857564128828e-12
391,23520.0,23520,1.1150786459692996,1.1150786459734563,19.15982291234694,0.0,1.1150788070591375,1.6108567995923524e-07,0.0,1.8126669109654412e-09,4.155364877081485e-12
392,23580.0,23580,1.1149204453827,1.114920445386859,19.175619859429027,0.0,1.1149206064690056,1.610821453022562e-07,0.0,1.8126667836779776e-09,4.157873922143512e-12
393,23640.0,23640,1.1147635355093377,1.1147635355134993,19.19141456533615,0.0,1.1147636965921066,1.610786062066024e-07,0.0,1.8126666560240246e-09,4.160384762352522e-12
394,23700.0,23700,1.1146079170059138,1.1146079170100778,19.207207048353407,0.0,1.1146080780851417,1.6107506265717522e-07,0.0,1.8126665280404633e-09,4.162897479574783e-12
395,23760.0,23760,1.1144535905501616,1.1144535905543282,19.222997326775207,0.0,1.1144537516258441,1.6107151463893295e-07,0.0,1.8126663997652767e-09,4.1654121278230226e-12
396,23820.0,23820,1.114300556839861,1.1143005568440303,19.23878541890556,0.0,1.1143007179119937,1.6106796213700503e-07,0.0,1.8126662712374093e-09,4.1679287820633535e-12
397,23880.0,23880,1.11414881659052,1.1141488165946916,19.254571343058362,0.0,1.114148977659098,1.6106440513662888e-07,0.0,1.8126661424970245e-09,4.170447486655745e-12
398,23940.0,23940,1.1139983705406793,1.1139983705448535,19.27035511755764,0.0,1.1139985316056984,1.6106084362319806e-07,0.0,1.8126660135847314e-09,4.17296829933583e-12
399,24000.0,24000,1.1138492194470742,1.113849219451251,19.28613676073789,0.0,1.1138493805085297,1.6105727758223807e-07,0.0,1.8126658845422172e-09,4.175491253746416e-12
400,24060.0,24060,1.113701364087579,1.1137013640917584,19.301916290944312,0.0,1.1137015251454665,1.6105370699939157e-07,0.0,1.8126657554117328e-09,4.1780163844821046e-12
401,24120.0,24120,1.113554805258427,1.113554805262609,19.31769372653316,0.0,1.1135549663127422,1.6105013186044217e-07,0.0,1.8126656262358795e-09,4.180543716286794e-12
402,24180.0,24180,1.1134095437782177,1.1134095437824019,19.333469085871933,0.0,1.1134097048289553,1.610465521513236e-07,0.0,1.8126654970576114e-09,4.183073249849335e-12
403,24240.0,24240,1.1132655804850078,1.1132655804891944,19.349242387339746,0.0,1.1132657415321636,1.610429678580686e-07,0.0,1.812665367919999e-09,4.185604986149069e-12
404,24300.0,24300,1.113122916235826,1.1131229162400156,19.365013649327583,0.0,1.1131230772793959,1.6103937896688698e-07,0.0,1.8126652388658086e-09,4.188138916179474e-12
405,24360.0,24360,1.1129815519108661,1.1129815519150579,19.380782890238557,0.0,1.1129817129508446,1.610357854640336e-07,0.0,1.8126651099378064e-09,4.190674986396792e-12
406,24420.0,24420,1.1128414884095659,1.1128414884137603,19.39655012848828,0.0,1.1128416494459488,1.6103218733597636e-07,0.0,1.8126649811777032e-09,4.1932131675872806e-12
407,24480.0,24480,1.1127027266529252,1.112702726657122,19.412315382505074,0.0,1.1127028876857081,1.610285845692552e-07,0.0,1.812664852626671e-09,4.195753357793405e-12
408,24540.0,24540,1.1125652675804651,1.1125652675846647,19.428078670730322,0.0,1.1125654286096431,1.6102497715050306e-07,0.0,1.8126647243240523e-09,4.198295494435255e-12
409,24600.0,24600,1.1124291121566936,1.1124291121608956,19.443840011618725,0.0,1.1124292731822618,1.6102136506649404e-07,0.0,1.8126645963082289e-09,4.200839430757518e-12
410,24660.0,24660,1.1122942613642035,1.112294261368408,19.45959942363864,0.0,1.1122944223861577,1.6101774830406813e-07,0.0,1.8126644686149798e-09,4.20338504739672e-12
411,24720.0,24720,1.1121607162090819,1.1121607162132892,19.47535692527233,0.0,1.1121608772274172,1.6101412685017043e-07,0.0,1.812664341277904e-09,4.205932159828146e-12
412,24780.0,24780,1.1120284777173894,1.1120284777215992,19.491112535016324,0.0,1.1120286387321012,1.6101050069181508e-07,0.0,1.812664214327786e-09,4.2084805632011355e-12
413,24840.0,24840,1.1118975469388277,1.11189754694304,19.5068662713817,0.0,1.111897707949911,1.6100686981604621e-07,0.0,1.812664087791636e-09,4.2110300224386345e-12
414,24900.0,24900,1.1117679249440837,1.1117679249482986,19.522618152894395,0.0,1.111768085951534,1.6100323420999797e-07,0.0,1.812663961692502e-09,4.213580263261828e-12
415,24960.0,24960,1.1116396128250463,1.1116396128292636,19.538368198095508,0.0,1.1116397738288588,1.6099959386081653e-07,0.0,1.8126638360489064e-09,4.216130971683738e-12
416,25020.0,25020,1.1115126117003435,1.1115126117045633,19.55411642554161,0.0,1.1115127727005132,1.6099594875563006e-07,0.0,1.8126637108740261e-09,4.218681811457947e-12
417,25080.0,25080,1.1113869227074116,1.1113869227116342,19.569862853805123,0.0,1.1113870837039344,1.609922988816087e-07,0.0,1.8126635861753874e-09,4.221232361279206e-12
418,25140.0,25140,1.1112625470081599,1.111262547012385,19.58560750147457,0.0,1.1112627080010304,1.6098864422585365e-07,0.0,1.8126634619533185e-09,4.223782188822178e-12
419,25200.0,25200,1.1111394857888708,1.111139485793098,19.601350387154962,0.0,1.1111396467780845,1.6098498477543304e-07,0.0,1.81266333820102e-09,4.226330806190393e-12
420,25260.0,25260,1.1110177402605304,1.1110177402647605,19.617091529468084,0.0,1.1110179012460824,1.6098132051730094e-07,0.0,1.8126632149035094e-09,4.228877653872054e-12
421,25320.0,25320,1.110897311656092,1.110897311660325,19.632830947052902,0.0,1.1108974726379777,1.609776514383274e-07,0.0,1.8126630920362154e-09,4.231422130528057e-12
422,25380.0,25380,1.1107782012360543,1.1107782012402894,19.648568658565825,0.0,1.1107783622142682,1.6097397752521447e-07,0.0,1.8126629695646482e-09,4.233963595430197e-12
423,25440.0,25440,1.110660410284174,1.1106604102884117,19.66430468268115,0.0,1.1106605712587116,1.6097029876450509e-07,0.0,1.8126628474434394e-09,4.2365012947310755e-12
424,25500.0,25500,1.1105439401098094,1.1105439401140498,19.680039038091323,0.0,1.110544101080666,1.6096661514252006e-07,0.0,1.8126627256147235e-09,4.239034473336469e-12
425,25560.0,25560,1.1104287920492675,1.1104287920535103,19.69577174350738,0.0,1.1104289530164382,1.6096292664529816e-07,0.0,1.81266260400788e-09,4.24156225548025e-12
426,25620.0,25620,1.1103149674666262,1.1103149674708717,19.711502817659245,0.0,1.110315128430106,1.6095923325860808e-07,0.0,1.8126624825377518e-09,4.2440837340916576e-12
427,25680.0,25680,1.110202467751197,1.1102024677554447,19.727232279296196,0.0,1.110202628710981,1.6095553496788528e-07,0.0,1.8126623611038481e-09,4.246597926866383e-12
428,25740.0,25740,1.1100912943201005,1.110091294324351,19.742960147187198,0.0,1.110091455276184,1.6095183175812116e-07,0.0,1.812662239589219e-09,4.249103762204261e-12
429,25800.0,25800,1.109981448619971,1.1099814486242239,19.75868644012126,0.0,1.1099816095723491,1.6094812361389892e-07,0.0,1.8126621178592119e-09,4.251600111996526e-12
430,25860.0,25860,1.1098729321249883,1.1098729321292438,19.774411176907915,0.0,1.1098730930736556,1.6094441051928553e-07,0.0,1.8126619957600426e-09,4.254085757196899e-12
431,25920.0,25920,1.1097657463401818,1.1097657463444397,19.790134376377573,0.0,1.1097659072851334,1.6094069245780787e-07,0.0,1.812661873117716e-09,4.256559421321399e-12
432,25980.0,25980,1.109659892798322,1.109659892802582,19.805856057381952,0.0,1.1096600537395527,1.6093696941236844e-07,0.0,1.812661749736854e-09,4.259019771373077e-12
433,26040.0,26040,1.1095553730645786,1.1095553730688412,19.8215762387945,0.0,1.1095555340020837,1.609332413651736e-07,0.0,1.8126616253996402e-09,4.261465328403689e-12
434,26100.0,26100,1.1094521887347237,1.1094521887389888,19.837294939510823,0.0,1.1094523496684983,1.6092950829773337e-07,0.0,1.8126614998638507e-09,4.2638946342799165e-12
435,26160.0,26160,1.1093503414357675,1.1093503414400352,19.85301217844915,0.0,1.1093505023658066,1.6092577019068446e-07,0.0,1.8126613728625728e-09,4.266306079537932e-12
436,26220.0,26220,1.1092498328270286,1.1092498328312987,19.86872797455075,0.0,1.109249993753327,1.6092202702384433e-07,0.0,1.8126612441021414e-09,4.2686980319288774e-12
437,26280.0,26280,1.1091506646019924,1.1091506646062648,19.88444234678041,0.0,1.1091508255245448,1.6091827877604898e-07,0.0,1.812661113261717e-09,4.271068761346763e-12
438,26340.0,26340,1.1090528384857568,1.1090528384900316,19.900155314126877,0.0,1.1090529994045584,1.6091452542510808e-07,0.0,1.8126609799913637e-09,4.2734164951774496e-12
439,26400.0,26400,1.108956356237791,1.108956356242068,19.91586689560339,0.0,1.1089565171528362,1.609107669477659e-07,0.0,1.8126608439117196e-09,4.2757393927982245e-12
440,26460.0,26460,1.108861219653368,1.1088612196576473,19.93157711024806,0.0,1.1088613805646519,1.6090700331956624e-07,0.0,1.8126607046125448e-09,4.278035515497157e-12
441,26520.0,26520,1.108767430561354,1.1087674305656359,19.947285977124462,0.0,1.1087675914688715,1.609032345147804e-07,0.0,1.8126605616512668e-09,4.2803029181491584e-12
442,26580.0,26580,1.1086749908257236,1.1086749908300073,19.962993515322072,0.0,1.1086751517294693,1.6089946050639226e-07,0.0,1.8126604145528629e-09,4.2825395730279055e-12
443,26640.0,26640,1.1085839023474555,1.1085839023517414,19.978699743956767,0.0,1.108584063247424,1.6089568126595712e-07,0.0,1.8126602628084078e-09,4.284743397953836e-12
444,26700.0,26700,1.108494167062356,1.1084941670666442,19.994404682171364,0.0,1.108494327958542,1.608918967635267e-07,0.0,1.8126601058741576e-09,4.2869122433990624e-12
445,26760.0,26760,1.1084057869443502,1.1084057869486406,20.010108349136097,0.0,1.1084059478367487,1.6088810696759818e-07,0.0,1.812659943170637e-09,4.289043939855178e-12
446,26820.0,26820,1.1083187640016232,1.1083187640059156,20.025810764049165,0.0,1.1083189248902288,1.6088431184497007e-07,0.0,1.812659774082005e-09,4.291136234196477e-12
447,26880.0,26880,1.1082331002847805,1.108233100289075,20.041511946137224,0.0,1.1082332611695875,1.6088051136072422e-07,0.0,1.8126595979548364e-09,4.293186797519248e-12
448,26940.0,26940,1.1081487978762525,1.1081487978805489,20.057211914655962,0.0,1.1081489587572557,1.6087670547808782e-07,0.0,1.8126594140968782e-09,4.295193278291199e-12
449,27000.0,27000,1.1080658588995784,1.108065858903877,20.072910688890605,0.0,1.1080660197767724,1.6087289415835233e-07,0.0,1.8126592217765824e-09,4.29715319970489e-12
450,27060.0,27060,1.1079842855140014,1.1079842855183017,20.088608288156404,0.0,1.1079844463873805,1.6086907736075644e-07,0.0,1.8126590202209943e-09,4.299064007891508e-12
451,27120.0,27120,1.1079040799201905,1.1079040799244926,20.104304731799267,0.0,1.1079042407897488,1.6086525504241997e-07,0.0,1.8126588086145807e-09,4.3009230205798945e-12
452,27180.0,27180,1.1078252443559988,1.107825244360303,20.120000039196217,0.0,1.1078254052217311,1.60861427158188e-07,0.0,1.8126585860972135e-09,4.3027274269663754e-12
453,27240.0,27240,1.107747781099117,1.1077477811034226,20.13569422975602,0.0,1.1077479419610177,1.6085759366051063e-07,0.0,1.812658351761497e-09,4.3044742466398665e-12
454,27300.0,27300,1.107671692465749,1.1076716924700565,20.151387322919696,0.0,1.1076718533238123,1.6085375449932304e-07,0.0,1.8126581046506336e-09,4.306160251144443e-12
455,27360.0,27360,1.1075969808148174,1.1075969808191264,20.167079338161074,0.0,1.1075971416690373,1.6084990962187142e-07,0.0,1.8126578437537594e-09,4.3077819829895234e-12
456,27420.0,27420,1.1075236485482691,1.1075236485525797,20.1827702949874,0.0,1.1075238093986401,1.6084605897256281e-07,0.0,1.8126575680023786e-09,4.309335653796664e-12
457,27480.0,27480,1.1074516981070845,1.1074516981113964,20.198460212939956,0.0,1.1074518589536004,1.6084220249271022e-07,0.0,1.8126572762647612e-09,4.310817064573512e-12
458,27540.0,27540,1.1073811319795874,1.107381131983901,20.214149111594622,0.0,1.1073812928222424,1.6083834012035228e-07,0.0,1.812656967339143e-09,4.31222156351934e-12
459,27600.0,27600,1.1073119527015223,1.107311952705837,20.229837010562484,0.0,1.1073121135403103,1.6083447178999543e-07,0.0,1.8126566399460816e-09,4.313543934572578e-12
460,27660.0,27660,1.107244162857095,1.1072441628614114,20.245523929490584,0.0,1.10724432369201,1.608305974322926e-07,0.0,1.8126562927192436e-09,4.314778323318904e-12
461,27720.0,27720,1.107177765083667,1.1071777650879844,20.261209888062563,0.0,1.1071779259147025,1.6082671697369507e-07,0.0,1.8126559241944764e-09,4.315918054325375e-12
462,27780.0,27780,1.1071127620760912,1.1071127620804093,20.276894905999438,0.0,1.107112922903241,1.6082283033608955e-07,0.0,1.812655532796446e-09,4.316955597016681e-12
463,27840.0,27840,1.1070491565901488,1.107049156594468,20.292579003060368,0.0,1.1070493174134066,1.6081893743630272e-07,0.0,1.8126551168240283e-09,4.317882382832232e-12
464,27900.0,27900,1.1069869514490216,1.1069869514533413,20.308262199043597,0.0,1.1069871122683808,1.6081503818569927e-07,0.0,1.8126546744333583e-09,4.318688644908513e-12
465,27960.0,27960,1.106926149551805,1.1069261495561258,20.323944513787332,0.0,1.1069263103672595,1.608111324894766e-07,0.0,1.8126542036175485e-09,4.319363313668329e-12
466,28020.0,28020,1.1068667538809494,1.1068667538852703,20.339625967170868,0.0,1.106866914692492,1.6080722024610648e-07,0.0,1.812653702185119e-09,4.319893827625219e-12
467,28080.0,28080,1.1068087675113565,1.106808767515678,20.355306579115744,0.0,1.1068089283189806,1.6080330134662096e-07,0.0,1.8126531677350498e-09,4.320265983562663e-12
468,28140.0,28140,1.1067521936233429,1.1067521936276645,20.370986369587065,0.0,1.1067523544270415,1.6079937567375395e-07,0.0,1.8126525976295133e-09,4.320463765442052e-12
469,28200.0,28200,1.1066970355155685,1.1066970355198902,20.386665358594975,0.0,1.1066971963153347,1.6079544310119402e-07,0.0,1.8126519889634876e-09,4.320469229267218e-12
470,28260.0,28260,1.106643296621714,1.1066432966260353,20.402343566196375,0.0,1.1066434574175403,1.6079150349249479e-07,0.0,1.812651338532612e-09,4.320262315674673e-12
471,28320.0,28320,1.1065909805262055,1.1065909805305267,20.418021012496794,0.0,1.1065911413180847,1.6078755670015984e-07,0.0,1.8126506427981337e-09,4.3198207681989155e-12
472,28380.0,28380,1.1065400909863747,1.1065400909906953,20.43369771765253,0.0,1.1065402517742993,1.6078360256451416e-07,0.0,1.8126498978499815e-09,4.319119999892383e-12
473,28440.0,28440,1.1064906319576726,1.1064906319619923,20.449373701873125,0.0,1.1064907927416343,1.6077964091258772e-07,0.0,1.812649099367961e-09,4.318133070903477e-12
474,28500.0,28500,1.10644260761768,1.1064426076219982,20.46504898542417,0.0,1.106442768397671,1.6077567155686697e-07,0.0,1.812648242582693e-09,4.316830639249923e-12
475,28560.0,28560,1.1063960223940408,1.106396022398357,20.480723588630397,0.0,1.1063961831700526,1.6077169429416658e-07,0.0,1.8126473222352395e-09,4.315181045737934e-12
476,28620.0,28620,1.1063508810004758,1.1063508810047904,20.496397531879307,0.0,1.1063510417725007,1.607677089043688e-07,0.0,1.812646332538628e-09,4.3131504055167045e-12
477,28680.0,28680,1.1063071884731395,1.1063071884774516,20.512070835625135,0.0,1.106307349241168,1.6076371514919598e-07,0.0,1.8126452671406655e-09,4.310702801152859e-12
478,28740.0,28740,1.1062649502065003,1.1062649502108093,20.527743520393518,0.0,1.1062651109705235,1.607597127711904e-07,0.0,1.8126441190900124e-09,4.3078006854004975e-12
479,28800.0,28800,1.1062241719997585,1.106224172004064,20.543415606786475,0.0,1.106224332759767,1.607557014926516e-07,0.0,1.8126428808088899e-09,4.304405256156444e-12
480,28860.0,28860,1.10618486010133,1.1061848601056319,20.559087115488158,0.0,1.1061850208573143,1.6075168101482635e-07,0.0,1.8126415440722136e-09,4.300477170908065e-12
481,28920.0,28920,1.1061470212544902,1.1061470212587874,20.574758067271294,0.0,1.1061471820064397,1.6074765101733809e-07,0.0,1.8126400999984256e-09,4.295977328408577e-12
482,28980.0,28980,1.1061106627538244,1.1061106627581168,20.59042848300412,0.0,1.1061108235017292,1.6074361115792023e-07,0.0,1.812638539053551e-09,4.2908680196069544e-12
483,29040.0,29040,1.1060757924886526,1.106075792492939,20.606098383658185,0.0,1.1060759532325013,1.6073956107269493e-07,0.0,1.812636851074433e-09,4.285114287212232e-12
484,29100.0,29100,1.1060424189944762,1.1060424189987559,20.621767790316845,0.0,1.106042579734258,1.6073550037689353e-07,0.0,1.8126350253141017e-09,4.278685715112651e-12
485,29160.0,29160,1.106010551499734,1.1060105515040068,20.637436724184347,0.0,1.1060107122354368,1.6073142866645617e-07,0.0,1.812633050517974e-09,4.271558626820089e-12
486,29220.0,29220,1.1059801999656689,1.105980199969934,20.653105206595676,0.0,1.105980360697281,1.6072734552041452e-07,0.0,1.8126309150359046e-09,4.263718875088139e-12
487,29280.0,29280,1.1059513751168855,1.1059513751211418,20.66877325902696,0.0,1.1059515358443937,1.607232505046914e-07,0.0,1.8126286069809169e-09,4.255165175896866e-12
488,29340.0,29340,1.1059240884524064,1.1059240884566537,20.68444090310622,0.0,1.1059242491757981,1.6071914317712162e-07,0.0,1.8126261144437127e-09,4.245913367059666e-12
489,29400.0,29400,1.1058983522457193,1.1058983522499564,20.700108160624414,0.0,1.105898512964981,1.607150230946336e-07,0.0,1.8126234257782032e-09,4.236001476350356e-12
490,29460.0,29460,1.1058741795095905,1.1058741795138174,20.715775053546356,0.0,1.1058743402247084,1.6071088982247183e-07,0.0,1.8126205299711618e-09,4.225495970705652e-12
491,29520.0,29520,1.1058515839257612,1.1058515839299767,20.73144160402122,0.0,1.1058517446367213,1.607067429466067e-07,0.0,1.8126174171168018e-09,4.2144992996710635e-12
492,29580.0,29580,1.1058305797265824,1.1058305797307868,20.747107834391986,0.0,1.10583074043337,1.6070258208941227e-07,0.0,1.8126140790162517e-09,4.203159087562246e-12
493,29640.0,29640,1.1058111815167573,1.1058111815209504,20.762773767203274,0.0,1.1058113422193587,1.6069840693009487e-07,0.0,1.8126105099311902e-09,4.191679129577242e-12
494,29700.0,29700,1.105793404012149,1.1057934040163309,20.778439425206606,0.0,1.1057935647105495,1.6069421723041598e-07,0.0,1.8126067075201512e-09,4.1803326076131936e-12
495,29760.0,29760,1.1057772616833053,1.105777261687476,20.794104831361956,0.0,1.10577742237749,1.6069001286718226e-07,0.0,1.8126026739956695e-09,4.169477965877256e-12
496,29820.0,29820,1.1057627682752749,1.105762768279436,20.809770008834324,0.0,1.105762928965231,1.6068579387321405e-07,0.0,1.812598417545972e-09,4.159577762836912e-12
497,29880.0,29880,1.105749936160105,1.1057499361642578,20.825434980983434,0.0,1.1057500968458196,1.606815604884906e-07,0.0,1.8125939540709893e-09,4.151220844568263e-12
498,29940.0,29940,1.105738775499185,1.1057387755033314,20.84109977134424,0.0,1.1057389361806458,1.6067731322418805e-07,0.0,1.8125893092884684e-09,4.145148379699952e-12
499,30000.0,30000,1.1057292931445233,1.1057292931486669,20.8567644035957,0.0,1.105729453821721,1.6067305294266863e-07,0.0,1.8125845212739816e-09,4.142283104343887e-12
500,30060.0,30060,1.1057214912098021,1.105721491213947,20.87242890151382,0.0,1.1057216518827293,1.6066878095766124e-07,0.0,1.8125796434886905e-09,4.143760858998696e-12
501,30120.0,30120,1.1057153652280587,1.1057153652322111,20.888093288904535,0.0,1.1057155258967115,1.6066449916026086e-07,0.0,1.8125747483334783e-09,4.1509606165097724e-12
502,30180.0,30180,1.1057109017598543,1.1057109017640212,20.903757589510516,0.0,1.1057110624242326,1.6066021017802428e-07,0.0,1.8125699312041787e-09,4.16552443883207e-12
503,30240.0,30240,1.105708075339635,1.1057080753438258,20.91942182688404,0.0,1.1057082359997445,1.6065591757714426e-07,0.0,1.812565314880138e-09,4.1893504271740095e-12
504,30300.0,30300,1.1057068445989287,1.1057068446031546,20.935086024216638,0.0,1.1057070052547822,1.6065162611920196e-07,0.0,1.812561053797097e-09,4.224526327214007e-12
505,30360.0,30360,1.1057071474830167,1.105707147487291,20.950750204113746,0.0,1.1057073081346345,1.6064734208308892e-07,0.0,1.8125573372146225e-09,4.273149522774071e-12
506,30420.0,30420,1.1057088955612135,1.1057088955655519,20.96641438830173,0.0,1.1057090562086267,1.606430736545926e-07,0.0,1.8125543893870548e-09,4.336950652768095e-12
507,30480.0,30480,1.1057119676737555,1.1057119676781735,20.982078597254148,0.0,1.1057121283170062,1.6063883135741848e-07,0.0,1.8125524634645123e-09,4.41661551868258e-12
508,30540.0,30540,1.1057162033851506,1.1057162033896626,20.99774284972818,0.0,1.1057163640242924,1.6063462843976223e-07,0.0,1.812551824099125e-09,4.51071007413786e-12
509,30600.0,30600,1.1057213967704764,1.1057213967750918,21.013407162208143,0.0,1.1057215574055743,1.606304810249515e-07,0.0,1.812552712142457e-09,4.6142019831378115e-12
510,30660.0,30660,1.105727289921951,1.105727289926669,21.029071548261065,0.0,1.105727450553078,1.6062640771311806e-07,0.0,1.8125552847167045e-09,4.716784304885071e-12
511,30720.0,30720,1.105733561630444,1.1057335616352468,21.04473601780032,0.0,1.1057337222576764,1.6062242831643238e-07,0.0,1.812559527366792e-09,4.801493943741021e-12
512,30780.0,30780,1.105739797397659,1.1057397974025045,21.060400576188798,0.0,1.1057399580210676,1.606185618470932e-07,0.0,1.8125651432158346e-09,4.844164980206632e-12
513,30840.0,30840,1.1057454114294134,1.105745411434228,21.07606522291731,0.0,1.1057455720490545,1.6061482523815953e-07,0.0,1.8125714330424882e-09,4.813172510651819e-12
514,30900.0,30900,1.1057494793586597,1.1057494793633258,21.091729949177946,0.0,1.1057496399745639,1.6061123668495297e-07,0.0,1.8125771711165832e-09,4.664736243146806e-12
515,30960.0,30960,1.1057504739180715,1.1057504739223887,21.107394733067586,0.0,1.1057506345302195,1.6060782946859672e-07,0.0,1.8125804027409702e-09,4.315735162914126e-12
516,31020.0,31020,1.1057460750339492,1.105746075037453,21.12305953104683,0.0,1.1057462356421344,1.6060468009647603e-07,0.0,1.8125777884494219e-09,3.5026192765710283e-12
517,31080.0,31080,1.1057335893194793,1.1057335893202314,21.13872426670854,0.0,1.1057337499221864,1.606019538011497e-07,0.0,1.8125615955362035e-09,7.507975823077443e-13
518,31140.0,31140,1.1057113218273806,1.1057113218114292,21.15438882548927,0.0,1.1057114824114846,1.606000541559707e-07,0.0,1.8124995096599016e-09,-1.5952804272771683e-11
519,31200.0,31200,1.105677898270321,1.1056778981134971,21.170053068813623,0.0,1.1056780587143058,1.606008071012674e-07,0.0,1.8121589889519257e-09,-1.5682505335492223e-10
520,31260.0,31260,1.1055985864107947,1.1055985849401728,21.18571683863559,0.0,1.1055987455595586,1.6061938460932986e-07,0.0,1.8094705671492792e-09,-1.4706233413325597e-09
521,31320.0,31320,1.1049723680123709,1.1049723537610183,21.201379484854222,0.0,1.1049725145698972,1.608088774566042e-07,0.0,1.7848860629158597e-09,-1.4251353977348031e-08
522,31380.0,31380,300.00000013449994,1.486630724009873e-07,21.21703325946401,300.0,8.126861708109767e-07,6.640230998993353e-07,0.0,1.5472988464044325e-09,1.4163082007191467e-08
523,31440.0,31440,300.0000001409848,1.4250639719505904e-07,21.21703325991021,300.0,8.1910715711815e-07,6.766007613413642e-07,0.0,1.7834300886491135e-09,1.5216084438433501e-09
524,31500.0,31500,300.00000014276446,1.4294435675000454e-07,21.21703326023774,300.0,8.23399544975993e-07,6.804551896224e-07,0.0,1.8088760864897822e-09,1.7992843389265593e-10
525,31560.0,31560,300.0000001432017,1.4322674737695766e-07,21.217033260561838,300.0,8.244917707521719e-07,6.812650247366746e-07,0.0,1.8119589608848923e-09,2.4987815006470353e-11
526,31620.0,31620,300.0000001435191,1.435245572844308e-07,21.217033260887913,300.0,8.253743213278473e-07,6.818497654065529e-07,0.0,1.8124586502119222e-09,5.3892561430093914e-12
527,31680.0,31680,300.00000014408096,1.4409189128125067e-07,21.217033261216752,300.0,8.271898267233138e-07,6.830979367774691e-07,0.0,1.8126310635190947e-09,1.0919042356593551e-11
528,31740.0,31740,300.00000014431185,1.443456830556329e-07,21.217033261550505,300.0,8.280377738571144e-07,6.83692092143223e-07,0.0,1.8128946695814915e-09,3.380053221843137e-11
529,31800.0,31800,300.0000001423999,1.4246031117424866e-07,21.217033261886364,300.0,8.215954448030683e-07,6.791351350334603e-07,0.0,1.8135393697418618e-09,6.037182096110427e-11
530,31860.0,31860,300.00000013933516,1.3954355106166933e-07,21.217033262206918,300.0,8.10535299927378e-07,6.70991750387965e-07,0.0,1.8146303474772103e-09,2.0832314300174328e-10
531,31920.0,31920,300.00000013738,1.3930011977946247e-07,21.2170332625065,300.0,8.054276345014286e-07,6.661275162622443e-07,0.0,1.8181933996374182e-09,1.920110048529911e-09
532,31980.0,31980,300.0000001263626,1.4369374416649e-07,21.21703326281479,300.0,7.867898481411298e-07,6.430961057383714e-07,0.0,1.850289847204745e-09,1.7331095320357954e-08
533,32040.0,32040,125.55629901065728,0.5562989956235096,21.217033263242907,125.00000000000014,0.5562991762783922,1.8065488267399912e-07,0.0,2.1392347093741415e-09,-1.5033671644463925e-08
534,32100.0,32100,1.1056394532017648,1.1056394492215382,21.224914165229467,0.0,1.10563960988953,1.6066799065039415e-07,0.0,1.8886854874823732e-09,-3.980227967969354e-09
535,32160.0,32160,1.1062700904040879,1.1062700899284414,21.240577390358634,0.0,1.1062702504793647,1.605509218929132e-07,0.0,1.8222808665300654e-09,-4.756475745241883e-10
536,32220.0,32220,1.1062596356464638,1.106259635577496,21.256249549564764,0.0,1.1062597961137501,1.6053625267928825e-07,0.0,1.8142788035347486e-09,-6.896885959074453e-11
537,32280.0,32280,1.106199175422207,1.1061991754049985,21.27192156066763,0.0,1.1061993359398439,1.6053484433231172e-07,0.0,1.813054011303257e-09,-1.721006114270161e-11
538,32340.0,32340,1.1061990165416005,1.106199016534982,21.28759271525139,0.0,1.1061991770657271,1.6053074386464895e-07,0.0,1.8126919352594765e-09,-6.619737900780045e-12
539,32400.0,32400,1.1062354060864945,1.1062354060833133,21.303263867584505,0.0,1.106235566612385,1.605290705231677e-07,0.0,1.8125063049888663e-09,-3.1824695800262697e-12
540,32460.0,32460,1.10629928948826,1.1062992894890569,21.31893553543622,0.0,1.1062994500157546,1.605266963176249e-07,0.0,1.8123778868199701e-09,7.954719883634988e-13
541,32520.0,32520,1.1063835705679717,1.1063835705724279,21.334608108302856,0.0,1.1063837310951872,1.6052275796565415e-07,0.0,1.8123156678805568e-09,4.455084795280265e-12
542,32580.0,32580,1.106477557861225,1.106477557868162,21.350281875151527,0.0,1.1064777183858086,1.6051764529961847e-07,0.0,1.8123143346319651e-09,6.935701688177425e-12
543,32640.0,32640,1.1065738454967144,1.1065738455050247,21.365956973486888,0.0,1.1065740060169542,1.6051192801172882e-07,0.0,1.8123542673466294e-09,8.309185590099842e-12
544,32700.0,32700,1.1066685552248534,1.1066685552336875,21.381633435897122,0.0,1.1066687157397348,1.6050604588489336e-07,0.0,1.812417039963614e-09,8.832774577056248e-12
545,32760.0,32760,1.1067601553261828,1.106760155334982,21.397311240028536,0.0,1.1067603158352546,1.6050027139646194e-07,0.0,1.812488502685224e-09,8.797700465985312e-12
546,32820.0,32820,1.1068483934330213,1.106848393441472,21.412990341828056,0.0,1.1068485539362374,1.6049476387022502e-07,0.0,1.812559350830743e-09,8.449359979709269e-12
547,32880.0,32880,1.1069335805289846,1.1069335805369427,21.42867069366743,0.0,1.1069337410265514,1.6048960716099614e-07,0.0,1.8126243641709018e-09,7.956778630731648e-12
548,32940.0,32940,1.1070162072981182,1.10701620730554,21.444352252324013,0.0,1.1070163677903704,1.6048482897190835e-07,0.0,1.812681136980001e-09,7.42055138957703e-12
549,33000.0,33000,1.1070967756396013,1.1070967756464964,21.46003498152649,0.0,1.1070969361269134,1.604804154401199e-07,0.0,1.8127289395129242e-09,6.8940516329885285e-12
550,33060.0,33060,1.107175743208571,1.107175743214975,21.475718852113808,0.0,1.107175903691302,1.6047632573344075e-07,0.0,1.8127679319957608e-09,6.402773867136126e-12
551,33120.0,33120,1.1072535183885939,1.1072535183945524,21.491403841408353,0.0,1.1072536788670595,1.6047250555830905e-07,0.0,1.8127987002957152e-09,5.957422939153071e-12
552,33180.0,33180,1.1073304721651704,1.1073304721707335,21.50708993251796,0.0,1.1073306326396324,1.6046889767248535e-07,0.0,1.812822009365077e-09,5.5614635238272506e-12
553,33240.0,33240,1.1074069507890778,1.107406950794294,21.522777113806065,0.0,1.1074071112597441,1.6046544868469695e-07,0.0,1.8128386823670288e-09,5.215030490320085e-12
554,33300.0,33300,1.1074832833803452,1.1074832833852635,21.538465378541357,0.0,1.1074834438473773,1.6046211256179858e-07,0.0,1.8128495449651851e-09,4.916774268736339e-12
555,33360.0,33360,1.1075597840572622,1.1075597840619282,21.554154724655017,0.0,1.1075599445207813,1.6045885177037134e-07,0.0,1.812855400417581e-09,4.664639006050438e-12
556,33420.0,33420,1.1076367503241211,1.1076367503285784,21.569845154528274,0.0,1.1076369107842168,1.6045563698623174e-07,0.0,1.8128570176983932e-09,4.456137388527507e-12
557,33480.0,33480,1.107714459759731,1.1077144597640207,21.58553667475699,0.0,1.1077146202164683,1.6045244608828825e-07,0.0,1.812855124250919e-09,4.2884221222079545e-12
558,33540.0,33540,1.1077931665157759,1.1077931665199354,21.60122929586938,0.0,1.1077933269691995,1.604492629026892e-07,0.0,1.8128503999691194e-09,4.158304483010777e-12
559,33600.0,33600,1.1078730984916076,1.1078730984956713,21.61692303199416,0.0,1.1078732589417486,1.6044607596071598e-07,0.0,1.8128434715092833e-09,4.062285623026946e-12
560,33660.0,33660,1.1079544555716767,1.1079544555756746,21.632617900488597,0.0,1.1079546160185534,1.6044287739847006e-07,0.0,1.812834907136693e-09,3.996620704487388e-12
561,33720.0,33720,1.1080374089697587,1.1080374089737173,21.64831392154167,0.0,1.1080375694133806,1.6043966204382198e-07,0.0,1.8128252126457535e-09,3.9574122481259366e-12
562,33780.0,33780,1.1081221016059966,1.1081221016099385,21.6640111177679,0.0,1.1081222620463667,1.6043642669231998e-07,0.0,1.8128148288355759e-09,3.94071997029067e-12
563,33840.0,33840,1.1082086493382313,1.1082086493421754,21.679709513806483,0.0,1.1082088097753462,1.604331695525546e-07,0.0,1.8128041308144648e-09,3.942672694408887e-12
564,33900.0,33900,1.108297142864124,1.1082971428680848,21.69540913593795,0.0,1.1082973032979762,1.6042988983324239e-07,0.0,1.8127934291660916e-09,3.959570857898536e-12
565,33960.0,33960,1.1083876501137464,1.1083876501177357,21.711110011727705,0.0,1.1083878105443243,1.604265874429779e-07,0.0,1.8127829728205893e-09,3.987972059517025e-12
566,34020.0,34020,1.1084802189545746,1.1084802189586007,21.726812169703503,0.0,1.108480379381865,1.604232627762265e-07,0.0,1.8127729533481594e-09,4.024755502175228e-12
567,34080.0,34080,1.1085748800628945,1.108574880066963,21.74251563907123,0.0,1.108575040486881,1.6041991656232536e-07,0.0,1.8127635103231424e-09,4.067164887305845e-12
568,34140.0,34140,1.1086716498212723,1.1086716498253866,21.75822044947133,0.0,1.108671810241938,1.6041654975919262e-07,0.0,1.8127547374016315e-09,4.112830557102952e-12
569,34200.0,34200,1.1087705331314985,1.1087705331356597,21.773926630776344,0.0,1.1087706935488246,1.6041316347698165e-07,0.0,1.8127466887656922e-09,4.159773661980914e-12
570,34260.0,34260,1.1088715260559405,1.1088715260601483,21.789634212928267,0.0,1.1088716864699084,1.6040975892173486e-07,0.0,1.8127393856357863e-09,4.206395013275293e-12
571,34320.0,34320,1.1089746182189464,1.108974618223199,21.805343225813292,0.0,1.1089747786295376,1.604063373512551e-07,0.0,1.812732822596777e-09,4.251452226060571e-12
572,34380.0,34380,1.1090797949195397,1.109079794923835,21.82105369917064,0.0,1.1090799553267363,1.6040290003917325e-07,0.0,1.812726973542388e-09,4.294027885813673e-12
573,34440.0,34440,1.1091870389372047,1.1091870389415392,21.83676566253125,0.0,1.109187199340989,1.6039944824438157e-07,0.0,1.81272179708896e-09,4.333492192594401e-12
574,34500.0,34500,1.1092963320226015,1.1092963320269724,21.852479145182127,0.0,1.109296492422957,1.6039598318476194e-07,0.0,1.8127172413665152e-09,4.369462357161481e-12
575,34560.0,34560,1.1094076560814417,1.1094076560858448,21.868194176151725,0.0,1.109407816478352,1.6039250601485736e-07,0.0,1.8127132481335406e-09,4.401761424432586e-12
576,34620.0,34620,1.1095209940713178,1.1095209940757496,21.88391078421215,0.0,1.1095211544647687,1.6038901780750526e-07,0.0,1.8127097562051898e-09,4.43037798737147e-12
577,34680.0,34680,1.1096363306498487,1.1096363306543051,21.89962899789412,0.0,1.1096364910398262,1.6038551953955778e-07,0.0,1.8127067042112729e-09,4.4554286882137056e-12
578,34740.0,34740,1.1097536525941814,1.1097536525986598,21.915348845510962,0.0,1.1097538129806732,1.603820120820985e-07,0.0,1.8127040327286295e-09,4.477124198569383e-12
579,34800.0,34800,1.1098729490476251,1.1098729490521224,21.931070355188684,0.0,1.10987310943062,1.6037849619474598e-07,0.0,1.8127016858475292e-09,4.495739388007881e-12
580,34860.0,34860,1.1099942116042962,1.109994211608809,21.94679355489952,0.0,1.109994371983783,1.603749725241473e-07,0.0,1.8126996122405189e-09,4.51158811537112e-12
581,34920.0,34920,1.1101174342941855,1.110117434298712,21.96251847249657,0.0,1.110117594670155,1.603714416060219e-07,0.0,1.8126977658119797e-09,4.525002398247822e-12
582,34980.0,34980,1.1102426134691734,1.1102426134737111,21.978245135748413,0.0,1.1102427738416165,1.6036790387046745e-07,0.0,1.812696106000092e-09,4.536315980066322e-12
583,35040.0,35040,1.1103697476489667,1.1103697476535141,21.9939735723719,0.0,1.110369908017875,1.6036435964966384e-07,0.0,1.8126945978055805e-09,4.5458517605840985e-12
584,35100.0,35100,1.1104988373087956,1.1104988373133509,22.009703810062945,0.0,1.1104989976741613,1.6036080918744377e-07,0.0,1.8126932116107555e-09,4.553912794935845e-12
585,35160.0,35160,1.1106298846679103,1.1106298846724723,22.02543587652418,0.0,1.1106300450297264,1.6035725265017174e-07,0.0,1.8126919228486857e-09,4.5607761907333845e-12
586,35220.0,35220,1.1107628934598903,1.1107628934644584,22.041169799489687,0.0,1.11076305381815,1.6035369013802243e-07,0.0,1.8126907115708947e-09,4.566689560296764e-12
587,35280.0,35280,1.1108978687154298,1.110897868720003,22.056905606746415,0.0,1.110898029070126,1.6035012169652895e-07,0.0,1.8126895619555048e-09,4.571869467530531e-12
588,35340.0,35340,1.1110348165518305,1.1110348165564083,22.072643326152598,0.0,1.111034976902957,1.6034654732765108e-07,0.0,1.8126884617901512e-09,4.576501358807679e-12
589,35400.0,35400,1.1111737439826723,1.1111737439872544,22.088382985653144,0.0,1.111173904330223,1.6034296700016203e-07,0.0,1.812687401953045e-09,4.580740752774897e-12
590,35460.0,35460,1.1113146587450815,1.1113146587496674,22.104124613292313,0.0,1.1113148190890496,1.603393806592252e-07,0.0,1.8126863759145753e-09,4.5847151502399994e-12
591,35520.0,35520,1.1114575691499737,1.1114575691545636,22.11986823722395,0.0,1.1114577294903534,1.6033578823457816e-07,0.0,1.812685379270047e-09,4.588526557347685e-12
592,35580.0,35580,1.1116024839519103,1.111602483956504,22.135613885719668,0.0,1.111602644288695,1.603321896479065e-07,0.0,1.8126844093150684e-09,4.592254264064062e-12
593,35640.0,35640,1.1117494122364986,1.111749412241096,22.15136158717509,0.0,1.1117495725696822,1.603285848186719e-07,0.0,1.8126834646669165e-09,4.59595771446436e-12
594,35700.0,35700,1.111898363337218,1.111898363341819,22.16711137011455,0.0,1.1118985236667938,1.6032497366905217e-07,0.0,1.8126825449338502e-09,4.599679409175535e-12
595,35760.0,35760,1.1120493467527344,1.1120493467573394,22.182863263194612,0.0,1.1120495070786969,1.603213561276504e-07,0.0,1.812681650432348e-09,4.6034476882851536e-12
596,35820.0,35820,1.1122023720990595,1.112202372103668,22.198617295206407,0.0,1.1122025324214015,1.6031773213227724e-07,0.0,1.8126807819518236e-09,4.607279243561509e-12
597,35880.0,35880,1.1123574490568884,1.112357449061501,22.21437349507729,0.0,1.112357609375604,1.6031410163179045e-07,0.0,1.8126799405599053e-09,4.611181469681318e-12
598,35940.0,35940,1.1125145873466047,1.1125145873512214,22.230131891871736,0.0,1.1125147476616872,1.6031046458729543e-07,0.0,1.8126791274477361e-09,4.61515452014932e-12
599,36000.0,36000,1.1126737967009785,1.1126737967055988,22.24589251479197,0.0,1.1126739570124213,1.603068209726103e-07,0.0,1.812678343809249e-09,4.619193128611098e-12
600,36060.0,36060,1.1128350868540478,1.1128350868586725,22.26165539317807,0.0,1.1128352471618448,1.6030317077427804e-07,0.0,1.8126775907508527e-09,4.623288078615836e-12
601,36120.0,36120,1.112998467531246,1.1129984675358748,22.277420556508016,0.0,1.1129986278353905,1.6029951399118219e-07,0.0,1.8126768692256863e-09,4.627427597529657e-12
602,36180.0,36180,1.1131639484526,1.1131639484572327,22.293188034397545,0.0,1.1131641087530848,1.6029585063383574e-07,0.0,1.812676179990761e-09,4.6315982879963455e-12
603,36240.0,36240,1.113331539328359,1.1133315393329961,22.30895785660016,0.0,1.1133316996251783,1.6029218072339063e-07,0.0,1.812675523580184e-09,4.635786078841062e-12
604,36300.0,36300,1.1135012498691566,1.1135012498737982,22.324730053006846,0.0,1.1135014101623038,1.6028850429063544e-07,0.0,1.812674900293857e-09,4.639976818593992e-12
605,36360.0,36360,1.113673089792322,1.1136730897969676,22.3405046536462,0.0,1.1136732500817903,1.602848213748339e-07,0.0,1.81267431019607e-09,4.644156845306297e-12
606,36420.0,36420,1.1138470688290467,1.1138470688336966,22.356281688684494,0.0,1.1138472291148298,1.6028113202251555e-07,0.0,1.8126737531234957e-09,4.648313294294946e-12
607,36480.0,36480,1.1140231967375094,1.1140231967421632,22.372061188425796,0.0,1.1140233570196008,1.602774362862571e-07,0.0,1.8126732286988129e-09,4.652434362168481e-12
608,36540.0,36540,1.1142014833099994,1.1142014833146574,22.38784318331249,0.0,1.114201643588393,1.6027373422360226e-07,0.0,1.812672736348454e-09,4.65650954835955e-12
609,36600.0,36600,1.114381938387308,1.1143819383919698,22.40362770392563,0.0,1.114382098661997,1.6027002589594204e-07,0.0,1.8126722753237314e-09,4.660529633003566e-12
610,36660.0,36660,1.1145645718681008,1.1145645718727666,22.41941478098572,0.0,1.1145647321390795,1.6026631136752763e-07,0.0,1.8126718447229705e-09,4.664486784964044e-12
611,36720.0,36720,1.114749393715272,1.1147493937199415,22.435204445353452,0.0,1.1147495539825336,1.602625907045099e-07,0.0,1.8126714435140642e-09,4.66837450644362e-12
612,36780.0,36780,1.1149364139702544,1.1149364139749283,22.450996728030695,0.0,1.1149365742337936,1.602588639741681e-07,0.0,1.8126710705568182e-09,4.672187583537076e-12
613,36840.0,36840,1.1151256427584844,1.1151256427631615,22.46679166016156,0.0,1.1151258030182942,1.6025513124413274e-07,0.0,1.812670724624709e-09,4.67592203627306e-12
614,36900.0,36900,1.1153170903007334,1.1153170903054146,22.482589273033607,0.0,1.1153172505568085,1.6025139258175805e-07,0.0,1.812670404424977e-09,4.679574989440641e-12
615,36960.0,36960,1.1155107669164976,1.1155107669211823,22.49838959807917,0.0,1.1155109271688317,1.6024764805358512e-07,0.0,1.8126701086174544e-09,4.683144613386868e-12
616,37020.0,37020,1.1157066830356654,1.1157066830403535,22.514192666876806,0.0,1.1157068432842525,1.6024389772484343e-07,0.0,1.8126698358316574e-09,4.686629979560193e-12
617,37080.0,37080,1.1159048491988925,1.115904849203584,22.529998511152797,0.0,1.1159050094437268,1.6024014165914192e-07,0.0,1.8126695846820258e-09,4.690030963519508e-12
618,37140.0,37140,1.1161052760667494,1.1161052760714443,22.545807162782783,0.0,1.1161054363078255,1.602363799180457e-07,0.0,1.8126693537812646e-09,4.693348181524636e-12
619,37200.0,37200,1.1163079744250641,1.1163079744297624,22.561618653793413,0.0,1.1163081346623762,1.6023261256093214e-07,0.0,1.812669141752583e-09,4.696582793158452e-12
620,37260.0,37260,1.1165129551850175,1.1165129551897184,22.577433016364115,0.0,1.1165131154185595,1.6022883964477463e-07,0.0,1.8126689472391188e-09,4.699736531646956e-12
621,37320.0,37320,1.116720229390936,1.1167202293956404,22.59325028282893,0.0,1.1167203896207032,1.6022506122398963e-07,0.0,1.8126687689131312e-09,4.70281151643147e-12
622,37380.0,37380,1.1169298082211094,1.1169298082258168,22.60907048567834,0.0,1.1169299684470955,1.6022127735036161e-07,0.0,1.8126686054824231e-09,4.705810230515327e-12
623,37440.0,37440,1.1171417029913298,1.11714170299604,22.62489365756119,0.0,1.1171418632135295,1.6021748807304307e-07,0.0,1.8126684556967201e-09,4.708735402201693e-12
624,37500.0,37500,1.1173559251570866,1.1173559251617997,22.64071983128663,0.0,1.1173560853754945,1.6021369343844641e-07,0.0,1.8126683183516316e-09,4.711589980251169e-12
625,37560.0,37560,1.117572486315986,1.1175724863207017,22.656549039826096,0.0,1.1175726465305966,1.6020989349041218e-07,0.0,1.8126681922922156e-09,4.714377067096031e-12
626,37620.0,37620,1.1177913982075853,1.117791398212304,22.672381316315313,0.0,1.1177915584183935,1.6020608827008278e-07,0.0,1.812668076415581e-09,4.717099866556835e-12
627,37680.0,37680,1.118012672720233,1.1180126727249542,22.68821669405635,0.0,1.1180128329272334,1.6020227781608278e-07,0.0,1.8126679696727162e-09,4.71976160903248e-12
628,37740.0,37740,1.1182363218849958,1.1182363218897193,22.704055206519644,0.0,1.1182364820881832,1.6019846216461476e-07,0.0,1.8126678710688645e-09,4.7223655782446e-12
629,37800.0,37800,1.1184623578821384,1.1184623578868647,22.71989688734612,0.0,1.1184625180815075,1.601946413494414e-07,0.0,1.8126677796643677e-09,4.724915021309362e-12
630,37860.0,37860,1.1186907930415468,1.1186907930462757,22.735741770349236,0.0,1.1186909532370926,1.6019081540210764e-07,0.0,1.8126676945741042e-09,4.7274131508219895e-12
631,37920.0,37920,1.1189216398420574,1.1189216398467887,22.75158988951712,0.0,1.1189218000337744,1.6018698435196143e-07,0.0,1.812667614966996e-09,4.729863118139824e-12
632,37980.0,37980,1.1191549109130547,1.1191549109177883,22.76744127901469,0.0,1.119155071100938,1.6018314822634606e-07,0.0,1.8126675400646956e-09,4.732268007922862e-12
633,38040.0,38040,1.1193906190371639,1.1193906190419,22.783295973185776,0.0,1.1193907792212086,1.6017930705065712e-07,0.0,1.8126674691410002e-09,4.734630775432718e-12
634,38100.0,38100,1.1196287771482363,1.1196287771529747,22.799154006555284,0.0,1.119628937328437,1.6017546084854947e-07,0.0,1.8126674015190855e-09,4.7369542873908085e-12
635,38160.0,38160,1.119869398333247,1.1198693983379875,22.815015413831382,0.0,1.1198695585095988,1.6017160964195536e-07,0.0,1.81266733657066e-09,4.7392413195126424e-12
636,38220.0,38220,1.1201124958353383,1.120112495840081,22.83088022990761,0.0,1.120112656007836,1.6016775345126748e-07,0.0,1.8126672737139272e-09,4.741494502199146e-12
637,38280.0,38280,1.1203580830502733,1.1203580830550182,22.84674848986513,0.0,1.120358243218912,1.6016389229545593e-07,0.0,1.8126672124114975e-09,4.7437163391834925e-12
638,38340.0,38340,1.1206061735318271,1.1206061735365744,22.862620228974876,0.0,1.1206063336966021,1.6016002619216733e-07,0.0,1.8126671521680206e-09,4.745909215119237e-12
639,38400.0,38400,1.1208567809897267,1.120856780994476,22.878495482699787,0.0,1.1208569411506326,1.6015615515787193e-07,0.0,1.8126670925285676e-09,4.74807540032311e-12
640,38460.0,38460,1.1211099192907217,1.121109919295473,22.894374286697012,0.0,1.1211100794477538,1.6015227920791146e-07,0.0,1.812667033076404e-09,4.750217028630338e-12
641,38520.0,38520,1.1213656024633238,1.1213656024680774,22.910256676820193,0.0,1.1213657626164772,1.6014839835669434e-07,0.0,1.812666973430761e-09,4.752336093212504e-12
642,38580.0,38580,1.1216238446941313,1.121623844698887,22.926142689121654,0.0,1.121624004843401,1.6014451261773767e-07,0.0,1.8126669132447276e-09,4.7544345076402195e-12
643,38640.0,38640,1.121884660329622,1.12188466033438,22.942032359854732,0.0,1.1218848204750034,1.601406220037272e-07,0.0,1.8126668522036775e-09,4.756514015117539e-12
644,38700.0,38700,1.122148063881856,1.122148063886616,22.95792572547598,0.0,1.122148224023344,1.6013672652673645e-07,0.0,1.8126667900225736e-09,4.758576288217089e-12
645,38760.0,38760,1.1224140700218332,1.1224140700265954,22.97382282264757,0.0,1.122414230159423,1.6013282619819075e-07,0.0,1.812666726444726e-09,4.7606228621822185e-12
646,38820.0,38820,1.1226826935912961,1.1226826935960603,22.989723688239486,0.0,1.1226828537249827,1.601289210290322e-07,0.0,1.8126666612394227e-09,4.762655171703277e-12
647,38880.0,38880,1.1229539495935827,1.122953949598349,23.005628359331975,0.0,1.1229541097233613,1.6012501102973477e-07,0.0,1.8126665942006411e-09,4.764674545937191e-12
648,38940.0,38940,1.123227853199686,1.123227853204454,23.02153687321784,0.0,1.1232280133255517,1.6012109621046322e-07,0.0,1.8126665251447496e-09,4.766682230387736e-12
649,39000.0,39000,1.1235044197533488,1.1235044197581188,23.037449267404803,0.0,1.123504579875297,1.6011717658108232e-07,0.0,1.8126664539095935e-09,4.76867936458748e-12
650,39060.0,39060,1.123783664766464,1.1237836647712363,23.053365579617953,0.0,1.1237838248844898,1.601132521511776e-07,0.0,1.8126663803524082e-09,4.770666993638362e-12
651,39120.0,39120,1.1240656039231494,1.1240656039279235,23.06928584780213,0.0,1.1240657640372478,1.6010932293029274e-07,0.0,1.8126663043484827e-09,4.772646090938182e-12
652,39180.0,39180,1.1243502530827456,1.1243502530875216,23.085210110124375,0.0,1.1243504131929118,1.601053889277972e-07,0.0,1.8126662257896826e-09,4.7746175629906145e-12
653,39240.0,39240,1.1246376282800183,1.1246376282847963,23.10113840497639,0.0,1.1246377883862477,1.601014501530665e-07,0.0,1.8126661445836996e-09,4.776582185071595e-12
654,39300.0,39300,1.1249277457277065,1.1249277457324862,23.117070770977048,0.0,1.1249279058299944,1.6009750661545818e-07,0.0,1.812666060651731e-09,4.778540747394695e-12
655,39360.0,39360,1.125220621818248,1.1252206218230298,23.133007246974884,0.0,1.1252207819165896,1.600935583244258e-07,0.0,1.8126659739284552e-09,4.780493904332317e-12
656,39420.0,39420,1.1255162731242843,1.125516273129068,23.148947872050687,0.0,1.1255164332186747,1.6008960528953095e-07,0.0,1.8126658843602036e-09,4.782442274771553e-12
657,39480.0,39480,1.1258147164042533,1.125814716409039,23.164892685519995,0.0,1.125814876494688,1.6008564752047328e-07,0.0,1.8126657919040928e-09,4.78438640940044e-12
658,39540.0,39540,1.126115968601907,1.126115968606695,23.180841726935775,0.0,1.1261161286883814,1.6008168502720451e-07,0.0,1.812665696527087e-09,4.786326829473645e-12
659,39600.0,39600,1.126420046848525,1.1264200468533145,23.196795036091036,0.0,1.126420206931034,1.6007771781983545e-07,0.0,1.8126655982053882e-09,4.788263979769683e-12
660,39660.0,39660,1.1267269684656283,1.1267269684704198,23.21275265302147,0.0,1.1267271285441673,1.6007374590883706e-07,0.0,1.8126654969229825e-09,4.7901982497938456e-12
661,39720.0,39720,1.1270367509678605,1.1270367509726542,23.22871461800815,0.0,1.127036911042425,1.6006976930490834e-07,0.0,1.8126653926713356e-09,4.792130017297403e-12
662,39780.0,39780,1.1273494120637568,1.1273494120685523,23.244680971580305,0.0,1.1273495721343416,1.6006578801914747e-07,0.0,1.8126652854484075e-09,4.79405959685205e-12
663,39840.0,39840,1.1276649696611083,1.1276649696659056,23.260651754517987,0.0,1.1276651297277092,1.6006180206301276e-07,0.0,1.8126651752581842e-09,4.795987263656249e-12
664,39900.0,39900,1.1279834418661863,1.1279834418709855,23.276627007854966,0.0,1.1279836019287983,1.6005781144832863e-07,0.0,1.8126650621098565e-09,4.797913262080498e-12
665,39960.0,39960,1.1283048469878838,1.1283048469926849,23.292606772881534,0.0,1.1283050070465026,1.6005381618737272e-07,0.0,1.812664946017305e-09,4.799837801984655e-12
666,40020.0,40020,1.1286292035409138,1.128629203545717,23.30859109114734,0.0,1.128629363595535,1.6004981629288483e-07,0.0,1.8126648269983953e-09,4.801761082148362e-12
667,40080.0,40080,1.1289565302478153,1.1289565302526203,23.324580004464313,0.0,1.1289566902984336,1.6004581177803688e-07,0.0,1.812664705074956e-09,4.803683219541436e-12
668,40140.0,40140,1.1292868460412842,1.1292868460460912,23.340573554909646,0.0,1.1292870060878957,1.6004180265654405e-07,0.0,1.8126645802716295e-09,4.805604372678779e-12
669,40200.0,40200,1.1296201700669215,1.1296201700717305,23.356571784828734,0.0,1.129620330109521,1.6003778894259567e-07,0.0,1.812664452615965e-09,4.807524625251095e-12
670,40260.0,40260,1.1299565216880183,1.129956521692829,23.372574736838192,0.0,1.129956681726601,1.600337706509483e-07,0.0,1.812664322137927e-09,4.809444060008077e-12
671,40320.0,40320,1.1302959204885998,1.1302959204934127,23.38858245382896,0.0,1.1302960805231619,1.6002974779689566e-07,0.0,1.8126641888691677e-09,4.8113627486441134e-12
672,40380.0,40380,1.1306383862704108,1.1306383862752256,23.40459497896942,0.0,1.1306385463009474,1.6002572039632274e-07,0.0,1.8126640528434502e-09,4.813280699012666e-12
673,40440.0,40440,1.1309839390655738,1.1309839390703902,23.420612355708467,0.0,1.1309840990920803,1.6002168846568173e-07,0.0,1.8126639140951231e-09,4.8151979685573434e-12
674,40500.0,40500,1.131332599131528,1.1313325991363463,23.436634627778776,0.0,1.131332759154,1.6001765202205505e-07,0.0,1.8126637726604112e-09,4.817114544476091e-12
675,40560.0,40560,1.1316843869595503,1.131684386964371,23.452661839200044,0.0,1.1316845469779833,1.6001361108313434e-07,0.0,1.8126636285756794e-09,4.819030419431678e-12
676,40620.0,40620,1.1320393232761587,1.1320393232809811,23.468694034282212,0.0,1.1320394832905483,1.600095656672505e-07,0.0,1.8126634818781138e-09,4.8209455799737965e-12
677,40680.0,40680,1.1323974290448175,1.132397429049642,23.484731257628876,0.0,1.132397589055159,1.6000551579338564e-07,0.0,1.8126633326053224e-09,4.822859989588108e-12
678,40740.0,40740,1.1327587254731037,1.1327587254779299,23.500773554140615,0.0,1.1327588854793926,1.6000146148117619e-07,0.0,1.812663180794866e-09,4.824773607853899e-12
679,40800.0,40800,1.133123234012361,1.1331232340171888,23.51682096901842,0.0,1.133123394014593,1.599974027509908e-07,0.0,1.8126630264845398e-09,4.826686366400113e-12
680,40860.0,40860,1.1334909763635634,1.1334909763683936,23.532873547767213,0.0,1.1334911363617346,1.599933396238103e-07,0.0,1.81266286971153e-09,4.828598213382185e-12
681,40920.0,40920,1.1338619744816238,1.1338619744864555,23.548931336199317,0.0,1.1338621344757294,1.5998927212137794e-07,0.0,1.8126627105130225e-09,4.830509090462387e-12
682,40980.0,40980,1.1342362505756678,1.1342362505805013,23.564994380438105,0.0,1.1342364105657032,1.5998520026614813e-07,0.0,1.8126625489258981e-09,4.832418888547673e-12
683,41040.0,41040,1.134613827117309,1.1346138271221444,23.581062726921576,0.0,1.13461398710327,1.5998112408127155e-07,0.0,1.8126623849858424e-09,4.834327545323325e-12
684,41100.0,41100,1.1349947268414478,1.1349947268462857,23.597136422406066,0.0,1.1349948868233306,1.5997704359068825e-07,0.0,1.8126622187285169e-09,4.836234971978962e-12
685,41160.0,41160,1.1353789727508843,1.135378972755724,23.61321551396998,0.0,1.135379132728684,1.5997295881906445e-07,0.0,1.812662050188599e-09,4.838141045154683e-12
686,41220.0,41220,1.1357665881215133,1.1357665881263548,23.629300049017626,0.0,1.1357667480952258,1.5996886979182574e-07,0.0,1.8126618793996403e-09,4.8400456999532426e-12
687,41280.0,41280,1.1361575965046586,1.136157596509502,23.645390075283046,0.0,1.1361577564742802,1.59964776535205e-07,0.0,1.8126617063947467e-09,4.8419488102949664e-12
688,41340.0,41340,1.1365520217319527,1.1365520217367981,23.66148564083389,0.0,1.1365521816974784,1.5996067907620333e-07,0.0,1.8126615312058761e-09,4.843850270088304e-12
689,41400.0,41400,1.1369498879190392,1.1369498879238862,23.67758679407547,0.0,1.1369500478804653,1.5995657744262922e-07,0.0,1.8126613538637896e-09,4.8457499745770906e-12
690,41460.0,41460,1.1373512194729023,1.1373512194777513,23.69369358375471,0.0,1.1373513794302246,1.5995247166310744e-07,0.0,1.8126611743984517e-09,4.8476478021647064e-12
691,41520.0,41520,1.1377560410936012,1.137756041098452,23.7098060589643,0.0,1.1377562010468152,1.5994836176710005e-07,0.0,1.8126609928385607e-09,4.849543647586267e-12
692,41580.0,41580,1.13816437777598,1.1381643777808326,23.725924269146866,0.0,1.1381645377250817,1.5994424778484942e-07,0.0,1.8126608092119005e-09,4.851437374156902e-12
693,41640.0,41640,1.1385762548212977,1.1385762548261527,23.742048264099115,0.0,1.138576414766284,1.5994012974753125e-07,0.0,1.8126606235448013e-09,4.853328872729113e-12
694,41700.0,41700,1.1389916978369292,1.138991697841786,23.75817809397617,0.0,1.1389918577777953,1.599360076871406e-07,0.0,1.8126604358625854e-09,4.855218028928804e-12
695,41760.0,41760,1.1394107327409229,1.1394107327457812,23.774313809295975,0.0,1.1394108926776643,1.5993188163653382e-07,0.0,1.8126602461894489e-09,4.857104712957632e-12
696,41820.0,41820,1.1398333857696479,1.1398333857745082,23.790455460943583,0.0,1.1398335457022615,1.599277516294796e-07,0.0,1.812660054548299e-09,4.858988801683109e-12
697,41880.0,41880,1.1402596834826022,1.1402596834874648,23.806603100175774,0.0,1.1402598434110838,1.5992361770062297e-07,0.0,1.8126598609610348e-09,4.86087016406305e-12
698,41940.0,41940,1.1406896527631607,1.140689652768025,23.822756778625582,0.0,1.1406898126875065,1.5991947988555128e-07,0.0,1.8126596654480545e-09,4.8627486906343494e-12
699,42000.0,42000,1.1411233208294647,1.1411233208343308,23.838916548306877,0.0,1.1411234807496704,1.5991533822074628e-07,0.0,1.8126594680288885e-09,4.86462424616251e-12
700,42060.0,42060,1.1415607152355234,1.1415607152403913,23.855082461619112,0.0,1.1415608751515858,1.5991119274366805e-07,0.0,1.812659268721591e-09,4.8664967162326776e-12
701,42120.0,42120,1.1420018638800595,1.1420018638849292,23.871254571352118,0.0,1.1420020237919744,1.59907043492686e-07,0.0,1.8126590675434181e-09,4.868365969845711e-12
702,42180.0,42180,1.1424467950077593,1.142446795012631,23.887432930690924,0.0,1.142446954915523,1.599028905071359e-07,0.0,1.8126588645101027e-09,4.8702318759502195e-12
703,42240.0,42240,1.1428955372186131,1.1428955372234866,23.90361759322073,0.0,1.142895697122222,1.59898733827413e-07,0.0,1.8126586596363688e-09,4.872094322455602e-12
704,42300.0,42300,1.143348119470688,1.1433481194755633,23.919808612931853,0.0,1.1433482793701382,1.5989457349479777e-07,0.0,1.8126584529357915e-09,4.873953187706074e-12
705,42360.0,42360,1.1438045710899007,1.1438045710947777,23.936006044224893,0.0,1.1438047309851886,1.5989040955165412e-07,0.0,1.812658244421009e-09,4.875808339616249e-12
706,42420.0,42420,1.144264921770936,1.144264921775815,23.952209941915882,0.0,1.1442650816620585,1.598862420413634e-07,0.0,1.812658034103369e-09,4.877659659974732e-12
707,42480.0,42480,1.144729201587161,1.144729201592042,23.968420361241527,0.0,1.1447293614741147,1.598820710083123e-07,0.0,1.8126578219932348e-09,4.879507012786462e-12
708,42540.0,42540,1.1451974409943357,1.1451974409992183,23.98463735786459,0.0,1.145197600877116,1.5987789649800992e-07,0.0,1.8126576080995628e-09,4.8813502974678024e-12
709,42600.0,42600,1.1456696708394913,1.1456696708443759,24.000860987879264,0.0,1.145669830718096,1.5987371855695873e-07,0.0,1.812657392430911e-09,4.88318939450753e-12
710,42660.0,42660,1.1461459223629038,1.1461459223677903,24.017091307816745,0.0,1.1461460822373293,1.5986953723282265e-07,0.0,1.8126571749945009e-09,4.8850241618836e-12
711,42720.0,42720,1.1466262272104948,1.146626227215383,24.033328374650832,0.0,1.1466263870807374,1.5986535257435201e-07,0.0,1.8126569557964519e-09,4.886854503787936e-12
712,42780.0,42780,1.14711061743629,1.1471106174411803,24.049572245803592,0.0,1.1471107773023461,1.5986116463138955e-07,0.0,1.8126567348421333e-09,4.888680285085139e-12
713,42840.0,42840,1.1475991255082516,1.1475991255131435,24.06582297915123,0.0,1.1475992853701185,1.5985697345498148e-07,0.0,1.8126565121358825e-09,4.8905013918536634e-12
714,42900.0,42900,1.1480917843215117,1.1480917843264054,24.082080633029904,0.0,1.148091944179186,1.5985277909728437e-07,0.0,1.8126562876811462e-09,4.892317725755018e-12
715,42960.0,42960,1.1485886271961308,1.1485886272010264,24.098345266241775,0.0,1.1485887870496094,1.5984858161167032e-07,0.0,1.8126560614805272e-09,4.894129140172505e-12
716,43020.0,43020,1.1490896878948103,1.149089687899708,24.114616938061044,0.0,1.1490898477440905,1.5984438105269984e-07,0.0,1.812655833535643e-09,4.895935540018289e-12
717,43080.0,43080,1.1495950006184967,1.1495950006233961,24.13089570824023,0.0,1.149595160463575,1.5984017747615786e-07,0.0,1.8126556038474313e-09,4.897736804283971e-12
718,43140.0,43140,1.1501046000254416,1.1501046000303425,24.14718163701633,0.0,1.150104759866315,1.598359709390719e-07,0.0,1.8126553724159159e-09,4.899532820439834e-12
719,43200.0,43200,1.1506185212317672,1.15061852123667,24.163474785117387,0.0,1.1506186810684331,1.5983176149971178e-07,0.0,1.8126551392403933e-09,4.901323472668432e-12
720,43260.0,43260,1.1511367998193816,1.151136799824286,24.179775213768863,0.0,1.1511369596518368,1.5982754921766796e-07,0.0,1.812654904319316e-09,4.9031086454478725e-12
721,43320.0,43320,1.1516594718475477,1.151659471852454,24.196082984700357,0.0,1.1516596316757897,1.598233341538303e-07,0.0,1.8126546676504097e-09,4.904888240241149e-12
722,43380.0,43380,1.1521865738582788,1.152186573863187,24.21239816015224,0.0,1.1521867336823046,1.598191163703792e-07,0.0,1.812654429230861e-09,4.9066621296550676e-12
723,43440.0,43440,1.1527181428854083,1.1527181428903184,24.228720802882645,0.0,1.1527183027052157,1.5981489593088455e-07,0.0,1.8126541890570588e-09,4.908430206366962e-12
724,43500.0,43500,1.1532542164626303,1.1532542164675421,24.245050976174255,0.0,1.1532543762782166,1.5981067290028776e-07,0.0,1.8126539471245253e-09,4.910192369338123e-12
725,43560.0,43560,1.153794832632803,1.1537948326377165,24.261388743841557,0.0,1.1537949924441655,1.5980644734491677e-07,0.0,1.8126537034285942e-09,4.911948496846135e-12
726,43620.0,43620,1.1543400299563031,1.1543400299612183,24.277734170237963,0.0,1.1543401897634393,1.5980221933255508e-07,0.0,1.8126534579634514e-09,4.913698481192551e-12
727,43680.0,43680,1.1548898475199454,1.1548898475248621,24.29408732026312,0.0,1.1548900073228525,1.5979798893237567e-07,0.0,1.812653210722977e-09,4.915442218832103e-12
728,43740.0,43740,1.1554443249471709,1.1554443249520894,24.31044825937043,0.0,1.1554444847458472,1.5979375621508813e-07,0.0,1.8126529617005825e-09,4.917179602450091e-12
729,43800.0,43800,1.15600350240499,1.1560035024099102,24.326817053574654,0.0,1.156003662199433,1.597895212528786e-07,0.0,1.8126527108889764e-09,4.918910509608052e-12
730,43860.0,43860,1.1565674206156917,1.156567420620614,24.343193769459532,0.0,1.1565675804058995,1.597852841194548e-07,0.0,1.8126524582800931e-09,4.920634834721003e-12
731,43920.0,43920,1.1571361208666902,1.1571361208716138,24.35957847418574,0.0,1.1571362806526604,1.5978104489011203e-07,0.0,1.8126522038657496e-09,4.922352491011797e-12
732,43980.0,43980,1.1577096450204565,1.1577096450253819,24.375971235498852,0.0,1.157709804802187,1.597768036417122e-07,0.0,1.8126519476372476e-09,4.924063345830207e-12
733,44040.0,44040,1.158288035521024,1.1582880355259513,24.392372121737484,0.0,1.1582881952985133,1.597725604527378e-07,0.0,1.812651689585021e-09,4.9257672962706994e-12
734,44100.0,44100,1.1588713354095674,1.1588713354144962,24.408781201841542,0.0,1.1588714951828132,1.5976831540332195e-07,0.0,1.8126514296994566e-09,4.9274642406952886e-12
735,44160.0,44160,1.1594595883343974,1.159459588339328,24.425198545360708,0.0,1.159459748103398,1.597640685752514e-07,0.0,1.8126511679701678e-09,4.9291540673377264e-12
736,44220.0,44220,1.1600528385550242,1.1600528385599564,24.441624222462995,0.0,1.1600529983197778,1.5975982005206257e-07,0.0,1.8126509043866509e-09,4.930836664218069e-12
737,44280.0,44280,1.1606511309646408,1.1606511309695748,24.45805830394341,0.0,1.1606512907251463,1.5975556991901152e-07,0.0,1.8126506389377918e-09,4.932511925105509e-12
738,44340.0,44340,1.1612545110906294,1.161254511095565,24.474500861232965,0.0,1.1612546708468847,1.5975131826309794e-07,0.0,1.812650371611985e-09,4.934179743850013e-12
739,44400.0,44400,1.1618630251122954,1.1618630251172328,24.490951966407657,0.0,1.1618631848642993,1.5974706517320924e-07,0.0,1.8126501023975305e-09,4.935840011457177e-12
740,44460.0,44460,1.1624767198707509,1.1624767198756896,24.507411692197657,0.0,1.1624768796185019,1.597428107399855e-07,0.0,1.8126498312821661e-09,4.937492610809017e-12
741,44520.0,44520,1.1630956428819739,1.1630956428869144,24.52388011199675,0.0,1.163095802625471,1.5973855505601455e-07,0.0,1.8126495582533246e-09,4.939137445671026e-12
742,44580.0,44580,1.1637198423467252,1.1637198423516675,24.54035729987186,0.0,1.163720002085967,1.5973429821573888e-07,0.0,1.8126492832980634e-09,4.940774405283456e-12
743,44640.0,44640,1.164349367166047,1.164349367170991,24.556843330572708,0.0,1.1643495269010327,1.5973004031561477e-07,0.0,1.81264900640337e-09,4.942403348037091e-12
744,44700.0,44700,1.1649842669513755,1.1649842669563208,24.57333827954186,0.0,1.1649844266821037,1.597257814540552e-07,0.0,1.8126487275552e-09,4.944024209057352e-12
745,44760.0,44760,1.1656245920408168,1.165624592045764,24.589842222924634,0.0,1.1656247517672873,1.597215217314809e-07,0.0,1.8126484467400718e-09,4.945636846751852e-12
746,44820.0,44820,1.1662703935096113,1.16627039351456,24.606355237579525,0.0,1.1662705532318227,1.5971726125044048e-07,0.0,1.8126481639436361e-09,4.947241157209021e-12
747,44880.0,44880,1.1669217231840436,1.1669217231889937,24.622877401088573,0.0,1.1669218829019954,1.5971300011552322e-07,0.0,1.8126478791515205e-09,4.948837025303195e-12
748,44940.0,44940,1.1675786336577048,1.1675786336626566,24.639408791768016,0.0,1.1675787933713964,1.597087384335153e-07,0.0,1.8126475923488602e-09,4.9504243455967535e-12
749,45000.0,45000,1.1682411783042084,1.1682411783091617,24.65594948867918,0.0,1.1682413380136396,1.5970447631339064e-07,0.0,1.8126473035208131e-09,4.952002983446075e-12
750,45060.0,45060,1.1689094112910758,1.1689094112960308,24.67249957163952,0.0,1.168909570996246,1.597002138663441e-07,0.0,1.8126470126519287e-09,4.9535728471898064e-12
751,45120.0,45120,1.1695833875953765,1.169583387600333,24.68905912123385,0.0,1.1695835472962857,1.596959512058633e-07,0.0,1.812646719726732e-09,4.95513380803038e-12
752,45180.0,45180,1.1702631630209206,1.1702631630258786,24.705628218825822,0.0,1.1702633227175685,1.5969168844777982e-07,0.0,1.8126464247294437e-09,4.956685741259689e-12
753,45240.0,45240,1.1709487942095607,1.1709487942145205,24.72220694656967,0.0,1.1709489539019475,1.5968742571026905e-07,0.0,1.8126461276439564e-09,4.958228541284551e-12
754,45300.0,45300,1.1716403386620446,1.1716403386670058,24.738795387422044,0.0,1.1716404983501705,1.5968316311394938e-07,0.0,1.8126458284539982e-09,4.959762087839294e-12
755,45360.0,45360,1.1723378547488572,1.17233785475382,24.75539362515416,0.0,1.1723380144327222,1.5967890078190908e-07,0.0,1.8126455271430864e-09,4.961286260958764e-12
756,45420.0,45420,1.1730414017319108,1.173041401736875,24.77200174436419,0.0,1.1730415614115155,1.5967463883976632e-07,0.0,1.8126452236946443e-09,4.962800916392807e-12
757,45480.0,45480,1.1737510397789226,1.1737510397838886,24.788619830489832,0.0,1.1737511994542673,1.5967037741568136e-07,0.0,1.8126449180913689e-09,4.964305960023635e-12
758,45540.0,45540,1.174466829980517,1.1744668299854846,24.805247969821146,0.0,1.1744669896516025,1.5966611664049735e-07,0.0,1.8126446103162613e-09,4.965801246185155e-12
759,45600.0,45600,1.1751888343698145,1.1751888343747832,24.821886249513657,0.0,1.1751889940366416,1.5966185664767747e-07,0.0,1.8126443003517133e-09,4.96728666667828e-12
760,45660.0,45660,1.1759171159381294,1.1759171159430997,24.83853475760169,0.0,1.1759172756006988,1.5965759757346693e-07,0.0,1.8126439881801167e-09,4.9687620688454066e-12
761,45720.0,45720,1.176651738657279,1.1766517386622508,24.855193583011953,0.0,1.1766518983155918,1.5965333955689004e-07,0.0,1.8126436737835587e-09,4.970227353781827e-12
762,45780.0,45780,1.1773927674923224,1.1773927674972953,24.871862815577423,0.0,1.1773929271463797,1.596490827398161e-07,0.0,1.812643357144009e-09,4.971682370869264e-12
763,45840.0,45840,1.1781402684283302,1.1781402684333047,24.888542546051397,0.0,1.1781404280781334,1.5964482726701955e-07,0.0,1.8126430382430388e-09,4.973126984883774e-12
764,45900.0,45900,1.1788943084834065,1.1788943084883827,24.905232866121967,0.0,1.1788944681289575,1.5964057328627594e-07,0.0,1.8126427170620317e-09,4.9745610782496004e-12
765,45960.0,45960,1.1796549557352596,1.1796549557402372,24.921933868426674,0.0,1.1796551153765595,1.5963632094835295e-07,0.0,1.8126423935822073e-09,4.975984487620069e-12
766,46020.0,46020,1.1804222793373276,1.1804222793423065,24.938645646567448,0.0,1.1804224389743785,1.5963207040714243e-07,0.0,1.8126420677844567e-09,4.977397099455187e-12
767,46080.0,46080,1.181196349539499,1.1811963495444795,24.955368295125925,0.0,1.1811965091723027,1.5962782181969643e-07,0.0,1.8126417396494135e-09,4.978798767004837e-12
768,46140.0,46140,1.1819772377154674,1.181977237720449,24.972101909678955,0.0,1.1819773973440257,1.5962357534630224e-07,0.0,1.812641409157734e-09,4.980189340027347e-12
769,46200.0,46200,1.1827650163781103,1.1827650163830934,24.988846586814482,0.0,1.182765176002426,1.5961933115049132e-07,0.0,1.8126410762893721e-09,4.9815686874491395e-12
770,46260.0,46260,1.1835597592061546,1.1835597592111389,25.005602424147742,0.0,1.1835599188262298,1.5961508939924342e-07,0.0,1.812640741024539e-09,4.98293665153069e-12
771,46320.0,46320,1.1843615410654218,1.1843615410704076,25.022369520337744,0.0,1.1843617006812595,1.5961085026293263e-07,0.0,1.8126404033427659e-09,4.984293076397487e-12
772,46380.0,46380,1.185170438033497,1.1851704380384842,25.039147975104104,0.0,1.1851705976450997,1.596066139154443e-07,0.0,1.8126400632232326e-09,4.985637827804815e-12
773,46440.0,46440,1.1859865274241963,1.185986527429185,25.05593788924418,0.0,1.185986687031567,1.5960238053425317e-07,0.0,1.8126397206453767e-09,4.98697074080721e-12
774,46500.0,46500,1.1868098878102273,1.1868098878152171,25.07273936465064,0.0,1.186810047413369,1.5959815030052534e-07,0.0,1.8126393755879088e-09,4.988291669843288e-12
775,46560.0,46560,1.1876405990520555,1.1876405990570467,25.08955250432924,0.0,1.1876407586509716,1.5959392339913932e-07,0.0,1.8126390280293287e-09,4.989600438162225e-12
776,46620.0,46620,1.1884787423188394,1.1884787423238319,25.106377412417107,0.0,1.1884789019135336,1.5958970001880904e-07,0.0,1.812638677947761e-09,4.9908968998894546e-12
777,46680.0,46680,1.189324400119928,1.1893244001249215,25.123214194201278,0.0,1.1893245597104034,1.5958548035215895e-07,0.0,1.8126383253211663e-09,4.992180876552705e-12
778,46740.0,46740,1.1901776563261468,1.1901776563311417,25.140062956137633,0.0,1.1901778159124077,1.5958126459581095e-07,0.0,1.8126379701270358e-09,4.9934522131442e-12
779,46800.0,46800,1.1910385962048888,1.191038596209885,25.156923805870264,0.0,1.1910387557869397,1.5957705295043548e-07,0.0,1.8126376123425097e-09,4.994710724379689e-12
780,46860.0,46860,1.1919073064395154,1.191907306444513,25.173796852251172,0.0,1.1919074660173599,1.5957284562091357e-07,0.0,1.8126372519443056e-09,4.995956258455022e-12
781,46920.0,46920,1.1927838751665059,1.1927838751715045,25.190682205360428,0.0,1.192784034740149,1.5956864281636084e-07,0.0,1.812636888909001e-09,4.997188615675052e-12
782,46980.0,46980,1.193668391996846,1.1936683920018458,25.207579976526652,0.0,1.1936685515662921,1.5956444475027156e-07,0.0,1.8126365232123752e-09,4.998407633444212e-12
783,47040.0,47040,1.1945609480531973,1.1945609480581982,25.224490278347993,0.0,1.1945611076184515,1.5956025164053965e-07,0.0,1.8126361548302555e-09,4.999613109834504e-12
784,47100.0,47100,1.1954616359985852,1.1954616360035875,25.24141322471346,0.0,1.195461795559653,1.5955606370965674e-07,0.0,1.8126357837375307e-09,5.0008048723016826e-12
785,47160.0,47160,1.1963705500617339,1.1963705500667374,25.258348930824848,0.0,1.19637070961862,1.5955188118472422e-07,0.0,1.812635409908926e-09,5.001982720662257e-12
786,47220.0,47220,1.197287786080032,1.1972877860850366,25.275297513218806,0.0,1.1972879456327423,1.5954770429762126e-07,0.0,1.8126350333185562e-09,5.003146473112541e-12
787,47280.0,47280,1.1982134415217258,1.1982134415267318,25.292259089789688,0.0,1.1982136010702664,1.5954353328508886e-07,0.0,1.8126346539402087e-09,5.004295908440013e-12
788,47340.0,47340,1.199147615528169,1.1991476155331762,25.309233779812676,0.0,1.199147775072546,1.5953936838880188e-07,0.0,1.812634271746709e-09,5.005430851546701e-12
789,47400.0,47400,1.200090408940357,1.200090408945365,25.32622170396743,0.0,1.2000905684805765,1.595352098555251e-07,0.0,1.8126338867108831e-09,5.006551076269681e-12
790,47460.0,47460,1.201041924340234,1.2010419243452433,25.343222984362203,0.0,1.201042083876303,1.5953105793721826e-07,0.0,1.8126334988045014e-09,5.007656362850563e-12
791,47520.0,47520,1.20200226608139,1.2020022660864,25.360237744558475,0.0,1.2020024256133146,1.5952691289114107e-07,0.0,1.8126331079987248e-09,5.0087465354028084e-12
792,47580.0,47580,1.2029715403291703,1.2029715403341816,25.377266109596093,0.0,1.2029716998569582,1.5952277497998228e-07,0.0,1.8126327142645973e-09,5.009821334080894e-12
793,47640.0,47640,1.2039498550951986,1.2039498551002108,25.39430820601891,0.0,1.2039500146188566,1.595186444719857e-07,0.0,1.812632317571803e-09,5.010880547531405e-12
794,47700.0,47700,1.20493732027659,1.2049373202816034,25.411364161900917,0.0,1.2049374797961265,1.5951452164105237e-07,0.0,1.8126319178897674e-09,5.011923952385032e-12
795,47760.0,47760,1.2059340476946034,1.205934047699618,25.428434106873,0.0,1.2059342072100265,1.5951040676688742e-07,0.0,1.8126315151869792e-09,5.0129513043942806e-12
796,47820.0,47820,1.2069401511343363,1.206940151139352,25.445518172150177,0.0,1.2069403106456538,1.5950630013514723e-07,0.0,1.8126311094309415e-09,5.013962370532707e-12
797,47880.0,47880,1.2079557463838122,1.2079557463888286,25.46261649055944,0.0,1.207955905891032,1.595022020375475e-07,0.0,1.8126307005887824e-09,5.01495690376875e-12
798,47940.0,47940,1.208980951276846,1.2089809512818632,25.47972919656808,0.0,1.2089811107799777,1.594981127720102e-07,0.0,1.8126302886263177e-09,5.015934648639766e-12
799,48000.0,48000,1.2100158857318695,1.210015885736888,25.496856426312718,0.0,1.210016045230922,1.5949403264279575e-07,0.0,1.8126298735086588e-09,5.016895360329023e-12
800,48060.0,48060,1.2110606717993342,1.2110606718043535,25.51399831762882,0.0,1.2110608312943172,1.5948996196070098e-07,0.0,1.812629455199933e-09,5.017838754608318e-12
801,48120.0,48120,1.212115433701104,1.212115433706124,25.53115501008087,0.0,1.2121155931920267,1.5948590104313122e-07,0.0,1.8126290336630953e-09,5.018764580180485e-12
802,48180.0,48180,1.2131802978765136,1.2131802978815347,25.548326644993203,0.0,1.2131804573633864,1.5948185021428635e-07,0.0,1.8126286088602562e-09,5.019672569150336e-12
803,48240.0,48240,1.2142553930274023,1.2142553930324245,25.56551336548137,0.0,1.2142555525102354,1.5947780980535288e-07,0.0,1.8126281807523308e-09,5.020562419680776e-12
804,48300.0,48300,1.2153408501636374,1.2153408501686602,25.582715316484194,0.0,1.215341009642442,1.5947378015462402e-07,0.0,1.812627749298921e-09,5.0214338462007535e-12
805,48360.0,48360,1.2164368026511678,1.2164368026561916,25.599932644796453,0.0,1.2164369621259548,1.5946976160767064e-07,0.0,1.8126273144583629e-09,5.022286555751495e-12
806,48420.0,48420,1.2175433862583231,1.2175433862633476,25.617165499102285,0.0,1.2175435457291035,1.594657545175065e-07,0.0,1.81262687618782e-09,5.023120241557893e-12
807,48480.0,48480,1.2186607392035786,1.2186607392086042,25.634414030009243,0.0,1.218660898670365,1.5946175924478318e-07,0.0,1.8126264344429552e-09,5.023934605771635e-12
808,48540.0,48540,1.2197890022072178,1.219789002212244,25.651678390082925,0.0,1.2197891616700216,1.5945777615796419e-07,0.0,1.8126259891781186e-09,5.0247292989887084e-12
809,48600.0,48600,1.220928318539992,1.2209283185450188,25.66895873388251,0.0,1.220928477998826,1.5945380563346304e-07,0.0,1.8126255403457379e-09,5.0255040049183055e-12
810,48660.0,48660,1.222078834072395,1.2220788340774225,25.686255217996816,0.0,1.222078993527272,1.5944984805590737e-07,0.0,1.8126250878967862e-09,5.026258387837477e-12
811,48720.0,48720,1.2232406973290577,1.223240697334086,25.703568001081166,0.0,1.2232408567799915,1.5944590381826488e-07,0.0,1.8126246317805967e-09,5.026992088008705e-12
812,48780.0,48780,1.224414059538671,1.2244140595437,25.720897243895003,0.0,1.2244142189856748,1.5944197332206253e-07,0.0,1.8126241719443445e-09,5.027704739690889e-12
813,48840.0,48840,1.2255990746877532,1.2255990746927832,25.738243109340146,0.0,1.2255992341308415,1.594380569775996e-07,0.0,1.8126237083333058e-09,5.028395975133986e-12
814,48900.0,48900,1.2267958995764325,1.226795899581463,25.755605762499915,0.0,1.22679605901562,1.5943415520414868e-07,0.0,1.8126232408907174e-09,5.02906540882137e-12
815,48960.0,48960,1.2280046938676363,1.2280046938726676,25.772985370678953,0.0,1.2280048533029373,1.5943026843010886e-07,0.0,1.8126227695574007e-09,5.029712631613179e-12
816,49020.0,49020,1.2292256201462026,1.2292256201512346,25.790382103443804,0.0,1.2292257795776331,1.5942639709333273e-07,0.0,1.812622294271762e-09,5.03033722868803e-12
817,49080.0,49080,1.2304588439732116,1.230458843978244,25.807796132664258,0.0,1.230459003400787,1.594225416412495e-07,0.0,1.8126218149694884e-09,5.030938773911488e-12
818,49140.0,49140,1.2317045339412611,1.2317045339462942,25.82522763255561,0.0,1.231704693364998,1.5941870253115314e-07,0.0,1.81262133158357e-09,5.0315168139229095e-12
819,49200.0,49200,1.2329628617330626,1.232962861738096,25.84267677972152,0.0,1.2329630211529778,1.5941488023040028e-07,0.0,1.8126208440439027e-09,5.032070874263564e-12
820,49260.0,49260,1.2342340021719418,1.234234002176976,25.860143753197832,0.0,1.2342341615880525,1.5941107521661455e-07,0.0,1.8126203522769116e-09,5.032600488082726e-12
821,49320.0,49320,1.2355181332883531,1.2355181332933876,25.877628734497023,0.0,1.2355182927006774,1.5940728797804046e-07,0.0,1.8126198562059273e-09,5.033105118487288e-12
822,49380.0,49380,1.2368154363684654,1.2368154363735004,25.895131907653717,0.0,1.236815595777021,1.5940351901364265e-07,0.0,1.8126193557498492e-09,5.0335842406647874e-12
823,49440.0,49440,1.2381260960169111,1.2381260960219465,25.912653459270718,0.0,1.238126255421717,1.593997688334988e-07,0.0,1.8126188508236845e-09,5.0340372859558395e-12
824,49500.0,49500,1.239450300209702,1.239450300214738,25.930193578566094,0.0,1.2394504596107776,1.5939603795893202e-07,0.0,1.812618341337774e-09,5.0344636805507455e-12
825,49560.0,49560,1.2407882403563937,1.2407882403614299,25.947752457420865,0.0,1.2407883997537583,1.5939232692288257e-07,0.0,1.8126178271976998e-09,5.0348627868165604e-12
826,49620.0,49620,1.2421401113513117,1.2421401113563484,25.965330290427723,0.0,1.2421402707449862,1.593886362700973e-07,0.0,1.812617308303393e-09,5.03523394461604e-12
827,49680.0,49680,1.2435061116364137,1.2435061116414508,25.982927274940344,0.0,1.243506271026419,1.5938496655742053e-07,0.0,1.8126167845489698e-09,5.0355764826288075e-12
828,49740.0,49740,1.2448864432517677,1.244886443256805,26.000543611123693,0.0,1.2448866026381247,1.593813183540943e-07,0.0,1.812616255822263e-09,5.03588964206077e-12
829,49800.0,49800,1.2462813118924778,1.2462813118975153,26.01817950200494,0.0,1.2462814712752093,1.5937769224204335e-07,0.0,1.8126157220038612e-09,5.036172654894529e-12
830,49860.0,49860,1.247690926964257,1.247690926969295,26.03583515352526,0.0,1.2476910863433854,1.5937408881614836e-07,0.0,1.812615182966755e-09,5.036424702399542e-12
831,49920.0,49920,1.249115501634484,1.2491155016395221,26.053510774592446,0.0,1.2491156610100325,1.5937050868449192e-07,0.0,1.8126146385757766e-09,5.036644891375307e-12
832,49980.0,49980,1.25055525288426,1.2505552528892985,26.071206577134134,0.0,1.2505554122562526,1.5936695246873378e-07,0.0,1.812614088686309e-09,5.036832304451857e-12
833,50040.0,50040,1.2520104015588251,1.2520104015638638,26.08892277615186,0.0,1.252010560927286,1.5936342080438683e-07,0.0,1.8126135331440523e-09,5.0369859432845605e-12
834,50100.0,50100,1.2534811724141017,1.2534811724191401,26.106659589775834,0.0,1.253481331779056,1.593599143410903e-07,0.0,1.8126129717835927e-09,5.037104748314352e-12
835,50160.0,50160,1.254967794162709,1.2549677941677477,26.12441723932025,0.0,1.254967953524183,1.593564337429729e-07,0.0,1.8126124044279337e-09,5.037187611123296e-12
836,50220.0,50220,1.2564704995172895,1.2564704995223284,26.142195949339452,0.0,1.2564706588753096,1.5935297968892884e-07,0.0,1.8126118308871368e-09,5.037233340272303e-12
837,50280.0,50280,1.257989525228074,1.2579895252331126,26.159995947684525,0.0,1.2579896845826668,1.593495528729e-07,0.0,1.8126112509574773e-09,5.037240671606397e-12
838,50340.0,50340,1.2595251121197042,1.2595251121247428,26.17781746556051,0.0,1.2595252714708987,1.5934615400430815e-07,0.0,1.812610664420318e-09,5.037208259394029e-12
839,50400.0,50400,1.2610775051232814,1.26107750512832,26.195660737584113,0.0,1.2610776644711053,1.5934278380825883e-07,0.0,1.8126100710407503e-09,5.0371347121761e-12
840,50460.0,50460,1.2626469533021731,1.2626469533072116,26.21352600184197,0.0,1.262647112646656,1.5933944302595871e-07,0.0,1.8126094705668904e-09,5.037018516399255e-12
841,50520.0,50520,1.2642337098743106,1.2642337098793488,26.23141349994903,0.0,1.2642338692154826,1.5933613241500665e-07,0.0,1.8126088627278865e-09,5.03685811785384e-12
842,50580.0,50580,1.2658380322261225,1.2658380322311606,26.249323477107534,0.0,1.265838191564015,1.5933285274971472e-07,0.0,1.812608247233825e-09,5.036651901074985e-12
843,50640.0,50640,1.2674601819264335,1.2674601819314715,26.267256182166026,0.0,1.2674603412610779,1.5932960482148946e-07,0.0,1.8126076237740893e-09,5.036398134821545e-12
844,50700.0,50700,1.2691004247199056,1.269100424724943,26.28521186767862,0.0,1.269100584051334,1.5932638943915896e-07,0.0,1.8126069920161632e-09,5.03609508454523e-12
845,50760.0,50760,1.2707590305263556,1.2707590305313927,26.303190789964134,0.0,1.2707591898546018,1.5932320742931797e-07,0.0,1.8126063516053748e-09,5.035740946948097e-12
846,50820.0,50820,1.272436273420693,1.27243627342573,26.32119320916524,0.0,1.272436432745791,1.593200596367031e-07,0.0,1.8126057021640508e-09,5.035333873821357e-12
847,50880.0,50880,1.2741324316075067,1.2741324316125429,26.339219389307353,0.0,1.2741325909294916,1.5931694692453483e-07,0.0,1.8126050432905557e-09,5.034872042524681e-12
848,50940.0,50940,1.2758477873805856,1.2758477873856213,26.357269598357142,0.0,1.275847946699493,1.5931387017492885e-07,0.0,1.8126043745603002e-09,5.0343536253438554e-12
849,51000.0,51000,1.2775826270706832,1.2775826270757185,26.375344108280373,0.0,1.27758278638655,1.5931083028922e-07,0.0,1.8126036955254598e-09,5.03377683214121e-12
850,51060.0,51060,1.2793372409808401,1.2793372409858745,26.39344319509922,0.0,1.2793374002937044,1.5930782818843952e-07,0.0,1.8126030057158654e-09,5.033139973445966e-12
851,51120.0,51120,1.2811119233005266,1.2811119233055606,26.411567138948485,0.0,1.281112082610427,1.5930486481364523e-07,0.0,1.8126023046407387e-09,5.032441467659303e-12
852,51180.0,51180,1.2829069720073645,1.2829069720123978,26.429716224130598,0.0,1.2829071313143405,1.5930194112641064e-07,0.0,1.812601591790568e-09,5.031679899092874e-12
853,51240.0,51240,1.2847226887435743,1.2847226887486067,26.447890739169402,0.0,1.2847228480476662,1.5929905810923612e-07,0.0,1.812600866640273e-09,5.0308540838472965e-12
854,51300.0,51300,1.286559378673889,1.2865593786789205,26.466090976861985,0.0,1.2865595379751387,1.592962167660351e-07,0.0,1.8126001286529334e-09,5.029963086713552e-12
855,51360.0,51360,1.288417350323474,1.2884173503285046,26.48431723432858,0.0,1.2884175096219241,1.592934181225842e-07,0.0,1.8125993772841252e-09,5.029006309416447e-12
856,51420.0,51420,1.2902969153714534,1.2902969153764827,26.502569813060205,0.0,1.2902970746671476,1.592906632270965e-07,0.0,1.812598611987784e-09,5.027983525384787e-12
857,51480.0,51480,1.2921983884420405,1.292198388447069,26.52084901896337,0.0,1.2921985477350235,1.5928795315069574e-07,0.0,1.8125978322223704e-09,5.0268949248118465e-12
858,51540.0,51540,1.2941220868344419,1.294122086839469,26.539155162401702,0.0,1.2941222461247597,1.5928528898794739e-07,0.0,1.812597037458232e-09,5.0257411213472154e-12
859,51600.0,51600,1.2960683302384304,1.2960683302434564,26.557488558233945,0.0,1.2960684895261299,1.59282671857483e-07,0.0,1.8125962271845908e-09,5.024523175561676e-12
860,51660.0,51660,1.298037440398845,1.2980374404038697,26.575849525847723,0.0,1.2980375996839741,1.5928010290247738e-07,0.0,1.8125954009169757e-09,5.0232425319915876e-12
861,51720.0,51720,1.3000297407370092,1.3000297407420325,26.594238389188803,0.0,1.3000299000196174,1.5927758329121872e-07,0.0,1.8125945582042328e-09,5.021900927348092e-12
862,51780.0,51780,1.302045555932425,1.3020455559374469,26.612655476784663,0.0,1.3020457152125626,1.5927511421755887e-07,0.0,1.8125936986332846e-09,5.0205002447157994e-12
863,51840.0,51840,1.3040852114385748,1.3040852114435952,26.631101121762484,0.0,1.3040853707162936,1.5927269690136943e-07,0.0,1.8125928218316866e-09,5.019042175860731e-12
864,51900.0,51900,1.3061490329541767,1.3061490329591958,26.649575661859966,0.0,1.30614919222953,1.592703325887339e-07,0.0,1.812591927464696e-09,5.017527842257169e-12
865,51960.0,51960,1.3082373458232701,1.3082373458282874,26.668079439428936,0.0,1.3082375050963115,1.592680225519956e-07,0.0,1.8125910152256815e-09,5.015957188015395e-12
866,52020.0,52020,1.310350474372926,1.3103504743779417,26.686612801430222,0.0,1.3103506336437114,1.5926576808954766e-07,0.0,1.8125900848171798e-09,5.014328182357496e-12
867,52080.0,52080,1.3124887411679897,1.312488741173004,26.705176099419287,0.0,1.3124889004365758,1.5926357052512476e-07,0.0,1.8125891359176248e-09,5.012635677753717e-12
868,52140.0,52140,1.3146524661925367,1.3146524661975492,26.723769689521305,0.0,1.314652625458982,1.5926143120655162e-07,0.0,1.8125881681297187e-09,5.010870030896918e-12
869,52200.0,52200,1.3168419659401884,1.3168419659451989,26.742393932394506,0.0,1.3168421252045521,1.5925935150367524e-07,0.0,1.81258718090599e-09,5.009015257349608e-12
870,52260.0,52260,1.3190575524074084,1.3190575524124168,26.76104919318081,0.0,1.3190577116697513,1.5925733280533375e-07,0.0,1.8125861734423942e-09,5.007046731389153e-12
871,52320.0,52320,1.3212995319845395,1.321299531989546,26.77973584144205,0.0,1.321299691244924,1.5925537651497178e-07,0.0,1.81258514453569e-09,5.004928447162575e-12
872,52380.0,52380,1.3235682042306571,1.3235682042356613,26.79845425108066,0.0,1.323568363489147,1.5925348404461718e-07,0.0,1.812584092392867e-09,5.002609636436041e-12
873,52440.0,52440,1.3258638605304651,1.325863860535467,26.817204800242756,0.0,1.3258640197871252,1.59251656806727e-07,0.0,1.8125830143858987e-09,5.000020945734729e-12
874,52500.0,52500,1.328186782613341,1.3281867826183398,26.83598787120243,0.0,1.3281869418682375,1.592498962036114e-07,0.0,1.8125819067418505e-09,4.997070098231781e-12
875,52560.0,52560,1.330537240929209,1.3305372409342042,26.85480385022495,0.0,1.3305374001824093,1.5924820361374265e-07,0.0,1.8125807641610819e-09,4.993637255022174e-12
876,52620.0,52620,1.3329154928602656,1.3329154928652565,26.87365312740695,0.0,1.3329156521118386,1.5924658037455856e-07,0.0,1.8125795793580724e-09,4.989570318005191e-12
877,52680.0,52680,1.3353217807607225,1.3353217807657087,26.892536096491302,0.0,1.3353219400107381,1.5924502776126555e-07,0.0,1.8125783425238455e-09,4.984680760361077e-12
878,52740.0,52740,1.3377563297885058,1.337756329793486,26.911453154654247,0.0,1.3377564890370344,1.5924354696127502e-07,0.0,1.8125770407192005e-09,4.97874068275814e-12
879,52800.0,52800,1.3402193455193894,1.3402193455243625,26.930404702261768,0.0,1.340219504766503,1.5924213904404806e-07,0.0,1.81257565721831e-09,4.9714822063658465e-12
880,52860.0,52860,1.3427110112952743,1.3427110113002385,26.949391142592145,0.0,1.3427111705410448,1.5924080492670245e-07,0.0,1.812574170842728e-09,4.962600941398877e-12
881,52920.0,52920,1.3452314852678682,1.345231485272821,26.96841288152102,0.0,1.345231644512368,1.5923954533603044e-07,0.0,1.8125725553531908e-09,4.951765792811205e-12
882,52980.0,52980,1.3477808970776894,1.3477808970826295,26.98747032716451,0.0,1.3477810563209918,1.5923836076888682e-07,0.0,1.812570779004303e-09,4.938638422401687e-12
883,53040.0,53040,1.3503593440745747,1.350359344079499,27.006563889475306,0.0,1.3503595033167521,1.592372514538705e-07,0.0,1.8125688044239988e-09,4.922906537849388e-12
884,53100.0,53100,1.3529668869971883,1.352966887002094,27.025693979785224,0.0,1.3529670462383128,1.5923621731973175e-07,0.0,1.8125665890477445e-09,4.904337091339346e-12
885,53160.0,53160,1.3556035449190198,1.355603544923904,27.044861010286546,0.0,1.3556037041591635,1.5923525797858372e-07,0.0,1.8125640864391525e-09,4.882856680333192e-12
886,53220.0,53220,1.3582692892942714,1.3582692892991317,27.064065393441773,0.0,1.3582694485335058,1.592343727364545e-07,0.0,1.8125612489506688e-09,4.858668644127148e-12
887,53280.0,53280,1.3609640367935267,1.3609640367983606,27.083307541308965,0.0,1.3609641960319228,1.5923356064987039e-07,0.0,1.8125580323353229e-09,4.832417532224229e-12
888,53340.0,53340,1.3636876405894036,1.3636876405942107,27.102587864765752,0.0,1.3636877998270327,1.5923282065601782e-07,0.0,1.8125544030997258e-09,4.805411099632526e-12
889,53400.0,53400,1.3664398796187183,1.3664398796234998,27.121906772609645,0.0,1.366440038855653,1.5923215181577772e-07,0.0,1.8125503495563584e-09,4.779904675840502e-12
890,53460.0,53460,1.369220445316495,1.369220445321256,27.141264670506445,0.0,1.3692206045528115,1.5923155372438493e-07,0.0,1.8125458976139616e-09,4.759437133753687e-12
891,53520.0,53520,1.3720289253672138,1.3720289253719644,27.160661959750637,0.0,1.3720290846029932,1.5923102716051822e-07,0.0,1.812541132166248e-09,4.749173100934195e-12
892,53580.0,53580,1.374864784373485,1.3748647843782427,27.18009903579555,0.0,1.3748649436088192,1.592305750526905e-07,0.0,1.8125362241809781e-09,4.756143102409187e-12
893,53640.0,53640,1.3777273422688499,1.3777273422736407,27.19957628650973,0.0,1.377727501503846,1.5923020382133563e-07,0.0,1.8125314617870532e-09,4.789178409275274e-12
894,53700.0,53700,1.3806157532155419,1.3806157532204018,27.219094090127417,0.0,1.3806159124503286,1.5922992505822756e-07,0.0,1.812527280268542e-09,4.858234097863685e-12
895,53760.0,53760,1.3835289908206378,1.383528990825612,27.238652812900174,0.0,1.383529150055371,1.5922975726163076e-07,0.0,1.8125242807683212e-09,4.972768490906571e-12
896,53820.0,53820,1.3864658488242452,1.3864658488293857,27.25825280653903,0.0,1.3864660080591142,1.5922972689431506e-07,0.0,1.8125232219742948e-09,5.139065286362865e-12
897,53880.0,53880,1.3894249656655224,1.389424965670881,27.277894405666252,0.0,1.38942512490075,1.592298674863742e-07,0.0,1.8125249671761368e-09,5.35705270503973e-12
898,53940.0,53940,1.392404864955188,1.3924048649608076,27.29757792561541,0.0,1.3924050241910246,1.592302155362669e-07,0.0,1.8125303783308798e-09,5.618338883268246e-12
899,54000.0,54000,1.39540395175988,1.3954039517657895,27.317303660804505,0.0,1.3954041109965953,1.5923080417699268e-07,0.0,1.8125401774403308e-09,5.90822447425696e-12
900,54060.0,54060,1.3984203048151125,1.3984203048213255,27.33707188305665,0.0,1.3984204640529887,1.592316614805773e-07,0.0,1.812554841540489e-09,6.21193757580443e-12
901,54120.0,54120,1.4014510692264244,1.4014510692329343,27.3568828369771,0.0,1.4014512284657616,1.5923282594857357e-07,0.0,1.8125746016320676e-09,6.5082806915818005e-12
902,54180.0,54180,1.404491842595365,1.4044918426020214,27.376736726726705,0.0,1.404492001836404,1.592343812382818e-07,0.0,1.8125993354427463e-09,6.6551754638888404e-12
903,54240.0,54240,1.4075380398520296,1.407538039857383,27.396633694099027,0.0,1.4075381990938578,1.5923647314996113e-07,0.0,1.8126265505530448e-09,5.352031601701274e-12
904,54300.0,54300,1.4105883729409165,1.4105883729314126,27.41657381593247,0.0,1.4105885321706573,1.5923924312455786e-07,0.0,1.8126320688081151e-09,-9.50536765835288e-12
905,54360.0,54360,1.4136455102798062,1.4136455101314467,27.436557150817784,0.0,1.413645669374565,1.5924311674449634e-07,0.0,1.8123899600692441e-09,-1.4836097646246224e-10
906,54420.0,54420,1.416686116337273,1.4166861148688925,27.456583795146752,0.0,1.4166862741256172,1.5925672306850682e-07,0.0,1.8098335238414476e-09,-1.4683819768114083e-09
907,54480.0,54480,1.4190273829484614,1.4190273684136434,27.476653514709472,0.0,1.419027527786954,1.5937330896384886e-07,0.0,1.7852768244997758e-09,-1.4534819441539021e-08
908,54540.0,54540,300.0000001310709,1.4547536984759399e-07,27.496756402030442,300.0,8.27362556895294e-07,6.818871879068196e-07,0.0,1.5429532257876537e-09,1.4404379303558916e-08
909,54600.0,54600,300.00000013328065,1.348354848923566e-07,27.496756402386843,300.0,8.195231217821042e-07,6.846876378261327e-07,0.0,1.7830735892523013e-09,1.5547532308831453e-09
910,54660.0,54660,300.00000013320175,1.3337497440542748e-07,27.496756402585515,300.0,8.183617619175317e-07,6.849867884480451e-07,0.0,1.8090424373198131e-09,1.7315849548586618e-10
911,54720.0,54720,300.00000013289923,1.3291761989709727e-07,27.496756402762735,300.0,8.179354354090098e-07,6.850178164461698e-07,0.0,1.811985809609947e-09,1.8383557489501693e-11
912,54780.0,54780,300.000000132575,1.325766966320731e-07,27.496756402933404,300.0,8.176427217840514e-07,6.850660261096083e-07,0.0,1.8123498669318702e-09,1.6771386520859085e-12
913,54840.0,54840,300.0000001322544,1.3225582592857595e-07,27.49675640309913,300.0,8.174349506506852e-07,6.851791256731894e-07,0.0,1.8124355515865994e-09,1.3712460955804758e-12
914,54900.0,54900,300.0000001319444,1.3194821114648755e-07,27.496756403260022,300.0,8.17323258841559e-07,6.853750486470698e-07,0.0,1.8125161092660022e-09,3.788858476146927e-12
915,54960.0,54960,300.0000001316454,1.316564006576547e-07,27.49675640341608,300.0,8.173308345402804e-07,6.856744348295342e-07,0.0,1.8126368663926374e-09,1.1005960255709432e-11
916,55020.0,55020,300.00000013135474,1.3139789383630022e-07,27.49675640356723,300.0,8.175234797965862e-07,6.861255868908713e-07,0.0,1.8128777324172034e-09,4.313715760278889e-11
917,55080.0,55080,300.00000013107046,1.3132795173843337e-07,27.4967564037136,300.0,8.181683148645593e-07,6.8684036406091e-07,0.0,1.8136537835943276e-09,2.5746079670300646e-10
918,55140.0,55140,300.00000013050925,1.3262697546435725e-07,27.49675640385721,300.0,8.201615254784501e-07,6.875345509311612e-07,0.0,1.8180012635288817e-09,2.1176384908444e-09
919,55200.0,55200,300.00000012597354,1.4495964528954895e-07,27.496756404017468,300.0,8.280187846919079e-07,6.830591402358263e-07,0.0,1.8533500861794808e-09,1.898610351868312e-08
920,55260.0,55260,30.7644268012543,0.7644267835406554,27.496756404363637,30.0,0.7644269500274328,1.664867772204649e-07,0.0,2.169830859267149e-09,-1.7713643086893964e-08
921,55320.0,55320,1.4716696788235526,1.4716696755332719,27.507585783381124,0.0,1.4716698349016324,1.593683590918112e-07,0.0,1.8746008674616355e-09,-3.290282482470746e-09
922,55380.0,55380,1.4761766273846766,1.4761766270153112,27.52843443671964,0.0,1.47617678634772,1.5933240707578688e-07,0.0,1.8196875963908226e-09,-3.6936667372436777e-10
923,55440.0,55440,1.4805309386655239,1.4805309386178076,27.549346938537578,0.0,1.4805310979566846,1.5933887533509213e-07,0.0,1.8134497031142973e-09,-4.771766868399681e-11
924,55500.0,55500,1.4850216421497175,1.485021642141883,27.570321126436518,0.0,1.4850218014890293,1.5934714490431286e-07,0.0,1.8125720850956144e-09,-7.835971139656203e-12
925,55560.0,55560,1.4896249686708076,1.4896249686713159,27.591358932635387,0.0,1.4896251280264554,1.5935513792587642e-07,0.0,1.8123591335671196e-09,5.067415522973392e-13
926,55620.0,55620,1.4943057345145045,1.49430573451964,27.612461952626717,0.0,1.494305893881744,1.5936210245453106e-07,0.0,1.8122852326323145e-09,5.133901490378683e-12
927,55680.0,55680,1.4990402349775391,1.499040234985406,27.633631283467558,0.0,1.4990403943536204,1.593682127935808e-07,0.0,1.8122884293869438e-09,7.865424996360055e-12
928,55740.0,55740,1.5038172905532072,1.503817290562401,27.65486768639831,0.0,1.5038174499364216,1.5937401901232033e-07,0.0,1.8123371641223869e-09,9.192343789343822e-12
929,55800.0,55800,1.5086338463354334,1.5086338463449929,27.676171764283062,0.0,1.508634005725048,1.5938005367069964e-07,0.0,1.8124080658091128e-09,9.558048861885642e-12
930,55860.0,55860,1.5134898877790577,1.5134898877884053,27.697544076708045,0.0,1.5134900471750992,1.593866922115359e-07,0.0,1.8124851365957765e-09,9.34607410486648e-12
931,55920.0,55920,1.5183857424408205,1.518385742449665,27.718985183053466,0.0,1.5183859018438188,1.5939415252587212e-07,0.0,1.8125587570786368e-09,8.84288362998408e-12
932,55980.0,55980,1.5233210917094242,1.5233210917176514,27.740495647339905,0.0,1.5233212511201735,1.5940252037254562e-07,0.0,1.8126240747299213e-09,8.225804727596217e-12
933,56040.0,56040,1.5282948331948223,1.5282948332024127,27.762076029074276,0.0,1.5282949926142004,1.5941178617370164e-07,0.0,1.8126791899723284e-09,7.588846146127025e-12
934,56100.0,56100,1.5333052522341046,1.5333052522410826,27.78372687214633,0.0,1.5333054116629687,1.5942188481215807e-07,0.0,1.8127237703233988e-09,6.976813094506068e-12
935,56160.0,56160,1.5383502485673826,1.5383502485737939,27.80544869615475,0.0,1.5383504080065245,1.5943272879717443e-07,0.0,1.812758231299684e-09,6.410063512489303e-12
936,56220.0,56220,1.5434275314363557,1.5434275314422552,27.827241990944504,0.0,1.5434276908864872,1.594442304541011e-07,0.0,1.8127833289104393e-09,5.8981083335189445e-12
937,56280.0,56280,1.5485347745812112,1.5485347745866582,27.8491072139082,0.0,1.5485349340429737,1.5945631392846333e-07,0.0,1.8127999784506019e-09,5.4458302163831406e-12
938,56340.0,56340,1.5536697549976577,1.553669755002715,27.871044789483093,0.0,1.5536699144716364,1.594689199702668e-07,0.0,1.8128091769254215e-09,5.055888239238401e-12
939,56400.0,56400,1.5588305099833721,1.558830509988103,27.89305511061384,0.0,1.558830669470111,1.5948200649296393e-07,0.0,1.8128119656778326e-09,4.729457722948804e-12
940,56460.0,56460,1.5640155482122229,1.5640155482166909,27.915138542440182,0.0,1.5640157077122394,1.5949554713212892e-07,0.0,1.812809405489054e-09,4.466393819797882e-12
941,56520.0,56520,1.5692241498093604,1.569224149813627,27.937295428974718,0.0,1.5692243093231577,1.595095292214038e-07,0.0,1.8128025545179984e-09,4.265313645117047e-12
942,56580.0,56580,1.5744567923510653,1.5744567923551904,27.959526104031852,0.0,1.574456951879144,1.595239520009899e-07,0.0,1.812792447681669e-09,4.123780205877361e-12
943,56640.0,56640,1.5797157468360965,1.5797157468401366,27.981830908191622,0.0,1.5797159063789636,1.5953882548992895e-07,0.0,1.8127800791383232e-09,4.038607317315665e-12
944,56700.0,56700,1.5850059012650413,1.585005901269049,28.00421021420656,0.0,1.585006060823221,1.5955417023501957e-07,0.0,1.8127663898671635e-09,4.006221818106194e-12
945,56760.0,56760,1.5903358908528942,1.5903358908569185,28.02666446407585,0.0,1.590336050426938,1.595700180468531e-07,0.0,1.8127522612860856e-09,4.022984368164535e-12
946,56820.0,56820,1.5957196454602054,1.5957196454642923,28.049194222130954,0.0,1.5957198050507075,1.5958641380786726e-07,0.0,1.8127385142129136e-09,4.0853638125727814e-12
947,56880.0,56880,1.6011785108420962,1.6011785108462875,28.071800250042948,0.0,1.6011786704497077,1.5960341846613672e-07,0.0,1.8127259107299914e-09,4.189879027208112e-12
948,56940.0,56940,1.6067441677986278,1.606744167802962,28.094483611881135,0.0,1.606744327424077,1.596211134083651e-07,0.0,1.8127151550825515e-09,4.33276868846894e-12
949,57000.0,57000,1.6124626738620895,1.6124626738666001,28.11724582052616,0.0,1.6124628335062081,1.5963960655383211e-07,0.0,1.8127068890860976e-09,4.509436081140613e-12
950,57060.0,57060,1.6184001047494299,1.6184001047541452,28.140089041340385,0.0,1.6184002644131874,1.596590407941994e-07,0.0,1.8127016783042636e-09,4.713840511867765e-12
951,57120.0,57120,1.6246505096581505,1.62465050966309,28.163016375758794,0.0,1.6246506693426974,1.5967960593914466e-07,0.0,1.8126999881220127e-09,4.9381111834247575e-12
952,57180.0,57180,1.6313472723814546,1.6313472723866287,28.186032257580038,0.0,1.6313474320881864,1.5970155629469927e-07,0.0,1.812702153441065e-09,5.172569565080952e-12
953,57240.0,57240,1.6386795922887665,1.6386795922941733,28.209143010206457,0.0,1.6386797520194123,1.5972523754218142e-07,0.0,1.8127083488199606e-09,5.40571329834629e-12
954,57300.0,57300,1.6469168590608938,1.6469168590665173,28.23235763736486,0.0,1.6469170188176474,1.5975112861193384e-07,0.0,1.812718558435907e-09,5.6220652319104896e-12
955,57360.0,57360,1.6564455607302384,1.656445560736032,28.25568895913581,0.0,1.6564457205159397,1.5977990623667185e-07,0.0,1.812732510298289e-09,5.792314303739565e-12
956,57420.0,57420,1.6678267430809657,1.6678267430868052,28.279155270846985,0.0,1.667826902899348,1.5981254131854088e-07,0.0,1.8127494462643064e-09,5.8379816029631805e-12
957,57480.0,57480,1.6818883184608573,1.6818883184663191,28.302782815974727,0.0,1.6818884783167602,1.598504398713473e-07,0.0,1.8127673033715052e-09,5.460472814775656e-12
958,57540.0,57540,1.6998785333212671,1.6998785333241515,28.326609566753586,0.0,1.6998786932198267,1.5989567358102947e-07,0.0,1.812779046839406e-09,2.8831726787501033e-12
959,57600.0,57600,1.7237297630238646,1.7237297630075654,28.350691178909475,0.0,1.7237299229591865,1.5995161965122325e-07,0.0,1.8127480423776894e-09,-1.6300561258302344e-11
960,57660.0,57660,1.756512707208598,1.756512707025318,28.375110683485744,0.0,1.7565128670519319,1.6002661253304e-07,0.0,1.8123975976345696e-09,-1.8328175316054698e-10
961,57720.0,57720,1.8030525637801413,1.803052562040058,28.39999461310206,0.0,1.8030527222038333,1.6016377375571443e-07,0.0,1.8092649787409702e-09,-1.740084671622162e-09
962,57780.0,57780,150.9261265554727,0.9261265572000381,28.42553785733076,150.0,0.9261267289680946,1.71768056526434e-07,0.0,1.7801921848041407e-09,1.7273211465347129e-09
963,57840.0,57840,150.97082864715514,0.9708286473406854,28.43865798312854,150.0,0.9708288193731853,1.720324998080828e-07,0.0,1.8089798121583666e-09,1.8553641857272603e-10
964,57900.0,57900,151.03016524347456,1.0301652434996154,28.45241138853599,150.0,1.0301654158047295,1.723051139443642e-07,0.0,1.8120770910855104e-09,2.50504127765905e-11
965,57960.0,57960,151.11150313043694,1.1115031304429388,28.46700539572167,150.0,1.111503303075033,1.7263209433120508e-07,0.0,1.812499972034452e-09,5.99762166647473e-12
966,58020.0,58020,151.2280018085709,1.2280018085736086,28.482751689638235,150.0,1.2280019816095276,1.7303591910819246e-07,0.0,1.812605120429236e-09,2.694017983298245e-12
967,58080.0,58080,151.4051650337513,1.4051650337525978,28.50014838149398,150.0,1.4051652072964715,1.7354387369628157e-07,0.0,1.812654894110861e-09,1.3014165372857693e-12
968,58140.0,58140,151.698487285054,1.6984872850494979,28.52005488570514,150.0,1.6984874592439847,1.7419448696732366e-07,0.0,1.8126810005929993e-09,-4.5140970013125795e-12
969,58200.0,58200,152.25038980374626,2.250389803681839,28.544116788474714,150.0,2.2503899787257824,1.7504394317081602e-07,0.0,1.812609487061326e-09,-6.444439713592332e-11
970,58260.0,58260,153.53991834172714,3.539918341029878,28.57599731025612,150.0,3.5399185171989926,1.761691149019049e-07,0.0,1.8115380208588358e-09,-6.972596639887124e-10
971,58320.0,58320,158.58700018306263,8.587000175662626,28.62614615298047,150.0,8.58700035323488,1.775722553772309e-07,0.0,1.7999177640806816e-09,-7.400002979393669e-09
972,58380.0,58380,226.6269029061276,76.6269028228053,28.74779532169194,150.0,76.62690300233807,1.7953276193305185e-07,0.0,1.6765819989622401e-09,-8.332231560232276e-08
973,58440.0,58440,300.00000077356276,-149.9999991848355,29.83334311123301,450.0,2.460625862764246e-08,149.99999920944174,0.0,2.8786794614135917e-10,4.160169800906716e-08
974,58500.0,58500,300.00000077714975,-149.99999919356966,27.333343124758017,450.0,2.09469999077175e-08,149.99999921451663,0.0,9.806939072663084e-10,2.928057466697585e-08
975,58560.0,58560,300.0000007779822,-149.99999919554878,24.833343138146603,450.0,2.0100959701409335e-08,149.99999921564975,0.0,1.4681153218987765e-09,2.646896328390079e-08
976,58620.0,58620,300.00000077781436,-149.99999919513985,22.333343151504298,450.0,2.0276038810283508e-08,149.9999992154159,0.0,1.9086892555685014e-09,2.7045735199813826e-08
977,58680.0,58680,300.0000007769795,-149.99999919313052,19.83334316486842,450.0,2.1133117597151616e-08,149.99999921426362,0.0,2.3589089199164695e-09,2.9889911736503115e-08
978,58740.0,58740,300.0000007755031,-149.99999918954063,17.333343178263853,450.0,2.264833170033802e-08,149.99999921218895,0.0,2.8565730006028417e-09,3.495629278128778e-08
979,58800.0,58800,300.0000007732483,-149.9999991839533,14.833343191715352,450.0,2.4965675185169425e-08,149.99999920891898,0.0,3.438721648741001e-09,4.279838880028827e-08
980,58860.0,58860,300.00000076989306,-149.9999991753846,12.333343205254153,450.0,2.842346229285486e-08,149.99999920380804,0.0,4.151616908478808e-09,5.472233138194569e-08
981,58920.0,58920,300.0000007647831,-149.99999916168736,9.833343218927146,450.0,3.371285558660162e-08,149.99999919540016,0.0,5.0632872068331795e-09,7.352951672775033e-08
982,58980.0,58980,300.00000075651315,-149.99999913758305,7.3333432328152215,450.0,4.2332557456194185e-08,149.9999991799156,0.0,6.288449063353619e-09,1.0590376005625658e-07
983,59040.0,59040,300.00000074163034,-149.99999908614055,4.833343247083454,450.0,5.801896733305157e-08,149.9999991441595,0.0,8.053214753346769e-09,1.7222905915112672e-07
984,59100.0,59100,300.000000655442,-139.99999952026852,2.333343262169826,440.00000000000017,1.4632712387197352e-07,139.9999996665956,0.0,1.0923429491857892e-08,-1.7571038908308118e-07
985,59160.0,59160,237.14789012124066,87.14788978371203,9.936466670555097e-06,150.0,87.14788998152434,1.978123051539093e-07,0.0,7.994675830864965e-09,-3.375286430432879e-07
986,59220.0,59220,187.79040930432836,37.79040927443483,1.2346050412413052,150.0,37.79040946922323,1.9478839907295667e-07,0.0,2.3691324495500402e-09,-2.9893539519135493e-08
987,59280.0,59280,164.74894092235792,14.748940920140056,1.7699691721421185,150.0,14.74894111367828,1.9353822321510088e-07,0.0,1.8709457664707955e-09,-2.2178764936334827e-09
988,59340.0,59340,59.23257543466937,9.232575439068478,1.978912501360223,49.99999999999972,9.232575627966154,1.8889767686240796e-07,0.0,1.8340198258518324e-09,4.398835563064954e-09
989,59400.0,59400,4.939321845691155,4.939321840285086,2.109707319608091,0.0,4.939322007805341,1.6752025549146064e-07,0.0,1.907359076747902e-09,-5.406068962162963e-09
990,59460.0,59460,3.9014278840650087,3.901427883640919,2.17968104525997,0.0,3.901428051780979,1.6814006009035356e-07,0.0,1.81726389364711e-09,-4.2408934385803395e-10
991,59520.0,59520,3.480905597720565,3.4809055977429586,2.2349512731911823,0.0,3.480905766178368,1.6843541002154253e-07,0.0,1.8102002928556232e-09,2.2393621717302434e-11
992,59580.0,59580,3.332772044340103,3.332772044366212,2.2842641020714343,0.0,3.3327722128897306,1.6852351858235985e-07,0.0,1.8105775769977444e-09,2.6108919239398074e-11
993,59640.0,59640,3.3031578240355524,3.303157824037515,2.3314783722786276,0.0,3.303157992575989,1.6853847461652208e-07,0.0,1.8110157574584327e-09,1.962182424986886e-12
994,59700.0,59700,3.3217703543450217,3.321770354347434,2.3782731076978005,0.0,3.3217705228750956,1.685276621582053e-07,0.0,1.8110510088985677e-09,2.4119832906686465e-12
995,59760.0,59760,3.356496575940752,3.3564965759460947,2.4253315206297223,0.0,3.3564967444538305,1.6850773594262001e-07,0.0,1.8110926515359197e-09,5.343063272695692e-12
996,59820.0,59820,3.3927107176326015,3.3927107176405156,2.4728818883676795,0.0,3.3927108861248,1.6848428463875105e-07,0.0,1.8111822190863218e-09,7.914288875480098e-12
997,59880.0,59880,3.4242176570083873,3.4242176570176888,2.520945289779702,0.0,3.4242178254763345,1.6845864557061663e-07,0.0,1.8113138428573376e-09,9.300980580757845e-12
998,59940.0,59940,3.4488535221862198,3.448853522195767,2.569455039499632,0.0,3.4488536906265828,1.6843081626337526e-07,0.0,1.8114678595006815e-09,9.547266017980413e-12
999,60000.0,60000,3.4663369810132494,3.4663369810222853,2.6183137973096593,0.0,3.466337149423056,1.684007711561593e-07,0.0,1.8116253277441756e-09,9.035819717384767e-12
1000,60060.0,60060,3.477205769324065,3.47720576933222,2.6674202374531393,0.0,3.477205937700901,1.6836868141853356e-07,0.0,1.8117736665516495e-09,8.154851964630029e-12
1001,60120.0,60120,3.4822943967145212,3.4822943967216875,2.716680652097755,0.0,3.482294565056514,1.683348261973274e-07,0.0,1.8119067498336945e-09,7.166362126914954e-12
1002,60180.0,60180,3.482486407648975,3.482486407655179,2.7660131556304752,0.0,3.482486575954665,1.6829948623921161e-07,0.0,1.8120228089182856e-09,6.2035819871228255e-12
1003,60240.0,60240,3.478605179358084,3.4786051793634,2.815348379318177,0.0,3.478605347626293,1.682628928158767e-07,0.0,1.8121222915815003e-09,5.31599784620256e-12
1004,60300.0,60300,3.471373426695825,3.4713734267003375,2.864628618938505,0.0,3.4713735949255593,1.6822522183694158e-07,0.0,1.8122064692683119e-09,4.512500160893644e-12
1005,60360.0,60360,3.461405599855225,3.461405599859013,2.913806408729534,0.0,3.461405768045621,1.6818660747614139e-07,0.0,1.8122767616268648e-09,3.787745010579098e-12
1006,60420.0,60420,3.4492149199766033,3.4492149199797377,2.9628429876404083,0.0,3.4492150881268957,1.681471582673208e-07,0.0,1.8123344993326583e-09,3.134253657615586e-12
1007,60480.0,60480,3.4352259070140767,3.4352259070166236,3.011706865253096,0.0,3.4352260751235923,1.6810696910641437e-07,0.0,1.81238088814626e-09,2.5464688982986457e-12
1008,60540.0,60540,3.4197879931217616,3.419787993123783,3.060372565182239,0.0,3.4197881611899117,1.6806612840848906e-07,0.0,1.8124170405221287e-09,2.0212758238410687e-12
1009,60600.0,60600,3.403188262076728,3.403188262078286,3.10881956133134,0.0,3.403188430103007,1.6802472161245595e-07,0.0,1.8124440160013604e-09,1.5572918108408338e-12
1010,60660.0,60660,3.3856625862370553,3.3856625862382095,3.1570313946240662,0.0,3.385662754221042,1.6798283239023385e-07,0.0,1.8124628499124879e-09,1.1539008369446078e-12
1011,60720.0,60720,3.367405019952436,3.3674050199532464,3.2049949475091633,0.0,3.367405187893789,1.6794054258437675e-07,0.0,1.8124745661004375e-09,8.104049543008619e-13
1012,60780.0,60780,3.3485755639480743,3.3485755639486,3.2526998515386634,0.0,3.3485757318465317,1.6789793154747763e-07,0.0,1.8124801756002647e-09,5.254233462461169e-13
1013,60840.0,60840,3.329306507594851,3.3293065075951476,3.300138004941536,0.0,3.3293066754502223,1.6785507529604212e-07,0.0,1.8124806653495364e-09,2.965635502482143e-13
1014,60900.0,60900,3.3097075729358787,3.309707572935999,3.347303180046178,0.0,3.309707740748045,1.6781204571515672e-07,0.0,1.8124769814459726e-09,1.20336449131601e-13
1015,60960.0,60960,3.2898700696458754,3.289870069645868,3.3941907035765926,0.0,3.2898702374147777,1.6776890993506435e-07,0.0,1.812470010995428e-09,-7.740159538927433e-15
1016,61020.0,61020,3.269870243945293,3.2698702439452,3.4407971958105046,0.0,3.2698704116709303,1.6772572992772554e-07,0.0,1.8124605656810425e-09,-9.291328210771004e-14
1017,61080.0,61080,3.24977197625013,3.2497719762499897,3.487120357180433,0.0,3.2497721439325518,1.6768256232660392e-07,0.0,1.8124493691235438e-09,-1.4090156639148336e-13
1018,61140.0,61140,3.2296289556683937,3.2296289556682365,3.533158793091454,0.0,3.229629123307695,1.6763945844650045e-07,0.0,1.812437049114257e-09,-1.575861720321074e-13
1019,61200.0,61200,3.2094864358027935,3.209486435802645,3.5789118695443425,0.0,3.20948660339911,1.6759646446811096e-07,0.0,1.8124241349820607e-09,-1.4872046738869781e-13
1020,61260.0,61260,3.1893826562024103,3.189382656202291,3.6243795936325776,0.0,3.189382823755912,1.6755362174654206e-07,0.0,1.8124110597854286e-09,-1.196805898553605e-13
1021,61320.0,61320,3.1693499969504204,3.169349996950346,3.6695625141765817,0.0,3.1693501644613127,1.675109672050052e-07,0.0,1.8123981666480472e-09,-7.526766165045974e-14
1022,61380.0,61380,3.1494159200723035,3.149415920072284,3.7144616387146248,0.0,3.149416087540818,1.674685337791066e-07,0.0,1.8123857183792363e-09,-1.9565381094573947e-14
1023,61440.0,61440,3.1296037403422576,3.129603740342302,3.759078363830336,0.0,3.129603907768653,1.67426350883907e-07,0.0,1.8123739094600803e-09,4.4148951150336453e-14
1024,61500.0,61500,3.109933259120284,3.109933259120398,3.8034144163999777,0.0,3.1099334265048424,1.6738444488259272e-07,0.0,1.8123628795046614e-09,1.1344298526353614e-13
1025,61560.0,61560,3.090421287834088,3.0904212878342756,3.8474718038190816,0.0,3.090421455177115,1.6734283954214607e-07,0.0,1.8123527273592433e-09,1.8672202723003626e-13
1026,61620.0,61620,3.071082082165208,3.0710820821654714,3.8912527716450707,0.0,3.071082249467028,1.6730155646706236e-07,0.0,1.8123435250767655e-09,2.631783467125417e-13
1027,61680.0,61680,3.051927703657143,3.0519277036574857,3.9347597673908554,0.0,3.0519278709181012,1.6726061550497032e-07,0.0,1.8123353310440856e-09,3.4269731147241576e-13
1028,61740.0,61740,3.0329683220146055,3.0329683220150314,3.9779954094412133,0.0,3.0329684892350666,1.6722003512080999e-07,0.0,1.8123282015442692e-09,4.2571624807307593e-13
1029,61800.0,61800,3.0142124686553498,3.0142124686558627,4.020962460251739,0.0,3.0142126358356958,1.6717983273512565e-07,0.0,1.8123221999666558e-09,5.130257810221011e-13
1030,61860.0,61860,2.995667249798985,2.995667249799591,4.063663803139776,0.0,2.9956674169396162,1.671400250199112e-07,0.0,1.8123174027079437e-09,6.054950110590838e-13
1031,61920.0,61920,2.9773385255091007,2.977338525509805,4.106102422094118,0.0,2.977338692610433,1.6710062813956772e-07,0.0,1.812313900494867e-09,7.036922593032084e-13
1032,61980.0,61980,2.9592310593309126,2.9592310593317204,4.14828138412112,0.0,2.959231226393378,1.670616579140748e-07,0.0,1.8123117933899192e-09,8.073634592437444e-13
1033,62040.0,62040,2.9413486413431866,2.9413486413441015,4.1902038237106956,0.0,2.9413488083672314,1.670231298652619e-07,0.0,1.8123111771095855e-09,9.147293180238595e-13
1034,62100.0,62100,2.9236941849214557,2.9236941849224776,4.2318729290455455,0.0,2.923694351907537,1.6698505908464478e-07,0.0,1.8123121176355237e-09,1.0215772296019062e-12
1035,62160.0,62160,2.906269793282874,2.9062697932839945,4.273291929581186,0.0,2.906269960231455,1.6694745984887277e-07,0.0,1.8123146107024738e-09,1.1201627346401027e-12
1036,62220.0,62220,2.889076783569831,2.889076783571029,4.314464084568708,0.0,2.8890769504813743,1.66910344952395e-07,0.0,1.8123185229922519e-09,1.197961490927125e-12
1037,62280.0,62280,2.8721156403129386,2.872115640314175,4.3553926719187235,0.0,2.8721158071879,1.6687372495329484e-07,0.0,1.8123235125495718e-09,1.236171490228373e-12
1038,62340.0,62340,2.8553858428935595,2.855385842894767,4.396080976406026,0.0,2.855386009732375,1.668376081526781e-07,0.0,1.812328924267214e-09,1.2071002970828223e-12
1039,62400.0,62400,2.8388854776368913,2.8388854776379584,4.436532275429976,0.0,2.8388856444399617,1.6680200335914443e-07,0.0,1.8123336418673298e-09,1.0668937797277795e-12
1040,62460.0,62460,2.822610543040025,2.8226105430407546,4.476749819279546,0.0,2.8226107098076842,1.6676692899738863e-07,0.0,1.8123358187422969e-09,7.29442146781764e-13
1041,62520.0,62520,2.806554018309378,2.8065540183093156,4.516736801555744,0.0,2.8065541850417484,1.6673243203253244e-07,0.0,1.812332173904889e-09,-6.226630038311768e-14
1042,62580.0,62580,2.7907053132615443,2.7907053132588544,4.556496316398332,0.0,2.7907054799574715,1.666986166350892e-07,0.0,1.8123151436209125e-09,-2.6902571208320678e-12
1043,62640.0,62640,2.7750509043496554,2.7750509043312057,4.596031307919458,0.0,2.7750510709969136,1.666657077205007e-07,0.0,1.8122541303911888e-09,-1.8449843214718737e-11
1044,62700.0,62700,2.7595670952328426,2.7595670950792983,4.635344528647525,0.0,2.759567261713937,1.666346379577865e-07,0.0,1.8119302819275204e-09,-1.535445818706108e-10
1045,62760.0,62760,2.7441045747952035,2.74410457335825,4.6744383954112685,0.0,2.744104739971948,1.6661369803694676e-07,0.0,1.8093547291916187e-09,-1.4369542141386214e-09
1046,62820.0,62820,2.727205964582699,2.727205950477323,4.713313209784016,0.0,2.7272061171664514,1.6668912832817228e-07,0.0,1.7853895326425283e-09,-1.4105376695447083e-08
1047,62880.0,62880,300.00000003468494,4.868977409716087e-08,4.751948626999097,300.0,7.997880781714522e-07,7.510983062625354e-07,0.0,1.5502926065140006e-09,1.4004813078929361e-08
1048,62940.0,62940,300.0000000401462,4.1641522173541516e-08,4.751948625811163,300.0,7.933187208890904e-07,7.516772010307003e-07,0.0,1.7838306427730107e-09,1.4952742972330937e-09
1049,63000.0,63000,300.00000004134597,4.150986431598863e-08,4.751948624521934,300.0,7.924967285216011e-07,7.509868665312948e-07,0.0,1.808888926819029e-09,1.6387476088910765e-10
1050,63060.0,63060,300.0000000420668,4.208306687079721e-08,4.751948623232566,300.0,7.924453294198208e-07,7.503622648855475e-07,0.0,1.8117587963819951e-09,1.618595447058307e-11
1051,63120.0,63120,300.00000004271124,4.2709829728921765e-08,4.75194862195288,300.0,7.925782087714621e-07,7.49868381359746e-07,0.0,1.8121673581559855e-09,-1.4378352637432336e-12
1052,63180.0,63180,300.00000004332816,4.3325068607665924e-08,4.751948620683308,300.0,7.928041236828322e-07,7.494790573491092e-07,0.0,1.812282109770153e-09,-3.1293225858019793e-12
1053,63240.0,63240,300.00000004392405,4.392408470317959e-08,4.751948619423427,300.0,7.931109908738588e-07,7.491869085288353e-07,0.0,1.8123684980208394e-09,3.4092520075334074e-14
1054,63300.0,63300,300.00000004448856,4.4508382832614144e-08,4.751948618172762,300.0,7.935294771835155e-07,7.490210966678129e-07,0.0,1.8125073673984552e-09,1.982343554170473e-11
1055,63360.0,63360,300.0000000449612,4.512892862802727e-08,4.75194861693079,300.0,7.942164577792078e-07,7.490875314884143e-07,0.0,1.8129757074867184e-09,1.676964333825338e-10
1056,63420.0,63420,300.0000000449481,4.6400836610143257e-08,4.751948615697443,300.0,7.959218892709858e-07,7.495210549238928e-07,0.0,1.8159079297583422e-09,1.4527262549310543e-09
1057,63480.0,63480,300.00000004099263,5.416462776100135e-08,4.751948614481032,300.0,8.036300460208281e-07,7.494654203992568e-07,0.0,1.8402551957852754e-09,1.3171941289026213e-08
1058,63540.0,63540,285.99466833733993,0.9946683309212084,4.751948613374747,285.0,0.9946687960397685,4.6511856062027925e-07,0.0,2.059909983403925e-09,-6.418728541239561e-09
1059,63600.0,63600,2.5418790236143254,2.5418790161802196,4.766039746900049,0.0,2.5418791825312947,1.6635107494899386e-07,0.0,1.9529646607139726e-09,-7.434106551539018e-09
1060,63660.0,63660,2.536040083393338,2.5360400825352603,4.8020496992134385,0.0,2.5360402486710103,1.661357502792033e-07,0.0,1.8290470639940434e-09,-8.580784413809556e-10
1061,63720.0,63720,2.523876937264355,2.523876937147942,4.83797693330073,0.0,2.5238771032381853,1.660902430346306e-07,0.0,1.81472651331485e-09,-1.1641371234922487e-10
1062,63780.0,63780,2.511252179119896,2.511252179095852,4.873731856161816,0.0,2.511252345157579,1.6606172604400403e-07,0.0,1.812766710859123e-09,-2.404443308931532e-11
1063,63840.0,63840,2.4989549736320256,2.4989549736235106,4.909307928283902,0.0,2.4989551396562604,1.6603274948083133e-07,0.0,1.8123462164809453e-09,-8.515448641771537e-12
1064,63900.0,63900,2.4869529694369024,2.4869529694336823,4.944709789995203,0.0,2.486953135437034,1.6600335122105316e-07,0.0,1.812184329783918e-09,-3.2206238506338807e-12
1065,63960.0,63960,2.4751560146557283,2.475156014656339,4.97994162331389,0.0,2.475156180629537,1.6597319785252193e-07,0.0,1.8121104750027146e-09,6.100439351515634e-13
1066,64020.0,64020,2.4635203889852515,2.463520388988363,5.015006333106639,0.0,2.463520554930724,1.65942360813228e-07,0.0,1.8121002311962735e-09,3.111274566533545e-12
1067,64080.0,64080,2.452027973028854,2.452027973033274,5.04990620486917,0.0,2.4520281389445313,1.6591125700901877e-07,0.0,1.812131462249225e-09,4.419815557909761e-12
1068,64140.0,64140,2.4406740762141528,2.4406740762190027,5.084643267405748,0.0,2.440674242099351,1.658803482456879e-07,0.0,1.8121843201353374e-09,4.849517255888373e-12
1069,64200.0,64200,2.429459129071097,2.4294591290757914,5.119219483070869,0.0,2.429459294925759,1.6584996681843211e-07,0.0,1.8122441774311004e-09,4.6942126179614175e-12
1070,64260.0,64260,2.418384235363825,2.418384235368007,5.153636820318204,0.0,2.4183844011883115,1.6582030431374103e-07,0.0,1.8123012942180115e-09,4.181980096571563e-12
1071,64320.0,64320,2.4074492353008194,2.407449235304279,5.187897263238086,0.0,2.4074494010957204,1.6579144117292092e-07,0.0,1.8123497261814856e-09,3.4586438265131727e-12
1072,64380.0,64380,2.3966521943669443,2.3966521943695387,5.222002793657138,0.0,2.396652360132919,1.657633803163307e-07,0.0,1.8123859571967393e-09,2.593982914734142e-12
1073,64440.0,64440,2.3859894476230847,2.3859894476246692,5.255955365996353,0.0,2.385989613360748,1.657360783420132e-07,0.0,1.812407634209656e-09,1.5845798135639243e-12
1074,64500.0,64500,2.3754554365580907,2.3754554365583433,5.289756882756751,0.0,2.375455602267821,1.6570947710559285e-07,0.0,1.8124123486618226e-09,2.5197223868026826e-13
1075,64560.0,64560,2.3650413037263704,2.3650413037236326,5.323409167693775,0.0,2.365041469407194,1.6568356127799961e-07,0.0,1.8123947203107973e-09,-2.738045087301306e-12
1076,64620.0,64620,2.354729480291414,2.354729480272621,5.356913919082374,0.0,2.354729645931184,1.6565856221909115e-07,0.0,1.812327137626285e-09,-1.8793413444579306e-11
1077,64680.0,64680,2.344472144378094,2.3444721442248344,5.390272586305479,0.0,2.3444723098608646,1.6563602996425126e-07,0.0,1.8119918716239534e-09,-1.5325992052175252e-10
1078,64740.0,64740,2.334103233382049,2.3341032319588906,5.4234859412679635,0.0,2.3341033975859116,1.6562702058421077e-07,0.0,1.8094154772446246e-09,-1.4231591006249031e-09
1079,64800.0,64800,2.3227852170769445,2.3227852029177654,5.456552403306704,0.0,2.32278536862805,1.6571028434479357e-07,0.0,1.7856744220422599e-09,-1.4159179379891046e-08
1080,64860.0,64860,300.0000000533321,6.738042297870403e-08,5.489458526600488,300.0,8.086393638226133e-07,7.412589429710963e-07,0.0,1.5496740634342992e-09,1.404830810782386e-08
1081,64920.0,64920,300.0000000579717,5.946409534436087e-08,5.489458525701955,300.0,8.024597945629585e-07,7.429957014194255e-07,0.0,1.783932373963646e-09,1.4923965565565064e-09
1082,64980.0,64980,300.00000005890456,5.906585290979909e-08,5.489458524686931,300.0,8.017498441584772e-07,7.426839934543671e-07,0.0,1.8089361268936666e-09,1.612476275157126e-10
1083,65040.0,65040,300.0000000594336,5.944967311503913e-08,5.489458523667045,300.0,8.016127223754692e-07,7.42163051420006e-07,0.0,1.8117555317765915e-09,1.605041239329779e-11
1084,65100.0,65100,300.00000005991114,5.991034758447763e-08,5.4894585226539006,300.0,8.016028806920261e-07,7.416925353317716e-07,0.0,1.8121552140767076e-09,-7.861802253438928e-13
1085,65160.0,65160,300.0000000603734,6.03706253222638e-08,5.489458521648458,300.0,8.01674921066041e-07,7.413042979366641e-07,0.0,1.8122743104165572e-09,-2.7894538788261952e-12
1086,65220.0,65220,300.0000000608241,6.082243632011091e-08,5.4894585206505075,300.0,8.01824468848848e-07,7.410020347377542e-07,0.0,1.8123599609313187e-09,-1.7134888778245287e-12
1087,65280.0,65280,300.0000000612615,6.126492385666297e-08,5.489458519659713,300.0,8.020692969809129e-07,7.408043752701122e-07,0.0,1.8124634201562872e-09,3.3733059345684973e-12
1088,65340.0,65340,300.0000000616735,6.170160233389031e-08,5.489458518675684,300.0,8.024764822079596e-07,7.407748820315264e-07,0.0,1.8126514574988143e-09,2.8079652611228733e-11
1089,65400.0,65400,300.00000006201316,6.221582777450656e-08,5.489458517697914,300.0,8.032762269389754e-07,7.410604013558274e-07,0.0,1.813250920297569e-09,2.026030049007763e-10
1090,65460.0,65460,300.0000000619194,6.365195679484568e-08,5.489458516726715,300.0,8.052837929998044e-07,7.416318382922674e-07,0.0,1.8167583927866177e-09,1.7325511838788785e-09
1091,65520.0,65520,300.00000005777844,7.353362139468334e-08,5.489458515774433,300.0,8.133957653611733e-07,7.398621460060657e-07,0.0,1.8457626965284794e-09,1.5755123724588843e-08
1092,65580.0,65580,146.1003134702587,1.1003134583420968,5.489458514966566,144.99999999999986,1.1003136422145128,1.838724162342561e-07,0.0,2.1084619912436648e-09,-1.1916758071392017e-08
1093,65640.0,65640,2.1947239100181344,2.1947239048466436,5.505046288500128,0.0,2.1947240701935895,1.6534694459434146e-07,0.0,1.909869901859921e-09,-5.1714906514933965e-09
1094,65700.0,65700,2.187388638313506,2.187388637734375,5.536138210072152,0.0,2.18738880297832,1.6524394526711357e-07,0.0,1.8236578493489349e-09,-5.791317876472918e-10
1095,65760.0,65760,2.1788492512938067,2.1788492512161897,5.567126215360343,0.0,2.1788494164342134,1.6521802325515229e-07,0.0,1.8139814003621732e-09,-7.761724093432053e-11
1096,65820.0,65820,2.1703933266758666,2.1703933266596356,5.597993246006257,0.0,2.1703934918564562,1.6519682057605657e-07,0.0,1.812663083536645e-09,-1.6231112013683054e-11
1097,65880.0,65880,2.162169029420697,2.1621690294154,5.628740484387673,0.0,2.1621691945912134,1.6517581339588044e-07,0.0,1.812367693788493e-09,-5.297585757415243e-12
1098,65940.0,65940,2.1541082346731413,2.1541082346728477,5.659371211891516,0.0,2.154108399827248,1.6515440008405152e-07,0.0,1.8122543587523155e-09,-2.9385725586293976e-13
1099,66000.0,66000,2.1461690846795016,2.146169084682797,5.689887744803227,0.0,2.146169249815101,1.6513230363553773e-07,0.0,1.812224232191102e-09,3.2950096970440745e-12
1100,66060.0,66060,2.1383227586959737,2.138322758701465,5.720291806423468,0.0,2.13832292381131,1.6510984512231528e-07,0.0,1.8122537287720188e-09,5.490768965705754e-12
1101,66120.0,66120,2.1305501142885075,2.130550114294954,5.7505847117590285,0.0,2.1305502793825806,1.6508762623342152e-07,0.0,1.81231965971109e-09,6.446109476646482e-12
1102,66180.0,66180,2.1228412497784563,2.12284124978361,5.780767504632223,0.0,2.122841414849826,1.6506621522539675e-07,0.0,1.8124013764175147e-09,5.153134964965785e-12
1103,66240.0,66240,2.1151989905527,2.1151989905426833,5.810841088591557,0.0,2.115199155588697,1.6504601367199912e-07,0.0,1.8124614113294048e-09,-1.001753434869256e-11
1104,66300.0,66300,2.1076574650940763,2.1076574649483235,5.840806407211698,0.0,2.1076576299759044,1.650275808721303e-07,0.0,1.8122684470705844e-09,-1.4575317241953102e-10
1105,66360.0,66360,2.1002549432361595,2.1002549418085645,5.87066488755263,0.0,2.1002551068284667,1.6501990158623088e-07,0.0,1.8098129803368182e-09,-1.4275951446278228e-09
1106,66420.0,66420,2.091848957577981,2.091848943462611,5.900418498815768,0.0,2.091849108581209,1.6511859763810865e-07,0.0,1.785993460316761e-09,-1.4115370558954709e-08
1107,66480.0,66480,300.0000000650602,7.908375835496159e-08,5.930053025102094,300.0,8.133407067880484e-07,7.342569504914714e-07,0.0,1.5507192994374983e-09,1.402357572898579e-08
1108,66540.0,66540,300.0000000694095,7.089341479046816e-08,5.930053024386874,300.0,8.065137175583884e-07,7.356203049317068e-07,0.0,1.7845622905616721e-09,1.4838737233360345e-09
1109,66600.0,66600,300.00000007015484,7.031509500229377e-08,5.930053023552215,300.0,8.056761903449973e-07,7.353610975388827e-07,0.0,1.8094218583848734e-09,1.6021915223380502e-10
1110,66660.0,66660,300.0000000705499,7.056493090052895e-08,5.9300530227100126,300.0,8.056609028480193e-07,7.350959740886018e-07,0.0,1.81222145634856e-09,1.5016764739304957e-11
1111,66720.0,66720,300.00000007091046,7.090828406862765e-08,5.930053021872009,300.0,8.057771951856842e-07,7.348689132879303e-07,0.0,1.8126009120144959e-09,-2.1798257841441767e-12
1112,66780.0,66780,300.0000000712674,7.126376427626805e-08,5.93005302103944,300.0,8.05926861402893e-07,7.346630992564402e-07,0.0,1.8126936217422507e-09,-3.688622489293314e-12
1113,66840.0,66840,300.00000007162254,7.162094655821743e-08,5.930053020212422,300.0,8.061201260552231e-07,7.344991815841134e-07,0.0,1.8127610523904715e-09,-1.552931086529623e-12
1114,66900.0,66900,300.00000007197167,7.197672799821456e-08,5.9300530193908765,300.0,8.063939156330724e-07,7.344171897949612e-07,0.0,1.8128639144282141e-09,4.975303095995439e-12
1115,66960.0,66960,300.00000007230415,7.233519860146384e-08,5.930053018574573,300.0,8.068373857768507e-07,7.345021893287826e-07,0.0,1.8130753573756615e-09,3.0986304383404534e-11
1116,67020.0,67020,300.0000000725902,7.279441191093455e-08,5.930053017763137,300.0,8.076852201206275e-07,7.348908104026437e-07,0.0,1.8137199677109256e-09,2.0413029069021167e-10
1117,67080.0,67080,300.00000007248553,7.423784142874987e-08,5.930053016957236,300.0,8.096552317908092e-07,7.354173924739586e-07,0.0,1.817249665771452e-09,1.7523096794348679e-09
1118,67140.0,67140,300.0000000682905,8.437716820282887e-08,5.930053016170465,300.0,8.169956175663065e-07,7.326184514066322e-07,0.0,1.8465801942274987e-09,1.6086726344303837e-08
1119,67200.0,67200,101.01343995935655,1.0134399467999449,5.930053015534335,99.99999999999986,1.0134401285036827,1.8170373817207723e-07,0.0,2.114803256636449e-09,-1.2556752173871308e-08
1120,67260.0,67260,1.9963599530995935,1.9963599481750525,5.944410080993148,0.0,1.9963601129747113,1.6479965832453858e-07,0.0,1.905541697815283e-09,-4.924541566809761e-09
1121,67320.0,67320,1.9907288320526304,1.9907288315013834,5.972691846513701,0.0,1.9907289962056203,1.6470423656770075e-07,0.0,1.8234420671660647e-09,-5.512478111787425e-10
1122,67380.0,67380,1.9841823315457636,1.9841823314700202,6.000893837881615,0.0,1.9841824961531547,1.6468313382429525e-07,0.0,1.8142268613169323e-09,-7.574392729123325e-11
1123,67440.0,67440,1.9777211426545904,1.9777211426368229,6.0290030871658065,0.0,1.9777213073031492,1.6466632597777694e-07,0.0,1.8129363368619756e-09,-1.776790765843222e-11
1124,67500.0,67500,1.9714613465380921,1.9714613465313255,6.057020802941571,0.0,1.9714615111805005,1.6464917453620773e-07,0.0,1.8126119582998976e-09,-6.767290956763686e-12
1125,67560.0,67560,1.9653452447767779,1.965345244774665,6.084949838272547,0.0,1.9653454094064047,1.6463173905876714e-07,0.0,1.8124707575888782e-09,-2.1130321056906972e-12
1126,67620.0,67620,1.9593335881240144,1.9593335881253784,6.112792228828684,0.0,1.9593337527389185,1.646135395316571e-07,0.0,1.8124069569124454e-09,1.3638542569314507e-12
1127,67680.0,67680,1.9534026213994615,1.953402621403247,6.140549454249002,0.0,1.9534027859978402,1.645945928672709e-07,0.0,1.8124009307891666e-09,3.78498404088673e-12
1128,67740.0,67740,1.9475379414403797,1.9475379414455805,6.168222657640804,0.0,1.9475381060207586,1.64575177696802e-07,0.0,1.8124350991883858e-09,5.200336847798182e-12
1129,67800.0,67800,1.941732798099111,1.941732798104943,6.195812778066586,0.0,1.9417329626605728,1.6455562912207527e-07,0.0,1.8124927214117708e-09,5.831404557441121e-12
1130,67860.0,67860,1.9359850895650887,1.9359850895710082,6.223320658961759,0.0,1.9359852541072302,1.64536221520635e-07,0.0,1.812560742574115e-09,5.918848745609284e-12
1131,67920.0,67920,1.930294898972121,1.9302948989777942,6.250747113986083,0.0,1.9302950634949407,1.64517146317204e-07,0.0,1.8126301114050031e-09,5.672081147751284e-12
1132,67980.0,67980,1.9246629781398608,1.9246629781451094,6.278092957977055,0.0,1.9246631426436316,1.6449852167966605e-07,0.0,1.8126952612321388e-09,5.247951049177796e-12
1133,68040.0,68040,1.9190899922067794,1.9190899922115299,6.3053590164229405,0.0,1.9190901566919367,1.6448040638686524e-07,0.0,1.8127532362607562e-09,4.749689720799917e-12
1134,68100.0,68100,1.9135762486211763,1.9135762486254153,6.332546124234813,0.0,1.913576413088229,1.6446281364195634e-07,0.0,1.8128027998250898e-09,4.238300409461863e-12
1135,68160.0,68160,1.9081216787629331,1.9081216787666806,6.359655120679262,0.0,1.9081218432124059,1.6444572456575964e-07,0.0,1.8128437317869638e-09,3.746656004748136e-12
1136,68220.0,68220,1.9027259227023816,1.9027259227056732,6.386686844050753,0.0,1.902726087134774,1.6442910046843454e-07,0.0,1.8128763602867442e-09,3.290964116803301e-12
1137,68280.0,68280,1.897388436139592,1.8973884361424707,6.413642127544754,0.0,1.8973886005553642,1.6441289287071812e-07,0.0,1.8129012841615266e-09,2.8783701507461505e-12
1138,68340.0,68340,1.8921085821760697,1.8921085821785815,6.440521796645819,0.0,1.8921087465756325,1.6439705080254893e-07,0.0,1.8129192218536624e-09,2.5113824606667953e-12
1139,68400.0,68400,1.8868856952942943,1.886885695296485,6.467326667815768,0.0,1.8868858596780111,1.6438152552035168e-07,0.0,1.8129309339809914e-09,2.190205437888737e-12
1140,68460.0,68460,1.8817191178448296,1.8817191178467436,6.49405754808826,0.0,1.881719282213017,1.6436627314230078e-07,0.0,1.812937184782239e-09,1.913863996007881e-12
1141,68520.0,68520,1.8766082149475098,1.8766082149491914,6.520715235180251,0.0,1.8766083793004475,1.6435125579424134e-07,0.0,1.8129387223310912e-09,1.6806956465522062e-12
1142,68580.0,68580,1.8715523751844192,1.8715523751859084,6.547300517814569,0.0,1.8715525395223505,1.6433644179515573e-07,0.0,1.8129362669904337e-09,1.4885448560654826e-12
1143,68640.0,68640,1.8665510035376138,1.8665510035389492,6.573814176052272,0.0,1.8665511678607547,1.6432180528615522e-07,0.0,1.8129305031418518e-09,1.3348402512424729e-12
1144,68700.0,68700,1.8616035113437925,1.86160351134501,6.6002569815250185,0.0,1.861603675652336,1.6430732558246428e-07,0.0,1.8129220722296706e-09,1.2166439848712786e-12
1145,68760.0,68760,1.8567093063039946,1.8567093063051259,6.626629697525051,0.0,1.856709470598113,1.6429298642539837e-07,0.0,1.8129115666481503e-09,1.1307114240594754e-12
1146,68820.0,68820,1.8518677841768498,1.8518677841779236,6.652933078953721,0.0,1.8518679484566998,1.642787752391226e-07,0.0,1.81289952463408e-09,1.0735709463726357e-12
1147,68880.0,68880,1.8470783228491068,1.8470783228501488,6.679167872152292,0.0,1.8470784871148318,1.6426468244699155e-07,0.0,1.812886426496636e-09,1.0416199664745612e-12
1148,68940.0,68940,1.842340278877729,1.8423402788787608,6.705334814648756,0.0,1.842340443129462,1.6425070087233216e-07,0.0,1.8128726924493924e-09,1.0312278192281419e-12
1149,69000.0,69000,1.837652986270013,1.8376529862710522,6.731434634855662,0.0,1.837653150507878,1.6423682523018149e-07,0.0,1.812858682157317e-09,1.0388352605674243e-12
1150,69060.0,69060,1.8330157571164492,1.8330157571175107,6.757468051750656,0.0,1.833015921340563,1.6422305170664872e-07,0.0,1.812844695940316e-09,1.0610427782528652e-12
1151,69120.0,69120,1.828427883652261,1.828427883653356,6.783435774566015,0.0,1.8284280478627346,1.6420937761715557e-07,0.0,1.8128309774464902e-09,1.0946823420448995e-12
1152,69180.0,69180,1.8238886413158915,1.823888641317029,6.8093385025073285,0.0,1.8238888055128306,1.6419580113315357e-07,0.0,1.8128177175186657e-09,1.1368704605752546e-12
1153,69240.0,69240,1.8193972924496031,1.8193972924507889,6.8351769245155785,0.0,1.8193974566331104,1.6418232106579679e-07,0.0,1.8128050589435625e-09,1.1850426101177577e-12
1154,69300.0,69300,1.8149530903059343,1.8149530903071722,6.860951719081591,0.0,1.8149532544761093,1.6416893669638102e-07,0.0,1.812793101771694e-09,1.236970466997393e-12
1155,69360.0,69360,1.810555283104049,1.8105552831053404,6.886663554117269,0.0,1.8105554472609884,1.6415564764366094e-07,0.0,1.8127819089235897e-09,1.2907645343669305e-12
1156,69420.0,69420,1.8062031179525841,1.8062031179539295,6.912313086884291,0.0,1.8062032820963838,1.6414245376028112e-07,0.0,1.8127715118380853e-09,1.3448649357538674e-12
1157,69480.0,69480,1.8018958444755013,1.8018958444768995,6.937900963978367,0.0,1.8018960086062552,1.6412935505131952e-07,0.0,1.812761915965933e-09,1.3980230915186208e-12
1158,69540.0,69540,1.7976327180516154,1.797632718053065,6.963427821364884,0.0,1.7976328821694172,1.6411635161005117e-07,0.0,1.812753105957815e-09,1.4492768613995629e-12
1159,69600.0,69600,1.7934130026011714,1.7934130026026698,6.98889428446043,0.0,1.7934131667061137,1.64103443566602e-07,0.0,1.8127450504368184e-09,1.497921407833216e-12
1160,69660.0,69660,1.789235972909369,1.7892359729109129,7.014300968253793,0.0,1.7892361370015446,1.6409063104702242e-07,0.0,1.8127377062859204e-09,1.5434777518303961e-12
1161,69720.0,69720,1.7851009164686085,1.7851009164701945,7.039648477459888,0.0,1.7851010805481096,1.6407791414051191e-07,0.0,1.8127310224101148e-09,1.5856602548794872e-12
1162,69780.0,69780,1.7810071348743088,1.7810071348759333,7.064937406699774,0.0,1.781007298941227,1.6406529287348047e-07,0.0,1.8127249429577944e-09,1.6243447809064204e-12
1163,69840.0,69840,1.7769539448118525,1.7769539448135125,7.090168340700438,0.0,1.7769541088662806,1.6405276718973792e-07,0.0,1.8127194100107473e-09,1.6595380833289609e-12
1164,69900.0,69900,1.7729406786738215,1.7729406786755137,7.115341854508583,0.0,1.7729408427158515,1.6404033693598965e-07,0.0,1.8127143657644292e-09,1.6913494370319213e-12
1165,69960.0,69960,1.76896668486428,1.7689666848660006,7.140458513713139,0.0,1.768966848894003,1.640280018521909e-07,0.0,1.8127097542354883e-09,1.719964872159758e-12
1166,70020.0,70020,1.765031327844629,1.7650313278463752,7.165518874672089,0.0,1.7650314918621373,1.6401576156639983e-07,0.0,1.8127055225398706e-09,1.7456244202250802e-12
1167,70080.0,70080,1.7611339879674575,1.7611339879692265,7.19052348473996,0.0,1.7611341519728427,1.6400361559372713e-07,0.0,1.8127016217925725e-09,1.7686024922804258e-12
1168,70140.0,70140,1.7572740611557118,1.7572740611575017,7.215472882492936,0.0,1.7572742251490656,1.6399156333868295e-07,0.0,1.8126980076796843e-09,1.7891913748267155e-12
1169,70200.0,70200,1.7534509584585471,1.7534509584603555,7.240367597949442,0.0,1.7534511224399603,1.6397960410071088e-07,0.0,1.8126946407556418e-09,1.807687800767306e-12
1170,70260.0,70260,1.7496641055321396,1.7496641055339646,7.265208152784436,0.0,1.7496642695017022,1.6396773708207805e-07,0.0,1.8126914865178328e-09,1.8243823075762943e-12
1171,70320.0,70320,1.7459129420719177,1.7459129420737578,7.289995060536335,0.0,1.74591310602972,1.6395596139777872e-07,0.0,1.8126885153020506e-09,1.839551232173185e-12
1172,70380.0,70380,1.7421969212167283,1.7421969212185824,7.314728826805914,0.0,1.742197085162859,1.6394427608664152e-07,0.0,1.8126857020465759e-09,1.853450925652572e-12
1173,70440.0,70440,1.7385155089546969,1.7385155089565638,7.339409949446738,0.0,1.7385156728892446,1.6393268012340602e-07,0.0,1.812683025958537e-09,1.866314008975624e-12
1174,70500.0,70500,1.73486818354077,1.7348681835426492,7.364038918747212,0.0,1.7348683474638222,1.6392117243094026e-07,0.0,1.812680470118534e-09,1.878347209173589e-12
1175,70560.0,70560,1.7312544349345405,1.7312544349364307,7.38861621760435,0.0,1.7312545988461832,1.6390975189241034e-07,0.0,1.8126780210488514e-09,1.8897306266343185e-12
1176,70620.0,70620,1.7276737642680327,1.7276737642699338,7.413142321689601,0.0,1.7276739281683517,1.638984173629459e-07,0.0,1.812675668270112e-09,1.900617983835851e-12
1177,70680.0,70680,1.7241256833479972,1.724125683349909,7.437617699607099,0.0,1.7241258472370773,1.6388716768056703e-07,0.0,1.81267340386133e-09,1.9111377718808063e-12
1178,70740.0,70740,1.720609714197706,1.7206097141996277,7.4620428130449294,0.0,1.72060987807563,1.6387600167604316e-07,0.0,1.8126712220395422e-09,1.921394863340022e-12
1179,70800.0,70800,1.71712538862882,1.717125388630752,7.4864181169198245,0.0,1.7171255524956708,1.6386491818166232e-07,0.0,1.8126691187661676e-09,1.9314726845942054e-12
1180,70860.0,70860,1.7136722478576305,1.7136722478595725,7.510744059515858,0.0,1.713672411713489,1.638539160388329e-07,0.0,1.812667091389874e-09,1.9414354157220806e-12
1181,70920.0,70920,1.7102498421458778,1.7102498421478298,7.535021082617656,0.0,1.7102500059908246,1.6384299410437714e-07,0.0,1.8126651383254555e-09,1.951330479356189e-12
1182,70980.0,70980,1.7068577304874069,1.7068577304893686,7.559249621638566,0.0,1.7068578943215205,1.63832151255732e-07,0.0,1.8126632587747295e-09,1.961190864798939e-12
1183,71040.0,71040,1.7034954803033018,1.7034954803052735,7.583430105744345,0.0,1.7034956441266604,1.638213863949077e-07,0.0,1.812661452486328e-09,1.971037470856785e-12
1184,71100.0,71100,1.7001626671917391,1.700162667193721,7.607562957972539,0.0,1.70016283100442,1.6381069845149177e-07,0.0,1.8126597195538721e-09,1.9808812649569823e-12
1185,71160.0,71160,1.6968588746707567,1.696858874672748,7.631648595348348,0.0,1.696859038472835,1.6380008638460292e-07,0.0,1.8126580602505585e-09,1.9907252414295078e-12
1186,71220.0,71220,1.6935836939686189,1.6935836939706201,7.655687428996804,0.0,1.69358385776017,1.637895491841424e-07,0.0,1.8126564748963821e-09,2.00056621870413e-12
1187,71280.0,71280,1.6903367238123728,1.6903367238143838,7.679679864252005,0.0,1.6903368875934703,1.637790858712112e-07,0.0,1.8126549637553488e-09,2.0103964073454914e-12
1188,71340.0,71340,1.6871175702474068,1.6871175702494277,7.703626300763353,0.0,1.6871177340181236,1.6376869549805299e-07,0.0,1.8126535269584763e-09,2.020204741527282e-12
1189,71400.0,71400,1.6839258464605296,1.6839258464625602,7.727527132599224,0.0,1.683926010220938,1.6375837714740588e-07,0.0,1.8126521644495404e-09,2.0299780177984536e-12
1190,71460.0,71460,1.6807611726165188,1.6807611726185592,7.751382748348141,0.0,1.6807613363666898,1.6374812993156322e-07,0.0,1.8126508759491548e-09,2.039701869802619e-12
1191,71520.0,71520,1.677623175709504,1.6776231757115536,7.775193531217629,0.0,1.6776233394495073,1.6373795299112785e-07,0.0,1.8126496609356394e-09,2.049361492103271e-12
1192,71580.0,71580,1.6745114894141981,1.6745114894162578,7.798959859130956,0.0,1.674511653144104,1.6372784549355081e-07,0.0,1.8126485186377505e-09,2.0589422983133414e-12
1193,71640.0,71640,1.6714257539549802,1.6714257539570492,7.822682104821792,0.0,1.6714259176748565,1.6371780663152558e-07,0.0,1.8126474480381763e-09,2.0684303277823602e-12
1194,71700.0,71700,1.668365615966498,1.6683656159685765,7.84636063592698,0.0,1.6683657796764129,1.6370783562139751e-07,0.0,1.8126464478843911e-09,2.0778126384322926e-12
1195,71760.0,71760,1.6653307283728063,1.6653307283748942,7.869995815077363,0.0,1.6653308920728265,1.6369793170140525e-07,0.0,1.8126455167051622e-09,2.087077520669122e-12
1196,71820.0,71820,1.6623207502636475,1.6623207502657444,7.893587999986855,0.0,1.662320913953839,1.6368809413014706e-07,0.0,1.812644652831487e-09,2.0962146218172496e-12
1197,71880.0,71880,1.659335346771969,1.6593353467740748,7.917137543539829,0.0,1.6593355104523977,1.636783221848912e-07,0.0,1.8126438544192662e-09,2.105215093006924e-12
1198,71940.0,71940,1.656374188961521,1.6563741889636359,7.940644793876694,0.0,1.6563743526322516,1.6366861516008146e-07,0.0,1.8126431194742733e-09,2.1140715436406518e-12
1199,72000.0,72000,1.6534369537102502,1.6534369537123739,7.964110094477935,0.0,1.6534371173713467,1.6365897236593547e-07,0.0,1.8126424458763754e-09,2.1227780429926526e-12
1200,72060.0,72060,1.6505233235984962,1.6505233236006283,7.987533784246472,0.0,1.6505234872500218,1.6364939312704034e-07,0.0,1.8126418314041043e-09,2.131330090619402e-12
1201,72120.0,72120,1.6476329868013677,1.6476329868035082,8.010916197588454,0.0,1.6476331504433857,1.636398767812451e-07,0.0,1.8126412737586429e-09,2.1397244848959654e-12
1202,72180.0,72180,1.6447656369766623,1.644765636978811,8.034257664492497,0.0,1.6447658006092343,1.6363042267842435e-07,0.0,1.8126407705851134e-09,2.1479592571377117e-12
1203,72240.0,72240,1.641920973163435,1.641920973165592,8.057558510607382,0.0,1.6419211367866227,1.6362103017954484e-07,0.0,1.8126403194935393e-09,2.1560335720110395e-12
1204,72300.0,72300,1.6390986996725203,1.6390986996746848,8.080819057318273,0.0,1.639098863286384,1.6361169865575016e-07,0.0,1.8126399180775786e-09,2.163947568058689e-12
1205,72360.0,72360,1.6362985259847218,1.6362985259868943,8.104039621821396,0.0,1.6362986895893223,1.636024274875294e-07,0.0,1.8126395639307951e-09,2.1717023123289003e-12
1206,72420.0,72420,1.6335201666525683,1.633520166654748,8.127220517197301,0.0,1.6335203302479648,1.635932160640989e-07,0.0,1.8126392546623448e-09,2.1792996230238724e-12
1207,72480.0,72480,1.6307633411924884,1.6307633411946758,8.150362052482688,0.0,1.6307635047787403,1.6358406378265207e-07,0.0,1.812638987909214e-09,2.186741996199828e-12
1208,72540.0,72540,1.6280277739956397,1.6280277739978346,8.173464532740752,0.0,1.628027937572805,1.6357497004795414e-07,0.0,1.8126387613478266e-09,2.1940324791057626e-12
1209,72600.0,72600,1.6253131942214798,1.6253131942236814,8.196528259130213,0.0,1.6253133577896164,1.6356593427180792e-07,0.0,1.812638572703233e-09,2.201174629197043e-12
1210,72660.0,72660,1.6226193357093728,1.6226193357115817,8.219553528972899,0.0,1.6226194992685383,1.6355695587269684e-07,0.0,1.8126384197574122e-09,2.2081723257403307e-12
1211,72720.0,72720,1.6199459368803273,1.6199459368825428,8.242540635820015,0.0,1.619946100430578,1.635480342753826e-07,0.0,1.8126383003549911e-09,2.21502980773465e-12
1212,72780.0,72780,1.6172927406468567,1.6172927406490791,8.26548986951708,0.0,1.617292904188249,1.6353916891071026e-07,0.0,1.8126382124090133e-09,2.2217514979746426e-12
1213,72840.0,72840,1.6146594943199686,1.614659494322198,8.288401516267523,0.0,1.6146596578525576,1.6353035921529898e-07,0.0,1.8126381539041979e-09,2.228342019523043e-12
1214,72900.0,72900,1.6120459495234387,1.612045949525674,8.311275858695026,0.0,1.6120461130472794,1.635216046314161e-07,0.0,1.8126381229001279e-09,2.234806070717621e-12
1215,72960.0,72960,1.60945186210546,1.6094518621077019,8.334113175904598,0.0,1.609452025620607,1.6351290460671296e-07,0.0,1.8126381175328442e-09,2.2411484596260893e-12
1216,73020.0,73020,1.6068769920477592,1.6068769920500072,8.356913743542444,0.0,1.6068771555542665,1.6350425859419792e-07,0.0,1.8126381360163478e-09,2.247373938860361e-12
1217,73080.0,73080,1.6043211033924851,1.6043211033947393,8.379677833854485,0.0,1.6043212668904059,1.6349566605207127e-07,0.0,1.8126381766418947e-09,2.253487296052075e-12
1218,73140.0,73140,1.60178396414633,1.6017839641485903,8.40240571574394,0.0,1.6017841276357172,1.6348712644367426e-07,0.0,1.812638237778606e-09,2.2594932712741055e-12
1219,73200.0,73200,1.5992653462123871,1.5992653462146533,8.425097654827427,0.0,1.599265509693293,1.6347863923737502e-07,0.0,1.8126383178726706e-09,2.2653964769724485e-12
1220,73260.0,73260,1.596765025303986,1.596765025306258,8.447753913490203,0.0,1.5967651887764627,1.6347020390653557e-07,0.0,1.8126384154452363e-09,2.2712014818777902e-12
1221,73320.0,73320,1.5942827808693765,1.5942827808716544,8.47037475094013,0.0,1.5942829443334747,1.634618199295208e-07,0.0,1.8126385290916808e-09,2.2769127255163043e-12
1222,73380.0,73380,1.591818396015505,1.591818396017788,8.49296042326059,0.0,1.5918185594712757,1.634534867896084e-07,0.0,1.8126386574795034e-09,2.2825344957105327e-12
1223,73440.0,73440,1.5893716574337278,1.5893716574360166,8.515511183462307,0.0,1.589371820881221,1.63445203974983e-07,0.0,1.8126387993460261e-09,2.2880709556195106e-12
1224,73500.0,73500,1.5869423553303315,1.5869423553326256,8.53802728153414,0.0,1.5869425187695974,1.6343697097870303e-07,0.0,1.8126389534958623e-09,2.2935261525122683e-12
1225,73560.0,73560,1.5845302833510695,1.584530283353369,8.56050896449286,0.0,1.584530446782157,1.634287872987427e-07,0.0,1.8126391187994853e-09,2.2989039405620717e-12
1226,73620.0,73620,1.5821352385171716,1.5821352385194765,8.58295647643189,0.0,1.5821354019401297,1.634206524379021e-07,0.0,1.81263929418976e-09,2.304208052318755e-12
1227,73680.0,73680,1.5797570211523844,1.5797570211546945,8.605370058569132,0.0,1.579757184567261,1.6341256590389717e-07,0.0,1.8126394786600419e-09,2.3094420272329077e-12
1228,73740.0,73740,1.5773954348198853,1.5773954348222006,8.627749949293728,0.0,1.5773955982267285,1.6340452720925163e-07,0.0,1.8126396712610135e-09,2.3146093078176585e-12
1229,73800.0,73800,1.5750502862579618,1.575050286260282,8.650096384211967,0.0,1.5750504496568185,1.6339653587135706e-07,0.0,1.812639871098995e-09,2.3197131337525255e-12
1230,73860.0,73860,1.5727213853158628,1.5727213853181883,8.672409596192262,0.0,1.5727215487067805,1.6338859141244282e-07,0.0,1.8126400773326153e-09,2.3247566065437264e-12
1231,73920.0,73920,1.570408544892653,1.5704085448949834,8.694689815409237,0.0,1.5704087082756775,1.6338069335957012e-07,0.0,1.8126402891705377e-09,2.32974269396689e-12
1232,73980.0,73980,1.5681115808736483,1.5681115808759838,8.7169372693869,0.0,1.5681117442488257,1.6337284124465596e-07,0.0,1.8126405058691626e-09,2.3346742171900593e-12
1233,74040.0,74040,1.5658303120771198,1.56583031207946,8.73915218304098,0.0,1.5658304754444954,1.6336503460438315e-07,0.0,1.812640726730587e-09,2.3395538558275184e-12
1234,74100.0,74100,1.5635645601924129,1.5635645601947579,8.761334778720464,0.0,1.5635647235520316,1.6335727298024837e-07,0.0,1.81264095109958e-09,2.3443841340810506e-12
1235,74160.0,74160,1.561314149724688,1.5613141497270377,8.783485276248268,0.0,1.5613143130765943,1.63349555918586e-07,0.0,1.812641178361778e-09,2.3491674766492107e-12
1236,74220.0,74220,1.5590789079408158,1.5590789079431706,8.805603892961127,0.0,1.5590790712850542,1.633418829704513e-07,0.0,1.8126414079414096e-09,2.3539061846848e-12
1237,74280.0,74280,1.556858664812942,1.5568586648153013,8.827690843748735,0.0,1.5568588281495557,1.6333425369168326e-07,0.0,1.8126416392996083e-09,2.3586024201899244e-12
1238,74340.0,74340,1.554653252968966,1.5546532529713302,8.849746341092056,0.0,1.5546534162979984,1.6332666764286566e-07,0.0,1.812641871932044e-09,2.3632582325116812e-12
1239,74400.0,74400,1.5524625076403122,1.5524625076426812,8.871770595100937,0.0,1.5524626709618063,1.6331912438928513e-07,0.0,1.8126421053669297e-09,2.3678755968308187e-12
1240,74460.0,74460,1.550286266610973,1.5502862666133461,8.89376381355101,0.0,1.5502864299249703,1.6331162350090996e-07,0.0,1.8126423391640376e-09,2.372456342960842e-12
1241,74520.0,74520,1.548124370168369,1.5481243701707466,8.91572620191986,0.0,1.5481245334749116,1.6330416455241724e-07,0.0,1.8126425729121426e-09,2.377002231220128e-12
1242,74580.0,74580,1.5459766610551566,1.545976661057539,8.937657963422453,0.0,1.5459768243542866,1.6329674712312383e-07,0.0,1.8126428062278274e-09,2.381514919798616e-12
1243,74640.0,74640,1.543842984423722,1.5438429844261088,8.959559299045964,0.0,1.5438431477154804,1.632893707969233e-07,0.0,1.8126430387540513e-09,2.3859959890336262e-12
1244,74700.0,74700,1.5417231877896942,1.5417231877920854,8.981430407583883,0.0,1.5417233510741213,1.6328203516233692e-07,0.0,1.8126432701583688e-09,2.3904469289008634e-12
1245,74760.0,74760,1.539617120985707,1.5396171209881024,9.003271485669504,0.0,1.5396172842628428,1.6327473981245075e-07,0.0,1.8126435001320159e-09,2.3948691438332754e-12
1246,74820.0,74820,1.5375246361198944,1.5375246361222943,9.025082727808757,0.0,1.5375247993897794,1.6326748434481945e-07,0.0,1.8126437283882437e-09,2.3992640053629285e-12
1247,74880.0,74880,1.5354455875317485,1.5354455875341526,9.046864326412429,0.0,1.5354457507944217,1.6326026836155346e-07,0.0,1.8126439546616403e-09,2.4036327754255944e-12
1248,74940.0,74940,1.5333798317498124,1.5333798317522211,9.068616471827779,0.0,1.5333799950053133,1.6325309146918087e-07,0.0,1.8126441787066052e-09,2.40797666175972e-12
1249,75000.0,75000,1.5313272274508714,1.5313272274532845,9.090339352369572,0.0,1.5313273906992384,1.6324595327867134e-07,0.0,1.8126444002962485e-09,2.412296834791416e-12
1250,75060.0,75060,1.5292876354216791,1.5292876354240963,9.112033154350488,0.0,1.5292877986629505,1.6323885340536437e-07,0.0,1.812644619221828e-09,2.4165943936433666e-12
1251,75120.0,75120,1.5272609185169,1.5272609185193218,9.133698062111003,0.0,1.5272610817511139,1.6323179146897189e-07,0.0,1.8126448352915994e-09,2.4208703804164527e-12
1252,75180.0,75180,1.5252469416227585,1.5252469416251844,9.15533425804872,0.0,1.525247104849952,1.632247670935126e-07,0.0,1.8126450483299732e-09,2.4251258044092675e-12
1253,75240.0,75240,1.5232455716187008,1.5232455716211308,9.176941922647122,0.0,1.5232457348389115,1.6321777990726373e-07,0.0,1.812645258176905e-09,2.4293616305882317e-12
1254,75300.0,75300,1.5212566773404965,1.5212566773429308,9.19852123450382,0.0,1.5212568405537612,1.6321082954274915e-07,0.0,1.812645464686887e-09,2.433578773552754e-12
1255,75360.0,75360,1.5192801295465017,1.5192801295489402,9.220072370358253,0.0,1.5192802927528566,1.6320391563668827e-07,0.0,1.8126456677286666e-09,2.4377781102721456e-12
1256,75420.0,75420,1.517315800878989,1.5173158008814318,9.24159550511896,0.0,1.5173159640784704,1.6319703782997808e-07,0.0,1.8126458671842387e-09,2.441960497099765e-12
1257,75480.0,75480,1.515363565831468,1.5153635658339148,9.263090811890228,0.0,1.5153637290241113,1.6319019576759707e-07,0.0,1.8126460629487512e-09,2.4461267606983137e-12
1258,75540.0,75540,1.5134233007175113,1.5134233007199622,9.284558461998339,0.0,1.5134234639033521,1.631833890986354e-07,0.0,1.8126462549297553e-09,2.4502776730090597e-12
1259,75600.0,75600,1.5114948836320963,1.5114948836345514,9.305998625017352,0.0,1.5114950468111696,1.631766174762196e-07,0.0,1.8126464430463848e-09,2.454414021349063e-12
1260,75660.0,75660,1.5095781944251023,1.5095781944275617,9.32741146879434,0.0,1.5095783575974429,1.6316988055745879e-07,0.0,1.8126466272298948e-09,2.458536537288152e-12
1261,75720.0,75720,1.5076731146676654,1.507673114670129,9.348797159474246,0.0,1.5076732778333075,1.6316317800345052e-07,0.0,1.8126468074224436e-09,2.462645946987269e-12
1262,75780.0,75780,1.505779527620787,1.5057795276232546,9.370155861524275,0.0,1.505779690779765,1.6315650947919386e-07,0.0,1.8126469835770916e-09,2.4667429580369375e-12
1263,75840.0,75840,1.5038973182028845,1.5038973182053563,9.39148773775782,0.0,1.5038974813552317,1.6314987465360137e-07,0.0,1.8126471556574733e-09,2.4708282649141824e-12
1264,75900.0,75900,1.5020263729659475,1.5020263729684231,9.41279294935796,0.0,1.5020265361116971,1.6314327319942698e-07,0.0,1.8126473236378214e-09,2.4749025488222795e-12
1265,75960.0,75960,1.5001665800638508,1.5001665800663306,9.434071655900594,0.0,1.500166743203036,1.631367047931851e-07,0.0,1.8126474875022863e-09,2.4789664628760706e-12
1266,76020.0,76020,1.4983178292194888,1.4983178292219723,9.455324015377135,0.0,1.4983179923521421,1.6313016911522855e-07,0.0,1.812647647245147e-09,2.4830206897448895e-12
1267,76080.0,76080,1.4964800117037875,1.4964800117062753,9.476550184216727,0.0,1.496480174829942,1.6312366584962251e-07,0.0,1.8126478028705534e-09,2.487065867099257e-12
1268,76140.0,76140,1.4946530203073294,1.4946530203098212,9.497750317308196,0.0,1.4946531834270165,1.6311719468411167e-07,0.0,1.8126479543923389e-09,2.4911026568534806e-12
1269,76200.0,76200,1.492836749307593,1.4928367493100887,9.51892456802157,0.0,1.4928369124208447,1.6311075531014998e-07,0.0,1.8126481018342312e-09,2.495131699616404e-12
1270,76260.0,76260,1.4910310944517002,1.4910310944542002,9.540073088229128,0.0,1.4910312575585483,1.6310434742275376e-07,0.0,1.8126482452295475e-09,2.499153641105374e-12
1271,76320.0,76320,1.4892359529236456,1.4892359529261494,9.561196028326245,0.0,1.4892361160241212,1.6309797072058876e-07,0.0,1.8126483846213352e-09,2.5031691293345133e-12
1272,76380.0,76380,1.4874512233235502,1.487451223326058,9.58229353725173,0.0,1.4874513864176837,1.6309162490587103e-07,0.0,1.8126485200622782e-09,2.507178822084504e-12
1273,76440.0,76440,1.4856768056416574,1.4856768056441696,9.603365762507895,0.0,1.48567696872948,1.630853096843039e-07,0.0,1.8126486516149077e-09,2.5111833601954927e-12
1274,76500.0,76500,1.4839126012329271,1.4839126012354433,9.624412850180255,0.0,1.4839127643144685,1.630790247651501e-07,0.0,1.8126487793514855e-09,2.5151834214554686e-12
1275,76560.0,76560,1.4821585127967274,1.4821585127992476,9.645434944956834,0.0,1.4821586758720182,1.6307276986106956e-07,0.0,1.8126489033545425e-09,2.519179659680099e-12
1276,76620.0,76620,1.4804144443503233,1.480414444352847,9.666432190147255,0.0,1.4804146074193927,1.630665446882006e-07,0.0,1.8126490237162929e-09,2.5231727604276743e-12
1277,76680.0,76680,1.4786803012090297,1.4786803012115577,9.687404727701365,0.0,1.4786804642719074,1.6306034896607276e-07,0.0,1.8126491405394318e-09,2.5271634033908083e-12
1278,76740.0,76740,1.476955989961403,1.4769559899639353,9.708352698227651,0.0,1.4769561530181181,1.6305418241757385e-07,0.0,1.8126492539371344e-09,2.531152291724823e-12
1279,76800.0,76800,1.4752414184507083,1.4752414184532445,9.729276241011286,0.0,1.47524158150129,1.6304804476894397e-07,0.0,1.8126493640329863e-09,2.535140147679202e-12
1280,76860.0,76860,1.4735364957498873,1.4735364957524273,9.750175494031865,0.0,1.473536658794364,1.6304193574973942e-07,0.0,1.812649470961757e-09,2.539127674636908e-12
1281,76920.0,76920,1.4718411321443776,1.4718411321469214,9.771050593980863,0.0,1.471841295182777,1.630358550928028e-07,0.0,1.8126495748689072e-09,2.5431156332847256e-12
1282,76980.0,76980,1.4701552391082982,1.470155239110846,9.791901676278798,0.0,1.4701554021406493,1.6302980253424784e-07,0.0,1.8126496759115742e-09,2.547104771292822e-12
1283,77040.0,77040,1.4684787292863728,1.4684787292889245,9.812728875092073,0.0,1.4684788923127032,1.6302377781343862e-07,0.0,1.8126497742584074e-09,2.5510958734657907e-12
1284,77100.0,77100,1.466811516474575,1.4668115164771307,9.833532323349552,0.0,1.4668116794949124,1.6301778067291729e-07,0.0,1.812649870090131e-09,2.5550897242878553e-12
1285,77160.0,77160,1.4651535155995,1.4651535156020596,9.854312152758878,0.0,1.465153678613871,1.6301181085844031e-07,0.0,1.8126499635995676e-09,2.559087139046979e-12
1286,77220.0,77220,1.4635046427013385,1.4635046427039022,9.87506849382249,0.0,1.463504805709771,1.6300586811894526e-07,0.0,1.8126500549922004e-09,2.563088950253131e-12
1287,77280.0,77280,1.4618648149099986,1.4618648149125664,9.895801475853391,0.0,1.4618649779125195,1.6299995220649996e-07,0.0,1.8126501444863852e-09,2.5670960059432345e-12
1288,77340.0,77340,1.4602339504376933,1.4602339504402653,9.916511226990597,0.0,1.460234113434329,1.6299406287629335e-07,0.0,1.812650232313795e-09,2.5711092004314933e-12
1289,77400.0,77400,1.4586119685476489,1.4586119685502246,9.937197874214464,0.0,1.4586121315384255,1.6298819988662357e-07,0.0,1.812650318719889e-09,2.575129412463985e-12
1290,77460.0,77460,1.4569987895462488,1.4569987895488288,9.957861543361567,0.0,1.4569989525311926,1.6298236299888892e-07,0.0,1.8126504039639133e-09,2.5791575559466667e-12
1291,77520.0,77520,1.4553943347662213,1.4553943347688054,9.978502359139501,0.0,1.4553944977453581,1.6297655197753082e-07,0.0,1.8126504883194162e-09,2.583194579449681e-12
1292,77580.0,77580,1.4537985265401532,1.4537985265427413,9.999120445141395,0.0,1.4537986895135084,1.6297076659004589e-07,0.0,1.812650572074834e-09,2.587241452101581e-12
1293,77640.0,77640,1.4522112881948588,1.452211288197451,10.019715923860106,0.0,1.4522114511624582,1.6296500660696782e-07,0.0,1.8126506555339609e-09,2.591299138869452e-12
1294,77700.0,77700,1.4506325440317778,1.450632544034374,10.040288916702268,0.0,1.4506327069936467,1.6295927180184954e-07,0.0,1.8126507390155024e-09,2.595368676303465e-12
1295,77760.0,77760,1.449062219306066,1.4490622193086662,10.060839544002139,0.0,1.4490623822622288,1.6295356195121796e-07,0.0,1.8126508228549048e-09,2.5994510526108114e-12
1296,77820.0,77820,1.4475002402202846,1.4475002402228891,10.081367925035073,0.0,1.4475004031707666,1.6294787683457723e-07,0.0,1.812650907402691e-09,2.603547346262643e-12
1297,77880.0,77880,1.4459465338991662,1.4459465339017745,10.101874178030977,0.0,1.4459466968439916,1.629422162344146e-07,0.0,1.8126509930269442e-09,2.607658609605285e-12
1298,77940.0,77940,1.4444010283856499,1.4444010283882625,10.122358420187345,0.0,1.4444011913248431,1.6293657993614032e-07,0.0,1.812651080112278e-09,2.6117859422956723e-12
1299,78000.0,78000,1.4428636526150793,1.442863652617696,10.142820767682279,0.0,1.4428638155486646,1.6293096772811186e-07,0.0,1.812651169060656e-09,2.6159304289296435e-12
1300,78060.0,78060,1.4413343364096103,1.4413343364122313,10.16326133568715,0.0,1.4413344993376116,1.6292537940155874e-07,0.0,1.8126512602912749e-09,2.620093195340432e-12
1301,78120.0,78120,1.439813010460305,1.4398130104629303,10.183680238379125,0.0,1.4398131733827457,1.6291981475065158e-07,0.0,1.8126513542412207e-09,2.624275383114335e-12
1302,78180.0,78180,1.4382996063141007,1.4382996063167302,10.204077588953497,0.0,1.4382997692310044,1.6291427357240606e-07,0.0,1.8126514513658913e-09,2.628478115347893e-12
1303,78240.0,78240,1.4367940563589672,1.4367940563616006,10.224453499635814,0.0,1.436794219270357,1.6290875566668892e-07,0.0,1.812651552138316e-09,2.632702565333803e-12
1304,78300.0,78300,1.4352962938156757,1.4352962938183136,10.244808081693789,0.0,1.4352964567215751,1.6290326083620903e-07,0.0,1.8126516570505396e-09,2.636949863489123e-12
1305,78360.0,78360,1.4338062527180873,1.4338062527207294,10.26514144544907,0.0,1.433806415618519,1.6289778888648124e-07,0.0,1.8126517666122141e-09,2.6412211858305353e-12
1306,78420.0,78420,1.4323238679064823,1.4323238679091286,10.285453700288818,0.0,1.432324030801469,1.6289233962584148e-07,0.0,1.812651881352101e-09,2.6455176838427793e-12
1307,78480.0,78480,1.4308490750126093,1.4308490750152598,10.305744954677083,0.0,1.4308492379021736,1.6288691286536877e-07,0.0,1.8126520018171325e-09,2.6498405017872976e-12
1308,78540.0,78540,1.4293818104483624,1.4293818104510176,10.326015316166027,0.0,1.4293819733325268,1.6288150841885806e-07,0.0,1.8126521285725993e-09,2.654190787512613e-12
1309,78600.0,78600,1.4279220113925353,1.4279220113951947,10.346264891407,0.0,1.4279221742713215,1.6287612610286844e-07,0.0,1.8126522622018924e-09,2.65856964245742e-12
1310,78660.0,78660,1.426469615783292,1.4264696157859558,10.36649378616136,0.0,1.4264697786567222,1.6287076573660587e-07,0.0,1.8126524033062927e-09,2.6629781940066005e-12
1311,78720.0,78720,1.4250245623036657,1.4250245623063338,10.386702105311267,0.0,1.4250247251717618,1.6286542714193843e-07,0.0,1.812652552504736e-09,2.667417491991289e-12
1312,78780.0,78780,1.4235867903713997,1.4235867903740724,10.406889952870229,0.0,1.4235869532341832,1.6286011014333912e-07,0.0,1.8126527104329455e-09,2.6718885799570408e-12
1313,78840.0,78840,1.422156240128801,1.4221562401314782,10.427057431993495,0.0,1.4221564029862936,1.6285481456787391e-07,0.0,1.8126528777433154e-09,2.6763924578167323e-12
1314,78900.0,78900,1.4207328524361171,1.4207328524387988,10.447204644988338,0.0,1.42073301528834,1.6284954024510574e-07,0.0,1.8126530551040417e-09,2.6809300762034844e-12
1315,78960.0,78960,1.4193165688533136,1.4193165688559997,10.467331693324214,0.0,1.4193167317002875,1.6284428700710047e-07,0.0,1.8126532431983736e-09,2.6855023168612075e-12
1316,79020.0,79020,1.417907331639947,1.417907331642638,10.487438677642679,0.0,1.4179074944816934,1.6283905468833688e-07,0.0,1.8126534427235579e-09,2.6901099993404456e-12
1317,79080.0,79080,1.4165050837379936,1.4165050837406892,10.507525697767303,0.0,1.416505246574533,1.6283384312567362e-07,0.0,1.8126536543895486e-09,2.694753891249845e-12
1318,79140.0,79140,1.4151097687675303,1.4151097687702305,10.527592852713333,0.0,1.4151099315988833,1.6282865215827723e-07,0.0,1.812653878918375e-09,2.6994346555837553e-12
1319,79200.0,79200,1.4137213310179553,1.4137213310206602,10.547640240697291,0.0,1.4137214938441427,1.6282348162758008e-07,0.0,1.8126541170424065e-09,2.704152849131819e-12
1320,79260.0,79260,1.4123397154370914,1.4123397154398007,10.567667959146473,0.0,1.4123398782581331,1.628183313771364e-07,0.0,1.812654369502523e-09,2.708908977259612e-12
1321,79320.0,79320,1.4109648676252502,1.4109648676279645,10.587676104708276,0.0,1.4109650304411667,1.628132012526131e-07,0.0,1.8126546370471544e-09,2.713703368152347e-12
1322,79380.0,79380,1.409596733826025,1.4095967338287443,10.60766477325942,0.0,1.4095968966368364,1.6280809110170298e-07,0.0,1.8126549204295838e-09,2.718536300608685e-12
1323,79440.0,79440,1.4082352609188917,1.408235260921616,10.627634059915096,0.0,1.4082354237246175,1.6280300077397146e-07,0.0,1.8126552204068457e-09,2.7234078559213518e-12
1324,79500.0,79500,1.406880396412905,1.4068803964156342,10.647584059037934,0.0,1.4068805592135651,1.627979301208357e-07,0.0,1.8126555377367017e-09,2.7283180247372125e-12
1325,79560.0,79560,1.4055320884401068,1.4055320884428408,10.667514864246945,0.0,1.4055322512357207,1.6279287899540242e-07,0.0,1.8126558731759755e-09,2.7332666164151296e-12
1326,79620.0,79620,1.4041902857460264,1.4041902857487656,10.687426568426352,0.0,1.4041904485366135,1.6278784725237806e-07,0.0,1.8126562274774343e-09,2.738253308631654e-12
1327,79680.0,79680,1.4028549376869317,1.4028549376896757,10.70731926373428,0.0,1.4028551004725112,1.627828347479395e-07,0.0,1.8126566013879607e-09,2.7432776001176283e-12
1328,79740.0,79740,1.4015259942180025,1.4015259942207519,10.727193041611377,0.0,1.401526156998594,1.6277784133965622e-07,0.0,1.8126569956452457e-09,2.748338827890219e-12
1329,79800.0,79800,1.400203405896732,1.4002034058994866,10.747047992789346,0.0,1.400203568672354,1.6277286688628614e-07,0.0,1.8126574109751875e-09,2.7534361410286283e-12
1330,79860.0,79860,1.398887123866951,1.3988871238697105,10.76688420729945,0.0,1.3988872866376225,1.6276791124769452e-07,0.0,1.8126578480887485e-09,2.7585685268679313e-12
1331,79920.0,79920,1.3975770998580714,1.397577099860836,10.786701774480795,0.0,1.397577262623811,1.6276297428468007e-07,0.0,1.8126583076795648e-09,2.7637347686145715e-12
1332,79980.0,79980,1.3962732861798917,1.3962732861826614,10.806500782988703,0.0,1.3962734489407185,1.6275805585889373e-07,0.0,1.8126587904198653e-09,2.768933480884564e-12
1333,80040.0,80040,1.3949756357170364,1.3949756357198115,10.82628132080285,0.0,1.394975798472968,1.6275315583257177e-07,0.0,1.81265929695841e-09,2.774163093596749e-12
1334,80100.0,80100,1.393684101923061,1.3936841019258412,10.84604347523545,0.0,1.3936842646741159,1.6274827406850557e-07,0.0,1.8126598279169478e-09,2.7794218508737876e-12
1335,80160.0,80160,1.3923986388132938,1.3923986388160794,10.86578733293932,0.0,1.3923988015594906,1.627434104298197e-07,0.0,1.812660383887381e-09,2.784707828125508e-12
1336,80220.0,80220,1.3911192009636208,1.3911192009664117,10.88551297991581,0.0,1.3911193637049775,1.627385647798097e-07,0.0,1.8126609654288107e-09,2.790018909238478e-12
1337,80280.0,80280,1.3898457435028506,1.389845743505647,10.905220501522768,0.0,1.3898459062393849,1.6273373698186127e-07,0.0,1.8126615730645348e-09,2.7953528580113394e-12
1338,80340.0,80340,1.3885782221086023,1.3885782221114038,10.924909982482388,0.0,1.3885783848403315,1.6272892689920398e-07,0.0,1.8126622072795408e-09,2.8007072559724126e-12
1339,80400.0,80400,1.3873165929999711,1.3873165930027782,10.94458150688893,0.0,1.3873167557269135,1.6272413439481532e-07,0.0,1.8126628685183e-09,2.8060795591606e-12
1340,80460.0,80460,1.3860608129356786,1.386060812938491,10.964235158216445,0.0,1.386060975657851,1.627193593312556e-07,0.0,1.8126635571820028e-09,2.8114670793944175e-12
1341,80520.0,80520,1.384810839204925,1.3848108392077427,10.983871019326397,0.0,1.3848110019223452,1.6271460157059596e-07,0.0,1.8126642736263764e-09,2.816867051522662e-12
1342,80580.0,80580,1.3835666296216036,1.3835666296244267,11.003489172475176,0.0,1.3835667923342883,1.6270986097416627e-07,0.0,1.8126650181607245e-09,2.822276558903233e-12
1343,80640.0,80640,1.382328142524909,1.3823281425277376,11.023089699321535,0.0,1.3823283052328759,1.6270513740249512e-07,0.0,1.8126657910448792e-09,2.827692655867079e-12
1344,80700.0,80700,1.381095336760935,1.3810953367637688,11.042672680934034,0.0,1.3810954994642002,1.6270043071521672e-07,0.0,1.8126665924889898e-09,2.8331122565880492e-12
1345,80760.0,80760,1.379868171689806,1.3798681716926453,11.062238197798226,0.0,1.379868334388387,1.6269574077091491e-07,0.0,1.8126674226512956e-09,2.8385322522671366e-12
1346,80820.0,80820,1.3786466071666792,1.378646607169524,11.081786329823919,0.0,1.3786467698605924,1.626910674270541e-07,0.0,1.8126682816375865e-09,2.84394941158893e-12
1347,80880.0,80880,1.3774306035422823,1.3774306035451327,11.101317156352216,0.0,1.377430766231544,1.6268641053982623e-07,0.0,1.8126691694993503e-09,2.849360465052992e-12
1348,80940.0,80940,1.3762201216514423,1.3762201216542975,11.12083075616251,0.0,1.3762202843360685,1.6268176996414776e-07,0.0,1.812670086232953e-09,2.854762019283328e-12
1349,81000.0,81000,1.3750151228070926,1.3750151228099539,11.140327207479368,0.0,1.3750152854871,1.6267714555352758e-07,0.0,1.8126710317778561e-09,2.86015056494417e-12
1350,81060.0,81060,1.373815568791482,1.3738155687943483,11.159806587979276,0.0,1.3738157314668864,1.6267253715992308e-07,0.0,1.8126720060142492e-09,2.865522440960126e-12
1351,81120.0,81120,1.3726214218474448,1.3726214218503168,11.179268974797301,0.0,1.3726215845182623,1.6266794463376098e-07,0.0,1.8126730087609387e-09,2.8708737302397215e-12
1352,81180.0,81180,1.3714326446666125,1.3714326446694896,11.198714444533636,0.0,1.3714328073328583,1.6266336782372145e-07,0.0,1.81267403977127e-09,2.8762002726375055e-12
1353,81240.0,81240,1.3702492003882822,1.3702492003911646,11.218143073259913,0.0,1.3702493630499717,1.6265880657667187e-07,0.0,1.8126750987283656e-09,2.8814974931943384e-12
1354,81300.0,81300,1.369071052581262,1.3690710525841496,11.2375549365256,0.0,1.3690712152384112,1.6265426073749294e-07,0.0,1.8126761852389841e-09,2.8867603063799397e-12
1355,81360.0,81360,1.3678981652403521,1.367898165243245,11.256950109364032,0.0,1.367898327892976,1.6264973014891654e-07,0.0,1.8126772988246332e-09,2.891983020986166e-12
1356,81420.0,81420,1.3667305027752175,1.3667305027781156,11.276328666298477,0.0,1.366730665423331,1.626452146512166e-07,0.0,1.8126784389116517e-09,2.8971591046446575e-12
1357,81480.0,81480,1.3655680300016164,1.3655680300045197,11.295690681348006,0.0,1.3655681926452345,1.6264071408198106e-07,0.0,1.812679604817119e-09,2.9022810617144917e-12
1358,81540.0,81540,1.3644107121321567,1.3644107121350648,11.31503622803326,0.0,1.364410874771294,1.6263622827571574e-07,0.0,1.812680795732864e-09,2.9073401471810716e-12
1359,81600.0,81600,1.3632585147705976,1.3632585147735108,11.334365379382044,0.0,1.3632586774052688,1.6263175706339408e-07,0.0,1.8126820107046922e-09,2.9123261965156965e-12
1360,81660.0,81660,1.362111403900488,1.3621114039034061,11.353678207934882,0.0,1.3621115665307075,1.6262730027186297e-07,0.0,1.8126832486088214e-09,2.9172272931230653e-12
1361,81720.0,81720,1.3609693458817802,1.3609693458847028,11.372974785750403,0.0,1.3609695085075615,1.6262285772321552e-07,0.0,1.8126845081225046e-09,2.9220295346113504e-12
1362,81780.0,81780,1.359832307440977,1.3598323074439047,11.392255184410672,0.0,1.3598324700623348,1.6261842923394473e-07,0.0,1.812685787691157e-09,2.9267166712607425e-12
1363,81840.0,81840,1.3587002556700323,1.3587002556729644,11.41151947502637,0.0,1.3587004182869795,1.626140146140552e-07,0.0,1.812687085489249e-09,2.9312698176419055e-12
1364,81900.0,81900,1.357573158018517,1.3575731580214536,11.430767728241992,0.0,1.3575733206310683,1.6260961366595265e-07,0.0,1.8126883993761553e-09,2.9356671156343934e-12
1365,81960.0,81960,1.356450982294788,1.356450982297729,11.450000014240898,0.0,1.3564511449029562,1.6260522618317142e-07,0.0,1.8126897268469653e-09,2.9398833952534027e-12
1366,82020.0,82020,1.3553336966593843,1.355333696662329,11.469216402750394,0.0,1.355333859263182,1.6260085194897305e-07,0.0,1.8126910649772202e-09,2.9438898705009754e-12
1367,82080.0,82080,1.3542212696336995,1.3542212696366482,11.488416963046735,0.0,1.3542214322331396,1.625964907347976e-07,0.0,1.8126924103624917e-09,2.9476537822356223e-12
1368,82140.0,82140,1.353113670092015,1.353113670094967,11.507601763960219,0.0,1.3531138326871102,1.6259214229856208e-07,0.0,1.812693759052404e-09,2.9511381476875387e-12
1369,82200.0,82200,1.352010867272792,1.3520108672757472,11.526770873880206,0.0,1.3520110298635544,1.6258780638265561e-07,0.0,1.8126951064802014e-09,2.954301521510017e-12
1370,82260.0,82260,1.3509128307818115,1.3509128307847695,11.545924360760273,0.0,1.350912993368253,1.6258348271201883e-07,0.0,1.8126964473881413e-09,2.957097719954371e-12
1371,82320.0,82320,1.3498195305983889,1.3498195306013494,11.565062292123388,0.0,1.3498196931805213,1.6257917099203392e-07,0.0,1.8126977757490671e-09,2.959475743658333e-12
1372,82380.0,82380,1.3487309370903369,1.3487309370932992,11.584184735067252,0.0,1.348731099668171,1.625748709061869e-07,0.0,1.8126990846854717e-09,2.9613796167852425e-12
1373,82440.0,82440,1.347647021021412,1.3476470210243756,11.60329175626976,0.0,1.3476471835949586,1.6257058211389176e-07,0.0,1.8127003663870822e-09,2.9627483732755727e-12
1374,82500.0,82500,1.346567753568266,1.3465677535712306,11.622383421994638,0.0,1.346567916137536,1.6256630424813147e-07,0.0,1.8127016120274872e-09,2.963516176727687e-12
1375,82560.0,82560,1.345493106338183,1.3454931063411475,11.641459798097273,0.0,1.3454932689031853,1.625620369132103e-07,0.0,1.8127028116829867e-09,2.963612357779143e-12
1376,82620.0,82620,1.3444230513860713,1.3444230513890352,11.660520950030826,0.0,1.3444232139468157,1.6255777968261388e-07,0.0,1.8127039542517273e-09,2.9629617437945023e-12
1377,82680.0,82680,1.3433575612391857,1.343357561242148,11.67956694285257,0.0,1.3433577237956809,1.6255353209691453e-07,0.0,1.8127050273790489e-09,2.9614849513539416e-12
1378,82740.0,82740,1.3422966089181516,1.3422966089211117,11.698597841230574,0.0,1.3422967714704062,1.6254929366201542e-07,0.0,1.8127060173870743e-09,2.9590988431383085e-12
1379,82800.0,82800,1.3412401679616313,1.3412401679645878,11.71761370945071,0.0,1.3412403305096525,1.625450638475542e-07,0.0,1.8127069092118984e-09,2.9557171437409434e-12
1380,82860.0,82860,1.340188212451691,1.3401882124546434,11.736614611423972,0.0,1.3401883749954862,1.6254084208574444e-07,0.0,1.812707686351489e-09,2.9512511353845218e-12
1381,82920.0,82920,1.3391407170363878,1.3391407170393343,11.755600610694186,0.0,1.339140879575963,1.6253662777074531e-07,0.0,1.81270833082475e-09,2.9456105371898896e-12
1382,82980.0,82980,1.3380976569547853,1.338097656957725,11.774571770446029,0.0,1.3380978194901458,1.6253242025841567e-07,0.0,1.812708823145496e-09,2.9387045810501935e-12
1383,83040.0,83040,1.337059008045037,1.3370590080479683,11.793528153513394,0.0,1.3370591705761883,1.6252821886683616e-07,0.0,1.8127091423141529e-09,2.9304433490849857e-12
1384,83100.0,83100,1.3360247467615456,1.3360247467644673,11.812469822387879,0.0,1.336024909288491,1.6252402287771373e-07,0.0,1.8127092658319884e-09,2.9207392981442477e-12
1385,83160.0,83160,1.3349948501648707,1.334994850167781,11.831396839227526,0.0,1.3349950126876133,1.6251983153852144e-07,0.0,1.8127091697403388e-09,2.9095091980054597e-12
1386,83220.0,83220,1.3339692959016876,1.333969295904585,11.850309265865398,0.0,1.33396945842023,1.6251564406602487e-07,0.0,1.8127088286929645e-09,2.896676450990285e-12
1387,83280.0,83280,1.3329480621620398,1.3329480621649228,11.869207163817888,0.0,1.3329482246763833,1.6251145965097273e-07,0.0,1.8127082160659418e-09,2.8821739618594357e-12
1388,83340.0,83340,1.3319311276045454,1.3319311276074122,11.88809059429241,0.0,1.3319312901146902,1.6250727746451648e-07,0.0,1.8127073041165127e-09,2.8659475508413494e-12
1389,83400.0,83400,1.3309184712432007,1.3309184712460493,11.906959618194048,0.0,1.3309186337491472,1.6250309666655322e-07,0.0,1.8127060641980637e-09,2.84796019207455e-12
1390,83460.0,83460,1.329910072284268,1.3299100722870971,11.925814296130573,0.0,1.3299102347860143,1.624989164163799e-07,0.0,1.812704467046241e-09,2.8281970484648755e-12
1391,83520.0,83520,1.3289059099047178,1.3289059099075253,11.944654688415193,0.0,1.328906072402262,1.6249473588628834e-07,0.0,1.8127024831489106e-09,2.8066716897874977e-12
1392,83580.0,83580,1.327905962962706,1.3279059629654903,11.96348085506611,0.0,1.3279061254560454,1.624905542784526e-07,0.0,1.8127000832194915e-09,2.783433280956089e-12
1393,83640.0,83640,1.3269102096146341,1.3269102096173935,11.982292855802024,0.0,1.3269103721037652,1.6248637084601188e-07,0.0,1.8126972387908051e-09,2.758575229534431e-12
1394,83700.0,83700,1.3259186268438066,1.3259186268465393,12.00109075003218,0.0,1.3259187893287252,1.6248218491907537e-07,0.0,1.8126939229522495e-09,2.7322452006894004e-12
1395,83760.0,83760,1.3249311898842147,1.3249311898869203,12.019874596839767,0.0,1.3249313523649169,1.6247799593651606e-07,0.0,1.812690111254594e-09,2.7046564497390228e-12
1396,83820.0,83820,1.323947871519316,1.323947871521993,12.038644454957101,0.0,1.3239480339957974,1.624738034846825e-07,0.0,1.8126857828035617e-09,2.6761006141754707e-12
1397,83880.0,83880,1.3229686412700299,1.3229686412726778,12.05740038273094,0.0,1.322968803742286,1.6246960734414112e-07,0.0,1.8126809215663748e-09,2.64696164851071e-12
1398,83940.0,83940,1.321993464471414,1.3219934644740325,12.076142438076257,0.0,1.321993626939441,1.6246540754530842e-07,0.0,1.8126755179106306e-09,2.617730205938523e-12
1399,84000.0,84000,1.321022301239439,1.321022301242029,12.094870678416942,0.0,1.3210224637032344,1.6246120443433447e-07,0.0,1.8126695703828687e-09,2.5890182207299095e-12
1400,84060.0,84060,1.3200551053836593,1.320055105386222,12.113585160611846,0.0,1.3200552678432216,1.6245699874957794e-07,0.0,1.8126630877306514e-09,2.5615720683404173e-12
1401,84120.0,84120,1.3190918232907445,1.3190918232932818,12.13228594086547,0.0,1.3190919857460743,1.624527917091367e-07,0.0,1.812656091142882e-09,2.53628288363548e-12
1402,84180.0,84180,1.3181323928806499,1.3181323928831647,12.150973074622788,0.0,1.3181325553317509,1.6244858510853484e-07,0.0,1.8126486166631112e-09,2.5141916760279197e-12
1403,84240.0,84240,1.3171767427359127,1.3171767427384098,12.169646616449311,0.0,1.3171769051827922,1.6244438142664428e-07,0.0,1.812640717687367e-09,2.4964859700642033e-12
1404,84300.0,84300,1.316224791590227,1.3162247915927123,12.188306619898793,0.0,1.3162249540328972,1.624401839359313e-07,0.0,1.8126324674066027e-09,2.4844839105903047e-12
1405,84360.0,84360,1.315276448379962,1.3152764483824424,12.206953137373715,0.0,1.3152766108184402,1.6243599681032016e-07,0.0,1.8126239609838064e-09,2.479599950096685e-12
1406,84420.0,84420,1.3143316132162932,1.3143316132187772,12.225586219986507,0.0,1.3143317756506034,1.6243182522051471e-07,0.0,1.8126153171607056e-09,2.4832851488661713e-12
1407,84480.0,84480,1.3133901796810326,1.3133901796835303,12.244205917434492,0.0,1.3133903421112065,1.6242767540269457e-07,0.0,1.8126066788688484e-09,2.496931831041243e-12
1408,84540.0,84540,1.3124520390693124,1.312452039071835,12.262812277907402,0.0,1.3124522014953908,1.624235546799368e-07,0.0,1.812598212254026e-09,2.521729920345996e-12
1409,84600.0,84600,1.3115170873843924,1.311517087386952,12.281405348054992,0.0,1.3115172498064243,1.6241947141094193e-07,0.0,1.8125901033074125e-09,2.558457947353803e-12
1410,84660.0,84660,1.3105852362104835,1.3105852362130916,12.299985173053729,0.0,1.3105853986285272,1.62415434831025e-07,0.0,1.8125825510153958e-09,2.6071878170783702e-12
1411,84720.0,84720,1.3096564289359478,1.3096564289386157,12.318551796827506,0.0,1.3096565913500713,1.624114547421261e-07,0.0,1.8125757555929505e-09,2.6668821109442535e-12
1412,84780.0,84780,1.3087306642586578,1.3087306642613936,12.337105262498236,0.0,1.3087308266689355,1.6240754099612105e-07,0.0,1.8125699000080833e-09,2.7348700530201577e-12
1413,84840.0,84840,1.3078080292250154,1.3078080292278225,12.355645613169388,0.0,1.307808191631526,1.6240370270652115e-07,0.0,1.8125651227785026e-09,2.806213756139965e-12
1414,84900.0,84900,1.306888743981071,1.3068887439839447,12.374172893177573,0.0,1.3068889063838927,1.6239994713059775e-07,0.0,1.8125614802110028e-09,2.8730205050988513e-12
1415,84960.0,84960,1.305973219247535,1.3059732192504598,12.392687149978144,0.0,1.305973381646739,1.6239627823230116e-07,0.0,1.8125588971887258e-09,2.9237937319938247e-12
1416,85020.0,85020,1.3050621240228486,1.3050621240257922,12.411188436844997,0.0,1.3050622864184884,1.6239269516129468e-07,0.0,1.8125571071530283e-09,2.942828875658957e-12
1417,85080.0,85080,1.304156453859157,1.3041564538620671,12.429676816529515,0.0,1.3041566162512594,1.623891914074528e-07,0.0,1.8125555820357874e-09,2.9091607083848545e-12
1418,85140.0,85140,1.303257578583753,1.303257578586547,12.448152365886717,0.0,1.3032577409723043,1.6238575628615856e-07,0.0,1.8125534446742146e-09,2.793052510489105e-12
1419,85200.0,85200,1.3023672361475467,1.3023672361500918,12.466615181177533,0.0,1.3023673985324742,1.6238238130223823e-07,0.0,1.8125493227496703e-09,2.544153464430042e-12
1420,85260.0,85260,1.3014874353230823,1.301487435325136,12.485065383283832,0.0,1.3014875977042104,1.623790733776111e-07,0.0,1.8125410053840056e-09,2.052793193160596e-12
1421,85320.0,85320,1.3006202221445455,1.3006202221455334,12.503503121545124,0.0,1.300620384521407,1.623758726050162e-07,0.0,1.812524454614445e-09,9.86937938135429e-13
1422,85380.0,85380,1.2997670412037117,1.299767041201423,12.521928574286383,0.0,1.299767203574293,1.6237286900893556e-07,0.0,1.812490099239705e-09,-2.289571268861754e-12
1423,85440.0,85440,1.2989258654565283,1.2989258654364586,12.5403419402976,0.0,1.2989260278067487,1.6237028921152568e-07,0.0,1.812401099216589e-09,-2.0070691570705302e-11
1424,85500.0,85500,1.2980764843300068,1.298076484167098,12.558743389652161,0.0,1.2980766465367217,1.623696229944908e-07,0.0,1.8120157207644275e-09,-1.629097881427977e-10
1425,85560.0,85560,1.297101643922288,1.297101642443115,12.577132806105405,0.0,1.2971018048285305,1.6238541452880357e-07,0.0,1.8092497432046735e-09,-1.479173932255437e-09
1426,85620.0,85620,1.2953151024650393,1.2953150882173345,12.595508412300854,0.0,1.29531525078215,1.6256481435648092e-07,0.0,1.7845469160594666e-09,-1.424770580914306e-08
1427,85680.0,85680,300.00000011436316,1.2842913651885687e-07,12.613858708977647,300.0,8.228945946141434e-07,6.944654598768628e-07,0.0,1.5470451382261914e-09,1.4065961600604419e-08
1428,85740.0,85740,300.0000001183408,1.1886326718113441e-07,12.613858709061034,300.0,8.175518124171011e-07,6.986885470665979e-07,0.0,1.7815751581945016e-09,5.224684151965843e-10
1429,85800.0,85800,300.00000012095404,1.1192169830646146e-07,12.613858708998345,300.0,8.12107684524006e-07,7.001859880882814e-07,0.0,1.7903925882724178e-09,-9.032358986249267e-09
1430,85860.0,85860,300.00000014662305,4.821456057379272e-08,12.613858708833575,300.0,7.649692408112456e-07,7.167546823260048e-07,0.0,1.6399662733533015e-09,-9.840851015505457e-08
1431,,85920,,,,,,,,,
