,time,time_x,P_Grid,P_BTMS,E_BTMS,P_Charge,P_BTMS_Ch,P_BTMS_DCh,"param: btms size, a,b,c"
0,60.0,60,7.556442905904641,7.556442905904641,-1.1759799131984473e-14,0.0,7.556442910595193,-4.690551381111802e-09,71.12719015466523
1,120.0,120,7.556423146256917,7.556423146256917,0.11611733931462592,0.0,7.556423150947461,-4.690544895994469e-09,0.09863013698630137
2,180.0,180,7.556383627222135,7.556383627222135,0.23223437498934363,0.0,7.5563836319126665,-4.690531925862151e-09,0.040740740740740744
3,240.0,240,7.556324349342311,7.556324349342311,0.3483508033882268,0.0,7.5563243540328235,-4.69051247092205e-09,0.12
4,300.0,300,7.5562453134165555,7.5562453134165555,0.46446632088369005,0.0,7.5562453181070435,-4.690486531483078e-09,0.0
5,360.0,360,7.5561465205198095,7.5561465205198095,0.5805806238604276,0.0,7.556146525210263,-4.690454107957632e-09,0.0
6,420.0,420,7.55602797198843,7.55602797198843,0.6966934087196518,0.0,7.556027976678846,-4.6904152008617826e-09,0.0
7,480.0,480,7.5558896694363185,7.5558896694363185,0.8128043718831105,0.0,7.555889674126688,-4.690369810814126e-09,0.0
8,540.0,540,7.555731614729636,7.555731614729636,0.9289132097973519,0.0,7.555731619419953,-4.69031793853725e-09,0.0
9,600.0,600,7.555553810019316,7.555553810019316,1.0450196189376009,0.0,7.555553814709576,-4.690259584855679e-09,0.0
10,660.0,660,7.555356257712089,7.555356257712089,1.1611232958121342,0.0,7.5553562624022845,-4.690194750698654e-09,0.0
11,720.0,720,7.555138960485043,7.555138960485043,1.2772239369662135,0.0,7.555138965175166,-4.690123437095713e-09,0.0
12,780.0,780,7.554901921284098,7.554901921284098,1.3933212389862373,0.0,7.554901925974143,-4.690045645182253e-09,0.0
13,840.0,840,7.55464514332256,7.55464514332256,1.5094148985038733,0.0,7.554645148012522,-4.689961376197247e-09,0.0
14,900.0,900,7.5543686300831165,7.5543686300831165,1.625504612200167,0.0,7.554368634772987,-4.689870631477957e-09,0.0
15,960.0,960,7.554072385308982,7.554072385308982,1.7415900768096813,0.0,7.554072389998756,-4.689773412470151e-09,0.0
16,1020.0,1020,7.553756413017067,7.553756413017067,1.8576709891245002,0.0,7.553756417706737,-4.689669720720804e-09,0.0
17,1080.0,1080,7.553420717489186,7.553420717489186,1.9737470459984334,0.0,7.553420722178744,-4.68955955787896e-09,0.0
18,1140.0,1140,7.553065303269822,7.553065303269822,2.089817944351088,0.0,7.553065307959265,-4.689442925697065e-09,0.0
19,1200.0,1200,7.552690175179071,7.552690175179071,2.2058833811719056,0.0,7.5526901798683905,-4.6893198260317776e-09,0.0
20,1260.0,1260,7.552295338298546,7.552295338298546,2.3219430535243952,0.0,7.552295342987737,-4.689190260840691e-09,0.0
21,1320.0,1320,7.551880797970594,7.551880797970593,2.4379966585501545,0.0,7.551880802659648,-4.68905423218516e-09,0.0
22,1380.0,1380,7.55144655981716,7.55144655981716,2.5540438934728744,0.0,7.551446564506072,-4.688911742231896e-09,0.0
23,1440.0,1440,7.5509926297137895,7.5509926297137895,2.670084455602636,0.0,7.550992634402551,-4.688762793247176e-09,0.0
24,1500.0,1500,7.550519013802138,7.550519013802138,2.7861180423398104,0.0,7.550519018490745,-4.688607387601036e-09,0.0
25,1560.0,1560,7.550025718506023,7.550025718506023,2.9021443511791416,0.0,7.5500257231944685,-4.688445527766955e-09,0.0
26,1620.0,1620,7.549512750492952,7.549512750492952,3.018163079714091,0.0,7.54951275518123,-4.688277216321352e-09,0.0
27,1680.0,1680,7.548980116707317,7.548980116707317,3.134173925640572,0.0,7.548980121395419,-4.688102455943724e-09,0.0
28,1740.0,1740,7.5484278243609815,7.5484278243609815,3.2501765867612136,0.0,7.5484278290489035,-4.687921249414359e-09,0.0
29,1800.0,1800,7.547855880923715,7.547855880923715,3.3661707609894673,0.0,7.547855885611448,-4.687733599619365e-09,0.0
30,1860.0,1860,7.547264294134701,7.547264294134701,3.482156146353568,0.0,7.547264298822239,-4.687539509544776e-09,0.0
31,1920.0,1920,7.546653071991903,7.546653071991903,3.5981324410006783,0.0,7.546653076679242,-4.687338982281619e-09,0.0
32,1980.0,1980,7.546022222762574,7.546022222762574,3.714099343200861,0.0,7.546022227449706,-4.6871320210214874e-09,0.0
33,2040.0,2040,7.5453717549841635,7.5453717549841635,3.8300565513512206,0.0,7.545371759671082,-4.686918629061427e-09,0.0
34,2100.0,2100,7.544701677441303,7.544701677441303,3.9460037639800523,0.0,7.544701682128001,-4.686698809797269e-09,0.0
35,2160.0,2160,7.5440119991936205,7.5440119991936205,4.061940679750641,0.0,7.544012003880092,-4.6864725667317535e-09,0.0
36,2220.0,2220,7.543302729565203,7.543302729565203,4.177866997465491,0.0,7.5433027342514425,-4.686239903467187e-09,0.0
37,2280.0,2280,7.542573878131162,7.542573878131162,4.2937824160703855,0.0,7.542573882817164,-4.686000823708494e-09,0.0
38,2340.0,2340,7.541825454744633,7.541825454744633,4.409686634658243,0.0,7.541825459430389,-4.685755331264727e-09,0.0
39,2400.0,2400,7.5410574695117765,7.5410574695117765,4.525579352473396,0.0,7.541057474197279,-4.685503430045778e-09,0.0
40,2460.0,2460,7.5402699328053835,7.5402699328053835,4.641460268915469,0.0,7.540269937490629,-4.685245124066031e-09,0.0
41,2520.0,2520,7.539462855252831,7.539462855252831,4.757329083543488,0.0,7.539462859937811,-4.684980417440026e-09,0.0
42,2580.0,2580,7.538636247743662,7.538636247743662,4.873185496079784,0.0,7.538636252428371,-4.684709314384195e-09,0.0
43,2640.0,2640,7.537790121439721,7.537790121439721,4.989029206414022,0.0,7.537790126124153,-4.684431819221056e-09,0.0
44,2700.0,2700,7.536924487754402,7.536924487754402,5.10485991460739,0.0,7.5369244924385494,-4.684147936371736e-09,0.0
45,2760.0,2760,7.536039358362348,7.536039358362348,5.220677320896461,0.0,7.536039363046207,-4.683857670360663e-09,0.0
46,2820.0,2820,7.5351347452011455,7.5351347452011455,5.336481125697207,0.0,7.5351347498847066,-4.683561025814704e-09,0.0
47,2880.0,2880,7.534210660456905,7.534210660456905,5.452271029609044,0.0,7.534210665140162,-4.6832580074627085e-09,0.0
48,2940.0,2940,7.533267116596341,7.533267116596341,5.568046733418644,0.0,7.533267121279289,-4.682948620134824e-09,0.0
49,3000.0,3000,7.532304126323232,7.532304126323232,5.683807938104254,0.0,7.532304131005865,-4.682632868765596e-09,0.0
50,3060.0,3060,7.531321702613508,7.531321702613508,5.7995543448393345,0.0,7.5313217072958185,-4.682310758389683e-09,0.0
51,3120.0,3120,7.530319858697603,7.530319858697603,5.915285654996743,0.0,7.530319863379586,-4.6819822941429015e-09,0.0
52,3180.0,3180,7.529298608060759,7.529298608060759,6.031001570152643,0.0,7.529298612742406,-4.68164748126465e-09,0.0
53,3240.0,3240,7.528257964449408,7.528257964449408,6.1467017920904246,0.0,7.528257969130714,-4.6813063250953924e-09,0.0
54,3300.0,3300,7.527197941868332,7.527197941868332,6.262386022804712,0.0,7.52719794654929,-4.680958831077533e-09,0.0
55,3360.0,3360,7.526118554571814,7.526118554571814,6.378053964505337,0.0,7.526118559252418,-4.680605004756092e-09,0.0
56,3420.0,3420,7.5250198170766085,7.5250198170766085,6.493705319621174,0.0,7.525019821756853,-4.680244851776067e-09,0.0
57,3480.0,3480,7.523901744153284,7.523901744153284,6.609339790804168,0.0,7.523901748833163,-4.679878377884436e-09,0.0
58,3540.0,3540,7.522764350825869,7.522764350825869,6.7249570809332395,0.0,7.522764355505374,-4.67950558893203e-09,0.0
59,3600.0,3600,7.521607652380936,7.521607652380936,6.840556893118182,0.0,7.521607657060064,-4.6791264908676455e-09,0.0
60,3660.0,3660,7.520431664345479,7.520431664345479,6.956138930703686,0.0,7.5204316690242194,-4.678741089743886e-09,0.0
61,3720.0,3720,7.519236402513964,7.519236402513964,7.071702897273046,0.0,7.519236407192313,-4.6783493917157046e-09,0.0
62,3780.0,3780,7.518021882931211,7.518021882931211,7.1872484966522645,0.0,7.518021887609162,-4.67795140303597e-09,0.0
63,3840.0,3840,7.5167881218807855,7.5167881218807855,7.3027754329138945,0.0,7.516788126558333,-4.677547130061956e-09,0.0
64,3900.0,3900,7.515535135924334,7.515535135924334,7.418283410380715,0.0,7.515535140601471,-4.677136579250815e-09,0.0
65,3960.0,3960,7.514262941852334,7.514262941852334,7.5337721336300065,0.0,7.514262946529055,-4.676719757161411e-09,0.0
66,4020.0,4020,7.512971556723473,7.512971556723473,7.649241307497058,0.0,7.512971561399769,-4.676296670452807e-09,0.0
67,4080.0,4080,7.511660997832971,7.511660997832971,7.764690637079296,0.0,7.511661002508838,-4.675867325885228e-09,0.0
68,4140.0,4140,7.51033128273959,7.51033128273959,7.880119827739919,0.0,7.5103312874150205,-4.675431730322342e-09,0.0
69,4200.0,4200,7.5089824292439475,7.5089824292439475,7.99552858511194,0.0,7.508982433918938,-4.67498989072537e-09,0.0
70,4260.0,4260,7.507614455400326,7.507614455400326,8.110916615101912,0.0,7.507614460074867,-4.674541814158247e-09,0.0
71,4320.0,4320,7.506227379502567,7.506227379502567,8.22628362389382,0.0,7.506227384176656,-4.674087507785017e-09,0.0
72,4380.0,4380,7.504821220109707,7.504821220109707,8.34162931795277,0.0,7.504821224783333,-4.673626978871297e-09,0.0
73,4440.0,4440,7.50339599601254,7.50339599601254,8.456953404029047,0.0,7.5033960006857,-4.673160234781217e-09,0.0
74,4500.0,4500,7.501951726264667,7.501951726264667,8.5722555891617,0.0,7.501951730937354,-4.6726872829822126e-09,0.0
75,4560.0,4560,7.500488430142807,7.500488430142807,8.68753558068256,0.0,7.500488434815016,-4.672208131041874e-09,0.0
76,4620.0,4620,7.499006127203245,7.499006127203245,8.802793086219681,0.0,7.4990061318749675,-4.6717227866268095e-09,0.0
77,4680.0,4680,7.497504837213334,7.497504837213334,8.918027813701633,0.0,7.497504841884565,-4.671231257503919e-09,0.0
78,4740.0,4740,7.495984580211669,7.495984580211669,9.033239471360739,0.0,7.495984584882401,-4.670733551541311e-09,0.0
79,4800.0,4800,7.494445376470394,7.494445376470394,9.148427767737253,0.0,7.494445381140625,-4.670229676708251e-09,0.0
80,4860.0,4860,7.492887246498925,7.492887246498925,9.263592411682945,0.0,7.492887251168645,-4.669719641071106e-09,0.0
81,4920.0,4920,7.491310211063586,7.491310211063586,9.378733112364742,0.0,7.491310215732788,-4.6692034528006894e-09,0.0
82,4980.0,4980,7.489714291166048,7.489714291166048,9.493849579268684,0.0,7.48971429583473,-4.668681120163635e-09,0.0
83,5040.0,5040,7.488099508051886,7.488099508051886,9.608941522203533,0.0,7.488099512720038,-4.668152651528785e-09,0.0
84,5100.0,5100,7.48646588320574,7.48646588320574,9.724008651304528,0.0,7.486465887873358,-4.667618055364366e-09,0.0
85,5160.0,5160,7.484813438356409,7.484813438356409,9.839050677037058,0.0,7.484813443023486,-4.6670773402383485e-09,0.0
86,5220.0,5220,7.483142195469021,7.483142195469021,9.9540673102004,0.0,7.483142200135551,-4.666530514817856e-09,0.0
87,5280.0,5280,7.481452176753645,7.481452176753645,10.069058261931374,0.0,7.481452181419623,-4.665977587870806e-09,0.0
88,5340.0,5340,7.479743404651091,7.479743404651091,10.184023243708092,0.0,7.479743409316509,-4.665418568263815e-09,0.0
89,5400.0,5400,7.478015901848461,7.478015901848461,10.298961967353499,0.0,7.478015906513316,-4.664853464963106e-09,0.0
90,5460.0,5460,7.47626969126826,7.47626969126826,10.413874145039173,0.0,7.476269695932543,-4.664282287033875e-09,0.0
91,5520.0,5520,7.474504796068409,7.474504796068409,10.528759489288934,0.0,7.474504800732113,-4.663705043642019e-09,0.0
92,5580.0,5580,7.472721239643594,7.472721239643594,10.643617712982458,0.0,7.472721244306715,-4.663121744050445e-09,0.0
93,5640.0,5640,7.4709190456194206,7.4709190456194206,10.758448529358919,0.0,7.470919050281952,-4.662532397622672e-09,0.0
94,5700.0,5700,7.469098237872783,7.469098237872783,10.873251652020544,0.0,7.46909824253472,-4.6619370138210536e-09,0.0
95,5760.0,5760,7.467258840487304,7.467258840487304,10.988026794936463,0.0,7.46725884514864,-4.661335602207004e-09,0.0
96,5820.0,5820,7.465400877815102,7.465400877815102,11.102773672445894,0.0,7.465400882475829,-4.660728172440495e-09,0.0
97,5880.0,5880,7.4635243744054005,7.4635243744054005,11.217491999262261,0.0,7.463524379065515,-4.660114734279742e-09,0.0
98,5940.0,5940,7.461629355063013,7.461629355063013,11.332181490476234,0.0,7.461629359722507,-4.65949529758234e-09,0.0
99,6000.0,6000,7.459715844819016,7.459715844819016,11.446841861559646,0.0,7.459715849477887,-4.658869872304578e-09,0.0
100,6060.0,6060,155.79857767971322,5.798577679713263,11.561472828368975,150.0,5.798577684759275,-5.04601172312055e-09,0.0
101,6120.0,6120,155.79735109802274,5.797351098022769,11.650577638707343,150.0,5.797351103068214,-5.045445266251902e-09,0.0
102,6180.0,6180,155.79612426515658,5.796124265156588,11.739663600573735,150.0,5.796124270201461,-5.04487275397361e-09,0.0
103,6240.0,6240,155.79489717936892,5.794897179368928,11.828730710108417,150.0,5.794897184413222,-5.044294188628743e-09,0.0
104,6300.0,6300,155.7936698389419,5.7936698389419155,11.91777896342483,150.0,5.793669843985624,-5.043709572573421e-09,0.0
105,6360.0,6360,155.79244224218084,5.7924422421808615,12.006808356610016,150.0,5.79244224722398,-5.0431189081720696e-09,0.0
106,6420.0,6420,155.79121438742538,5.791214387425391,12.095818885724972,150.0,5.791214392467913,-5.042522197801158e-09,0.0
107,6480.0,6480,155.7899862730234,5.7899862730234215,12.184810546805188,150.0,5.789986278065341,-5.041919443847106e-09,0.0
108,6540.0,6540,155.7887578973599,5.788757897359928,12.273783335860763,150.0,5.7887579024012386,-5.041310648708194e-09,0.0
109,6600.0,6600,155.7875292588342,5.787529258834263,12.362737248876973,150.0,5.7875292638749585,-5.040695814792195e-09,0.0
110,6660.0,6660,155.78630035588438,5.786300355884427,12.451672281814508,150.0,5.786300360924502,-5.040074944517923e-09,0.0
111,6720.0,6720,155.7850711869584,5.785071186958431,12.540588430610047,150.0,5.785071191997879,-5.039448040314508e-09,0.0
112,6780.0,6780,155.78384175053205,5.783841750532089,12.629485691176425,150.0,5.783841755570904,-5.038815104622024e-09,0.0
113,6840.0,6840,155.78261204510503,5.782612045105065,12.71836405940305,150.0,5.782612050143241,-5.038176139891777e-09,0.0
114,6900.0,6900,155.78138206920093,5.78138206920097,12.807223531156284,150.0,5.781382074238501,-5.037531148585382e-09,0.0
115,6960.0,6960,155.7801518213731,5.780151821373106,12.89606410227979,150.0,5.780151826409986,-5.036880133174856e-09,0.0
116,7020.0,7020,155.7789213001809,5.778921300180962,12.98488576859501,150.0,5.778921305217185,-5.0362230961439e-09,0.0
117,7080.0,7080,155.77769050422387,5.777690504223902,13.073688525901247,150.0,5.777690509259463,-5.0355600399857064e-09,0.0
118,7140.0,7140,155.7764594321174,5.776459432117442,13.162472369976273,150.0,5.776459437152333,-5.0348909672060574e-09,0.0
119,7200.0,7200,155.7752280824959,5.7752280824958975,13.251237296576601,150.0,5.775228087530113,-5.034215880319134e-09,0.0
120,7260.0,7260,155.77399645402207,5.773996454022091,13.339983301437742,150.0,5.773996459055627,-5.0335347818521665e-09,0.0
121,7320.0,7320,155.77276454538196,5.772764545381969,13.428710380274673,150.0,5.772764550414816,-5.032847674342424e-09,0.0
122,7380.0,7380,145.92160080469705,5.921600804696921,13.517418528782168,140.00000000000014,5.92160080961488,-4.917958513188151e-09,0.0
123,7440.0,7440,7.415599329478947,7.415599329478947,13.608413794474618,0.0,7.415599334121025,-4.6420783246903996e-09,0.0
124,7500.0,7500,7.413833796126779,7.413833796126779,13.722366837498244,0.0,7.413833800768084,-4.641304670453075e-09,0.0
125,7560.0,7560,7.412049856982946,7.412049856982946,13.83629275015936,0.0,7.412049861623471,-4.640525195256889e-09,0.0
126,7620.0,7620,7.410247534583249,7.410247534583249,13.9501912496223,0.0,7.41024753922299,-4.639739909069907e-09,0.0
127,7680.0,7680,7.408426851711585,7.408426851711585,14.064062053397697,0.0,7.408426856350534,-4.638948821960393e-09,0.0
128,7740.0,7740,7.406587831364551,7.406587831364551,14.177904879346304,0.0,7.4065878360027035,-4.638151944093303e-09,0.0
129,7800.0,7800,7.404730496769722,7.404730496769722,14.291719445682242,0.0,7.404730501407071,-4.637349285732879e-09,0.0
130,7860.0,7860,7.4028548713927,7.4028548713927,14.405505470976577,0.0,7.40285487602924,-4.636540857242063e-09,0.0
131,7920.0,7920,7.400960978914405,7.400960978914405,14.519262674160949,0.0,7.400960983550132,-4.635726669081897e-09,0.0
132,7980.0,7980,7.39904884325139,7.39904884325139,14.632990774530908,0.0,7.399048847886297,-4.634906731810525e-09,0.0
133,8040.0,8040,7.397118488540301,7.397118488540301,14.746689491749514,0.0,7.397118493174383,-4.634081056086702e-09,0.0
134,8100.0,8100,7.395169939148662,7.395169939148662,14.860358545850726,0.0,7.3951699437819105,-4.6332496526663755e-09,0.0
135,8160.0,8160,7.393203219666733,7.393203219666733,14.973997657242952,0.0,7.393203224299146,-4.632412532401769e-09,0.0
136,8220.0,8220,7.3912183549045585,7.3912183549045585,15.087606546712479,0.0,7.391218359536129,-4.6315697062456296e-09,0.0
137,8280.0,8280,7.389215369910301,7.389215369910301,15.201184935426824,0.0,7.389215374541023,-4.630721185247071e-09,0.0
138,8340.0,8340,7.387194289932637,7.387194289932637,15.314732544938428,0.0,7.387194294562504,-4.6298669805544534e-09,0.0
139,8400.0,8400,7.385155140467034,7.385155140467034,15.42824909718771,0.0,7.385155145096041,-4.629007103412414e-09,0.0
140,8460.0,8460,7.383097947207592,7.383097947207592,15.541734314506867,0.0,7.383097951835732,-4.628141565163922e-09,0.0
141,8520.0,8520,7.381022736083378,7.381022736083378,15.655187919622941,0.0,7.381022740710649,-4.6272703772492724e-09,0.0
142,8580.0,8580,7.378929533241176,7.378929533241176,15.768609635661408,0.0,7.37892953786757,-4.626393551208966e-09,0.0
143,8640.0,8640,7.376818365047884,7.376818365047884,15.881999186149534,0.0,7.376818369673396,-4.625511098674939e-09,0.0
144,8700.0,8700,7.374689258085591,7.374689258085591,15.995356295019759,0.0,7.374689262710214,-4.624623031382394e-09,0.0
145,8760.0,8760,7.372542239157587,7.372542239157587,16.108680686612995,0.0,7.372542243781317,-4.623729361161347e-09,0.0
146,8820.0,8820,7.370377335283522,7.370377335283522,16.221972085682044,0.0,7.370377339906352,-4.622830099938548e-09,0.0
147,8880.0,8880,7.368194573699535,7.368194573699535,16.33523021739489,0.0,7.368194578321461,-4.6219252597394e-09,0.0
148,8940.0,8940,7.365993981860897,7.365993981860897,16.448454807338067,0.0,7.365993986481911,-4.6210148526850815e-09,0.0
149,9000.0,9000,7.363775587429681,7.363775587429681,16.561645581519986,0.0,7.363775592049779,-4.620098890993459e-09,0.0
150,9060.0,9060,7.361539418287048,7.361539418287048,16.67480226637415,0.0,7.361539422906225,-4.6191773869816894e-09,0.0
151,9120.0,9120,7.359285502541758,7.359285502541758,16.78792458876249,0.0,7.359285507160009,-4.618250353061383e-09,0.0
152,9180.0,9180,7.357013868484857,7.357013868484857,16.90101227597888,0.0,7.357013873102174,-4.617317801740562e-09,0.0
153,9240.0,9240,7.354724544653026,7.354724544653026,17.014065055751928,0.0,7.354724549269405,-4.616379745626953e-09,0.0
154,9300.0,9300,7.352417559771882,7.352417559771882,17.127082656248763,0.0,7.352417564387318,-4.615436197419675e-09,0.0
155,9360.0,9360,7.3500929427793515,7.3500929427793515,17.240064806077925,0.0,7.350092947393838,-4.614487169919603e-09,0.0
156,9420.0,9420,7.3477507228399395,7.3477507228399395,17.353011234292637,0.0,7.34775072745347,-4.6135326760204666e-09,0.0
157,9480.0,9480,7.345390929311605,7.345390929311605,17.465921670394277,0.0,7.345390933924177,-4.612572728713368e-09,0.0
158,9540.0,9540,7.34301359176697,7.34301359176697,17.57879584433537,0.0,7.343013596378577,-4.611607341086191e-09,0.0
159,9600.0,9600,7.340618739974196,7.340618739974196,17.69163348652286,0.0,7.340618744584832,-4.610636526322547e-09,0.0
160,9660.0,9660,7.338206403933512,7.338206403933512,17.804434327821138,0.0,7.338206408543173,-4.609660297701235e-09,0.0
161,9720.0,9720,7.335776613830961,7.335776613830961,17.91719809955559,0.0,7.33577661843964,-4.608678668596415e-09,0.0
162,9780.0,9780,7.33332940005945,7.333329400059449,18.029924533515473,0.0,7.333329404667141,-4.607691652481129e-09,0.0
163,9840.0,9840,7.330864793225404,7.330864793225404,18.142613361957064,0.0,7.330864797832102,-4.6066992629207245e-09,0.0
164,9900.0,9900,7.32838282413183,7.32838282413183,18.255264317606972,0.0,7.328382828737531,-4.6057015135771035e-09,0.0
165,9960.0,9960,7.325883523789256,7.325883523789256,18.367877133665143,0.0,7.3258835283939545,-4.604698418209129e-09,0.0
166,10020.0,10020,7.323366923402615,7.323366923402615,18.480451543808055,0.0,7.323366928006305,-4.603689990669021e-09,0.0
167,10080.0,10080,7.320833054387587,7.320833054387587,18.59298728219169,0.0,7.320833058990264,-4.602676244905281e-09,0.0
168,10140.0,10140,7.318281948354828,7.318281948354828,18.7054840834548,0.0,7.318281952956485,-4.601657194961042e-09,0.0
169,10200.0,10200,7.315713637113195,7.315713637113195,18.81794168272187,0.0,7.3157136417138275,-4.6006328549767195e-09,0.0
170,10260.0,10260,7.313128152676183,7.313128152676183,18.9303598156062,0.0,7.313128157275786,-4.5996032391839905e-09,0.0
171,10320.0,10320,7.310525527251105,7.310525527251105,19.042738218213007,0.0,7.310525531849674,-4.598568361912359e-09,0.0
172,10380.0,10380,7.3079057932373725,7.3079057932373725,19.15507662714246,0.0,7.307905797834901,-4.597528237585691e-09,0.0
173,10440.0,10440,7.305268983243216,7.305268983243216,19.267374779492563,0.0,7.305268987839699,-4.596482880720983e-09,0.0
174,10500.0,10500,7.302615130061766,7.302615130061766,19.379632412862428,0.0,7.302615134657198,-4.5954323059311435e-09,0.0
175,10560.0,10560,7.299944266682778,7.299944266682778,19.491849265355068,0.0,7.2999442712771545,-4.594376527922303e-09,0.0
176,10620.0,10620,7.297256426298411,7.297256426298411,19.60402507558046,0.0,7.297256430891727,-4.5933155614980535e-09,0.0
177,10680.0,10680,7.29455164227119,7.294551642271189,19.71615958265861,0.0,7.294551646863439,-4.592249421552384e-09,0.0
178,10740.0,10740,7.291829948186092,7.291829948186092,19.828252526222208,0.0,7.29182995277727,-4.5911781230753746e-09,0.0
179,10800.0,10800,7.289091377795185,7.289091377795185,19.940303646420034,0.0,7.289091382385287,-4.590101681150648e-09,0.0
180,10860.0,10860,7.286335965048697,7.286335965048697,20.052312683919517,0.0,7.286335969637718,-4.5890201109558215e-09,0.0
181,10920.0,10920,7.28356374409402,7.28356374409402,20.164279379909804,0.0,7.283563748681954,-4.587933427763104e-09,0.0
182,10980.0,10980,7.28077474924873,7.28077474924873,20.27620347610475,0.0,7.280774753835571,-4.586841646938244e-09,0.0
183,11040.0,11040,7.277969015036653,7.277969015036653,20.388084714745577,0.0,7.277969019622398,-4.585744783937793e-09,0.0
184,11100.0,11100,7.275146576157013,7.275146576157013,20.499922838604014,0.0,7.275146580741657,-4.584642854316906e-09,0.0
185,11160.0,11160,7.272307467497259,7.272307467497259,20.611717590985002,0.0,7.272307472080795,-4.5835358737190335e-09,0.0
186,11220.0,11220,7.2694517241293575,7.2694517241293575,20.723468715729584,0.0,7.269451728711781,-4.582423857884038e-09,0.0
187,11280.0,11280,7.266579381313571,7.266579381313571,20.835175957217754,0.0,7.266579385894876,-4.5813068226444125e-09,0.0
188,11340.0,11340,7.263690474484392,7.263690474484392,20.946839060371317,0.0,7.263690479064577,-4.580184783924683e-09,0.0
189,11400.0,11400,7.260785039269321,7.260785039269321,21.058457770656606,0.0,7.260785043848379,-4.579057757742505e-09,0.0
190,11460.0,11460,7.257863111472036,7.257863111472036,21.170031834087425,0.0,7.257863116049963,-4.577925760209075e-09,0.0
191,11520.0,11520,7.254924727067829,7.254924727067829,21.281560997227764,0.0,7.254924731644618,-4.57678880752776e-09,0.0
192,11580.0,11580,7.251969922225453,7.251969922225453,21.393045007194424,0.0,7.2519699268011,-4.575646915995149e-09,0.0
193,11640.0,11640,7.2489987332825985,7.2489987332825985,21.504483611660007,0.0,7.248998737857098,-4.574500101998542e-09,0.0
194,11700.0,11700,7.246011196761737,7.246011196761737,21.615876558855504,0.0,7.246011201335085,-4.5733483820190515e-09,0.0
195,11760.0,11760,7.243007349352482,7.243007349352482,21.727223597573133,0.0,7.243007353924674,-4.57219177262896e-09,0.0
196,11820.0,11820,7.239987227927237,7.239987227927237,21.838524477168903,0.0,7.239987232498268,-4.571030290495822e-09,0.0
197,11880.0,11880,7.236950869536246,7.236950869536246,21.949778947565445,0.0,7.2369508741061095,-4.5698639523728406e-09,0.0
198,11940.0,11940,7.2338983113909965,7.2338983113909965,22.06098675925471,0.0,7.2338983159596895,-4.568692775110955e-09,0.0
199,12000.0,12000,7.230829590883467,7.230829590883467,22.172147663300482,0.0,7.230829595450984,-4.5675167756500376e-09,0.0
200,12060.0,12060,7.227744745581569,7.227744745581569,22.28326141134112,0.0,7.227744750147904,-4.566335971022496e-09,0.0
201,12120.0,12120,7.224643813210485,7.224643813210485,22.39432775559229,0.0,7.224643817775635,-4.565150378350766e-09,0.0
202,12180.0,12180,7.22152683168619,7.22152683168619,22.505346448849355,0.0,7.22152683625015,-4.563960014850229e-09,0.0
203,12240.0,12240,7.218393839070079,7.218393839070079,22.616317244490336,0.0,7.218393843632845,-4.56276489782707e-09,0.0
204,12300.0,12300,7.215244873612637,7.215244873612637,22.727239896478114,0.0,7.215244878174202,-4.561565044677227e-09,0.0
205,12360.0,12360,7.212079973709421,7.212079973709421,22.838114159363368,0.0,7.21207997826978,-4.560360472889585e-09,0.0
206,12420.0,12420,7.2088991779457965,7.2088991779457965,22.948939788286776,0.0,7.208899182504947,-4.559151200041731e-09,0.0
207,12480.0,12480,7.205702525050545,7.205702525050545,23.05971653898195,0.0,7.205702529608482,-4.557937243804568e-09,0.0
208,12540.0,12540,7.202490053933531,7.202490053933531,23.17044416777764,0.0,7.202490058490249,-4.556718621936922e-09,0.0
209,12600.0,12600,7.19926180365929,7.19926180365929,23.281122431600497,0.0,7.199261808214787,-4.555495352289384e-09,0.0
210,12660.0,12660,7.196017813446077,7.196017813446077,23.39175108797747,0.0,7.196017818000344,-4.554267452802842e-09,0.0
211,12720.0,12720,7.192758122696344,7.192758122696344,23.502329895038173,0.0,7.19275812724938,-4.553034941507027e-09,0.0
212,12780.0,12780,7.189482770947666,7.189482770947666,23.61285861151769,0.0,7.189482775499465,-4.5517978365238415e-09,0.0
213,12840.0,12840,7.186191797910999,7.186191797910999,23.723336996758672,0.0,7.186191802461554,-4.5505561560616545e-09,0.0
214,12900.0,12900,7.182885243451018,7.182885243451018,23.833764810713987,0.0,7.182885248000328,-4.549309918424428e-09,0.0
215,12960.0,12960,7.179563147595726,7.179563147595726,23.944141813949106,0.0,7.179563152143786,-4.5480591419993985e-09,0.0
216,13020.0,13020,7.176225550512937,7.176225550512937,24.05446776764458,0.0,7.17622555505974,-4.546803845267162e-09,0.0
217,13080.0,13080,7.172872492548878,7.172872492548878,24.164742433598224,0.0,7.172872497094421,-4.5455440467960566e-09,0.0
218,13140.0,13140,7.169504014178822,7.169504014178822,24.274965574227817,0.0,7.169504018723102,-4.544279765243993e-09,0.0
219,13200.0,13200,7.166120156056004,7.166120156056004,24.385136952573124,0.0,7.166120160599014,-4.5430110193568104e-09,0.0
220,13260.0,13260,7.162720958960773,7.162720958960773,24.495256332298613,0.0,7.162720963502511,-4.541737827971878e-09,0.0
221,13320.0,13320,7.159306463843348,7.159306463843348,24.605323477695407,0.0,7.159306468383807,-4.5404602100142215e-09,0.0
222,13380.0,13380,7.15587671179658,7.15587671179658,24.7153381536839,0.0,7.155876716335758,-4.5391781844948765e-09,0.0
223,13440.0,13440,7.152431744060328,7.152431744060328,24.82530012581594,0.0,7.15243174859822,-4.537891770517599e-09,0.0
224,13500.0,13500,7.148971602027219,7.148971602027219,24.935209160277104,0.0,7.148971606563818,-4.536600987272748e-09,0.0
225,13560.0,13560,7.145496327234134,7.145496327234133,25.045065023889027,0.0,7.145496331769438,-4.535305854037152e-09,0.0
226,13620.0,13620,7.142005961360681,7.142005961360681,25.15486748411163,0.0,7.142005965894687,-4.5340063901773905e-09,0.0
227,13680.0,13680,7.138500546238957,7.138500546238957,25.264616309045316,0.0,7.13850055077166,-4.532702615149342e-09,0.0
228,13740.0,13740,7.134980123836552,7.134980123836552,25.374311267433296,0.0,7.134980128367946,-4.5313945484933875e-09,0.0
229,13800.0,13800,7.1314447362726066,7.1314447362726066,25.48395212866369,0.0,7.131444740802689,-4.53008220983962e-09,0.0
230,13860.0,13860,7.127894425790831,7.127894425790831,25.593538662771863,0.0,7.127894430319596,-4.528765618905782e-09,0.0
231,13920.0,13920,7.124329234797952,7.124329234797952,25.703070640442295,0.0,7.124329239325396,-4.527444795494717e-09,0.0
232,13980.0,13980,7.1207492058270665,7.1207492058270665,25.812547833011138,0.0,7.1207492103531855,-4.526119759499571e-09,0.0
233,14040.0,14040,7.117154381551075,7.117154381551075,25.921970012468133,0.0,7.117154386075866,-4.524790530899816e-09,0.0
234,14100.0,14100,7.113544804786511,7.113544804786511,26.031336951458755,0.0,7.1135448093099685,-4.523457129756788e-09,0.0
235,14160.0,14160,7.109920518471779,7.109920518471779,26.14064842328643,0.0,7.1099205229938995,-4.522119576228691e-09,0.0
236,14220.0,14220,7.106281565696283,7.106281565696283,26.249904201914404,0.0,7.10628157021706,-4.520777890549429e-09,0.0
237,14280.0,14280,7.102627989677328,7.102627989677328,26.359104061968058,0.0,7.1026279941967605,-4.519432093048046e-09,0.0
238,14340.0,14340,7.098959833760976,7.098959833760976,26.468247778736895,0.0,7.098959838279057,-4.5180822041331585e-09,0.0
239,14400.0,14400,7.095277141434567,7.095277141434567,26.577335128176482,0.0,7.095277145951295,-4.516728244304509e-09,0.0
240,14460.0,14460,7.091579956313222,7.091579956313222,26.686365886910657,0.0,7.091579960828592,-4.51537023414452e-09,0.0
241,14520.0,14520,7.08786832213662,7.087868322136619,26.79533983223347,0.0,7.087868326650628,-4.514008194322582e-09,0.0
242,14580.0,14580,7.0841422827795295,7.0841422827795295,26.9042567421111,0.0,7.084142287292171,-4.51264214559428e-09,0.0
243,14640.0,14640,7.080401882241861,7.080401882241861,27.013116395183946,0.0,7.080401886753132,-4.511272108800391e-09,0.0
244,14700.0,14700,7.0766471646537354,7.0766471646537354,27.121918570768536,0.0,7.076647169163634,-4.509898104866377e-09,0.0
245,14760.0,14760,7.07287817426246,7.07287817426246,27.23066304885952,0.0,7.07287817877098,-4.508520154804307e-09,0.0
246,14820.0,14820,7.0690949554490725,7.0690949554490725,27.339349610131492,0.0,7.06909495995621,-4.507138279709387e-09,0.0
247,14880.0,14880,7.06529755271724,7.06529755271724,27.44797803594103,0.0,7.065297557222992,-4.5057525007628306e-09,0.0
248,14940.0,14940,7.061486010686586,7.061486010686586,27.5565481083286,0.0,7.061486015190949,-4.504362839230911e-09,0.0
249,15000.0,15000,7.057660374100937,7.057660374100937,27.665059610020297,0.0,7.057660378603907,-4.502969316463762e-09,0.0
250,15060.0,15060,7.053820687835456,7.053820687835456,27.7735123244298,0.0,7.053820692337027,-4.501571953895936e-09,0.0
251,15120.0,15120,7.049966996856889,7.049966996856889,27.88190603566035,0.0,7.049967001357059,-4.5001707730463524e-09,0.0
252,15180.0,15180,7.04609934628525,7.04609934628525,27.9902405285062,0.0,7.046099350784016,-4.498765795517798e-09,0.0
253,15240.0,15240,7.042217781331755,7.042217781331755,28.098515588454937,0.0,7.042217785829111,-4.497357042998203e-09,0.0
254,15300.0,15300,7.0383223473339624,7.0383223473339624,28.206731001688883,0.0,7.038322351829907,-4.49594453725745e-09,0.0
255,15360.0,15360,7.0344130897399255,7.0344130897399255,28.314886555087078,0.0,7.034413094234455,-4.494528300149742e-09,0.0
256,15420.0,15420,7.030490054114814,7.030490054114814,28.4229820362269,0.0,7.030490058607922,-4.4931083536137915e-09,0.0
257,15480.0,15480,7.026553286136417,7.026553286136417,28.53101723338596,0.0,7.026553290628101,-4.491684719669071e-09,0.0
258,15540.0,15540,7.022602831593679,7.022602831593679,28.638991935543757,0.0,7.022602836083937,-4.490257420420474e-09,0.0
259,15600.0,15600,7.018638736385494,7.018638736385494,28.74690593238341,0.0,7.018638740874319,-4.4888264780551165e-09,0.0
260,15660.0,15660,7.0146610465180395,7.0146610465180395,28.854759014293364,0.0,7.01466105100543,-4.487391914842432e-09,0.0
261,15720.0,15720,7.010669808108558,7.010669808108558,28.962550972369026,0.0,7.010669812594513,-4.485953753134257e-09,0.0
262,15780.0,15780,7.006665067381176,7.006665067381176,29.070281598414468,0.0,7.0066650718656875,-4.4845120153658444e-09,0.0
263,15840.0,15840,7.002646870663376,7.002646870663376,29.17795068494406,0.0,7.002646875146443,-4.483066724054619e-09,0.0
264,15900.0,15900,6.9986152643892865,6.9986152643892865,29.285558025184102,0.0,6.998615268870904,-4.481617901798684e-09,0.0
265,15960.0,15960,6.994570295104833,6.994570295104833,29.393103413074392,0.0,6.994570299585,-4.4801655712794124e-09,0.0
266,16020.0,16020,6.990512009440452,6.990512009440452,29.500586643270008,0.0,6.990512013919162,-4.478709755259445e-09,0.0
267,16080.0,16080,6.98644045414567,6.98644045414567,29.608007511142596,0.0,6.986440458622921,-4.47725047658351e-09,0.0
268,16140.0,16140,6.982355676060458,6.982355676060458,29.71536581278215,0.0,6.982355680536245,-4.47578775817646e-09,0.0
269,16200.0,16200,6.978257722132566,6.978257722132566,29.822661344998462,0.0,6.978257726606887,-4.474321623046514e-09,0.0
270,16260.0,16260,6.974146639397678,6.974146639397678,29.92989390532275,0.0,6.97414664387053,-4.472852094279595e-09,0.0
271,16320.0,16320,6.97002247499402,6.9700224749940185,30.03706329200902,0.0,6.970022479465398,-4.471379195047641e-09,0.0
272,16380.0,16380,6.965885276159405,6.965885276159405,30.144169304035614,0.0,6.965885280629307,-4.469902948597099e-09,0.0
273,16440.0,16440,6.9617350902155595,6.9617350902155595,30.25121174110679,0.0,6.961735094683984,-4.468423378259428e-09,0.0
274,16500.0,16500,6.95757196459319,6.95757196459319,30.358190403653964,0.0,6.9575719690601305,-4.466940507445433e-09,0.0
275,16560.0,16560,6.953395946810973,6.953395946810973,30.465105092837412,0.0,6.953395951276427,-4.465454359644677e-09,0.0
276,16620.0,16620,6.949207084467304,6.949207084467302,30.571955610547597,0.0,6.949207088931268,-4.463964958428991e-09,0.0
277,16680.0,16680,6.945005425261458,6.945005425261458,30.678741759406442,0.0,6.94500542972393,-4.46247232744924e-09,0.0
278,16740.0,16740,6.94079101698545,6.94079101698545,30.785463342768825,0.0,6.940791021446426,-4.460976490433626e-09,0.0
279,16800.0,16800,6.93656390751129,6.93656390751129,30.89212016472404,0.0,6.936563911970768,-4.459477471191711e-09,0.0
280,16860.0,16860,6.9323241448027,6.9323241448027,30.998712030097,0.0,6.932324149260674,-4.457975293614826e-09,0.0
281,16920.0,16920,6.9280717769037965,6.9280717769037965,31.105238744449675,0.0,6.928071781360266,-4.4564699816694506e-09,0.0
282,16980.0,16980,6.923806851956922,6.923806851956922,31.211700114082298,0.0,6.9238068564118835,-4.454961559402603e-09,0.0
283,17040.0,17040,6.9195294181749984,6.9195294181749984,31.318095946034916,0.0,6.919529422628449,-4.453450050939463e-09,0.0
284,17100.0,17100,6.915239523859061,6.915239523859061,31.424426048088414,0.0,6.9152395283109955,-4.451935480485198e-09,0.0
285,17160.0,17160,6.910937217388384,6.910937217388384,31.53069022876593,0.0,6.910937221838802,-4.4504178723228214e-09,0.0
286,17220.0,17220,6.906622547223502,6.906622547223502,31.63688829733401,0.0,6.906622551672399,-4.448897250812095e-09,0.0
287,17280.0,17280,6.902295561911194,6.902295561911194,31.743020063803904,0.0,6.902295566358568,-4.447373640392675e-09,0.0
288,17340.0,17340,6.897956310068086,6.897956310068086,31.849085338932824,0.0,6.897956314513934,-4.445847065581243e-09,0.0
289,17400.0,17400,6.893604840389277,6.893604840389276,31.95508393422509,0.0,6.893604844833594,-4.444317550970909e-09,0.0
290,17460.0,17460,6.889241201650283,6.889241201650283,32.0610156619333,0.0,6.889241206093068,-4.442785121235546e-09,0.0
291,17520.0,17520,6.884865442695255,6.884865442695255,32.166880335059545,0.0,6.884865447136505,-4.44124980112377e-09,0.0
292,17580.0,17580,6.880477612450285,6.880477612450285,32.27267776735653,0.0,6.880477616889997,-4.439711615461445e-09,0.0
293,17640.0,17640,6.876077759907913,6.876077759907913,32.37840777332874,0.0,6.876077764346084,-4.438170589152007e-09,0.0
294,17700.0,17700,6.87166593412621,6.87166593412621,32.48407016823356,0.0,6.8716659385628365,-4.436626747175914e-09,0.0
295,17760.0,17760,6.867242184251427,6.867242184251426,32.589664768082194,0.0,6.8672421886865065,-4.435080114587634e-09,0.0
296,17820.0,17820,6.862806559479127,6.862806559479127,32.695191389641096,0.0,6.862806563912657,-4.433530716524454e-09,0.0
297,17880.0,17880,6.858359109089844,6.858359109089844,32.80064985043266,0.0,6.858359113521821,-4.431978578190781e-09,0.0
298,17940.0,17940,6.853899882416592,6.8538998824165915,32.906039968736586,0.0,6.853899886847016,-4.4304237248737016e-09,0.0
299,18000.0,18000,6.849428928868408,6.849428928868408,33.01136156359063,0.0,6.849428933297274,-4.428866181933584e-09,0.0
300,18060.0,18060,6.844946297913043,6.844946297913043,33.11661445479182,0.0,6.8449463023403485,-4.4273059748085954e-09,0.0
301,18120.0,18120,6.840452039092925,6.840452039092925,33.22179846289733,0.0,6.840452043518669,-4.425743129008038e-09,0.0
302,18180.0,18180,6.835946201995107,6.835946201995107,33.32691340922565,0.0,6.835946206419285,-4.424177670121066e-09,0.0
303,18240.0,18240,6.831428836285253,6.831428836285253,33.43195911585722,0.0,6.831428840707863,-4.4226096238087e-09,0.0
304,18300.0,18300,6.826899991669927,6.826899991669927,33.536935405635724,0.0,6.826899996090965,-4.4210390158073855e-09,0.0
305,18360.0,18360,6.8223597179418105,6.8223597179418105,33.64184210216864,0.0,6.822359722361276,-4.419465871931093e-09,0.0
306,18420.0,18420,6.817808064926729,6.817808064926729,33.746679029828606,0.0,6.81780806934462,-4.417890218064746e-09,0.0
307,18480.0,18480,6.81324508251915,6.81324508251915,33.85144601375391,0.0,6.813245086935462,-4.416312080166595e-09,0.0
308,18540.0,18540,6.808670820665597,6.808670820665597,33.956142879849544,0.0,6.808670825080329,-4.414731484274879e-09,0.0
309,18600.0,18600,6.804085329369986,6.804085329369986,34.06076945478804,0.0,6.804085333783135,-4.413148456496189e-09,0.0
310,18660.0,18660,6.799488658691426,6.799488658691426,34.165325566010296,0.0,6.799488663102989,-4.411563023012087e-09,0.0
311,18720.0,18720,6.794880858738699,6.794880858738699,34.269811041726456,0.0,6.794880863148674,-4.409975210079101e-09,0.0
312,18780.0,18780,6.790261979665563,6.790261979665563,34.374225710916676,0.0,6.790261984073949,-4.408385044025766e-09,0.0
313,18840.0,18840,6.785632071690044,6.785632071690044,34.47856940333181,0.0,6.785632076096836,-4.4067925512537116e-09,0.0
314,18900.0,18900,6.780991185067976,6.780991185067976,34.58284194949439,0.0,6.780991189473173,-4.405197758238855e-09,0.0
315,18960.0,18960,6.776339370108971,6.776339370108971,34.68704318069921,0.0,6.776339374512572,-4.403600691528339e-09,0.0
316,19020.0,19020,6.771676677162911,6.771676677162911,34.79117292901417,0.0,6.771676681564911,-4.402001377740671e-09,0.0
317,19080.0,19080,6.767003156634379,6.767003156634379,34.89523102728085,0.0,6.767003161034779,-4.400399843571611e-09,0.0
318,19140.0,19140,6.762318858967425,6.762318858967425,34.99921730911541,0.0,6.762318863366221,-4.398796115783307e-09,0.0
319,19200.0,19200,6.757623834648477,6.757623834648477,35.10313160890916,0.0,6.757623839045666,-4.397190221213426e-09,0.0
320,19260.0,19260,6.752918134213058,6.752918134213058,35.20697376182921,0.0,6.75291813860864,-4.395582186768899e-09,0.0
321,19320.0,19320,6.748201808227268,6.748201808227268,35.31074360381923,0.0,6.7482018126212395,-4.393972039431352e-09,0.0
322,19380.0,19380,6.743474907307707,6.743474907307707,35.41444097159995,0.0,6.743474911700067,-4.392359806251176e-09,0.0
323,19440.0,19440,6.738737482106016,6.738737482106016,35.51806570266987,0.0,6.7387374864967615,-4.390745514350947e-09,0.0
324,19500.0,19500,6.733989583313397,6.733989583313397,35.62161763530587,0.0,6.733989587702526,-4.3891291909236915e-09,0.0
325,19560.0,19560,6.729231261649604,6.729231261649604,35.725096608563746,0.0,6.7292312660371145,-4.387510863233256e-09,0.0
326,19620.0,19620,6.724462567877845,6.724462567877845,35.828502462278735,0.0,6.724462572263735,-4.3858905586134344e-09,0.0
327,19680.0,19680,6.719683552806271,6.719683552806271,35.93183503706609,0.0,6.719683557190539,-4.384268304470069e-09,0.0
328,19740.0,19740,6.714894267252993,6.714894267252993,36.03509417432184,0.0,6.714894271635638,-4.382644128278817e-09,0.0
329,19800.0,19800,6.710094762088247,6.710094762088247,36.13827971622293,0.0,6.710094766469266,-4.381018057583277e-09,0.0
330,19860.0,19860,6.7052850882024435,6.7052850882024435,36.241391505728,0.0,6.705285092581835,-4.379390120000009e-09,0.0
331,19920.0,19920,6.700465296523021,6.700465296523021,36.34442938657769,0.0,6.700465300900781,-4.3777603432105025e-09,0.0
332,19980.0,19980,6.6956354380068195,6.6956354380068195,36.447393203295235,0.0,6.695635442382947,-4.3761287549703516e-09,0.0
333,20040.0,20040,6.690795563634834,6.690795563634834,36.55028280118692,0.0,6.690795568009329,-4.3744953831012195e-09,0.0
334,20100.0,20100,6.685945724411891,6.685945724411891,36.65309802634242,0.0,6.685945728784751,-4.372860255495816e-09,0.0
335,20160.0,20160,6.681085971376717,6.681085971376717,36.75583872563521,0.0,6.6810859757479415,-4.371223400113058e-09,0.0
336,20220.0,20220,6.676216355588259,6.676216355588259,36.858504746723014,0.0,6.676216359957844,-4.369584844983729e-09,0.0
337,20280.0,20280,6.671336928132418,6.671336928132418,36.96109593804821,0.0,6.671336932500362,-4.367944618203544e-09,0.0
338,20340.0,20340,6.66644774011623,6.66644774011623,37.06361214883817,0.0,6.666447744482532,-4.366302747937482e-09,0.0
339,20400.0,20400,6.661548842668412,6.661548842668412,37.166053229105614,0.0,6.661548847033071,-4.364659262420565e-09,0.0
340,20460.0,20460,6.656640286936377,6.656640286936377,37.268419029648946,0.0,6.656640291299392,-4.363014189952103e-09,0.0
341,20520.0,20520,6.6517221240898765,6.6517221240898765,37.37070940205253,0.0,6.651722128451244,-4.361367558901728e-09,0.0
342,20580.0,20580,6.646794405317637,6.646794405317637,37.472924198687046,0.0,6.646794409677356,-4.3597193977038125e-09,0.0
343,20640.0,20640,6.641857181815606,6.641857181815606,37.575063272709755,0.0,6.641857186173676,-4.358069734863003e-09,0.0
344,20700.0,20700,6.636910504817001,6.636910504817001,37.677126478064665,0.0,6.63691050917342,-4.356418598946548e-09,0.0
345,20760.0,20760,6.631954425543609,6.631954425543609,37.779113669483024,0.0,6.631954429898374,-4.354766018592193e-09,0.0
346,20820.0,20820,6.6269889952601835,6.6269889952601835,37.88102470248322,0.0,6.626988999613296,-4.353112022503572e-09,0.0
347,20880.0,20880,6.622014265215717,6.622014265215717,37.982859433371395,0.0,6.622014269567173,-4.3514566394483405e-09,0.0
348,20940.0,20940,6.617030286691923,6.617030286691923,38.08461771924123,0.0,6.617030291041724,-4.349799898262594e-09,0.0
349,21000.0,21000,6.612037110974727,6.612037110974727,38.1862994179744,0.0,6.612037115322869,-4.348141827847041e-09,0.0
350,21060.0,21060,6.607034789355409,6.607034789355409,38.28790438824074,0.0,6.607034793701892,-4.346482457169329e-09,0.0
351,21120.0,21120,6.602023373140844,6.602023373140844,38.389432489498176,0.0,6.602023377485666,-4.344821815258976e-09,0.0
352,21180.0,21180,6.597002913644178,6.597002913644178,38.49088358199313,0.0,6.597002917987338,-4.343159931216276e-09,0.0
353,21240.0,21240,6.591973462181589,6.591973462181589,38.59225752676049,0.0,6.591973466523085,-4.341496834202297e-09,0.0
354,21300.0,21300,6.586935070079296,6.586935070079296,38.69355418562371,0.0,6.586935074419128,-4.339832553444363e-09,0.0
355,21360.0,21360,6.581887788665483,6.581887788665483,38.794773421194954,0.0,6.58188779300365,-4.338167118234729e-09,0.0
356,21420.0,21420,6.5768316692714315,6.5768316692714315,38.89591509687514,0.0,6.5768316736079315,-4.336500557929028e-09,0.0
357,21480.0,21480,6.571766763231576,6.571766763231576,38.996979076853975,0.0,6.57176676756641,-4.334832901947505e-09,0.0
358,21540.0,21540,6.566693121884771,6.566693121884771,39.097965226110006,0.0,6.566693126217934,-4.333164179775244e-09,0.0
359,21600.0,21600,6.561610796565108,6.561610796565108,39.19887341041067,0.0,6.561610800896603,-4.331494420959475e-09,0.0
360,21660.0,21660,6.556519838610544,6.556519838610544,39.29970349631226,0.0,6.556519842940368,-4.329823655113275e-09,0.0
361,21720.0,21720,6.55142029935172,6.55142029935172,39.40045535115995,0.0,6.551420303679871,-4.32815191191045e-09,0.0
362,21780.0,21780,6.5463122301257695,6.5463122301257695,39.5011288430877,0.0,6.546312234452249,-4.3264792210903775e-09,0.0
363,21840.0,21840,6.5411956822529,6.5411956822529,39.60172384101834,0.0,6.541195686577705,-4.324805612452893e-09,0.0
364,21900.0,21900,6.536070707061694,6.536070707061694,39.70224021466334,0.0,6.536070711384825,-4.3231311158634924e-09,0.0
365,21960.0,21960,6.53093735586669,6.53093735586669,39.80267783452291,0.0,6.530937360188146,-4.3214557612470375e-09,0.0
366,22020.0,22020,6.525795679976209,6.525795679976209,39.90303657188577,0.0,6.525795684295988,-4.319779578593136e-09,0.0
367,22080.0,22080,6.520645730699909,6.520645730699909,40.00331629882913,0.0,6.520645735018011,-4.318102597952813e-09,0.0
368,22140.0,22140,6.515487559323777,6.515487559323777,40.10351688821861,0.0,6.515487563640201,-4.3164248494378275e-09,0.0
369,22200.0,22200,6.510321217132589,6.510321217132589,40.20363821370795,0.0,6.510321221447335,-4.314746363224367e-09,0.0
370,22260.0,22260,6.505146755399841,6.505146755399841,40.303680149738945,0.0,6.505146759712908,-4.313067169547252e-09,0.0
371,22320.0,22320,6.499964225386894,6.499964225386894,40.40364257154131,0.0,6.499964229698281,-4.311387298702903e-09,0.0
372,22380.0,22380,6.494773678336326,6.494773678336326,40.503525355132496,0.0,6.494773682646033,-4.309706781049798e-09,0.0
373,22440.0,22440,6.489575165490781,6.489575165490781,40.603328377317325,0.0,6.489575169798807,-4.308025647007874e-09,0.0
374,22500.0,22500,6.484368738060592,6.484368738060592,40.7030515156881,0.0,6.484368742366936,-4.306343927056026e-09,0.0
375,22560.0,22560,6.479154447255351,6.479154447255351,40.80269464862404,0.0,6.479154451560013,-4.304661651734928e-09,0.0
376,22620.0,22620,6.473932344255971,6.473932344255971,40.902257655291265,0.0,6.473932348558949,-4.302978851644389e-09,0.0
377,22680.0,22680,6.468702480228304,6.468702480228304,41.00174041564241,0.0,6.468702484529599,-4.301295557444955e-09,0.0
378,22740.0,22740,6.46346490632685,6.46346490632685,41.101142810416334,0.0,6.4634649106264614,-4.299611799855847e-09,0.0
379,22800.0,22800,6.45821967367638,6.45821967367638,41.20046472113796,0.0,6.4582196779743075,-4.297927609657341e-09,0.0
380,22860.0,22860,6.452966833382779,6.452966833382779,41.299706030117875,0.0,6.452966837679021,-4.2962430176887096e-09,0.0
381,22920.0,22920,6.447706436536976,6.447706436536976,41.39886662045194,0.0,6.447706440831533,-4.294558054847861e-09,0.0
382,22980.0,22980,6.442438534201505,6.442438534201505,41.49794637602115,0.0,6.442438538494379,-4.2928727520922946e-09,0.0
383,23040.0,23040,6.43716317741266,6.43716317741266,41.59694518149114,0.0,6.437163181703847,-4.291187140436638e-09,0.0
384,23100.0,23100,6.431880417186834,6.431880417186834,41.6958629223118,0.0,6.431880421476336,-4.289501250955155e-09,0.0
385,23160.0,23160,6.426590304510416,6.426590304510416,41.794699484717,0.0,6.4265903087982315,-4.287815114782344e-09,0.0
386,23220.0,23220,6.4212928903495365,6.4212928903495365,41.893454755724065,0.0,6.421292894635665,-4.286128763106907e-09,0.0
387,23280.0,23280,6.41598822562897,6.41598822562897,41.99212862313354,0.0,6.415988229913412,-4.28444222718006e-09,0.0
388,23340.0,23340,6.41067636126422,6.41067636126422,42.09072097552847,0.0,6.410676365546975,-4.2827555383047175e-09,0.0
389,23400.0,23400,6.405357348126455,6.405357348126455,42.189231702274334,0.0,6.405357352407525,-4.2810687278473554e-09,0.0
390,23460.0,23460,6.400031237057036,6.400031237057036,42.28766069351832,0.0,6.400031241336418,-4.2793818272264215e-09,0.0
391,23520.0,23520,6.394698078869991,6.394698078869991,42.38600784018887,0.0,6.394698083147686,-4.277694867922511e-09,0.0
392,23580.0,23580,6.389357924352154,6.389357924352154,42.48427303399528,0.0,6.389357928628161,-4.276007881470016e-09,0.0
393,23640.0,23640,6.3840108242472375,6.3840108242472375,42.58245616742727,0.0,6.384010828521558,-4.274320899458996e-09,0.0
394,23700.0,23700,6.378656829265257,6.378656829265257,42.68055713375431,0.0,6.378656833537891,-4.2726339535384185e-09,0.0
395,23760.0,23760,6.3732959900877475,6.3732959900877475,42.778575827025136,0.0,6.373295994358695,-4.270947075412235e-09,0.0
396,23820.0,23820,6.367928357353267,6.367928357353267,42.87651214206728,0.0,6.3679283616225275,-4.269260296839608e-09,0.0
397,23880.0,23880,6.362553981664319,6.362553981664319,42.97436597448639,0.0,6.362553985931892,-4.267573649637694e-09,0.0
398,23940.0,23940,6.357172913589596,6.357172913589596,43.072137220665745,0.0,6.357172917855483,-4.265887165677678e-09,0.0
399,24000.0,24000,6.3517852036540985,6.3517852036540985,43.1698257777657,0.0,6.351785207918299,-4.264200876885541e-09,0.0
400,24060.0,24060,6.346390902345964,6.346390902345964,43.267431543722985,0.0,6.3463909066084785,-4.262514815243347e-09,0.0
401,24120.0,24120,6.340990060105351,6.340990060105351,43.36495441725016,0.0,6.34099006436618,-4.260829012788232e-09,0.0
402,24180.0,24180,6.3355827273458605,6.3355827273458605,43.462394297834905,0.0,6.335582731605005,-4.2591435016121805e-09,0.0
403,24240.0,24240,6.330168954418407,6.330168954418407,43.559751085739585,0.0,6.330168958675865,-4.257458313861063e-09,0.0
404,24300.0,24300,6.3247487916473695,6.3247487916473695,43.65702468200029,0.0,6.324748795903143,-4.255773481734595e-09,0.0
405,24360.0,24360,6.319322289297631,6.319322289297631,43.754214988426405,0.0,6.3193222935517195,-4.254089037487337e-09,0.0
406,24420.0,24420,6.313889497604962,6.313889497604962,43.851321907599754,0.0,6.313889501857367,-4.252405013427054e-09,0.0
407,24480.0,24480,6.3084504667451,6.3084504667451,43.94834534287409,0.0,6.308450470995821,-4.250721441918319e-09,0.0
408,24540.0,24540,6.30300524685536,6.30300524685536,44.04528519837421,0.0,6.303005251104398,-4.2490383553734806e-09,0.0
409,24600.0,24600,6.297553888015095,6.297553888015095,44.142141378995376,0.0,6.29755389226245,-4.247355786262698e-09,0.0
410,24660.0,24660,6.292096440266432,6.292096440266432,44.23891379040235,0.0,6.292096444512106,-4.245673767107693e-09,0.0
411,24720.0,24720,6.286632953589321,6.286632953589321,44.33560233902893,0.0,6.286632957833313,-4.24399233048339e-09,0.0
412,24780.0,24780,6.281163477929497,6.281163477929497,44.4322069320769,0.0,6.2811634821718085,-4.242311509016093e-09,0.0
413,24840.0,24840,6.275688063159531,6.275688063159531,44.528727477515574,0.0,6.275688067400162,-4.240631335385766e-09,0.0
414,24900.0,24900,6.27020675912261,6.27020675912261,44.625163884080614,0.0,6.2702067633615615,-4.238951842324391e-09,0.0
415,24960.0,24960,6.264719615582128,6.264719615582128,44.721516061273626,0.0,6.264719619819401,-4.237273062615465e-09,0.0
416,25020.0,25020,6.259226682273898,6.259226682273898,44.8177839193609,0.0,6.259226686509493,-4.235595029094594e-09,0.0
417,25080.0,25080,6.2537280088601666,6.2537280088601666,44.913967369373005,0.0,6.253728013094085,-4.233917774649993e-09,0.0
418,25140.0,25140,6.248223644958325,6.248223644958325,45.01006632310365,0.0,6.2482236491905665,-4.232241332218339e-09,0.0
419,25200.0,25200,6.242713640119413,6.242713640119413,45.106080693109014,0.0,6.242713644349979,-4.230565734790925e-09,0.0
420,25260.0,25260,6.237198043840445,6.237198043840445,45.20201039270668,0.0,6.237198048069336,-4.228891015407092e-09,0.0
421,25320.0,25320,6.231676905565479,6.231676905565479,45.29785533597487,0.0,6.2316769097926965,-4.2272172071598414e-09,0.0
422,25380.0,25380,6.226150274672956,6.226150274672956,45.39361543775157,0.0,6.2261502788985,-4.225544343188944e-09,0.0
423,25440.0,25440,6.2206182004832336,6.2206182004832336,45.48929061363356,0.0,6.2206182047071055,-4.223872456689065e-09,0.0
424,25500.0,25500,6.215080732251248,6.215080732251248,45.58488077997549,0.0,6.21508073647345,-4.222201580900907e-09,0.0
425,25560.0,25560,6.209537919176581,6.209537919176581,45.68038585388894,0.0,6.209537923397113,-4.220531749116644e-09,0.0
426,25620.0,25620,6.203989810392029,6.203989810392029,45.77580575324148,0.0,6.203989814610892,-4.2188629946790984e-09,0.0
427,25680.0,25680,6.198436454971102,6.198436454971102,45.87114039665568,0.0,6.198436459188296,-4.21719535097978e-09,0.0
428,25740.0,25740,6.192877901914569,6.192877901914569,45.96638970350826,0.0,6.192877906130097,-4.215528851459339e-09,0.0
429,25800.0,25800,6.1873142001699835,6.1873142001699835,46.06155359392887,0.0,6.1873142043838465,-4.213863529607161e-09,0.0
430,25860.0,25860,6.18174539860881,6.18174539860881,46.15663198879934,0.0,6.181745402821011,-4.2121994189638706e-09,0.0
431,25920.0,25920,6.176171546041865,6.176171546041865,46.25162480975249,0.0,6.176171550252401,-4.2105365531134424e-09,0.0
432,25980.0,25980,6.170592691207593,6.170592691207593,46.346531979171196,0.0,6.170592695416468,-4.208874965695746e-09,0.0
433,26040.0,26040,6.165008882776931,6.165008882776931,46.44135342018729,0.0,6.165008886984145,-4.207214690391855e-09,0.0
434,26100.0,26100,6.159420169355746,6.159420169355746,46.536089056680495,0.0,6.159420173561301,-4.205555760935772e-09,0.0
435,26160.0,26160,6.153826599477164,6.153826599477164,46.63073881327747,0.0,6.153826603681063,-4.2038982111075415e-09,0.0
436,26220.0,26220,6.148228221599936,6.148228221599936,46.725302615350635,0.0,6.148228225802178,-4.202242074733656e-09,0.0
437,26280.0,26280,6.142625084124661,6.142625084124661,46.81978038901709,0.0,6.142625088325247,-4.200587385690392e-09,0.0
438,26340.0,26340,6.137017235359465,6.137017235359465,46.914172061137684,0.0,6.137017239558399,-4.198934177900797e-09,0.0
439,26400.0,26400,6.131404723559885,6.131404723559885,47.00847755931559,0.0,6.131404727757167,-4.197282485333224e-09,0.0
440,26460.0,26460,6.125787596888559,6.125787596888558,47.102696811895505,0.0,6.12578760108419,-4.195632342004307e-09,0.0
441,26520.0,26520,6.120165903449785,6.120165903449785,47.19682974796224,0.0,6.120165907643768,-4.193983781977401e-09,0.0
442,26580.0,26580,6.114539691260197,6.114539691260196,47.29087629733981,0.0,6.1145396954525335,-4.19233683936163e-09,0.0
443,26640.0,26640,6.108909008269034,6.108909008269034,47.38483639059006,0.0,6.108909012459726,-4.190691548312658e-09,0.0
444,26700.0,26700,6.10327390234402,6.10327390234402,47.47870995901168,0.0,6.103273906533068,-4.189047943032737e-09,0.0
445,26760.0,26760,6.097634421280769,6.097634421280769,47.57249693463892,0.0,6.097634425468175,-4.1874060577682435e-09,0.0
446,26820.0,26820,6.091990612787555,6.091990612787555,47.6661972502405,0.0,6.091990616973321,-4.185765926813966e-09,0.0
447,26880.0,26880,6.08634252449843,6.08634252449843,47.759810839318234,0.0,6.086342528682557,-4.184127584507539e-09,0.0
448,26940.0,26940,6.080690203973386,6.080690203973385,47.85333763610592,0.0,6.080690208155876,-4.182491065232865e-09,0.0
449,27000.0,27000,6.075033698679645,6.075033698679645,47.94677757556822,0.0,6.075033702860501,-4.180856403418474e-09,0.0
450,27060.0,27060,6.069373056016139,6.069373056016139,48.04013059339916,0.0,6.069373060195363,-4.1792236335384315e-09,0.0
451,27120.0,27120,6.063708323291233,6.063708323291232,48.13339662602118,0.0,6.0637083274688255,-4.177592790110562e-09,0.0
452,27180.0,27180,6.058039547730807,6.058039547730807,48.226575610583666,0.0,6.058039551906772,-4.175963907699189e-09,0.0
453,27240.0,27240,6.052366776483256,6.052366776483255,48.319667484961705,0.0,6.052366780657592,-4.174337020909746e-09,0.0
454,27300.0,27300,6.046690056604458,6.046690056604458,48.412672187754914,0.0,6.04669006077717,-4.172712164393112e-09,0.0
455,27360.0,27360,6.041009435070475,6.041009435070475,48.505589658285984,0.0,6.041009439241564,-4.1710893728452505e-09,0.0
456,27420.0,27420,6.03532495878019,6.03532495878019,48.59841983659948,0.0,6.035324962949659,-4.169468681003419e-09,0.0
457,27480.0,27480,6.029636674529529,6.029636674529529,48.69116266346065,0.0,6.029636678697379,-4.167850123650686e-09,0.0
458,27540.0,27540,6.023944629037986,6.023944629037986,48.783818080353846,0.0,6.02394463320422,-4.166233735611551e-09,0.0
459,27600.0,27600,6.018248868933475,6.018248868933475,48.87638602948132,0.0,6.018248873098095,-4.164619551753911e-09,0.0
460,27660.0,27660,6.012549440763558,6.012549440763558,48.968866453761855,0.0,6.012549444926566,-4.16300760699051e-09,0.0
461,27720.0,27720,6.006846390975918,6.006846390975918,49.06125929682951,0.0,6.006846395137316,-4.161397936272427e-09,0.0
462,27780.0,27780,6.001139765936633,6.001139765936633,49.15356450303211,0.0,6.001139770096422,-4.159790574597234e-09,0.0
463,27840.0,27840,5.995429611914701,5.995429611914701,49.24578201742993,0.0,5.995429616072886,-4.1581855570044375e-09,0.0
464,27900.0,27900,5.989715975098695,5.989715975098695,49.33791178579428,0.0,5.989715979255278,-4.156582918572283e-09,0.0
465,27960.0,27960,5.983998901572575,5.983998901572575,49.42995375460624,0.0,5.9839989057275575,-4.154982694424966e-09,0.0
466,28020.0,28020,5.978278437336869,5.978278437336869,49.521907871055,0.0,5.978278441490255,-4.153384919725783e-09,0.0
467,28080.0,28080,5.9725546282982656,5.9725546282982656,49.613774083036674,0.0,5.972554632450056,-4.1517896296802426e-09,0.0
468,28140.0,28140,5.966827520270543,5.966827520270543,49.7055523391528,0.0,5.96682752442074,-4.150196859534824e-09,0.0
469,28200.0,28200,5.961097158968951,5.961097158968951,49.797242588708905,0.0,5.961097163117559,-4.148606644579175e-09,0.0
470,28260.0,28260,5.955363590019213,5.955363590019213,49.88884478171301,0.0,5.955363594166233,-4.1470190201400845e-09,0.0
471,28320.0,28320,5.949626858946498,5.949626858946498,49.98035886887425,0.0,5.949626863091932,-4.145434021588328e-09,0.0
472,28380.0,28380,5.943887011185142,5.943887011185142,50.07178480160134,0.0,5.943887015328993,-4.1438516843325545e-09,0.0
473,28440.0,28440,5.938144092066409,5.938144092066409,50.16312253200117,0.0,5.938144096208681,-4.142272043825398e-09,0.0
474,28500.0,28500,5.932398146834476,5.932398146834476,50.25437201287721,0.0,5.932398150975171,-4.140695135556087e-09,0.0
475,28560.0,28560,5.926649220622051,5.926649220622051,50.345533197728194,0.0,5.926649224761172,-4.139120995055195e-09,0.0
476,28620.0,28620,5.920897358477226,5.920897358477226,50.43660604074637,0.0,5.920897362614775,-4.13754965789285e-09,0.0
477,28680.0,28680,5.915142605341304,5.915142605341304,50.527590496816266,0.0,5.915142609477284,-4.135981159680112e-09,0.0
478,28740.0,28740,5.909385006060329,5.909385006060329,50.61848652151298,0.0,5.909385010194744,-4.134415536064957e-09,0.0
479,28800.0,28800,5.903624605371419,5.903624605371419,50.70929407110073,0.0,5.903624609504272,-4.1328528227365165e-09,0.0
480,28860.0,28860,5.8978614479193405,5.8978614479193405,50.80001310253124,0.0,5.897861452050633,-4.1312930554216576e-09,0.0
481,28920.0,28920,5.892095578245654,5.892095578245654,50.89064357344223,0.0,5.892095582375391,-4.129736269887402e-09,0.0
482,28980.0,28980,5.886327040789492,5.886327040789491,50.98118544215591,0.0,5.8863270449176746,-4.128182501937868e-09,0.0
483,29040.0,29040,5.880555879886897,5.880555879886897,51.07163866767735,0.0,5.880555884013528,-4.126631787418378e-09,0.0
484,29100.0,29100,5.874782139765949,5.874782139765948,51.16200320969292,0.0,5.874782143891033,-4.125084162208247e-09,0.0
485,29160.0,29160,5.869005864565509,5.869005864565509,51.25227902856862,0.0,5.869005868689049,-4.123539662227766e-09,0.0
486,29220.0,29220,5.863227098305284,5.863227098305283,51.34246608534876,0.0,5.863227102427282,-4.121998323435645e-09,0.0
487,29280.0,29280,5.857445884905024,5.857445884905024,51.43256434175403,0.0,5.857445889025485,-4.1204601818265956e-09,0.0
488,29340.0,29340,5.85166226817869,5.85166226817869,51.52257376018005,0.0,5.851662272297615,-4.118925273432702e-09,0.0
489,29400.0,29400,5.845876291844274,5.845876291844274,51.61249430369572,0.0,5.845876295961668,-4.1173936343257905e-09,0.0
490,29460.0,29460,5.840087999495889,5.840087999495889,51.7023259360417,0.0,5.840088003611754,-4.115865300612318e-09,0.0
491,29520.0,29520,5.834297434630093,5.834297434630093,51.792068621628616,0.0,5.834297438744433,-4.1143403084368e-09,0.0
492,29580.0,29580,5.828504640636775,5.828504640636775,51.881722325535414,0.0,5.828504644749594,-4.112818693979614e-09,0.0
493,29640.0,29640,5.822709660799186,5.822709660799186,51.97128701350787,0.0,5.822709664910486,-4.1113004934593756e-09,0.0
494,29700.0,29700,5.816912538289715,5.816912538289715,52.0607626519568,0.0,5.816912542399501,-4.1097857431309305e-09,0.0
495,29760.0,29760,5.8111133161655975,5.8111133161655975,52.15014920795651,0.0,5.811113320273871,-4.108274479284259e-09,0.0
496,29820.0,29820,5.805312037381967,5.805312037381967,52.23944664924293,0.0,5.805312041488734,-4.1067667382448404e-09,0.0
497,29880.0,29880,5.7995087447833855,5.7995087447833855,52.328654944212026,0.0,5.799508748888647,-4.105262556375207e-09,0.0
498,29940.0,29940,5.793703481104995,5.793703481104995,52.4177740619182,0.0,5.7937034852087566,-4.103761970075031e-09,0.0
499,30000.0,30000,5.787896288963467,5.787896288963467,52.506803972072525,0.0,5.7878962930657325,-4.1022650157775224e-09,0.0
500,30060.0,30060,5.78208721087336,5.78208721087336,52.59574464504093,0.0,5.782087214974132,-4.1007717299510286e-09,0.0
501,30120.0,30120,5.776276289226975,5.776276289226975,52.684596051842696,0.0,5.776276293326257,-4.099282149100306e-09,0.0
502,30180.0,30180,5.770463566317125,5.770463566317125,52.7733581641485,0.0,5.770463570414921,-4.0977963097639706e-09,0.0
503,30240.0,30240,5.764649084310333,5.764649084310332,52.86203095427891,0.0,5.764649088406647,-4.096314248515954e-09,0.0
504,30300.0,30300,5.758832885269283,5.758832885269283,52.95061439520249,0.0,5.758832889364119,-4.0948360019664625e-09,0.0
505,30360.0,30360,5.753015011135805,5.753015011135805,53.039108460534145,0.0,5.753015015229166,-4.09336160675728e-09,0.0
506,30420.0,30420,5.747195503741608,5.747195503741608,53.12751312453327,0.0,5.747195507833499,-4.091891099566693e-09,0.0
507,30480.0,30480,5.741374404801156,5.741374404801156,53.21582836210213,0.0,5.74137440889158,-4.0904245171051564e-09,0.0
508,30540.0,30540,5.735551755919882,5.735551755919882,53.30405414878392,0.0,5.735551760008844,-4.088961896119492e-09,0.0
509,30600.0,30600,5.729727598576648,5.729727598576648,53.39219046076125,0.0,5.729727602664152,-4.08750327338828e-09,0.0
510,30660.0,30660,5.723901974142101,5.723901974142101,53.48023727485407,0.0,5.723901978228149,-4.086048685723865e-09,0.0
511,30720.0,30720,5.71807492386701,5.71807492386701,53.56819456851808,0.0,5.7180749279516085,-4.084598169974686e-09,0.0
512,30780.0,30780,5.712246488888683,5.712246488888683,53.65606231984287,0.0,5.712246492971835,-4.08315176301834e-09,0.0
513,30840.0,30840,5.7064167102231,5.7064167102231,53.74384050755015,0.0,5.706416714304809,-4.081709501768651e-09,0.0
514,30900.0,30900,5.700585628767325,5.700585628767325,53.831529110991944,0.0,5.700585632847596,-4.080271423170929e-09,0.0
515,30960.0,30960,5.694753285300639,5.694753285300639,53.919128110148705,0.0,5.6947532893794754,-4.0788375642030625e-09,0.0
516,31020.0,31020,5.688919720489762,5.688919720489762,54.00663748562753,0.0,5.68891972456717,-4.077407961877164e-09,0.0
517,31080.0,31080,5.683084974869939,5.683084974869939,54.094057218660424,0.0,5.683084978945922,-4.075982653234775e-09,0.0
518,31140.0,31140,5.677249088873802,5.677249088873802,54.181387291102304,0.0,5.677249092948364,-4.074561675354625e-09,0.0
519,31200.0,31200,5.671412102793811,5.671412102793811,54.26862768542937,0.0,5.671412106866955,-4.0731450653405875e-09,0.0
520,31260.0,31260,5.665574056823298,5.665574056823298,54.355778384737015,0.0,5.665574060895032,-4.0717328603350444e-09,0.0
521,31320.0,31320,5.659734991009821,5.659734991009821,54.44283937273825,0.0,5.6597349950801465,-4.070325097507619e-09,0.0
522,31380.0,31380,5.653894945306293,5.653894945306293,54.529810633761485,0.0,5.653894949375215,-4.068921814062661e-09,0.0
523,31440.0,31440,5.648053959528432,5.648053959528432,54.61669215274907,0.0,5.648053963595955,-4.067523047233628e-09,0.0
524,31500.0,31500,5.642212073363046,5.642212073363046,54.70348391525521,0.0,5.642212077429176,-4.066128834286104e-09,0.0
525,31560.0,31560,5.636369326395544,5.636369326395544,54.79018590744395,0.0,5.636369330460282,-4.0647392125172915e-09,0.0
526,31620.0,31620,5.630525758074032,5.630525758074032,54.87679811608761,0.0,5.6305257621373865,-4.063354219253553e-09,0.0
527,31680.0,31680,5.6246814077257925,5.6246814077257925,54.96332052856474,0.0,5.624681411787766,-4.061973891853918e-09,0.0
528,31740.0,31740,5.618836314556901,5.618836314556901,55.04975313285818,0.0,5.618836318617499,-4.060598267707352e-09,0.0
529,31800.0,31800,5.612990517645555,5.612990517645555,55.13609591755326,0.0,5.6129905217047815,-4.059227384233072e-09,0.0
530,31860.0,31860,5.60714405595214,5.60714405595214,55.22234887183582,0.0,5.60714406001,-4.057861278880045e-09,0.0
531,31920.0,31920,5.60129696830242,5.60129696830242,55.30851198549035,0.0,5.60129697235892,-4.056499989128494e-09,0.0
532,31980.0,31980,5.59544929341129,5.59544929341129,55.39458524889799,0.0,5.595449297466433,-4.055143552487891e-09,0.0
533,32040.0,32040,5.589601069856641,5.589601069856641,55.48056865303481,0.0,5.589601073910433,-4.053792006497002e-09,0.0
534,32100.0,32100,5.583752336093388,5.583752336093387,55.56646218946967,0.0,5.583752340145834,-4.052445388725666e-09,0.0
535,32160.0,32160,5.577903130450031,5.577903130450031,55.65226585036237,0.0,5.577903134501135,-4.0511037367720115e-09,0.0
536,32220.0,32220,5.572053491135296,5.572053491135296,55.73797962846171,0.0,5.572053495185063,-4.049767088263327e-09,0.0
537,32280.0,32280,5.566203456226054,5.566203456226054,55.823603517103564,0.0,5.566203460274489,-4.048435480856376e-09,0.0
538,32340.0,32340,5.560353063675895,5.560353063675895,55.90913751020898,0.0,5.560353067723003,-4.047108952238037e-09,0.0
539,32400.0,32400,5.554502351296685,5.554502351296685,55.99458160228222,0.0,5.554502355342473,-4.045787540121151e-09,0.0
540,32460.0,32460,5.548651356794667,5.548651356794667,56.07993578840856,0.0,5.548651360839138,-4.044471282249909e-09,0.0
541,32520.0,32520,5.542800117731382,5.542800117731382,56.165200064252716,0.0,5.542800121774542,-4.043160216396652e-09,0.0
542,32580.0,32580,5.536948671548583,5.536948671548583,56.2503744260566,0.0,5.536948675590438,-4.041854380360418e-09,0.0
543,32640.0,32640,5.531097055560836,5.531097055560836,56.33545887063749,0.0,5.531097059601389,-4.040553811970722e-09,0.0
544,32700.0,32700,5.525245306945925,5.525245306945925,56.42045339538603,0.0,5.525245310985183,-4.039258549083864e-09,0.0
545,32760.0,32760,5.519393462756973,5.519393462756973,56.50535799826419,0.0,5.519393466794941,-4.037968629582749e-09,0.0
546,32820.0,32820,5.513541559921625,5.513541559921625,56.59017267780331,0.0,5.513541563958309,-4.036684091380667e-09,0.0
547,32880.0,32880,5.5076896352329605,5.5076896352329605,56.674897433102196,0.0,5.507689639268365,-4.035404972416464e-09,0.0
548,32940.0,32940,5.501837725354176,5.501837725354176,56.759532263825044,0.0,5.501837729388307,-4.034131310656954e-09,0.0
549,33000.0,33000,5.495985866819213,5.495985866819213,56.84407717019941,0.0,5.495985870852076,-4.032863144097289e-09,0.0
550,33060.0,33060,5.4901340960329525,5.4901340960329525,56.92853215301431,0.0,5.4901341000645525,-4.031600510758537e-09,0.0
551,33120.0,33120,299.9999998002801,-1.9971982947804213e-07,57.0128972136181,300.0,1.0086160333361211e-07,-3.0058143279830273e-07,0.0
552,33180.0,33180,299.999999800303,-1.996969573489556e-07,57.01289721015833,300.0,1.0085912590268752e-07,-3.0055608323790463e-07,0.0
553,33240.0,33240,299.9999998003257,-1.9967423509049967e-07,57.01289720669894,300.0,1.0085667982882308e-07,-3.0053091490525867e-07,0.0
554,33300.0,33300,299.99999980034823,-1.9965173004726986e-07,57.01289720323992,300.0,1.0085424911412812e-07,-3.0050597914698346e-07,0.0
555,33360.0,33360,299.9999998003706,-1.9962940952892784e-07,57.0128971997813,300.0,1.0085184147911004e-07,-3.004812509932715e-07,0.0
556,33420.0,33420,299.99999980039263,-1.996072614774859e-07,57.01289719632303,300.0,1.0084945975212043e-07,-3.004567212145012e-07,0.0
557,33480.0,33480,299.9999998004146,-1.995853325667668e-07,57.01289719286514,300.0,1.0084709283692994e-07,-3.004324253882178e-07,0.0
558,33540.0,33540,299.9999998004364,-1.995635640468105e-07,57.012897189407624,300.0,1.0084475463315109e-07,-3.004083186641453e-07,0.0
559,33600.0,33600,299.999999800458,-1.9954194938458676e-07,57.01289718595048,300.0,1.0084244665991606e-07,-3.003843960284223e-07,0.0
560,33660.0,33660,299.99999980047943,-1.9952057063324078e-07,57.012897182493695,300.0,1.0084014943322413e-07,-3.0036072005001935e-07,0.0
561,33720.0,33720,299.99999980050063,-1.9949931986730668e-07,57.01289717903726,300.0,1.0083788851261481e-07,-3.00337208363216e-07,0.0
562,33780.0,33780,124.88028625898762,4.8802862589876295,57.0128971755812,120.0,4.880286263256918,-4.269288907014694e-09,0.0
563,33840.0,33840,5.419702635722142,5.419702635722142,57.08789090775543,0.0,5.419702639737616,-4.015474795616399e-09,0.0
564,33900.0,33900,5.414656171527274,5.414656171527274,57.17117367158581,0.0,5.414656175541527,-4.0142525070149886e-09,0.0
565,33960.0,33960,5.409607101837514,5.409607101837514,57.25437888808307,0.0,5.409607105850549,-4.013035124997719e-09,0.0
566,34020.0,34020,5.404555466015074,5.404555466015074,57.337506517209434,0.0,5.404555470026897,-4.0118226828154695e-09,0.0
567,34080.0,34080,299.99999980062705,-1.9937289911978877e-07,57.42055651953199,300.0,1.0082439560456125e-07,-3.001972947058077e-07,0.0
568,34140.0,34140,299.999999800648,-1.9935196039191556e-07,57.42055651607805,300.0,1.0082215507191283e-07,-3.0017411544499693e-07,0.0
569,34200.0,34200,299.9999998006687,-1.9933119037080768e-07,57.42055651262446,300.0,1.0081994107456509e-07,-3.001511314262785e-07,0.0
570,34260.0,34260,299.9999998006893,-1.9931063239992522e-07,57.420556509171206,300.0,1.0081774330674332e-07,-3.0012837568725306e-07,0.0
571,34320.0,34320,299.99999980070976,-1.992902099751934e-07,57.42055650571831,300.0,1.008155798793448e-07,-3.001057898349066e-07,0.0
572,34380.0,34380,299.99999980072994,-1.9927001470730905e-07,57.42055650226574,300.0,1.008134290427745e-07,-3.0008344373015407e-07,0.0
573,34440.0,34440,299.99999980074995,-1.99249981934642e-07,57.420556498813525,300.0,1.0081130610008727e-07,-3.000612880145399e-07,0.0
574,34500.0,34500,299.99999980076984,-1.9923011389084015e-07,57.42055649536164,300.0,1.0080921049416627e-07,-3.000393243645805e-07,0.0
575,34560.0,34560,299.9999998007895,-1.9921043743664325e-07,57.42055649191009,300.0,1.0080713582835122e-07,-3.000175732443335e-07,0.0
576,34620.0,34620,299.999999800809,-1.9919093314313731e-07,57.42055648845888,300.0,1.008050866817028e-07,-2.999960198039309e-07,0.0
577,34680.0,34680,299.9999998008283,-1.991716492980828e-07,57.420556485007985,300.0,1.0080305157832432e-07,-2.999747008552278e-07,0.0
578,34740.0,34740,286.8374516496524,1.8374516496524573,57.42055648155742,285.0,1.8374519155836653,-2.659312087646695e-07,0.0
579,34800.0,34800,5.344181847085636,5.344181847085636,57.44879198822804,0.0,5.344181851081854,-3.996217392613861e-09,0.0
580,34860.0,34860,299.99999980088546,-1.991144273974505e-07,57.53091424927307,300.0,1.0079710728506599e-07,-2.999115346607633e-07,0.0
581,34920.0,34920,299.99999980090433,-1.9909561039732498e-07,57.53091424582347,300.0,1.0079514350267776e-07,-2.998907538779809e-07,0.0
582,34980.0,34980,299.99999980092304,-1.990769209171213e-07,57.53091424237418,300.0,1.0079321568997902e-07,-2.998701365848945e-07,0.0
583,35040.0,35040,299.9999998009415,-1.9905840769486655e-07,57.530914238925206,300.0,1.0079131226507852e-07,-2.9984971993756697e-07,0.0
584,35100.0,35100,299.99999980095987,-1.990400873162151e-07,57.530914235476544,300.0,1.0078942926905794e-07,-2.9982951656271966e-07,0.0
585,35160.0,35160,299.999999800978,-1.9902193863964475e-07,57.530914232028195,300.0,1.0078757168948158e-07,-2.998095103063861e-07,0.0
586,35220.0,35220,299.99999980099597,-1.9900397934850597e-07,57.530914228580144,300.0,1.0078573530765745e-07,-2.9978971463324504e-07,0.0
587,35280.0,35280,299.99999980101376,-1.989862029043427e-07,57.5309142251324,300.0,1.0078392164929272e-07,-2.997701245305389e-07,0.0
588,35340.0,35340,299.9999998010314,-1.9896856379202998e-07,57.53091422168496,300.0,1.0078214148114468e-07,-2.997507052499657e-07,0.0
589,35400.0,35400,299.99999980104883,-1.9895113891374128e-07,57.5309142182378,300.0,1.0078037654478782e-07,-2.9973151543514056e-07,0.0
590,35460.0,35460,299.99999980106605,-1.9893385194101301e-07,57.53091421479093,300.0,1.0077864491375437e-07,-2.9971249683128976e-07,0.0
591,35520.0,35520,35.198446700856636,5.198446700856639,57.530914211344374,30.0,5.198446704889309,-4.032670120939447e-09,0.0
592,35580.0,35580,5.293863533887828,5.293863533887828,57.61079700897563,0.0,5.293863537868477,-3.9806492180440964e-09,0.0
593,35640.0,35640,5.290306797242996,5.290306797242996,57.69214604527455,0.0,5.290306801222452,-3.979456203682064e-09,0.0
594,35700.0,35700,5.286743437699622,5.286743437699622,57.77344042638702,0.0,5.286743441677889,-3.97826693458543e-09,0.0
595,35760.0,35760,5.2831734921909606,5.2831734921909606,57.854680050541184,0.0,5.283173496168041,-3.977081434797195e-09,0.0
596,35820.0,35820,5.27959699762126,5.27959699762126,57.935864816532685,0.0,5.279597001597159,-3.975899728408637e-09,0.0
597,35880.0,35880,5.276013990862048,5.276013990862048,58.0169946237243,0.0,5.27601399483677,-3.974721839559217e-09,0.0
598,35940.0,35940,5.272424508755338,5.272424508755338,58.09806937204539,0.0,5.272424512728886,-3.973547792437314e-09,0.0
599,36000.0,36000,5.268828588106915,5.268828588106915,58.17908896199143,0.0,5.268828592079293,-3.972377611281724e-09,0.0
600,36060.0,36060,5.2652262656938875,5.2652262656938875,58.260053294623525,0.0,5.265226269665098,-3.971211320377604e-09,0.0
601,36120.0,36120,5.261617578249413,5.261617578249413,58.34096227156787,0.0,5.261617582219461,-3.9700489440599854e-09,0.0
602,36180.0,36180,5.258002562478763,5.258002562478763,58.42181579501515,0.0,5.2580025664476535,-3.968890506710438e-09,0.0
603,36240.0,36240,5.254381255054371,5.254381255054371,58.502613767720085,0.0,5.254381259022107,-3.967736032760361e-09,0.0
604,36300.0,36300,5.250753692612037,5.250753692612037,58.58335609300093,0.0,5.250753696578623,-3.966585546688199e-09,0.0
605,36360.0,36360,5.247119911747715,5.247119911747715,58.66404267473892,0.0,5.247119915713155,-3.965439073020169e-09,0.0
606,36420.0,36420,5.243479949020516,5.243479949020516,58.744673417377626,0.0,5.243479952984813,-3.964296636329393e-09,0.0
607,36480.0,36480,5.239833840959742,5.239833840959742,58.82524822592243,0.0,5.2398338449229005,-3.963158261235174e-09,0.0
608,36540.0,36540,5.23618162404939,5.23618162404939,58.905767005940035,0.0,5.236181628011414,-3.962023972407826e-09,0.0
609,36600.0,36600,299.99999980139455,-1.986053831746378e-07,58.98622966355778,300.0,1.0074495861844307e-07,-2.993503417668231e-07,0.0
610,36660.0,36660,299.9999998014119,-1.98588070149203e-07,58.986229660116734,300.0,1.0074314601745553e-07,-2.9933121614025334e-07,0.0
611,36720.0,36720,299.999999801429,-1.9857094367913102e-07,58.98622965667597,300.0,1.0074135503264843e-07,-2.9931229868517863e-07,0.0
612,36780.0,36780,299.999999801446,-1.9855399587423446e-07,58.9862296532355,300.0,1.0073958750967801e-07,-2.9929358335715833e-07,0.0
613,36840.0,36840,299.99999980146276,-1.9853716111819037e-07,58.98622964979531,300.0,1.0073785898353371e-07,-2.9927502007490276e-07,0.0
614,36900.0,36900,299.99999980147936,-1.9852056731711042e-07,58.986229646355405,300.0,1.0073613910077164e-07,-2.992567063908957e-07,0.0
615,36960.0,36960,299.99999980149585,-1.9850413146002906e-07,58.986229642915774,300.0,1.0073444752127529e-07,-2.99238578954191e-07,0.0
616,37020.0,37020,299.9999998015121,-1.9848783103323325e-07,58.986229639476434,300.0,1.0073278955977841e-07,-2.992206205658282e-07,0.0
617,37080.0,37080,299.9999998015282,-1.984717323382696e-07,58.98622963603734,300.0,1.007311494716591e-07,-2.992028817826708e-07,0.0
618,37140.0,37140,299.9999998015441,-1.984558269085075e-07,58.98622963259855,300.0,1.0072952924132057e-07,-2.991853561224227e-07,0.0
619,37200.0,37200,84.92946705398778,4.92946705398763,58.98622962916001,80.00000000000014,4.929467058119814,-4.132182682381413e-09,0.0
620,37260.0,37260,5.196251310660849,5.196251310660849,59.061979106217585,0.0,5.196251314609217,-3.948367733961138e-09,0.0
621,37320.0,37320,5.19319314867241,5.19319314867241,59.14182816801962,0.0,5.193193152619637,-3.947226533450172e-09,0.0
622,37380.0,37380,5.190127654649092,5.190127654649092,59.221630236065764,0.0,5.1901276585951805,-3.946088995898598e-09,0.0
623,37440.0,37440,5.1870548617701555,5.1870548617701555,59.301385197687075,0.0,5.18705486571511,-3.944955142306804e-09,0.0
624,37500.0,37500,5.183974803199492,5.183974803199492,59.3810929407245,0.0,5.183974807143318,-3.943824993724364e-09,0.0
625,37560.0,37560,5.180887512130322,5.180887512130322,59.46075335352855,0.0,5.18088751607302,-3.942698571253421e-09,0.0
626,37620.0,37620,5.177793021715633,5.177793021715633,59.54036632495984,0.0,5.177793025657209,-3.941575896044937e-09,0.0
627,37680.0,37680,5.174691365119492,5.174691365119492,59.619931744388424,0.0,5.17469136905995,-3.940456989302991e-09,0.0
628,37740.0,37740,5.171582575500812,5.171582575500812,59.69944950169399,0.0,5.171582579440154,-3.939341872280891e-09,0.0
629,37800.0,37800,5.1684666860080934,5.1684666860080934,59.77891948726573,0.0,5.1684666899463245,-3.938230566281823e-09,0.0
630,37860.0,37860,5.165343729782244,5.165343729782244,59.858341592002276,0.0,5.165343733719369,-3.937123092659802e-09,0.0
631,37920.0,37920,5.162213739962203,5.162213739962203,59.93771570731149,0.0,5.162213743898222,-3.9360194728194e-09,0.0
632,37980.0,37980,5.159076749676081,5.159076749676081,60.01704172511046,0.0,5.159076753611001,-3.934919728214149e-09,0.0
633,38040.0,38040,5.1559327920390965,5.1559327920390965,60.09631953782539,0.0,5.1559327959729195,-3.9338238803462705e-09,0.0
634,38100.0,38100,5.152781900168522,5.152781900168522,60.17554903839128,0.0,5.1527819041012535,-3.932731950768721e-09,0.0
635,38160.0,38160,5.149624107157768,5.149624107157768,60.2547301202521,0.0,5.1496241110894125,-3.931643961084198e-09,0.0
636,38220.0,38220,5.146459446108858,5.146459446108858,60.33386267736031,0.0,5.146459450039418,-3.930559932944174e-09,0.0
637,38280.0,38280,5.143287950099043,5.143287950099043,60.41294660417709,0.0,5.143287954028523,-3.929479888047667e-09,0.0
638,38340.0,38340,5.140109652202404,5.140109652202404,60.49198179567185,0.0,5.140109656130808,-3.928403848144939e-09,0.0
639,38400.0,38400,5.136924585477308,5.136924585477308,60.570968147322255,0.0,5.136924589404639,-3.9273318350322455e-09,0.0
640,38460.0,38460,5.133732782972095,5.133732782972095,60.64990555511398,0.0,5.133732786898359,-3.926263870556672e-09,0.0
641,38520.0,38520,5.130534277726179,5.130534277726179,60.72879391554056,0.0,5.1305342816513795,-3.925199976612303e-09,0.0
642,38580.0,38580,5.127329102763948,5.127329102763948,60.80763312560318,0.0,5.127329106688088,-3.924140175141409e-09,0.0
643,38640.0,38640,5.124117291087448,5.124117291087448,60.88642308281057,0.0,5.124117295010533,-3.92308448813417e-09,0.0
644,38700.0,38700,5.120898875708817,5.120898875708817,60.96516368517852,0.0,5.12089887963085,-3.922032937629224e-09,0.0
645,38760.0,38760,5.117673889605018,5.117673889605018,61.04385483123015,0.0,5.117673893526003,-3.9209855457122526e-09,0.0
646,38820.0,38820,5.114442365747268,5.114442365747268,61.12249641999532,0.0,5.11444236966721,-3.919942334515985e-09,0.0
647,38880.0,38880,5.111204337087058,5.111204337087058,61.201088351010554,0.0,5.11120434100596,-3.918903326222927e-09,0.0
648,38940.0,38940,5.107959836570482,5.1079598365704815,61.279630524318705,0.0,5.10795984048835,-3.917868543057841e-09,0.0
649,39000.0,39000,5.104708897116164,5.104708897116164,61.35812284046892,0.0,5.1047089010330025,-3.916838007297506e-09,0.0
650,39060.0,39060,5.101451551629513,5.101451551629513,61.43656520051619,0.0,5.101451555545325,-3.915811741262777e-09,0.0
651,39120.0,39120,5.098187833005754,5.098187833005754,61.514957506021155,0.0,5.098187836920545,-3.914789767321464e-09,0.0
652,39180.0,39180,5.094917774117456,5.094917774117456,61.593299659049926,0.0,5.094917778031228,-3.913772107888009e-09,0.0
653,39240.0,39240,5.091641407821232,5.091641407821232,61.67159156217379,0.0,5.091641411733991,-3.912758785424036e-09,0.0
654,39300.0,39300,5.088358766951303,5.088358766951303,61.7498331184689,0.0,5.088358770863052,-3.9117498224346985e-09,0.0
655,39360.0,39360,5.085069884326004,5.085069884326004,61.82802423151598,0.0,5.08506988823675,-3.910745241473426e-09,0.0
656,39420.0,39420,5.081774792748571,5.081774792748571,61.90616480540005,0.0,5.081774796658316,-3.909745065139688e-09,0.0
657,39480.0,39480,5.07847352499862,5.07847352499862,61.98425474471021,0.0,5.07847352890737,-3.908749316075983e-09,0.0
658,39540.0,39540,5.0751661138379855,5.0751661138379855,62.06229395453929,0.0,5.075166117745744,-3.907758016972993e-09,0.0
659,39600.0,39600,5.071852592002029,5.071852592002029,62.14028234048352,0.0,5.0718525959088,-3.906771190564843e-09,0.0
660,39660.0,39660,5.068532992210424,5.068532992210424,62.21821980864222,0.0,5.068532996116213,-3.905788859632193e-09,0.0
661,39720.0,39720,5.065207347165283,5.065207347165283,62.29610626561745,0.0,5.065207351070094,-3.904811046999515e-09,0.0
662,39780.0,39780,5.061875689536573,5.061875689536573,62.373941618513825,0.0,5.0618756934404106,-3.903837775535079e-09,0.0
663,39840.0,39840,5.0585380519764405,5.0585380519764405,62.45172577493797,0.0,5.05853805587931,-3.902869068155617e-09,0.0
664,39900.0,39900,5.055194467120863,5.055194467120863,62.52945864299828,0.0,5.0551944710227685,-3.901904947817831e-09,0.0
665,39960.0,39960,5.051844967572512,5.051844967572512,62.60714013130464,0.0,5.051844971473457,-3.900945437525012e-09,0.0
666,40020.0,40020,5.048489585917786,5.048489585917786,62.684770148967935,0.0,5.048489589817777,-3.899990560323386e-09,0.0
667,40080.0,40080,5.0451283547146275,5.0451283547146275,62.76234860559982,0.0,5.045128358613668,-3.8990403393046725e-09,0.0
668,40140.0,40140,5.0417613064961735,5.0417613064961735,62.839875411312214,0.0,5.041761310394269,-3.898094797603028e-09,0.0
669,40200.0,40200,5.038388473772617,5.038388473772617,62.917350476716976,0.0,5.038388477669771,-3.897153958396274e-09,0.0
670,40260.0,40260,5.035009889027218,5.035009889027218,62.99477371292556,0.0,5.035009892923435,-3.896217844906129e-09,0.0
671,40320.0,40320,5.031625584715994,5.031625584715993,63.072145031548544,0.0,5.03162558861128,-3.895286480398435e-09,0.0
672,40380.0,40380,5.028235593273381,5.028235593273381,63.149464344695296,0.0,5.028235597167741,-3.894359888179231e-09,0.0
673,40440.0,40440,5.024839947100167,5.024839947100167,63.22673156497355,0.0,5.024839950993605,-3.893438091599642e-09,0.0
674,40500.0,40500,5.02143867858064,5.0214386785806395,63.30394660548893,0.0,5.021438682473161,-3.892521114053454e-09,0.0
675,40560.0,40560,5.0180318200570015,5.0180318200570015,63.38110937984474,0.0,5.01803182394861,-3.891608978976157e-09,0.0
676,40620.0,40620,5.014619403852362,5.014619403852362,63.45821980214123,0.0,5.014619407743064,-3.890701709846593e-09,0.0
677,40680.0,40680,5.011201462252204,5.011201462252204,63.53527778697537,0.0,5.011201466142004,-3.889799330185124e-09,0.0
678,40740.0,40740,5.007778027530763,5.007778027530763,63.61228324944027,0.0,5.007778031419664,-3.888901863554501e-09,0.0
679,40800.0,40800,5.0043491319159745,5.0043491319159745,63.68923610512494,0.0,5.0043491358039836,-3.888009333558269e-09,0.0
680,40860.0,40860,5.000914807610448,5.000914807610448,63.76613627011366,0.0,5.000914811497569,-3.88712176384419e-09,0.0
681,40920.0,40920,4.9974750867821465,4.9974750867821465,63.84298366098557,0.0,4.997475090668386,-3.886239178099353e-09,0.0
682,40980.0,40980,4.9940300015801755,4.9940300015801755,63.91977819481407,0.0,4.994030005465537,-3.885361600052009e-09,0.0
683,41040.0,41040,4.990579584113291,4.9905795841132905,63.996519789166655,0.0,4.99057958799778,-3.884489053472754e-09,0.0
684,41100.0,41100,4.987123866456878,4.987123866456878,64.07320836210415,0.0,4.9871238703405,-3.883621562173793e-09,0.0
685,41160.0,41160,4.983662880654321,4.983662880654321,64.14984383218034,0.0,4.98366288453708,-3.882759150006897e-09,0.0
686,41220.0,41220,4.980196658726109,4.980196658726109,64.22642611844135,0.0,4.9801966626080105,-3.8819018408644905e-09,0.0
687,41280.0,41280,4.9767252326490965,4.976725232649096,64.30295514042541,0.0,4.976725236530145,-3.881049658680748e-09,0.0
688,41340.0,41340,4.973248634369907,4.973248634369907,64.37943081816209,0.0,4.973248638250109,-3.880202627428858e-09,0.0
689,41400.0,41400,4.969766895793102,4.969766895793102,64.45585307217188,0.0,4.9697668996724635,-3.879360771122575e-09,0.0
690,41460.0,41460,4.966280048806193,4.966280048806193,64.53222182346552,0.0,4.966280052684716,-3.878524113815441e-09,0.0
691,41520.0,41520,4.96278812525041,4.96278812525041,64.60853699354382,0.0,4.962788129128103,-3.877692679602291e-09,0.0
692,41580.0,41580,4.959291156931804,4.959291156931804,64.68479850439681,0.0,4.95929116080867,-3.87686649261725e-09,0.0
693,41640.0,41640,4.955789175617195,4.955789175617195,64.76100627850329,0.0,4.95578917949324,-3.876045577030854e-09,0.0
694,41700.0,41700,4.952282213048967,4.952282213048967,64.83716023883024,0.0,4.952282216924198,-3.875229957057624e-09,0.0
695,41760.0,41760,4.948770300916589,4.948770300916588,64.91326030883239,0.0,4.948770304791008,-3.874419656947766e-09,0.0
696,41820.0,41820,4.945253470891989,4.945253470891989,64.98930641245144,0.0,4.945253474765603,-3.873614700991684e-09,0.0
697,41880.0,41880,4.941731754592184,4.941731754592184,65.06529847411579,0.0,4.941731758464999,-3.872815113519069e-09,0.0
698,41940.0,41940,4.938205183602653,4.938205183602653,65.14123641873967,0.0,4.938205187474674,-3.872020918898352e-09,0.0
699,42000.0,42000,4.934673789475307,4.9346737894753065,65.21712017172267,0.0,4.934673793346539,-3.871232141535471e-09,0.0
700,42060.0,42060,4.931137603714519,4.931137603714519,65.29294965894925,0.0,4.931137607584968,-3.870448805873963e-09,0.0
701,42120.0,42120,4.927596657789896,4.927596657789896,65.36872480678797,0.0,4.927596661659567,-3.869670936398566e-09,0.0
702,42180.0,42180,4.924050983131926,4.924050983131926,65.44444554209099,0.0,4.924050987000825,-3.8688985576296126e-09,0.0
703,42240.0,42240,4.920500611130847,4.920500611130847,65.52011179219343,0.0,4.9205006149989785,-3.868131694124621e-09,0.0
704,42300.0,42300,4.9169455731328915,4.9169455731328915,65.5957234849128,0.0,4.916945577000262,-3.867370370481493e-09,0.0
705,42360.0,42360,4.9133859004489295,4.9133859004489295,65.67128054854825,0.0,4.913385904315544,-3.866614611332167e-09,0.0
706,42420.0,42420,4.909821624339468,4.909821624339468,65.74678291188012,0.0,4.909821628205331,-3.865864441348968e-09,0.0
707,42480.0,42480,4.906252776036316,4.9062527760363155,65.82223050416911,0.0,4.906252779901436,-3.865119885239397e-09,0.0
708,42540.0,42540,4.902679386718397,4.902679386718397,65.89762325515586,0.0,4.902679390582778,-3.864380967748555e-09,0.0
709,42600.0,42600,4.899101487526589,4.899101487526589,65.97296109506009,0.0,4.899101491390237,-3.863647713659372e-09,0.0
710,42660.0,42660,4.8955191095543285,4.8955191095543285,66.04824395458007,0.0,4.895519113417248,-3.862920147788905e-09,0.0
711,42720.0,42720,4.891932283855631,4.891932283855631,66.12347176489187,0.0,4.89193228771783,-3.862198294992725e-09,0.0
712,42780.0,42780,4.888341041442477,4.888341041442477,66.1986444576488,0.0,4.888341045303958,-3.861482180161764e-09,0.0
713,42840.0,42840,4.884745413278909,4.884745413278909,66.27376196498062,0.0,4.884745417139681,-3.860771828223186e-09,0.0
714,42900.0,42900,4.881145430283836,4.881145430283836,66.34882421949298,0.0,4.881145434143904,-3.860067264140291e-09,0.0
715,42960.0,42960,4.87754112333515,4.87754112333515,66.42383115426667,0.0,4.877541127194519,-3.859368512912794e-09,0.0
716,43020.0,43020,4.873932523256789,4.873932523256789,66.49878270285691,0.0,4.873932527115466,-3.858675599573853e-09,0.0
717,43080.0,43080,4.8703196608381845,4.8703196608381845,66.57367879929261,0.0,4.870319664696173,-3.857988549194091e-09,0.0
718,43140.0,43140,4.86670256681552,4.86670256681552,66.64851937807583,0.0,4.866702570672827,-3.85730738687899e-09,0.0
719,43200.0,43200,4.863081271875612,4.863081271875612,66.72330437418087,0.0,4.863081275732244,-3.856632137767888e-09,0.0
720,43260.0,43260,4.859455806665385,4.859455806665385,66.79803372305369,0.0,4.859455810521347,-3.855962827036355e-09,0.0
721,43320.0,43320,4.855826201779943,4.855826201779943,66.87270736061112,0.0,4.855826205635243,-3.8552994798945025e-09,0.0
722,43380.0,43380,4.852192487767115,4.852192487767115,66.94732522324011,0.0,4.852192491621757,-3.854642121586526e-09,0.0
723,43440.0,43440,4.848554695125379,4.848554695125379,67.02188724779715,0.0,4.84855469897937,-3.853990777391573e-09,0.0
724,43500.0,43500,4.8449128543077205,4.8449128543077205,67.09639337160725,0.0,4.8449128581610665,-3.853345472622328e-09,0.0
725,43560.0,43560,4.8412669957152366,4.8412669957152366,67.17084353246344,0.0,4.841266999567942,-3.852706232625473e-09,0.0
726,43620.0,43620,299.99999980336315,-1.9663679298417275e-07,67.24523766862593,300.0,1.005175590214757e-07,-2.9715435195866405e-07,0.0
727,43680.0,43680,299.99999980338083,-1.966191211975541e-07,67.24523766521799,300.0,1.0051523539076292e-07,-2.9713435654113254e-07,0.0
728,43740.0,43740,299.9999998033983,-1.9660168550535288e-07,67.24523766181034,300.0,1.0051292085852328e-07,-2.971146063163588e-07,0.0
729,43800.0,43800,299.99999980341556,-1.9658438007666975e-07,67.24523765840298,300.0,1.0051064048473386e-07,-2.9709502051363365e-07,0.0
730,43860.0,43860,299.99999980343273,-1.9656724492918405e-07,67.24523765499593,300.0,1.0050838475094847e-07,-2.970756296321085e-07,0.0
731,43920.0,43920,299.99999980344967,-1.9655025088992921e-07,67.24523765158915,300.0,1.0050616054334993e-07,-2.970564113850492e-07,0.0
732,43980.0,43980,299.9999998034665,-1.965334628026266e-07,67.24523764818267,300.0,1.0050395245860383e-07,-2.9703741521274356e-07,0.0
733,44040.0,44040,299.99999980348315,-1.965168249097555e-07,67.24523764477647,300.0,1.0050177368611303e-07,-2.9701859854715675e-07,0.0
734,44100.0,44100,299.99999980349963,-1.965003281403328e-07,67.24523764137054,300.0,1.0049962634680683e-07,-2.969999544382337e-07,0.0
735,44160.0,44160,299.99999980351595,-1.9648402412810522e-07,67.24523763796488,300.0,1.0049749817043973e-07,-2.9698152224944333e-07,0.0
736,44220.0,44220,124.3960881041482,4.396088104148199,67.24523763455952,120.0,4.396088108271986,-4.123786158438778e-09,0.0
737,44280.0,44280,4.800939288094097,4.800939288094097,67.31279085508793,0.0,4.800939291938903,-3.8448062887392745e-09,0.0
738,44340.0,44340,4.797819124471398,4.797819124471398,67.38656528880998,0.0,4.79781912831553,-3.844131610319777e-09,0.0
739,44400.0,44400,4.794693747808792,4.794693747808792,67.46029177601768,0.0,4.794693751652255,-3.843462464290739e-09,0.0
740,44460.0,44460,4.7915631866204915,4.7915631866204915,67.53397023660403,0.0,4.79156319046329,-3.8427988724901645e-09,0.0
741,44520.0,44520,4.788427469409186,4.788427469409186,67.60760059090012,0.0,4.788427473251327,-3.8421408567958496e-09,0.0
742,44580.0,44580,4.785286624642301,4.785286624642301,67.68118275967505,0.0,4.78528662848379,-3.841488439121089e-09,0.0
743,44640.0,44640,4.782140680766068,4.782140680766068,67.75471666413542,0.0,4.78214068460691,-3.840841641417824e-09,0.0
744,44700.0,44700,4.778989666211481,4.778989666211481,67.82820222592487,0.0,4.778989670051681,-3.84020048567318e-09,0.0
745,44760.0,44760,4.77583360937975,4.77583360937975,67.901639367124,0.0,4.775833613219315,-3.839564993912333e-09,0.0
746,44820.0,44820,4.77267253863881,4.77267253863881,67.97502801024983,0.0,4.772672542477745,-3.838935188196372e-09,0.0
747,44880.0,44880,4.769506482353496,4.769506482353496,68.04836807825525,0.0,4.769506486191807,-3.838311090624715e-09,0.0
748,44940.0,44940,4.766335468845897,4.766335468845897,68.12165949452911,0.0,4.766335472683589,-3.837692723330042e-09,0.0
749,45000.0,45000,4.7631595264161355,4.7631595264161355,68.1949021828954,0.0,4.7631595302532155,-3.8370801084838636e-09,0.0
750,45060.0,45060,4.759978683338682,4.759978683338682,68.268096067613,0.0,4.759978687175156,-3.8364732682914125e-09,0.0
751,45120.0,45120,299.99999980377584,-1.9622410453515267e-07,68.34124107337534,300.0,1.004632480956722e-07,-2.9668735257826417e-07,0.0
752,45180.0,45180,299.99999980379204,-1.962079121397413e-07,68.34124106997434,300.0,1.004610772953543e-07,-2.966689893823115e-07,0.0
753,45240.0,45240,299.999999803808,-1.961919023014295e-07,68.34124106657363,300.0,1.0045892790362569e-07,-2.966508301520287e-07,0.0
754,45300.0,45300,299.9999998038239,-1.9617603345096279e-07,68.34124106317319,300.0,1.0045680974590676e-07,-2.966328431436109e-07,0.0
755,45360.0,45360,299.9999998038396,-1.9616033837143645e-07,68.341241059773,300.0,1.004547150218248e-07,-2.9661505333978506e-07,0.0
756,45420.0,45420,299.9999998038552,-1.9614476272023264e-07,68.34124105637308,300.0,1.0045265658504659e-07,-2.9659741925165995e-07,0.0
757,45480.0,45480,299.99999980387054,-1.9612940257467802e-07,68.34124105297342,300.0,1.0045061163215976e-07,-2.9658001415301404e-07,0.0
758,45540.0,45540,299.99999980388577,-1.9611418594410762e-07,68.34124104957402,300.0,1.0044859720068705e-07,-2.965627830907797e-07,0.0
759,45600.0,45600,299.99999980390083,-1.9609911891203258e-07,68.34124104617489,300.0,1.004466118211557e-07,-2.9654573067903165e-07,0.0
760,45660.0,45660,299.9999998039157,-1.96084236513731e-07,68.34124104277598,300.0,1.0044464716120374e-07,-2.9652888362058975e-07,0.0
761,45720.0,45720,299.99999980393045,-1.960695052144037e-07,68.34124103937734,300.0,1.0044271114378125e-07,-2.9651221630366326e-07,0.0
762,45780.0,45780,299.999999803945,-1.9605491585087133e-07,68.34124103597894,300.0,1.0044080591437569e-07,-2.964957217106217e-07,0.0
763,45840.0,45840,299.9999998488816,-300.0000001511184,68.3412410325808,600.0,1.4373627770633823e-08,-300.000000165492,0.0
764,45900.0,45900,299.9999998488819,-300.00000015111806,63.34124103004347,600.0,1.4373399593909974e-08,-300.00000016549143,0.0
765,45960.0,45960,299.9999998487172,-105.0000001512827,58.341241027506165,405.0,1.4311077001663304e-08,-105.00000016559378,0.0
766,46020.0,46020,299.99999980400105,-1.9599887634191817e-07,56.591241024966195,300.0,1.0043338750685391e-07,-2.9643226379362256e-07,0.0
767,46080.0,46080,299.9999998040145,-1.9598536525054143e-07,56.59124102156898,300.0,1.0043159696387819e-07,-2.9641696215919565e-07,0.0
768,46140.0,46140,299.9999998040279,-1.959720750677504e-07,56.59124101817202,300.0,1.0042981835090448e-07,-2.96401893363279e-07,0.0
769,46200.0,46200,299.99999980404107,-1.9595890073927714e-07,56.591241014775264,300.0,1.0042807654610622e-07,-2.9638697722991403e-07,0.0
770,46260.0,46260,299.9999998040541,-1.9594589028434472e-07,56.59124101137874,300.0,1.0042636014350998e-07,-2.9637225037230656e-07,0.0
771,46320.0,46320,299.99999980406693,-1.9593304427189997e-07,56.591241007982426,300.0,1.0042466898531689e-07,-2.963577132015913e-07,0.0
772,46380.0,46380,299.9999998040796,-1.9592033962062047e-07,56.591241004586344,300.0,1.0042300851985774e-07,-2.9634334808481906e-07,0.0
773,46440.0,46440,139.12412944286436,4.1241294428643975,56.59124100119046,135.0,4.124129447033814,-4.1694161832133955e-09,0.0
774,46500.0,46500,299.9999998041047,-1.9589529641815945e-07,56.65461512362373,300.0,1.0041974136329079e-07,-2.9631503772563925e-07,0.0
775,46560.0,46560,299.99999980411707,-1.9588290152404284e-07,56.65461512022827,300.0,1.0041814799683138e-07,-2.9630104946506473e-07,0.0
776,46620.0,46620,299.99999980412923,-1.9587071431573462e-07,56.65461511683302,300.0,1.004165695269834e-07,-2.9628728378681214e-07,0.0
777,46680.0,46680,299.9999998041413,-1.9585865479110015e-07,56.654615113437984,300.0,1.004150248956308e-07,-2.9627367963080317e-07,0.0
778,46740.0,46740,299.9999998041532,-1.9584678391671332e-07,56.654615110043146,300.0,1.004134996311143e-07,-2.9626028349182974e-07,0.0
779,46800.0,46800,299.99999980416493,-1.9583503721765804e-07,56.654615106648514,300.0,1.0041200899531418e-07,-2.962470461569831e-07,0.0
780,46860.0,46860,299.9999998041765,-1.958234760259056e-07,56.65461510325406,300.0,1.0041053843027978e-07,-2.962340144001583e-07,0.0
781,46920.0,46920,299.99999980418795,-1.9581204004846558e-07,56.65461509985981,300.0,1.0040910220788658e-07,-2.9622114220034405e-07,0.0
782,46980.0,46980,299.99999980419915,-1.95800797324543e-07,56.65461509646576,300.0,1.0040768418116204e-07,-2.962084814496561e-07,0.0
783,47040.0,47040,299.9999998042103,-1.9578967555420047e-07,56.6546150930719,300.0,1.0040630146820972e-07,-2.9619597696641523e-07,0.0
784,47100.0,47100,299.9999998042212,-1.957787195850886e-07,56.65461508967822,300.0,1.0040494342049997e-07,-2.961836629496301e-07,0.0
785,47160.0,47160,148.98338312078207,3.98338312078219,56.65461508628472,144.99999999999986,3.9833831250635505,-4.281360338229122e-09,0.0
786,47220.0,47220,4.67601601476552,4.67601601476552,56.71582640690185,0.0,4.676016018577789,-3.812268370451115e-09,0.0
787,47280.0,47280,4.674446486484013,4.674446486484013,56.7876811863238,0.0,4.674446490295518,-3.811504564531226e-09,0.0
788,47340.0,47340,4.672869378209873,4.672869378209873,56.85951184732783,0.0,4.672869382020617,-3.8107449919395525e-09,0.0
789,47400.0,47400,4.671284707383898,4.671284707383898,56.93131827343471,0.0,4.671284711193888,-3.809989664007473e-09,0.0
790,47460.0,47460,4.669692491502515,4.669692491502515,57.00310034843324,0.0,4.669692495311753,-3.809238592111584e-09,0.0
791,47520.0,47520,4.668092748102373,4.668092748102373,57.074857956381045,0.0,4.668092751910865,-3.808491787676259e-09,0.0
792,47580.0,47580,4.666485494781625,4.666485494781625,57.14659098160528,0.0,4.666485498589376,-3.80774926216698e-09,0.0
793,47640.0,47640,4.664870749184687,4.664870749184687,57.218299308703486,0.0,4.664870752991697,-3.807011027096093e-09,0.0
794,47700.0,47700,4.6632485290125105,4.6632485290125105,57.28998282254435,0.0,4.663248532818788,-3.806277094020157e-09,0.0
795,47760.0,47760,4.6616188520008475,4.6616188520008475,57.361641408268575,0.0,4.6616188558063945,-3.80554747454013e-09,0.0
796,47820.0,47820,4.659981735957711,4.659981735957711,57.43327495128939,0.0,4.659981739762533,-3.8048221803013674e-09,0.0
797,47880.0,47880,4.658337198715562,4.658337198715562,57.50488333729368,0.0,4.658337202519663,-3.804101222994351e-09,0.0
798,47940.0,47940,4.656685258174583,4.656685258174583,57.57646645224233,0.0,4.656685261977968,-3.8033846143514045e-09,0.0
799,48000.0,48000,4.655025932276735,4.655025932276735,57.648024182371344,0.0,4.655025936079408,-3.8026723661512135e-09,0.0
800,48060.0,48060,4.653359239006961,4.653359239006961,57.71955641419239,0.0,4.653359242808925,-3.801964490216036e-09,0.0
801,48120.0,48120,4.651685196411057,4.651685196411057,57.79106303449354,0.0,4.651685200212318,-3.801260998409975e-09,0.0
802,48180.0,48180,4.650003822567841,4.650003822567841,57.86254393034013,0.0,4.650003826368403,-3.8005619026436764e-09,0.0
803,48240.0,48240,4.6483151356123384,4.6483151356123384,57.93399898907532,0.0,4.648315139412206,-3.799867214868392e-09,0.0
804,48300.0,48300,4.646619153721046,4.646619153721046,58.00542809832096,0.0,4.646619157520222,-3.799176947081372e-09,0.0
805,48360.0,48360,4.644915895122756,4.644915895122756,58.07683114597822,0.0,4.644915898921248,-3.798491111321296e-09,0.0
806,48420.0,48420,4.643205378083072,4.643205378083072,58.148208020228346,0.0,4.6432053818808825,-3.7978097196701466e-09,0.0
807,48480.0,48480,4.64148762092322,4.64148762092322,58.219558609533294,0.0,4.641487624720353,-3.797132784253848e-09,0.0
808,48540.0,48540,4.639762642000485,4.639762642000485,58.29088280263656,0.0,4.639762645796945,-3.796460317240623e-09,0.0
809,48600.0,48600,4.638030459726577,4.638030459726577,58.36218048856371,0.0,4.63803046352237,-3.795792330842405e-09,0.0
810,48660.0,48660,4.636291092544557,4.636291092544557,58.433451556623254,0.0,4.6362910963396855,-3.79512883731206e-09,0.0
811,48720.0,48720,299.9999998045183,-1.95481608321744e-07,58.50469589640709,300.0,1.0036695340510411e-07,-2.958485616708648e-07,0.0
812,48780.0,48780,299.9999998045294,-1.9547054947913165e-07,58.50469589301861,300.0,1.003654767661181e-07,-2.9583602618918033e-07,0.0
813,48840.0,48840,299.9999998045403,-1.954595960370216e-07,58.5046958896303,300.0,1.0036403895149367e-07,-2.9582363493249403e-07,0.0
814,48900.0,48900,299.9999998489044,-300.00000015109555,58.50469588624218,600.0,1.4363595132665426e-08,-300.0000001654591,0.0
815,48960.0,48960,299.99999984890485,-300.00000015109504,53.50469588370526,600.0,1.4363414234185163e-08,-300.00000016545846,0.0
816,49020.0,49020,299.9999998489053,-300.00000015109464,48.504695881168345,600.0,1.4363238363485722e-08,-300.00000016545783,0.0
817,49080.0,49080,299.9999998489057,-300.0000001510942,43.50469587863144,600.0,1.4363067520375092e-08,-300.00000016545727,0.0
818,49140.0,49140,299.99999984890604,-300.00000015109384,38.504695876094544,600.0,1.4362901704672584e-08,-300.0000001654568,0.0
819,49200.0,49200,299.99999984890644,-300.0000001510934,33.50469587355765,600.0,1.436274091619896e-08,-300.0000001654561,0.0
820,49260.0,49260,299.99999984890684,-300.00000015109305,28.50469587102077,600.0,1.4362585154782295e-08,-300.0000001654557,0.0
821,49320.0,49320,299.9999998489072,-300.00000015109276,23.504695868483886,600.0,1.4362434420253025e-08,-300.0000001654552,0.0
822,49380.0,49380,299.99999984875075,-120.0000001512492,18.504695865947017,420.0,1.4331690125643872e-08,-120.00000016558089,0.0
823,49440.0,49440,299.9999998046358,-1.953641179825871e-07,16.504695863407573,300.0,1.0035072657789681e-07,-2.9571484450479266e-07,0.0
824,49500.0,49500,228.97087710148097,3.9708771014809763,16.50469586002106,225.0,3.9708771117644894,-1.0283512854226004e-08,0.0
825,49560.0,49560,4.615151249654106,4.615151249654106,16.56571500480046,0.0,4.615151253440227,-3.7861201245777985e-09,0.0
826,49620.0,49620,4.614043388895272,4.614043388895272,16.636634495665234,0.0,4.614043392680855,-3.785582990492789e-09,0.0
827,49680.0,49680,4.6129277540447,4.6129277540447,16.707536962403015,0.0,4.61292775782975,-3.785049877140328e-09,0.0
828,49740.0,49740,4.61180435832102,4.61180435832102,16.778422285551926,0.0,4.611804362105541,-3.784520792735761e-09,0.0
829,49800.0,49800,4.610673215006788,4.610673215006788,16.849290345853213,0.0,4.610673218790783,-3.783995745538832e-09,0.0
830,49860.0,49860,4.609534337444914,4.609534337444914,16.920141024252242,0.0,4.609534341228389,-3.7834747438532265e-09,0.0
831,49920.0,49920,4.608387739054413,4.608387739054413,16.990974201899405,0.0,4.608387742837371,-3.782957796028533e-09,0.0
832,49980.0,49980,4.607233433310742,4.607233433310742,17.0617897601513,0.0,4.607233437093187,-3.782444910457687e-09,0.0
833,50040.0,50040,4.606071433753639,4.606071433753639,17.132587580571602,0.0,4.606071437535575,-3.781936095579575e-09,0.0
834,50100.0,50100,4.604901753981662,4.604901753981662,17.203367544932046,0.0,4.604901757763092,-3.7814313598751504e-09,0.0
835,50160.0,50160,4.603724407675201,4.6037244076752,17.274129535213326,0.0,4.60372441145613,-3.780930711870041e-09,0.0
836,50220.0,50220,4.602539408561809,4.602539408561809,17.344873433606363,0.0,4.602539412342244,-3.780434160133953e-09,0.0
837,50280.0,50280,4.601346770429556,4.601346770429556,17.41559912251303,0.0,4.601346774209498,-3.779941713281715e-09,0.0
838,50340.0,50340,4.600146507139374,4.600146507139374,17.486306484547057,0.0,4.600146510918828,-3.779453379969867e-09,0.0
839,50400.0,50400,4.598938632611038,4.598938632611038,17.556995402535197,0.0,4.598938636390007,-3.778969168900529e-09,0.0
840,50460.0,50460,4.597723160825739,4.597723160825739,17.627665759518084,0.0,4.597723164604228,-3.778489088817893e-09,0.0
841,50520.0,50520,4.5965001058231545,4.5965001058231545,17.698317438751204,0.0,4.596500109601168,-3.77801314851178e-09,0.0
842,50580.0,50580,4.595269481708597,4.595269481708596,17.768950323705788,0.0,4.595269485486138,-3.777541356812164e-09,0.0
843,50640.0,50640,4.594031302649962,4.594031302649962,17.83956429806981,0.0,4.594031306427035,-3.777073722595198e-09,0.0
844,50700.0,50700,4.592785582868497,4.592785582868497,17.91015924574896,0.0,4.592785586645107,-3.7766102547792845e-09,0.0
845,50760.0,50760,4.59153233665363,4.59153233665363,17.980735050867477,0.0,4.591532340429781,-3.776150962325721e-09,0.0
846,50820.0,50820,4.590271578351234,4.590271578351234,18.051291597769158,0.0,4.590271582126929,-3.775695854240156e-09,0.0
847,50880.0,50880,4.5890033223654365,4.5890033223654365,18.121828771018254,0.0,4.5890033261406815,-3.775244939567888e-09,0.0
848,50940.0,50940,4.587727583163814,4.587727583163814,18.192346455400372,0.0,4.5877275869386125,-3.774798227400486e-09,0.0
849,51000.0,51000,4.586444375265984,4.586444375265984,18.262844535923428,0.0,4.58644437904034,-3.774355726871087e-09,0.0
850,51060.0,51060,4.585153713257781,4.585153713257781,18.33332289781845,0.0,4.585153717031698,-3.773917447154851e-09,0.0
851,51120.0,51120,4.583855611785615,4.583855611785615,18.40378142654062,0.0,4.583855615559099,-3.773483397469923e-09,0.0
852,51180.0,51180,4.582550085543145,4.582550085543145,18.47422000777016,0.0,4.582550089316198,-3.773053587077018e-09,0.0
853,51240.0,51240,4.581237149290809,4.581237149290809,18.544638527413113,0.0,4.581237153063436,-3.7726280252791075e-09,0.0
854,51300.0,51300,4.579916817841373,4.579916817841373,18.615036871602317,0.0,4.57991682161358,-3.772206721420636e-09,0.0
855,51360.0,51360,4.578589106066599,4.578589106066599,18.685414926698254,0.0,4.578589109838389,-3.771789684889992e-09,0.0
856,51420.0,51420,4.5772540289012715,4.5772540289012715,18.75577257928992,0.0,4.5772540326726485,-3.771376925115077e-09,0.0
857,51480.0,51480,4.575911601325069,4.575911601325069,18.82610971619581,0.0,4.575911605096038,-3.770968451567598e-09,0.0
858,51540.0,51540,4.57456183837854,4.57456183837854,18.896426224464612,0.0,4.574561842149104,-3.770564273760328e-09,0.0
859,51600.0,51600,4.573204755165086,4.573204755165086,18.96672199137614,0.0,4.57320475893525,-3.770164401247382e-09,0.0
860,51660.0,51660,4.571840366828864,4.571840366828863,19.036996904442287,0.0,4.571840370598633,-3.769768843624942e-09,0.0
861,51720.0,51720,4.570468688587134,4.570468688587134,19.107250851407667,0.0,4.570468692356512,-3.769377610531719e-09,0.0
862,51780.0,51780,4.569089735693885,4.569089735693885,19.17748372025073,0.0,4.569089739462876,-3.768990711644798e-09,0.0
863,51840.0,51840,4.567703523469307,4.567703523469307,19.247695399184337,0.0,4.5677035272379145,-3.768608156686436e-09,0.0
864,51900.0,51900,4.566310067289105,4.566310067289105,19.317885776656762,0.0,4.566310071057335,-3.768229955416125e-09,0.0
865,51960.0,51960,4.564909382571003,4.564909382571003,19.38805474135255,0.0,4.56490938633886,-3.767856117637388e-09,0.0
866,52020.0,52020,4.563501484795252,4.563501484795252,19.458202182193165,0.0,4.563501488562738,-3.767486653192535e-09,0.0
867,52080.0,52080,4.562086389492646,4.562086389492646,19.528327988337967,0.0,4.562086393259768,-3.767121571967222e-09,0.0
868,52140.0,52140,4.560664112248044,4.560664112248044,19.59843204918495,0.0,4.560664116014805,-3.7667608838854346e-09,0.0
869,52200.0,52200,4.559234668697228,4.559234668697228,19.66851425437161,0.0,4.559234672463633,-3.766404598912863e-09,0.0
870,52260.0,52260,4.5577980745248015,4.5577980745248015,19.738574493775705,0.0,4.557798078290855,-3.7660527270540295e-09,0.0
871,52320.0,52320,4.556354345475196,4.556354345475196,19.80861265751602,0.0,4.556354349240901,-3.765705278357396e-09,0.0
872,52380.0,52380,4.554903497338745,4.554903497338745,19.87862863595327,0.0,4.554903501104107,-3.765362262909114e-09,0.0
873,52440.0,52440,4.5534455459554755,4.5534455459554755,19.948622319690823,0.0,4.553445549720498,-3.765023690835308e-09,0.0
874,52500.0,52500,4.551980507216261,4.551980507216261,20.018593599575457,0.0,4.551980510980951,-3.764689572302804e-09,0.0
875,52560.0,52560,4.5505083970624325,4.5505083970624325,20.088542366698128,0.0,4.550508400826792,-3.764359917518716e-09,0.0
876,52620.0,52620,4.5490292314907155,4.549029231490715,20.158468512394773,0.0,4.549029235254749,-3.764034736729676e-09,0.0
877,52680.0,52680,4.547543026541714,4.547543026541714,20.22837192824713,0.0,4.547543030305428,-3.76371404022174e-09,0.0
878,52740.0,52740,4.546049798298157,4.546049798298157,20.298252506083443,0.0,4.546049802061555,-3.7633978383205206e-09,0.0
879,52800.0,52800,4.544549562910332,4.544549562910332,20.368110137979073,0.0,4.5445495666734175,-3.763086141391653e-09,0.0
880,52860.0,52860,4.5430423365640875,4.5430423365640875,20.437944716257583,0.0,4.543042340326867,-3.762778959839187e-09,0.0
881,52920.0,52920,4.5415281354884875,4.5415281354884875,20.507756133491235,0.0,4.541528139250963,-3.7624763041088366e-09,0.0
882,52980.0,52980,4.540006975969252,4.540006975969252,20.57754428250169,0.0,4.54000697973143,-3.762178184681995e-09,0.0
883,53040.0,53040,4.538478874339524,4.538478874339524,20.64730905636087,0.0,4.538478878101409,-3.761884612081444e-09,0.0
884,53100.0,53100,4.536943846975816,4.536943846975816,20.717050348391677,0.0,4.536943850737412,-3.76159559686747e-09,0.0
885,53160.0,53160,4.5354019103035395,4.5354019103035395,20.78676805216866,0.0,4.53540191406485,-3.761311149640969e-09,0.0
886,53220.0,53220,4.53385308078025,4.53385308078025,20.85646206151878,0.0,4.53385308454128,-3.761031281039436e-09,0.0
887,53280.0,53280,4.532297374939422,4.532297374939422,20.92613227052189,0.0,4.532297378700178,-3.760756001740517e-09,0.0
888,53340.0,53340,4.530734809331464,4.530734809331464,20.995778573511913,0.0,4.530734813091949,-3.760485322458862e-09,0.0
889,53400.0,53400,4.52916540056724,4.52916540056724,21.0654008650771,0.0,4.529165404327459,-3.7602192539487764e-09,0.0
890,53460.0,53460,4.527589165293385,4.527589165293385,21.134999040060936,0.0,4.527589169053343,-3.759957807002117e-09,0.0
891,53520.0,53520,4.526006120202458,4.526006120202458,21.20457299356273,0.0,4.526006123962159,-3.759700992447882e-09,0.0
892,53580.0,53580,4.524416282041274,4.524416282041274,21.2741226209383,0.0,4.524416285800722,-3.759448821154768e-09,0.0
893,53640.0,53640,4.52281966758644,4.52281966758644,21.34364781780079,0.0,4.5228196713456414,-3.759201304028431e-09,0.0
894,53700.0,53700,4.521216293661572,4.521216293661572,21.413148480021157,0.0,4.521216297420531,-3.758958452012265e-09,0.0
895,53760.0,53760,4.51960617713841,4.51960617713841,21.482624503728882,0.0,4.519606180897131,-3.758720276087259e-09,0.0
896,53820.0,53820,4.5179893349285845,4.5179893349285845,21.5520757853127,0.0,4.517989338687071,-3.7584867872711364e-09,0.0
897,53880.0,53880,4.516365783976091,4.516365783976091,21.621502221421228,0.0,4.516365787734348,-3.758257996620951e-09,0.0
898,53940.0,53940,4.5147355412811265,4.5147355412811265,21.690903708963454,0.0,4.51473554503916,-3.758033915228071e-09,0.0
899,54000.0,54000,4.513098623876673,4.513098623876673,21.760280145109597,0.0,4.513098627634488,-3.757814554223472e-09,0.0
900,54060.0,54060,4.511455048840988,4.511455048840988,21.829631427291627,0.0,4.511455052598588,-3.7575999247745394e-09,0.0
901,54120.0,54120,4.509804833285988,4.509804833285988,21.898957453203945,0.0,4.509804837043378,-3.757390038084663e-09,0.0
902,54180.0,54180,4.508147994366536,4.508147994366536,21.9682581208039,0.0,4.508147998123721,-3.757184905393962e-09,0.0
903,54240.0,54240,4.506484549281199,4.506484549281199,22.037533328312456,0.0,4.506484553038183,-3.756984537980063e-09,0.0
904,54300.0,54300,4.504814515266896,4.504814515266896,22.106782974214873,0.0,4.504814519023686,-3.756788947157053e-09,0.0
905,54360.0,54360,4.503137909590126,4.503137909590126,22.176006957261265,0.0,4.503137913346724,-3.756598144273557e-09,0.0
906,54420.0,54420,4.501454749565764,4.501454749565764,22.245205176467095,0.0,4.501454753322175,-3.756412140715574e-09,0.0
907,54480.0,54480,4.499765052550439,4.499765052550439,22.31437753111388,0.0,4.49976505630667,-3.756230947907246e-09,0.0
908,54540.0,54540,4.498068835925412,4.498068835925412,22.383523920749866,0.0,4.4980688396814665,-3.75605457730516e-09,0.0
909,54600.0,54600,4.496366117111888,4.496366117111888,22.45264424519038,0.0,4.496366120867772,-3.7558830404032265e-09,0.0
910,54660.0,54660,4.494656913579619,4.494656913579619,22.521738404518466,0.0,4.494656917335336,-3.755716348731038e-09,0.0
911,54720.0,54720,4.492941242824097,4.492941242824097,22.5908062990856,0.0,4.492941246579652,-3.755554513855331e-09,0.0
912,54780.0,54780,4.491219122371713,4.491219122371713,22.65984782951212,0.0,4.491219126127111,-3.755397547374186e-09,0.0
913,54840.0,54840,4.489490569806543,4.489490569806543,22.728862896687698,0.0,4.489490573561788,-3.75524546092566e-09,0.0
914,54900.0,54900,4.4877556027193055,4.4877556027193055,22.797851401772185,0.0,4.487755606474403,-3.755098266179837e-09,0.0
915,54960.0,54960,4.486014238762548,4.486014238762548,22.86681324619577,0.0,4.486014242517505,-3.754955974842348e-09,0.0
916,55020.0,55020,4.484266495598442,4.484266495598442,22.935748331659884,0.0,4.484266499353261,-3.754818598655511e-09,0.0
917,55080.0,55080,4.482512390942634,4.482512390942634,23.004656560137374,0.0,4.482512394697319,-3.7546861493945886e-09,0.0
918,55140.0,55140,4.480751942540749,4.480751942540749,23.07353783387332,0.0,4.480751946295308,-3.754558638870021e-09,0.0
919,55200.0,55200,4.478985168155827,4.478985168155827,23.142392055385496,0.0,4.478985171910264,-3.7544360789255615e-09,0.0
920,55260.0,55260,4.477212085607981,4.477212085607981,23.21121912746462,0.0,4.4772120893622995,-3.7543184814418744e-09,0.0
921,55320.0,55320,4.475432712730021,4.475432712730021,23.280018953175258,0.0,4.475432716484227,-3.754205858332205e-09,0.0
922,55380.0,55380,4.473647067401157,4.473647067401157,23.348791435856004,0.0,4.473647071155256,-3.754098221543838e-09,0.0
923,55440.0,55440,4.47185516751749,4.47185516751749,23.4175364791202,0.0,4.471855171271486,-3.753995583058691e-09,0.0
924,55500.0,55500,4.4700570310202705,4.4700570310202705,23.486253986856184,0.0,4.470057034774168,-3.7538979548919e-09,0.0
925,55560.0,55560,4.468252675876931,4.468252675876931,23.554943863227994,0.0,4.468252679630736,-3.7538053490923645e-09,0.0
926,55620.0,55620,4.4664421200737445,4.4664421200737445,23.623606012675765,0.0,4.466442123827463,-3.7537177777433005e-09,0.0
927,55680.0,55680,4.464625381649538,4.464625381649538,23.69224033991603,0.0,4.464625385403172,-3.753635252961232e-09,0.0
928,55740.0,55740,4.462802478655138,4.462802478655138,23.760846749942505,0.0,4.462802482408696,-3.753557786893163e-09,0.0
929,55800.0,55800,4.460973429174214,4.460973429174214,23.829425148026303,0.0,4.4609734329277,-3.753485391724473e-09,0.0
930,55860.0,55860,4.459138251324033,4.459138251324033,23.897975439716415,0.0,4.45913825507745,-3.753418079668647e-09,0.0
931,55920.0,55920,4.457296963246897,4.457296963246897,23.966497530840225,0.0,4.457296967000253,-3.7533558629746735e-09,0.0
932,55980.0,55980,4.455449583108952,4.455449583108952,24.034991327503917,0.0,4.455449586862251,-3.753298753923706e-09,0.0
933,56040.0,56040,4.453596129112172,4.453596129112172,24.103456736092824,0.0,4.453596132865419,-3.753246764830026e-09,0.0
934,56100.0,56100,4.451736619477226,4.451736619477226,24.17189366327198,0.0,4.451736623230426,-3.753199908037668e-09,0.0
935,56160.0,56160,4.449871072463927,4.449871072463927,24.240302015986412,0.0,4.449871076217086,-3.7531581959279864e-09,0.0
936,56220.0,56220,4.447999506343405,4.447999506343405,24.30868170146174,0.0,4.447999510096526,-3.753121640909399e-09,0.0
937,56280.0,56280,299.99999980568083,-1.943190804342143e-07,24.377032627204343,300.0,1.0017058501425257e-07,-2.944896653911695e-07,0.0
938,56340.0,56340,299.99999980569083,-1.9430914616955468e-07,24.377032623835486,300.0,1.0016863077337786e-07,-2.944777768855125e-07,0.0
939,56400.0,56400,299.9999998057006,-1.94299349411434e-07,24.377032620466792,300.0,1.0016670710996042e-07,-2.944660564638736e-07,0.0
940,56460.0,56460,299.9999998057103,-1.9428970234536578e-07,24.377032617098266,300.0,1.0016481111625206e-07,-2.944545134040182e-07,0.0
941,56520.0,56520,299.9999998057197,-1.942801899266467e-07,24.377032613729902,300.0,1.0016294633376933e-07,-2.944431362027682e-07,0.0
942,56580.0,56580,299.9999998057291,-1.942708535065292e-07,24.37703261036169,300.0,1.0016110294939499e-07,-2.944319563981946e-07,0.0
943,56640.0,56640,299.9999998057383,-1.9426165223059723e-07,24.377032606993648,300.0,1.0015929061678868e-07,-2.944209427895891e-07,0.0
944,56700.0,56700,299.9999998057474,-1.942525796357e-07,24.37703260362576,300.0,1.0015751084618156e-07,-2.9441009042406584e-07,0.0
945,56760.0,56760,299.99999980575626,-1.9424369843220821e-07,24.37703260025802,300.0,1.0015574876887282e-07,-2.943994471431923e-07,0.0
946,56820.0,56820,299.999999805765,-1.942349282094894e-07,24.377032596890434,300.0,1.0015402340552833e-07,-2.943889515571319e-07,0.0
947,56880.0,56880,299.9999998057736,-1.9422633148049147e-07,24.377032593522994,300.0,1.0015231993545525e-07,-2.943786513580156e-07,0.0
948,56940.0,56940,203.57123734333877,3.5712373433386366,24.377032590155704,200.0000000000001,3.5712373493021308,-5.963494062452054e-09,0.0
949,57000.0,57000,4.426880723059882,4.426880723059882,24.431910603990598,0.0,4.4268807268117145,-3.751832461068915e-09,0.0
950,57060.0,57060,4.425476438439329,4.425476438439329,24.499937004430084,0.0,4.425476442191,-3.751670913826754e-09,0.0
951,57120.0,57120,4.424065593544097,4.424065593544097,24.567941825695904,0.0,4.424065597295612,-3.751514108251235e-09,0.0
952,57180.0,57180,4.42264820306821,4.42264820306821,24.635924966978497,0.0,4.422648206819573,-3.7513620535806246e-09,0.0
953,57240.0,57240,4.42122428176086,4.42122428176086,24.703886327694114,0.0,4.421224285512074,-3.751214759085814e-09,0.0
954,57300.0,57300,4.419793844409809,4.419793844409809,24.77182580748564,0.0,4.419793848160881,-3.7510722340718265e-09,0.0
955,57360.0,57360,4.41835690584323,4.41835690584323,24.839743306223205,0.0,4.418356909594165,-3.750934487879183e-09,0.0
956,57420.0,57420,4.416913480931589,4.416913480931589,24.907638724004798,0.0,4.41691348468239,-3.7508015298771545e-09,0.0
957,57480.0,57480,4.415463584591293,4.415463584591293,24.975511961156915,0.0,4.415463588341965,-3.7506733694726514e-09,0.0
958,57540.0,57540,4.414007231778749,4.414007231778749,25.043362918235268,0.0,4.414007235529299,-3.750550016102521e-09,0.0
959,57600.0,57600,4.412544437488746,4.412544437488746,25.111191496025405,0.0,4.412544441239177,-3.750431479238972e-09,0.0
960,57660.0,57660,4.411075216763029,4.411075216763029,25.178997595543283,0.0,4.411075220513347,-3.7503177683849205e-09,0.0
961,57720.0,57720,153.7543903701094,3.7543903701094274,25.24678111803601,150.0,3.754390374444797,-4.335368393789993e-09,0.0
962,57780.0,57780,153.7534335580361,3.7534335580361233,25.3044735833844,150.0,3.753433562371538,-4.335414242406804e-09,0.0
963,57840.0,57840,153.75247651673314,3.7524765167331697,25.362151345720598,150.0,3.7524765210686284,-4.33545848798579e-09,0.0
964,57900.0,57900,153.7515192472578,3.7515192472577943,25.419814401522107,150.0,3.751519251593296,-4.335501129380466e-09,0.0
965,57960.0,57960,153.75056175064367,3.7505617506437035,25.477462747282676,150.0,3.7505617549792456,-4.335542165456165e-09,0.0
966,58020.0,58020,153.74960402793138,3.749604027931411,25.53509637951194,150.0,3.7496040322669932,-4.3355815950943745e-09,0.0
967,58080.0,58080,153.7486460801464,3.7486460801463966,25.59271529473553,150.0,3.7486460844820164,-4.335619417190497e-09,0.0
968,58140.0,58140,153.74768790831055,3.7476879083105836,25.65031948949482,150.0,3.747687912646239,-4.335655630655496e-09,0.0
969,58200.0,58200,153.74672951343672,3.746729513436747,25.7079089603469,150.0,3.746729517772437,-4.335690234414707e-09,0.0
970,58260.0,58260,153.74577089652502,3.7457708965250363,25.76548370386442,150.0,3.74577090086076,-4.335723227408433e-09,0.0
971,58320.0,58320,153.7448120585722,3.744812058572227,25.823043716635393,150.0,3.744812062907982,-4.33575460859103e-09,0.0
972,58380.0,58380,153.74385300056872,3.743853000568743,25.880588995263164,150.0,3.7438530049045275,-4.3357843769326896e-09,0.0
973,58440.0,58440,153.74289372349668,3.7428937234967,25.938119536366276,150.0,3.742893727832513,-4.3358125314162855e-09,0.0
974,58500.0,58500,153.74193422832244,3.741934228322473,25.995635336578385,150.0,3.7419342326583114,-4.335839071042761e-09,0.0
975,58560.0,58560,153.74097451601202,3.7409745160120687,26.05313639254798,150.0,3.740974520347933,-4.3358639948253355e-09,0.0
976,58620.0,58620,153.74001458752682,3.7400145875268356,26.110622700938404,150.0,3.7400145918627232,-4.335887301793153e-09,0.0
977,58680.0,58680,153.73905444381532,3.739054443815336,26.168094258427775,150.0,3.7390544481512458,-4.335908990989408e-09,0.0
978,58740.0,58740,153.73809408581278,3.738094085812807,26.225551061708774,150.0,3.7380940901487367,-4.335929061471901e-09,0.0
979,58800.0,58800,153.73713351445556,3.737133514455569,26.282993107488476,150.0,3.737133518791517,-4.335947512316591e-09,0.0
980,58860.0,58860,153.73617273066776,3.736172730667796,26.340420392488316,150.0,3.736172735003761,-4.335964342609748e-09,0.0
981,58920.0,58920,153.7352117353681,3.735211735368136,26.397832913443953,150.0,3.7352117397041162,-4.335979551453658e-09,0.0
982,58980.0,58980,39.32501129858313,4.325011298582992,26.455230667105152,35.00000000000014,4.325011302395572,-3.812579639358622e-09,0.0
983,59040.0,59040,4.377919679134916,4.377919679134916,26.5216916740551,0.0,4.3779196828822515,-3.74733665847114e-09,0.0
984,59100.0,59100,4.376498490789282,4.376498490789281,26.588965706452942,0.0,4.376498494536478,-3.7471964297406e-09,0.0
985,59160.0,59160,4.375071007543023,4.375071007543023,26.65621789992321,0.0,4.375071011290084,-3.747061093019302e-09,0.0
986,59220.0,59220,4.373637243217139,4.373637243217139,26.72344815773426,0.0,4.373637246964069,-3.746930658163973e-09,0.0
987,59280.0,59280,4.3721972116614465,4.3721972116614465,26.790656383366837,0.0,4.372197215408252,-3.746805135065701e-09,0.0
988,59340.0,59340,4.370750926775712,4.370750926775712,26.85784248051451,0.0,4.370750930522397,-3.746684533644637e-09,0.0
989,59400.0,59400,4.369298402494255,4.369298402494255,26.925006353084438,0.0,4.369298406240825,-3.746568863853377e-09,0.0
990,59460.0,59460,4.367839652800183,4.367839652800183,26.992147905197907,0.0,4.367839656546641,-3.7464581356782815e-09,0.0
991,59520.0,59520,4.3663746917177715,4.3663746917177715,27.05926704119108,0.0,4.366374695464124,-3.7463523591362826e-09,0.0
992,59580.0,59580,4.364903533308086,4.364903533308086,27.126363665615617,0.0,4.364903537054337,-3.746251544274657e-09,0.0
993,59640.0,59640,4.363426191675116,4.363426191675116,27.193437683239257,0.0,4.363426195421272,-3.746155701172803e-09,0.0
994,59700.0,59700,4.361942680959532,4.361942680959532,27.26048899904647,0.0,4.361942684705597,-3.746064839941652e-09,0.0
995,59760.0,59760,4.360453015352801,4.360453015352801,27.327517518239027,0.0,4.360453019098782,-3.745978970724253e-09,0.0
996,59820.0,59820,4.358957209071906,4.358957209071906,27.394523146236757,0.0,4.358957212817804,-3.745898103691814e-09,0.0
997,59880.0,59880,4.3574552763825,4.3574552763825,27.46150578867797,0.0,4.357455280128322,-3.7458222490504915e-09,0.0
998,59940.0,59940,4.355947231582741,4.355947231582741,27.52846535142019,0.0,4.355947235328492,-3.745751417033867e-09,0.0
999,60000.0,60000,4.354433089021312,4.354433089021312,27.595401740540648,0.0,4.354433092766998,-3.7456856179080086e-09,0.0
1000,60060.0,60060,4.35291286306679,4.35291286306679,27.662314862337084,0.0,4.3529128668124155,-3.745624861970014e-09,0.0
1001,60120.0,60120,4.351386568142505,4.351386568142504,27.729204623328016,0.0,4.3513865718880735,-3.745569159545499e-09,0.0
1002,60180.0,60180,4.349854218699124,4.349854218699124,27.79607093025362,0.0,4.349854222444642,-3.745518520991974e-09,0.0
1003,60240.0,60240,4.348315829234521,4.348315829234521,27.862913690076102,0.0,4.348315832979995,-3.7454729566967905e-09,0.0
1004,60300.0,60300,4.346771414269075,4.346771414269075,27.929732809980482,0.0,4.346771418014508,-3.745432477077006e-09,0.0
1005,60360.0,60360,4.34522098837026,4.34522098837026,27.99652819737489,0.0,4.345220992115657,-3.745397092581434e-09,0.0
1006,60420.0,60420,4.343664566145045,4.343664566145045,28.06329975989132,0.0,4.343664569890412,-3.745366813686268e-09,0.0
1007,60480.0,60480,4.342102162222669,4.342102162222669,28.130047405386225,0.0,4.34210216596801,-3.7453416508988206e-09,0.0
1008,60540.0,60540,4.340533791279505,4.340533791279505,28.196771041940856,0.0,4.340533795024826,-3.745321614757476e-09,0.0
1009,60600.0,60600,4.338959468025884,4.338959468025884,28.26347057786199,0.0,4.338959471771191,-3.745306715827175e-09,0.0
1010,60660.0,60660,4.337379207200565,4.337379207200565,28.330145921682462,0.0,4.337379210945861,-3.745296964702977e-09,0.0
1011,60720.0,60720,4.3357930235868265,4.3357930235868265,28.39679698216159,0.0,4.335793027332119,-3.7452923720127e-09,0.0
1012,60780.0,60780,4.334200931987401,4.334200931987401,28.46342366828585,0.0,4.334200935732694,-3.745292948408802e-09,0.0
1013,60840.0,60840,4.33260294725658,4.33260294725658,28.5300258892692,0.0,4.3326029510018795,-3.745298704575136e-09,0.0
1014,60900.0,60900,4.3309990842669,4.3309990842669,28.596603554553848,0.0,4.33099908801221,-3.745309651224163e-09,0.0
1015,60960.0,60960,4.3293893579339935,4.3293893579339935,28.663156573810557,0.0,4.329389361679319,-3.745325799095449e-09,0.0
1016,61020.0,61020,299.99999980636767,-1.936322747140351e-07,28.72968485693929,300.0,1.0004041875393803e-07,-2.936726934054032e-07,0.0
1017,61080.0,61080,299.9999998063765,-1.9362346795925056e-07,28.729684853582043,300.0,1.000387294881315e-07,-2.936621973847289e-07,0.0
1018,61140.0,61140,299.9999998063851,-1.9361482702323592e-07,28.72968485022495,300.0,1.000370635218188e-07,-2.9365189048227453e-07,0.0
1019,61200.0,61200,299.99999980639365,-1.9360632395407337e-07,28.729684846867993,300.0,1.0003542744862593e-07,-2.936417513398096e-07,0.0
1020,61260.0,61260,299.999999806402,-1.9359796077577828e-07,28.729684843511187,300.0,1.0003382076980376e-07,-2.936317814826324e-07,0.0
1021,61320.0,61320,299.9999998489066,-300.0000001510933,28.72968484015452,600.0,1.4333747517761636e-08,-300.00000016542697,0.0
1022,61380.0,61380,299.99999984890644,-300.00000015109345,23.729684837617675,600.0,1.4333620909002466e-08,-300.000000165427,0.0
1023,61440.0,61440,299.99999984890627,-300.0000001510936,18.729684835080832,600.0,1.433349931667006e-08,-300.00000016542714,0.0
1024,61500.0,61500,299.99999984890604,-300.00000015109384,13.729684832543981,600.0,1.4333382740595225e-08,-300.00000016542725,0.0
1025,61560.0,61560,299.9999998489058,-300.00000015109407,8.72968483000713,600.0,1.4333271180607853e-08,-300.00000016542737,0.0
1026,61620.0,61620,299.99999984890565,-300.0000001510943,3.7296848274702725,600.0,1.4333164636545138e-08,-300.0000001654274,0.0
1027,61680.0,61680,299.9999998488303,-45.00000015116965,-1.2703151750665866,345.0,1.3592204984648239e-08,-45.000000164761865,0.0
1028,61740.0,61740,299.99999980646044,-1.9353950807239743e-07,-2.0203151776037394,300.0,1.000217610660494e-07,-2.9356126907511905e-07,0.0
1029,61800.0,61800,299.99999980646675,-1.9353316158644135e-07,-2.0203151809594146,300.0,1.0002036334080892e-07,-2.935535248639298e-07,0.0
1030,61860.0,61860,299.999999806473,-1.9352699771455657e-07,-2.020315184314982,300.0,1.0001898472274329e-07,-2.935459823739458e-07,0.0
1031,61920.0,61920,299.999999806479,-1.9352097035171246e-07,-2.020315187670446,300.0,1.000176361060319e-07,-2.935386063943684e-07,0.0
1032,61980.0,61980,119.04760044877031,4.0476004487704795,-2.020315191025807,114.99999999999986,4.047600452812148,-4.0416679665177256e-09,0.0
1033,62040.0,62040,4.306652816861724,4.306652816861724,-1.9581170641349432,0.0,4.306652820607119,-3.745394712302461e-09,0.0
1034,62100.0,62100,4.305696585647134,4.305696585647134,-1.8919381658540255,0.0,4.30569658939252,-3.745386951369243e-09,0.0
1035,62160.0,62160,4.304733886615149,4.304733886615149,-1.825773961659439,0.0,4.304733890360533,-3.745383844419007e-09,0.0
1036,62220.0,62220,4.303764729873336,4.303764729873336,-1.7596245509399773,0.0,4.3037647336187215,-3.7453853979124685e-09,0.0
1037,62280.0,62280,4.302789125586195,4.302789125586195,-1.6934900329291145,0.0,4.302789129331587,-3.745391618343237e-09,0.0
1038,62340.0,62340,4.301807083965487,4.301807083965487,-1.6273705067041309,0.0,4.301807087710889,-3.745402512237049e-09,0.0
1039,62400.0,62400,4.3008186152853085,4.3008186152853085,-1.5612660711853854,0.0,4.300818619030728,-3.745418086146014e-09,0.0
1040,62460.0,62460,4.299823729851064,4.299823729851064,-1.4951768251353588,0.0,4.299823733596502,-3.745438346657193e-09,0.0
1041,62520.0,62520,4.298822438038505,4.298822438038505,-1.4291028671581718,0.0,4.298822441783968,-3.745463300387717e-09,0.0
1042,62580.0,62580,4.297814750269955,4.297814750269955,-1.3630442956985045,0.0,4.297814754015448,-3.7454929539831896e-09,0.0
1043,62640.0,62640,4.296800677003678,4.296800677003678,-1.2970012090408805,0.0,4.296800680749206,-3.74552731412193e-09,0.0
1044,62700.0,62700,4.295780228765545,4.295780228765545,-1.230973705309115,0.0,4.295780232511111,-3.745566387511919e-09,0.0
1045,62760.0,62760,4.294753416121344,4.294753416121344,-1.1649618824652757,0.0,4.294753419866954,-3.745610180892665e-09,0.0
1046,62820.0,62820,4.293720249692128,4.293720249692128,-1.0989658383090686,0.0,4.293720253437786,-3.745658701032332e-09,0.0
1047,62880.0,62880,4.292680740139797,4.292680740139797,-1.032985670476991,0.0,4.292680743885509,-3.745711954728059e-09,0.0
1048,62940.0,62940,4.291634898181772,4.291634898181772,-0.9670214764417008,0.0,4.291634901927542,-3.745769948811892e-09,0.0
1049,63000.0,63000,4.290582734588125,4.290582734588125,-0.9010733535111655,0.0,4.290582738333957,-3.745832690141018e-09,0.0
1050,63060.0,63060,4.2895242601664725,4.2895242601664725,-0.8351413988278529,0.0,4.289524263912373,-3.745900185605523e-09,0.0
1051,63120.0,63120,4.288459485778553,4.288459485778553,-0.769225709368153,0.0,4.288459489524525,-3.745972442123099e-09,0.0
1052,63180.0,63180,4.287388422333476,4.287388422333476,-0.7033263819415475,0.0,4.2873884260795245,-3.7460494666432885e-09,0.0
1053,63240.0,63240,4.2863110807873275,4.286311080787327,-0.6374435131898816,0.0,4.286311084533459,-3.746131266144925e-09,0.0
1054,63300.0,63300,4.285227472147371,4.285227472147371,-0.5715771995866414,0.0,4.285227475893588,-3.746217847632899e-09,0.0
1055,63360.0,63360,4.284137607460339,4.284137607460339,-0.5057275374361689,0.0,4.284137611206648,-3.746309218147691e-09,0.0
1056,63420.0,63420,4.283041497827325,4.283041497827325,-0.43989462287305375,0.0,4.28304150157373,-3.746405384753828e-09,0.0
1057,63480.0,63480,153.66977521405897,3.669775214058995,-0.3740785518612994,150.0,3.6697752184051704,-4.346175718463174e-09,0.0
1058,63540.0,63540,153.66907266226093,3.669072662260945,-0.3176863394108981,150.0,3.6690726666073448,-4.34639987858339e-09,0.0
1059,63600.0,63600,153.66836972838365,3.6683697283836496,-0.2613049228397938,150.0,3.668369732730272,-4.346622155485706e-09,0.0
1060,63660.0,63660,153.66766641335911,3.6676664133591435,-0.20493430801927084,150.0,3.6676664177059863,-4.346842547833226e-09,0.0
1061,63720.0,63720,153.66696271810738,3.666962718107416,-0.14857450080629142,150.0,3.6669627224544774,-4.347061054304021e-09,0.0
1062,63780.0,63780,153.66625864352963,3.666258643529658,-0.09222550704368052,150.0,3.666258647876936,-4.347277673590397e-09,0.0
1063,63840.0,63840,153.6655541905407,3.6655541905407234,-0.035887332560414764,150.0,3.6655541948882164,-4.347492404402411e-09,0.0
1064,63900.0,63900,153.6648493600288,3.6648493600288323,0.020440016828587433,150.0,3.664849364376538,-4.347705245466455e-09,0.0
1065,63960.0,63960,153.66414415289023,3.6641441528902394,0.07675653532205663,150.0,3.6641441572381557,-4.347916195523431e-09,0.0
1066,64020.0,64020,153.66343857000174,3.6634385700017633,0.13306221713249583,150.0,3.6634385743498887,-4.348125253332082e-09,0.0
1067,64080.0,64080,153.66273261223944,3.6627326122394623,0.18935705648588186,150.0,3.6627326165877943,-4.348332417665023e-09,0.0
1068,64140.0,64140,153.6620262804737,3.6620262804737314,0.2456410476216536,150.0,3.6620262848222684,-4.348537687312892e-09,0.0
1069,64200.0,64200,153.66131957555953,3.6613195755595593,0.30191418479262494,150.0,3.6613195799083003,-4.348741061081842e-09,0.0
1070,64260.0,64260,153.66061249835016,3.6606124983501633,0.35817646226474836,150.0,3.6606125026991063,-4.348942537794861e-09,0.0
1071,64320.0,64320,153.65990504969184,3.659905049691871,0.4144278743170871,150.0,3.6599050540410127,-4.349142116288628e-09,0.0
1072,64380.0,64380,153.65919723041588,3.6591972304158844,0.47066841524170977,150.0,3.659197234765225,-4.349339795418255e-09,0.0
1073,64440.0,64440,153.65848904136254,3.6584890413625657,0.526898079343458,150.0,3.658489045712101,-4.349535574054689e-09,0.0
1074,64500.0,64500,153.6577804833447,3.657780483344716,0.5831168609400865,150.0,3.657780487694445,-4.349729451084435e-09,0.0
1075,64560.0,64560,153.65707155718172,3.65707155718175,0.6393247543618406,150.0,3.657071561531672,-4.349921425410882e-09,0.0
1076,64620.0,64620,153.65636226368116,3.6563622636811903,0.6955217539515567,150.0,3.656362268031302,-4.350111495951882e-09,0.0
1077,64680.0,64680,153.65565260364332,3.6556526036433667,0.7517078540644808,150.0,3.655652607993666,-4.350299661644589e-09,0.0
1078,64740.0,64740,153.65494257785704,3.6549425778570934,0.8078830490681566,150.0,3.6549425822075796,-4.350485921439209e-09,0.0
1079,64800.0,64800,151.17459205127088,3.6745920512707526,0.8640473333422497,147.50000000000014,3.6745920555730276,-4.302275161853973e-09,0.0
1080,64860.0,64860,4.257332416439245,4.257332416439245,0.920513564524529,0.0,4.257332420187465,-3.7482217922984185e-09,0.0
1081,64920.0,64920,4.256285755558943,4.256285755558943,0.9859345726522842,0.0,4.25628575930722,-3.748277107978846e-09,0.0
1082,64980.0,64980,299.99999980679087,-1.9320910790409823e-07,1.0513394970911787,300.0,9.994855346091198e-08,-2.9315766130040627e-07,0.0
1083,65040.0,65040,299.99999980679684,-1.9320313999196506e-07,1.0513394937411056,300.0,9.994737093312579e-08,-2.93150510860427e-07,0.0
1084,65100.0,65100,299.99999980680263,-1.9319728528574882e-07,1.051339490391133,300.0,9.994622365199059e-08,-2.931435088730625e-07,0.0
1085,65160.0,65160,299.9999998068083,-1.931916040514156e-07,1.0513394870412598,300.0,9.994509735158393e-08,-2.931367013382686e-07,0.0
1086,65220.0,65220,299.9999998068139,-1.9318605828378676e-07,1.0513394836914827,300.0,9.994400100578802e-08,-2.931300592248204e-07,0.0
1087,65280.0,65280,299.9999998068193,-1.9318066274525316e-07,1.0513394803417995,300.0,9.994293111008187e-08,-2.931235937905457e-07,0.0
1088,65340.0,65340,299.9999998068246,-1.931753776754824e-07,1.0513394769922075,300.0,9.994189705382792e-08,-2.9311727466452824e-07,0.0
1089,65400.0,65400,299.9999998068297,-1.9317023228450823e-07,1.051339473642705,300.0,9.994089191739299e-08,-2.9311112413714687e-07,0.0
1090,65460.0,65460,299.9999998068347,-1.931652848829605e-07,1.0513394702932897,300.0,9.993990190022931e-08,-2.9310518671838295e-07,0.0
1091,65520.0,65520,299.9999998068395,-1.9316044023607827e-07,1.051339466943958,300.0,9.993894951075255e-08,-2.9309938968204e-07,0.0
1092,65580.0,65580,299.99999980684424,-1.9315574013806232e-07,1.0513394635947084,300.0,9.99380248551449e-08,-2.930937649284383e-07,0.0
1093,65640.0,65640,299.9999998068488,-1.9315113705323578e-07,1.0513394602455381,300.0,9.993713916346642e-08,-2.9308827615203546e-07,0.0
1094,65700.0,65700,14.231557734215512,4.231557734215657,1.0513394568964458,9.999999999999858,4.231557737980204,-3.76454746538998e-09,0.0
1095,65760.0,65760,4.244992973639312,4.244992973639312,1.116364394074011,0.0,4.244992977387116,-3.747803496912796e-09,0.0
1096,65820.0,65820,4.244387239771642,4.244387239771642,1.1815957860974076,0.0,4.244387243519338,-3.747695753403496e-09,0.0
1097,65880.0,65880,4.243775074386809,4.243775074386809,1.2468178700103716,0.0,4.2437750781344015,-3.747592574531196e-09,0.0
1098,65940.0,65940,4.243156483819514,4.243156483819514,1.3120305469819218,0.0,4.243156487567008,-3.747493964754252e-09,0.0
1099,66000.0,66000,4.242531474461651,4.242531474461651,1.3772337182784216,0.0,4.242531478209051,-3.74739992856132e-09,0.0
1100,66060.0,66060,4.241900052755378,4.241900052755378,1.4424272852644555,0.0,4.241900056502689,-3.747310470472679e-09,0.0
1101,66120.0,66120,4.241262225207046,4.241262225207046,1.5076111494036033,0.0,4.241262228954271,-3.747225595036301e-09,0.0
1102,66180.0,66180,4.240617998385817,4.240617998385817,1.572785212259425,0.0,4.240618002132962,-3.747145306831236e-09,0.0
1103,66240.0,66240,4.239967378904733,4.239967378904733,1.6379493754964274,0.0,4.239967382651803,-3.747069610464411e-09,0.0
1104,66300.0,66300,4.239310373436263,4.239310373436263,1.7031035408807371,0.0,4.239310377183261,-3.746998510574327e-09,0.0
1105,66360.0,66360,4.238646988714256,4.238646988714256,1.7682476102810147,0.0,4.238646992461188,-3.746932011826639e-09,0.0
1106,66420.0,66420,4.237977231528858,4.237977231528858,1.8333814856693977,0.0,4.237977235275728,-3.746870118917479e-09,0.0
1107,66480.0,66480,4.237301108717785,4.237301108717785,1.898505069122365,0.0,4.237301112464598,-3.746812836573095e-09,0.0
1108,66540.0,66540,4.2366186271891,4.2366186271891,1.9636182628214693,0.0,4.236618630935861,-3.746760169548665e-09,0.0
1109,66600.0,66600,4.23592979388931,4.23592979388931,2.0287209690544157,0.0,4.235929797636022,-3.7467121226258775e-09,0.0
1110,66660.0,66660,4.235234615834502,4.235234615834502,2.0938130902156558,0.0,4.2352346195811705,-3.7466687006195465e-09,0.0
1111,66720.0,66720,4.234533100091365,4.234533100091365,2.1588945288074535,0.0,4.234533103837996,-3.746629908372413e-09,0.0
1112,66780.0,66780,4.2338252537741505,4.2338252537741505,2.223965187440665,0.0,4.2338252575207465,-3.74659575075359e-09,0.0
1113,66840.0,66840,4.233111084070579,4.233111084070579,2.2890249688354687,0.0,4.233111087817145,-3.7465662326645446e-09,0.0
1114,66900.0,66900,4.232390598203206,4.232390598203205,2.3540737758224943,0.0,4.232390601949747,-3.746541359033707e-09,0.0
1115,66960.0,66960,4.231663803458953,4.231663803458953,2.4191115113433574,0.0,4.231663807205474,-3.746521134818121e-09,0.0
1116,67020.0,67020,4.230930707184382,4.230930707184382,2.4841380784516516,0.0,4.230930710930888,-3.746505565007088e-09,0.0
1117,67080.0,67080,4.230191316768701,4.230191316768701,2.549153380313859,0.0,4.230191320515195,-3.746494654613134e-09,0.0
1118,67140.0,67140,4.229445639663526,4.229445639663526,2.6141573202100123,0.0,4.229445643410015,-3.746488408680683e-09,0.0
1119,67200.0,67200,4.228693683367442,4.228693683367442,2.67914980153465,0.0,4.228693687113928,-3.746486832282537e-09,0.0
1120,67260.0,67260,4.227935455440851,4.227935455440851,2.744130727797537,0.0,4.22793545918734,-3.746489930519427e-09,0.0
1121,67320.0,67320,4.227170963498739,4.227170963498738,2.809100002624619,0.0,4.227170967245235,-3.746497708521191e-09,0.0
1122,67380.0,67380,4.226400215194641,4.226400215194641,2.8740575297588573,0.0,4.2264002189411505,-3.746510171445186e-09,0.0
1123,67440.0,67440,4.225623218250349,4.225623218250349,2.939003213060823,0.0,4.225623221996877,-3.746527324477513e-09,0.0
1124,67500.0,67500,4.224839980438833,4.224839980438833,3.003936956509744,0.0,4.224839984185382,-3.74654917283124e-09,0.0
1125,67560.0,67560,4.224050509574653,4.224050509574653,3.068858664204295,0.0,4.224050513321229,-3.74657572175051e-09,0.0
1126,67620.0,67620,4.223254813540055,4.223254813540055,3.133768240363233,0.0,4.223254817286661,-3.746606976505427e-09,0.0
1127,67680.0,67680,4.222452900257045,4.222452900257044,3.19866558932644,0.0,4.222452904003688,-3.746642942393749e-09,0.0
1128,67740.0,67740,4.221644777713757,4.221644777713757,3.263550615555531,0.0,4.22164478146044,-3.7466836247429835e-09,0.0
1129,67800.0,67800,4.220830453931008,4.220830453931008,3.328423223634873,0.0,4.220830457677737,-3.746729028906005e-09,0.0
1130,67860.0,67860,4.220009937002126,4.220009937002126,3.3932833182720876,0.0,4.220009940748905,-3.746779160265307e-09,0.0
1131,67920.0,67920,4.219183235056833,4.219183235056833,3.4581308042991603,0.0,4.219183238803667,-3.746834024231029e-09,0.0
1132,67980.0,67980,4.21835035628329,4.21835035628329,3.522965586673008,0.0,4.2183503600301835,-3.746893626241467e-09,0.0
1133,68040.0,68040,4.217511308919083,4.217511308919083,3.587787570476368,0.0,4.2175113126660415,-3.74695797176006e-09,0.0
1134,68100.0,68100,4.216666101249108,4.216666101249108,3.652596660918565,0.0,4.2166661049961345,-3.747027066280814e-09,0.0
1135,68160.0,68160,4.215814741617805,4.215814741617805,3.7173927633362336,0.0,4.215814745364905,-3.747100915322607e-09,0.0
1136,68220.0,68220,4.214957238416578,4.214957238416578,3.782175783194234,0.0,4.2149572421637576,-3.7471795244330175e-09,0.0
1137,68280.0,68280,4.214093600082336,4.214093600082336,3.8469456260863755,0.0,4.214093603829598,-3.74726289918668e-09,0.0
1138,68340.0,68340,4.213223835102826,4.213223835102826,3.9117021977361137,0.0,4.213223838850178,-3.7473510451862016e-09,0.0
1139,68400.0,68400,4.212347952019404,4.212347952019404,3.976445403997334,0.0,4.212347955766847,-3.747443968058648e-09,0.0
1140,68460.0,68460,4.211465959425179,4.211465959425179,4.041175150855172,0.0,4.211465963172721,-3.747541673461652e-09,0.0
1141,68520.0,68520,4.210577865960682,4.210577865960682,4.105891344426812,0.0,4.210577869708326,-3.747644167077538e-09,0.0
1142,68580.0,68580,4.2096836803063375,4.2096836803063375,4.1705938909622144,0.0,4.209683684054088,-3.747751454615821e-09,0.0
1143,68640.0,68640,4.2087834112066655,4.2087834112066655,4.235282696844728,0.0,4.20878341495453,-3.747863541812939e-09,0.0
1144,68700.0,68700,4.207877067443533,4.207877067443533,4.299957668592077,0.0,4.207877071191514,-3.747980434432889e-09,0.0
1145,68760.0,68760,4.2069646578530175,4.2069646578530175,4.364618712856931,0.0,4.206964661601121,-3.748102138264858e-09,0.0
1146,68820.0,68820,4.206046191323099,4.206046191323099,4.429265736427745,0.0,4.206046195071328,-3.748228659125546e-09,0.0
1147,68880.0,68880,4.205121676778298,4.205121676778298,4.493898646229549,0.0,4.205121680526659,-3.748360002858254e-09,0.0
1148,68940.0,68940,4.204191123198936,4.204191123198936,4.5585173493245135,0.0,4.204191126947432,-3.748496175331882e-09,0.0
1149,69000.0,69000,4.203254539612214,4.203254539612214,4.62312175291281,0.0,4.203254543360851,-3.748637182442798e-09,0.0
1150,69060.0,69060,4.202311935092521,4.202311935092521,4.687711764333323,0.0,4.202311938841304,-3.748783030111147e-09,0.0
1151,69120.0,69120,4.201363318763714,4.201363318763714,4.752287291064382,0.0,4.201363322512647,-3.748933724286133e-09,0.0
1152,69180.0,69180,4.200408699784008,4.200408699784008,4.816848240724522,0.0,4.200408703533098,-3.749089270941652e-09,0.0
1153,69240.0,69240,4.199448087376307,4.199448087376307,4.881394521073008,0.0,4.199448091125557,-3.749249676077148e-09,0.0
1154,69300.0,69300,4.19848149079828,4.19848149079828,4.9459260400108285,0.0,4.198481494547695,-3.749414945719217e-09,0.0
1155,69360.0,69360,4.197508919360765,4.197508919360765,5.010442705581232,0.0,4.19750892311035,-3.749585085919186e-09,0.0
1156,69420.0,69420,4.196530382411702,4.196530382411702,5.074944425970546,0.0,4.196530386161462,-3.749760102754252e-09,0.0
1157,69480.0,69480,4.195545889351483,4.195545889351483,5.1394311095087435,0.0,4.195545893101423,-3.749940002326755e-09,0.0
1158,69540.0,69540,4.194555449627295,4.194555449627295,5.203902664670248,0.0,4.194555453377419,-3.750124790766095e-09,0.0
1159,69600.0,69600,4.193559072721706,4.193559072721706,5.268359000074658,0.0,4.193559076472019,-3.7503144742258055e-09,0.0
1160,69660.0,69660,4.19255676817334,4.19255676817334,5.332800024487284,0.0,4.19255677192385,-3.750509058884476e-09,0.0
1161,69720.0,69720,4.191548545558407,4.191548545558407,5.397225646820017,0.0,4.191548549309116,-3.750708550947248e-09,0.0
1162,69780.0,69780,4.190534414504836,4.190534414504836,5.4616357761319,0.0,4.190534418255749,-3.750912956643084e-09,0.0
1163,69840.0,69840,4.189514384675271,4.189514384675271,5.526030321629927,0.0,4.189514388426393,-3.751122282226999e-09,0.0
1164,69900.0,69900,4.188488465783672,4.188488465783672,5.590409192669572,0.0,4.188488469535009,-3.751336533978512e-09,0.0
1165,69960.0,69960,4.187456667581268,4.187456667581268,5.654772298755582,0.0,4.187456671332824,-3.751555718202012e-09,0.0
1166,70020.0,70020,4.186418999870645,4.186418999870645,5.719119549542549,0.0,4.186419003622424,-3.7517798412262495e-09,0.0
1167,70080.0,70080,4.185375472490339,4.185375472490339,5.783450854835696,0.0,4.185375476242348,-3.752008909405715e-09,0.0
1168,70140.0,70140,4.184326095322954,4.184326095322954,5.847766124591431,0.0,4.184326099075198,-3.7522429291184855e-09,0.0
1169,70200.0,70200,4.183270878298274,4.183270878298274,5.9120652689180275,0.0,4.183270882050756,-3.752481906767782e-09,0.0
1170,70260.0,70260,4.182209831388185,4.182209831388185,5.976348198076344,0.0,4.1822098351409105,-3.752725848780141e-09,0.0
1171,70320.0,70320,4.1811429645954545,4.1811429645954545,6.040614822480476,0.0,4.18114296834843,-3.752974761607881e-09,0.0
1172,70380.0,70380,4.180070287979572,4.180070287979572,6.104865052698226,0.0,4.180070291732801,-3.7532286517272746e-09,0.0
1173,70440.0,70440,4.1789918116349405,4.1789918116349405,6.169098799451978,0.0,4.178991815388428,-3.7534875256366785e-09,0.0
1174,70500.0,70500,4.177907545690552,4.177907545690552,6.233315973619233,0.0,4.177907549444303,-3.75375138986078e-09,0.0
1175,70560.0,70560,4.17681750033101,4.17681750033101,6.297516486233144,0.0,4.17681750408503,-3.7540202509480366e-09,0.0
1176,70620.0,70620,4.175721685770988,4.175721685770988,6.361700248483363,0.0,4.1757216895252816,-3.754294115469357e-09,0.0
1177,70680.0,70680,4.174620112269286,4.174620112269286,6.425867171716507,0.0,4.174620116023859,-3.754572990019059e-09,0.0
1178,70740.0,70740,4.173512790120313,4.173512790120313,6.490017167436844,0.0,4.173512793875169,-3.754856881217603e-09,0.0
1179,70800.0,70800,4.172399729664883,4.172399729664883,6.554150147306823,0.0,4.172399733420028,-3.7551457957056196e-09,0.0
1180,70860.0,70860,299.99999980728705,-1.9271288753595284e-07,6.618266023147803,300.0,9.983555049006459e-08,-2.925484379591488e-07,0.0
1181,70920.0,70920,299.99999980729257,-1.9270739321670573e-07,6.618266019806147,300.0,9.983410878674292e-08,-2.9254150193651434e-07,0.0
1182,70980.0,70980,299.9999998072979,-1.9270205824151638e-07,6.6182660164645855,300.0,9.98326910120241e-08,-2.9253474918651275e-07,0.0
1183,71040.0,71040,299.9999998073031,-1.9269683683664846e-07,6.618266013123114,300.0,9.98313079662341e-08,-2.9252814473580516e-07,0.0
1184,71100.0,71100,299.9999998073082,-1.92691753136665e-07,6.618266009781731,300.0,9.9829953931849e-08,-2.92521707001422e-07,0.0
1185,71160.0,71160,299.99999980731315,-1.9268685155933948e-07,6.618266006440435,300.0,9.982861839963809e-08,-2.925154698917541e-07,0.0
1186,71220.0,71220,299.9999998073179,-1.9268205492435616e-07,6.6182660030992215,300.0,9.982731959210154e-08,-2.925093744491978e-07,0.0
1187,71280.0,71280,299.9999998073226,-1.926773821896635e-07,6.618265999758091,300.0,9.982605301597074e-08,-2.9250343513836847e-07,0.0
1188,71340.0,71340,299.9999998073271,-1.9267283576316544e-07,6.618265996417039,300.0,9.98248180896175e-08,-2.9249765378553466e-07,0.0
1189,71400.0,71400,299.99999980733145,-1.926684628790986e-07,6.618265993076064,300.0,9.982360364062814e-08,-2.924920664524449e-07,0.0
1190,71460.0,71460,299.9999998073357,-1.9266424723416478e-07,6.618265989735164,300.0,9.98224135091911e-08,-2.924866606760098e-07,0.0
1191,71520.0,71520,153.59127612291587,3.5912761229158927,6.618265986394337,150.0,3.5912761272876055,-4.371713204089722e-09,0.0
1192,71580.0,71580,4.160706740067133,4.160706740067133,6.673451929477473,0.0,4.160706743824873,-3.757739695939315e-09,0.0
1193,71640.0,71640,4.159990568037255,4.159990568037255,6.737388123044965,0.0,4.159990571795115,-3.757860267240043e-09,0.0
1194,71700.0,71700,4.159268390572516,4.159268390572516,6.801313311435598,0.0,4.159268394330501,-3.757985586169715e-09,0.0
1195,71760.0,71760,4.158540214953844,4.158540214953844,6.865227402365854,0.0,4.15854021871196,-3.758115656707536e-09,0.0
1196,71820.0,71820,4.157806048525204,4.157806048525203,6.929130303664104,0.0,4.157806052283455,-3.758250482853836e-09,0.0
1197,71880.0,71880,4.157065898667209,4.157065898667209,6.993021923271567,0.0,4.157065902425599,-3.758390068634772e-09,0.0
1198,71940.0,71940,4.156319772818491,4.156319772818491,7.056902169242879,0.0,4.156319776577026,-3.758534418101732e-09,0.0
1199,72000.0,72000,4.155567678456435,4.155567678456435,7.120770949746983,0.0,4.155567682215118,-3.7586835353276895e-09,0.0
1200,72060.0,72060,4.154809623118517,4.154809623118517,7.184628173067722,0.0,4.154809626877355,-3.75883742441021e-09,0.0
1201,72120.0,72120,4.1540456143740245,4.1540456143740245,7.248473747604769,0.0,4.15404561813302,-3.758996089473508e-09,0.0
1202,72180.0,72180,4.15327565984506,4.15327565984506,7.312307581874108,0.0,4.15327566360422,-3.759159534661008e-09,0.0
1203,72240.0,72240,4.152499767205781,4.152499767205781,7.376129584508852,0.0,4.152499770965109,-3.7593277641431906e-09,0.0
1204,72300.0,72300,4.151717944177371,4.151717944177371,7.43993966426004,0.0,4.151717947936871,-3.75950078211454e-09,0.0
1205,72360.0,72360,4.150930198516075,4.150930198516075,7.503737729997358,0.0,4.150930202275754,-3.7596785927909865e-09,0.0
1206,72420.0,72420,4.150136538037788,4.150136538037788,7.567523690709678,0.0,4.150136541797649,-3.759861200412549e-09,0.0
1207,72480.0,72480,4.149336970597948,4.149336970597948,7.631297455505985,0.0,4.149336974357997,-3.760048609243936e-09,0.0
1208,72540.0,72540,4.148531504096458,4.148531504096458,7.695058933615963,0.0,4.148531507856699,-3.760240823570616e-09,0.0
1209,72600.0,72600,4.147720146485457,4.147720146485457,7.758808034390703,0.0,4.1477201502458945,-3.760437847705342e-09,0.0
1210,72660.0,72660,4.146902905753214,4.146902905753214,7.822544667303485,0.0,4.146902909513853,-3.760639685979488e-09,0.0
1211,72720.0,72720,4.146079789941413,4.146079789941413,7.886268741950349,0.0,4.146079793702259,-3.760846342749929e-09,0.0
1212,72780.0,72780,4.145250807131729,4.145250807131729,7.949980168050906,0.0,4.1452508108927875,-3.7610578223960424e-09,0.0
1213,72840.0,72840,4.144415965455082,4.144415965455082,8.013678855448953,0.0,4.144415969216356,-3.761274129321429e-09,0.0
1214,72900.0,72900,4.1435752730857836,4.1435752730857836,8.077364714113234,0.0,4.143575276847279,-3.761495267949084e-09,0.0
1215,72960.0,72960,4.142728738233187,4.142728738233187,8.141037654138108,0.0,4.142728741994909,-3.761721242728012e-09,0.0
1216,73020.0,73020,4.141876369168964,4.141876369168964,8.20469758574408,0.0,4.141876372930916,-3.761952058128937e-09,0.0
1217,73080.0,73080,4.141018174186833,4.141018174186833,8.268344419278764,0.0,4.141018177949021,-3.76218771864243e-09,0.0
1218,73140.0,73140,4.140154161640225,4.140154161640225,8.331978065217223,0.0,4.140154165402652,-3.762428228786397e-09,0.0
1219,73200.0,73200,4.139284339923649,4.139284339923649,8.395598434162881,0.0,4.139284343686323,-3.762673593095808e-09,0.0
1220,73260.0,73260,4.138408717466166,4.138408717466166,8.45920543684816,0.0,4.13840872122909,-3.762923816132781e-09,0.0
1221,73320.0,73320,4.137527302752581,4.137527302752581,8.522798984135012,0.0,4.13752730651576,-3.7631789024768214e-09,0.0
1222,73380.0,73380,4.136640104296701,4.136640104296701,8.586378987015763,0.0,4.13664010806014,-3.763438856733943e-09,0.0
1223,73440.0,73440,4.135747130666527,4.135747130666527,8.649945356613575,0.0,4.13574713443023,-3.7637036835271825e-09,0.0
1224,73500.0,73500,4.134848390458287,4.134848390458287,8.713498004183268,0.0,4.13484839422226,-3.763973387506448e-09,0.0
1225,73560.0,73560,153.57495269021015,3.5749526902101776,8.777036841111764,150.0,3.5749526945913654,-4.381188417666933e-09,0.0
1226,73620.0,73620,153.57442014498451,3.574420144984535,8.831971947445643,150.0,3.574420149366088,-4.381552616107815e-09,0.0
1227,73680.0,73680,153.5738872012272,3.573887201227218,8.886898870334555,150.0,3.5738872056091324,-4.381914753989551e-09,0.0
1228,73740.0,73740,153.57335385952936,3.5733538595293672,8.941817603654394,150.0,3.5733538639116422,-4.382274829792134e-09,0.0
1229,73800.0,73800,153.572820120468,3.572820120468036,8.996728141290147,150.0,3.5728201248506695,-4.382632842012393e-09,0.0
1230,73860.0,73860,153.5722859846136,3.572285984613602,9.051630477135651,150.0,3.5722859889965908,-4.382988789162492e-09,0.0
1231,73920.0,73920,153.57175145253538,3.57175145253539,9.106524605093528,150.0,3.5717514569187325,-4.383342669771748e-09,0.0
1232,73980.0,73980,153.57121652479248,3.5712165247924923,9.161410519075135,150.0,3.5712165291761866,-4.383694482387732e-09,0.0
1233,74040.0,74040,153.57068120193833,3.570681201938358,9.216288213000427,150.0,3.5706812063224023,-4.384044225573528e-09,0.0
1234,74100.0,74100,153.5701454845211,3.570145484521121,9.27115768079786,150.0,3.5701454889055126,-4.3843918979102e-09,0.0
1235,74160.0,74160,153.56960937308276,3.5696093730827947,9.326018916404312,150.0,3.5696093774675317,-4.384737497994048e-09,0.0
1236,74220.0,74220,153.56907286815743,3.56907286815749,9.380871913764997,150.0,3.569072872542571,-4.385081024440814e-09,0.0
1237,74280.0,74280,153.56853597027094,3.568535970270969,9.43571666683333,150.0,3.568535974656392,-4.3854224758796994e-09,0.0
1238,74340.0,74340,153.5679986799467,3.5679986799467147,9.490553169570804,150.0,3.567998684332477,-4.385761850959982e-09,0.0
1239,74400.0,74400,153.56746099769597,3.5674609976960094,9.545381415946963,150.0,3.5674610020821085,-4.386099148347093e-09,0.0
1240,74460.0,74460,153.5669229240351,3.5669229240351497,9.6002013999392,150.0,3.5669229284215835,-4.386434366720654e-09,0.0
1241,74520.0,74520,153.56638445945785,3.566384459457882,9.655013115532851,150.0,3.566384463844649,-4.386767504782282e-09,0.0
1242,74580.0,74580,153.56584560446305,3.565845604463099,9.70981655672083,150.0,3.5658456088501977,-4.387098561245819e-09,0.0
1243,74640.0,74640,153.5653063595415,3.56530635954153,9.76461171750372,150.0,3.5653063639289577,-4.387427534845414e-09,0.0
1244,74700.0,74700,153.56476672517488,3.5647667251749073,9.81939859188965,150.0,3.5647667295626624,-4.3877544243310955e-09,0.0
1245,74760.0,74760,153.56422670183488,3.564226701834911,9.874177173894147,150.0,3.5642267062229904,-4.388079228467539e-09,0.0
1246,74820.0,74820,299.9999998075805,-1.924195012981675e-07,9.928947457539984,300.0,9.975242510885322e-08,-2.921719263375925e-07,0.0
1247,74880.0,74880,299.99999980758474,-1.9241523524209234e-07,9.928947454203326,300.0,9.975133885145934e-08,-2.921665740240782e-07,0.0
1248,74940.0,74940,299.9999998075889,-1.92411096953284e-07,9.92894745086674,300.0,9.97502836395549e-08,-2.921613805233406e-07,0.0
1249,75000.0,75000,299.9999998075928,-1.9240711539634406e-07,9.928947447530225,300.0,9.974925262206907e-08,-2.921563679488447e-07,0.0
1250,75060.0,75060,264.63297603529236,2.1329760352923572,9.928947444193776,262.5,2.1329762847401037,-2.4944774645576977e-07,0.0
1251,75120.0,75120,153.5613379539071,3.5613379539071284,9.961724175611835,150.0,3.5613379582968405,-4.389712026307001e-09,0.0
1252,75180.0,75180,153.56090925183247,3.5609092518324985,10.01645006883118,150.0,3.560909256222441,-4.389942245230777e-09,0.0
1253,75240.0,75240,153.56048010141416,3.5604801014141763,10.071169374328644,150.0,3.5604801058043463,-4.3901702672672865e-09,0.0
1254,75300.0,75300,153.5600505031396,3.560050503139614,10.12588208521468,150.0,3.56005050753001,-4.3903960913323735e-09,0.0
1255,75360.0,75360,153.55962045749416,3.5596204574942085,10.18058819460723,150.0,3.5596204618848284,-4.390619716358721e-09,0.0
1256,75420.0,75420,153.55918996495427,3.559189964954286,10.235287695631696,150.0,3.5591899693451277,-4.390841141296168e-09,0.0
1257,75480.0,75480,153.55875902599504,3.558759025995079,10.289980581420798,150.0,3.55875903038614,-4.391060365113856e-09,0.0
1258,75540.0,75540,153.5583276410823,3.55832764108229,10.34466684511456,150.0,3.5583276454735677,-4.3912773867969394e-09,0.0
1259,75600.0,75600,153.5578958106675,3.5578958106675476,10.39934647986016,150.0,3.5578958150590396,-4.391492205349421e-09,0.0
1260,75660.0,75660,153.5574635352106,3.5574635352106214,10.45401947881172,150.0,3.557463539602326,-4.391704819792367e-09,0.0
1261,75720.0,75720,153.5570308151484,3.557030815148435,10.508685835130427,150.0,3.5570308195403504,-4.391915229165736e-09,0.0
1262,75780.0,75780,153.55659765092682,3.5565976509268276,10.563345541984177,150.0,3.556597655318951,-4.392123432525499e-09,0.0
1263,75840.0,75840,153.5561640429699,3.5561640429698995,10.617998592547721,150.0,3.556164047362229,-4.3923294289460636e-09,0.0
1264,75900.0,75900,153.55572999170502,3.5557299917050496,10.672644980002328,150.0,3.555729996097583,-4.3925332175197715e-09,0.0
1265,75960.0,75960,153.55529549754985,3.5552954975498507,10.727284697535831,150.0,3.5552955019425854,-4.392734797357168e-09,0.0
1266,76020.0,76020,153.55486056091974,3.554860560919767,10.781917738342482,150.0,3.5548605653127017,-4.392934167585681e-09,0.0
1267,76080.0,76080,153.55442518221125,3.554425182211268,10.836544095622918,150.0,3.554425186604399,-4.393131327351173e-09,0.0
1268,76140.0,76140,39.067260658817354,4.067260658817211,10.891163762583865,35.00000000000014,4.06726066265548,-3.838269377613625e-09,0.0
1269,76200.0,76200,4.099943943657718,4.099943943657718,10.95366400136938,0.0,4.099943947430399,-3.772680844144014e-09,0.0
1270,76260.0,76260,4.0992930446020095,4.0992930446020095,11.016666473298695,0.0,4.09929304837481,-3.772799932930972e-09,0.0
1271,76320.0,76320,4.098636372859445,4.098636372859445,11.079658943079187,0.0,4.098636376632368,-3.7729238005129006e-09,0.0
1272,76380.0,76380,4.0979739341713355,4.0979739341713355,11.142641322003898,0.0,4.0979739379443885,-3.773052451198586e-09,0.0
1273,76440.0,76440,4.0973057343179855,4.0973057343179855,11.205613521454106,0.0,4.097305738091172,-3.773185889325147e-09,0.0
1274,76500.0,76500,4.096631779141046,4.096631779141046,11.268575452899901,0.0,4.096631782914371,-3.77332411924773e-09,0.0
1275,76560.0,76560,4.095952074518248,4.095952074518248,11.33152702790114,0.0,4.095952078291715,-3.773467145343791e-09,0.0
1276,76620.0,76620,4.0952666263733235,4.0952666263733235,11.394468158108012,0.0,4.095266630146938,-3.7736149720132374e-09,0.0
1277,76680.0,76680,4.094575440689441,4.094575440689441,11.457398755261723,0.0,4.094575444463209,-3.7737676036761444e-09,0.0
1278,76740.0,76740,4.093878523480105,4.093878523480105,11.520318731195424,0.0,4.09387852725403,-3.773925044776542e-09,0.0
1279,76800.0,76800,4.093175880817991,4.093175880817991,11.583227997834674,0.0,4.093175884592079,-3.774087299775115e-09,0.0
1280,76860.0,76860,4.0924675188190935,4.0924675188190935,11.64612646719835,0.0,4.092467522593348,-3.7742543731591054e-09,0.0
1281,76920.0,76920,4.091753443641449,4.091753443641449,11.709014051399308,0.0,4.091753447415876,-3.774426269432228e-09,0.0
1282,76980.0,76980,4.091033661488328,4.091033661488328,11.771890662645038,0.0,4.09103366526293,-3.774602993124159e-09,0.0
1283,77040.0,77040,4.090308178618667,4.090308178618667,11.834756213238348,0.0,4.090308182393452,-3.774784548782506e-09,0.0
1284,77100.0,77100,4.089577001327088,4.089577001327088,11.897610615578225,0.0,4.089577005102059,-3.774970940976509e-09,0.0
1285,77160.0,77160,4.088840135957684,4.088840135957684,11.960453782160391,0.0,4.088840139732846,-3.7751621742976714e-09,0.0
1286,77220.0,77220,4.088097588900934,4.088097588900934,12.023285625578044,0.0,4.0880975926762915,-3.7753582533552025e-09,0.0
1287,77280.0,77280,4.087349366590945,4.087349366590945,12.086106058522592,0.0,4.087349370366504,-3.775559182782722e-09,0.0
1288,77340.0,77340,4.0865954755074085,4.0865954755074085,12.148914993784311,0.0,4.086595479283173,-3.775764967233428e-09,0.0
1289,77400.0,77400,4.085835922169059,4.085835922169059,12.211712344253046,0.0,4.085835925945035,-3.775975611380819e-09,0.0
1290,77460.0,77460,4.085070713153727,4.085070713153727,12.274498022918813,0.0,4.085070716929918,-3.77619111991893e-09,0.0
1291,77520.0,77520,4.084299855066814,4.084299855066814,12.337271942872713,0.0,4.0842998588432256,-3.7764114975635145e-09,0.0
1292,77580.0,77580,4.083523354573239,4.083523354573239,12.400034017307341,0.0,4.083523358349875,-3.776636749049126e-09,0.0
1293,77640.0,77640,299.99999980775937,-1.9224058181756067e-07,12.462784159517721,300.0,9.971149113702132e-08,-2.919520728824525e-07,0.0
1294,77700.0,77700,299.99999980776323,-1.9223671467183442e-07,12.462784156184098,300.0,9.971059376579152e-08,-2.919473083654643e-07,0.0
1295,77760.0,77760,299.9999998077669,-1.9223301214467428e-07,12.462784152850542,300.0,9.970971855676482e-08,-2.9194273062919715e-07,0.0
1296,77820.0,77820,299.9999998077705,-1.9222946172923051e-07,12.462784149517047,300.0,9.970886845116319e-08,-2.91938330108051e-07,0.0
1297,77880.0,77880,299.9999998077739,-1.9222601446349337e-07,12.462784146183612,300.0,9.970805499501529e-08,-2.9193406938611927e-07,0.0
1298,77940.0,77940,299.9999998077773,-1.922227263242939e-07,12.46278414285024,300.0,9.97072649653964e-08,-2.9192999121722495e-07,0.0
1299,78000.0,78000,299.9999998077804,-1.922195359654974e-07,12.462784139516918,300.0,9.970651283254069e-08,-2.919260487255698e-07,0.0
1300,78060.0,78060,299.9999998077834,-1.9221651520552187e-07,12.462784136183654,300.0,9.970578163562074e-08,-2.9192229676861744e-07,0.0
1301,78120.0,78120,299.99999980778637,-1.9221358608361789e-07,12.46278413285044,300.0,9.970508976720673e-08,-2.919186757783169e-07,0.0
1302,78180.0,78180,299.99999984869316,-150.00000015130678,12.462784129517274,450.0,1.4315100361428772e-08,-150.00000016562188,0.0
1303,78240.0,78240,299.9999998486826,-140.0000001513175,9.962784126976898,440.00000000000017,1.43073486251134e-08,-140.00000016562484,0.0
1304,78300.0,78300,153.53806246325175,3.5380624632517677,7.629450791103019,150.0,3.538062467653836,-4.402069304560497e-09,0.0
1305,78360.0,78360,153.53781658464868,3.537816584648718,7.683819017615943,150.0,3.537816589050897,-4.4021792780277515e-09,0.0
1306,78420.0,78420,153.5375701977044,3.537570197704438,7.738183465794334,150.0,3.5375702021067243,-4.402286910549358e-09,0.0
1307,78480.0,78480,153.53732330278865,3.537323302788679,7.792544127826682,150.0,3.5373233071910706,-4.402392201381557e-09,0.0
1308,78540.0,78540,153.53707590026983,3.5370759002698535,7.846900995907157,150.0,3.537075904672349,-4.402495149803859e-09,0.0
1309,78600.0,78600,153.53682799049636,3.536827990496368,7.901254062235593,150.0,3.5368279948989634,-4.402595755109831e-09,0.0
1310,78660.0,78660,153.53657957382217,3.536579573822209,7.955603319017176,150.0,3.536579578224903,-4.402694016612887e-09,0.0
1311,78720.0,78720,153.53633065059415,3.5363306505941736,8.009948758462533,150.0,3.5363306549969638,-4.402789933645878e-09,0.0
1312,78780.0,78780,153.53608122114773,3.5360812211477355,8.06429037278762,150.0,3.5360812255506193,-4.402883505560047e-09,0.0
1313,78840.0,78840,153.53583128581076,3.5358312858107768,8.118628154213544,150.0,3.535831290213752,-4.402974731723335e-09,0.0
1314,78900.0,78900,153.53558084490308,3.5355808449031243,8.172962094966458,150.0,3.535580849306188,-4.403063611525265e-09,0.0
1315,78960.0,78960,153.53532989874643,3.535329898746433,8.227292187277424,150.0,3.5353299031495835,-4.4031501443712416e-09,0.0
1316,79020.0,79020,153.53507844765008,3.5350784476501063,8.281618423382449,150.0,3.5350784520533405,-4.4032343296869266e-09,0.0
1317,79080.0,79080,153.53482649191332,3.5348264919133636,8.335940795522294,150.0,3.53482649631668,-4.4033161669146835e-09,0.0
1318,79140.0,79140,153.5345740318314,3.5345740318314296,8.390259295942318,150.0,3.534574036234825,-4.4033956555177275e-09,0.0
1319,79200.0,79200,153.53432106769756,3.5343210676975954,8.444573916892415,150.0,3.534321072101068,-4.403472794976568e-09,0.0
1320,79260.0,79260,153.53406759978841,3.534067599788453,8.498884650626989,150.0,3.5340676041920003,-4.40354758478992e-09,0.0
1321,79320.0,79320,153.53381362838218,3.5338136283822172,8.553191489404695,150.0,3.5338136327858374,-4.403620024475344e-09,0.0
1322,79380.0,79380,153.53355915374576,3.5335591537457747,8.607494425488454,150.0,3.533559158149465,-4.403690113569475e-09,0.0
1323,79440.0,79440,153.5333041761389,3.533304176138924,8.661793451145302,150.0,3.5333041805426824,-4.4037578516274694e-09,0.0
1324,79500.0,79500,106.40614115190499,3.906141151904855,8.716088558646259,102.50000000000014,3.9061411559682115,-4.063356013037449e-09,0.0
1325,79560.0,79560,4.068764525018849,4.068764525018849,8.77611292767526,0.0,4.068764528797915,-3.779065383772997e-09,0.0
1326,79620.0,79620,4.068410865787015,4.068410865787015,8.838636275871483,0.0,4.068410869566097,-3.779083117213073e-09,0.0
1327,79680.0,79680,4.068051413023914,4.068051413023914,8.901154189504176,0.0,4.06805141680302,-3.779105537572304e-09,0.0
1328,79740.0,79740,4.067686169735678,4.067686169735677,8.963666579546077,0.0,4.06768617351481,-3.7791326475080104e-09,0.0
1329,79800.0,79800,4.0673151389725986,4.0673151389725986,9.026173357016114,0.0,4.067315142751763,-3.7791644496963575e-09,0.0
1330,79860.0,79860,4.066938323836045,4.066938323836045,9.088674432980094,0.0,4.066938327615246,-3.779200946837647e-09,0.0
1331,79920.0,79920,4.066555727477937,4.066555727477937,9.151169718551474,0.0,4.066555731257179,-3.7792421416484716e-09,0.0
1332,79980.0,79980,4.066167353097739,4.066167353097739,9.213659124892152,0.0,4.066167356877027,-3.77928803687116e-09,0.0
1333,80040.0,80040,4.065773203946406,4.065773203946406,9.276142563213185,0.0,4.065773207725744,-3.779338635267612e-09,0.0
1334,80100.0,80100,4.065373283323285,4.065373283323285,9.338619944775594,0.0,4.065373287102679,-3.779393939619946e-09,0.0
1335,80160.0,80160,4.064967594584052,4.064967594584052,9.401091180891093,0.0,4.0649675983635065,-3.7794539527318155e-09,0.0
1336,80220.0,80220,4.064556141120797,4.064556141120796,9.463556182922968,0.0,4.064556144900315,-3.77951867742777e-09,0.0
1337,80280.0,80280,4.064138926382275,4.064138926382275,9.526014862286623,0.0,4.064138930161863,-3.779588116553489e-09,0.0
1338,80340.0,80340,4.063715953871392,4.063715953871392,9.588467130450464,0.0,4.063715957651055,-3.7796622729752745e-09,0.0
1339,80400.0,80400,4.063287227132981,4.063287227132981,9.650912898936719,0.0,4.063287230912722,-3.779741149581332e-09,0.0
1340,80460.0,80460,4.062852749760747,4.062852749760747,9.713352079322094,0.0,4.062852753540572,-3.779824749279348e-09,0.0
1341,80520.0,80520,4.062412525401428,4.062412525401428,9.775784583238517,0.0,4.062412529181342,-3.779913074998048e-09,0.0
1342,80580.0,80580,4.061966557751571,4.061966557751571,9.83821032237395,0.0,4.061966561531578,-3.7800061296871425e-09,0.0
1343,80640.0,80640,4.061514850550365,4.061514850550365,9.900629208473164,0.0,4.061514854330469,-3.780103916317748e-09,0.0
1344,80700.0,80700,4.0610574075898,4.0610574075898,9.963041153338388,0.0,4.061057411370006,-3.780206437879455e-09,0.0
1345,80760.0,80760,4.060594232708935,4.060594232708935,10.025446068830114,0.0,4.060594236489248,-3.780313697385448e-09,0.0
1346,80820.0,80820,4.0601253298003845,4.0601253298003845,10.087843866867841,0.0,4.06012533358081,-3.780425697868076e-09,0.0
1347,80880.0,80880,4.059650702800018,4.059650702800018,10.15023445943087,0.0,4.05965070658056,-3.7805424423794876e-09,0.0
1348,80940.0,80940,4.059170355690587,4.059170355690587,10.212617758558997,0.0,4.059170359471251,-3.780663933993646e-09,0.0
1349,81000.0,81000,4.058684292506789,4.058684292506789,10.274993676353205,0.0,4.058684296287579,-3.780790175804363e-09,0.0
1350,81060.0,81060,4.058192517327825,4.058192517327825,10.337362124976492,0.0,4.058192521108746,-3.780921170926346e-09,0.0
1351,81120.0,81120,4.057695034290364,4.057695034290364,10.399723016654526,0.0,4.057695038071421,-3.7810569224937424e-09,0.0
1352,81180.0,81180,153.5247045001306,3.5247045001306443,10.462076263676552,150.0,3.5247045045382643,-4.407620157111089e-09,0.0
1353,81240.0,81240,153.5243650940023,3.5243650940023015,10.516239222822842,150.0,3.5243650984101254,-4.4078232069808315e-09,0.0
1354,81300.0,81300,153.52402521746788,3.524025217467905,10.57039696642829,150.0,3.5240252218759287,-4.408023961464885e-09,0.0
1355,81360.0,81360,153.52368487070964,3.523684870709674,10.62454948726433,150.0,3.5236848751178966,-4.40822242000689e-09,0.0
1356,81420.0,81420,153.52334405389857,3.5233440538986116,10.678696778105184,150.0,3.5233440583070306,-4.408418582068602e-09,0.0
1357,81480.0,81480,153.52300276720445,3.5230027672044524,10.732838831727708,150.0,3.523002771613065,-4.408612447128614e-09,0.0
1358,81540.0,81540,153.52266101078686,3.5226610107868734,10.786975640911363,150.0,3.522661015195677,-4.408804014685915e-09,0.0
1359,81600.0,81600,153.5223187848015,3.5223187848015507,10.84110719843807,150.0,3.5223187892105443,-4.408993284256285e-09,0.0
1360,81660.0,81660,153.52197608939247,3.521976089392485,10.895233497092134,150.0,3.5219760938016655,-4.409180255374487e-09,0.0
1361,81720.0,81720,153.52163292470144,3.5216329247014624,10.949354529660079,150.0,3.5216329291108277,-4.4093649275929425e-09,0.0
1362,81780.0,81780,153.52128929086047,3.5212892908605014,11.003470288930604,150.0,3.5212892952700496,-4.409547300485747e-09,0.0
1363,81840.0,81840,153.5209451879983,3.5209451879983575,11.05758076769444,150.0,3.520945192408085,-4.409727373638903e-09,0.0
1364,81900.0,81900,153.52060061623072,3.5206006162307415,11.111685958744294,150.0,3.5206006206406473,-4.409905146662372e-09,0.0
1365,81960.0,81960,153.52025557567188,3.5202555756719085,11.165785854874654,150.0,3.5202555800819892,-4.410080619183271e-09,0.0
1366,82020.0,82020,153.51991006642763,3.5199100664276632,11.219880448881758,150.0,3.5199100708379167,-4.410253790844686e-09,0.0
1367,82080.0,82080,153.51956408860147,3.519564088601484,11.273969733563476,150.0,3.5195640930119083,-4.4104246613106005e-09,0.0
1368,82140.0,82140,153.51921764227586,3.519217642275898,11.328053701719263,150.0,3.519217646686491,-4.410593230262615e-09,0.0
1369,82200.0,82200,153.51887072753962,3.518870727539668,11.38213234614985,150.0,3.5188707319504267,-4.410759497401262e-09,0.0
1370,82260.0,82260,153.51852334447332,3.518523344473362,11.436205659657322,150.0,3.5185233488842855,-4.410923462444188e-09,0.0
1371,82320.0,82320,153.51817549314714,3.5181754931471496,11.490273635045007,150.0,3.5181754975582344,-4.411085125129159e-09,0.0
1372,82380.0,82380,153.51782717362443,3.5178271736244393,11.544336265117314,150.0,3.5178271780356845,-4.411244485209733e-09,0.0
1373,82440.0,82440,153.5174783859611,3.517478385961144,11.59839354267962,150.0,3.5174783903725455,-4.411401542461868e-09,0.0
1374,82500.0,82500,46.50903616488028,4.009036164880137,11.652445460538168,42.50000000000014,4.009036168747568,-3.867431412076323e-09,0.0
1375,82560.0,82560,299.9999998079662,-1.9203370569510218e-07,11.714050982933477,300.0,9.96714831946204e-08,-2.917051888137836e-07,0.0
1376,82620.0,82620,299.99999980796855,-1.920313971420437e-07,11.714050979603355,300.0,9.967122796588264e-08,-2.917026250318778e-07,0.0
1377,82680.0,82680,299.9999998079707,-1.9202919141823762e-07,11.71405097627327,300.0,9.967100921822246e-08,-2.9170020056034875e-07,0.0
1378,82740.0,82740,299.9999998079728,-1.920271287754618e-07,11.714050972943225,300.0,9.967081744650432e-08,-2.916979461457716e-07,0.0
1379,82800.0,82800,299.99999980797475,-1.9202522426311545e-07,11.714050969613213,300.0,9.967064909360708e-08,-2.916958732804404e-07,0.0
1380,82860.0,82860,299.99999980797656,-1.9202342544374058e-07,11.714050966283233,300.0,9.96705165285417e-08,-2.916939418959388e-07,0.0
1381,82920.0,82920,299.9999998079782,-1.920217289357908e-07,11.714050962953284,300.0,9.967042054454582e-08,-2.916921494040004e-07,0.0
1382,82980.0,82980,299.99999980797975,-1.9202020567358903e-07,11.714050959623364,300.0,9.967034439785516e-08,-2.916905499950584e-07,0.0
1383,83040.0,83040,299.99999980798117,-1.920187891314074e-07,11.714050956293468,300.0,9.967030378385275e-08,-2.9168909283885826e-07,0.0
1384,83100.0,83100,299.9999998488241,-300.00000015117587,11.714050952963596,600.0,1.4309353804900355e-08,-300.0000001654852,0.0
1385,83160.0,83160,299.9999998488241,-300.00000015117587,6.714050950425408,600.0,1.4309332196686076e-08,-300.0000001654852,0.0
1386,83220.0,83220,299.99999984879634,-270.00000015120355,1.714050947887221,570.0,1.4317499003629874e-08,-270.0000001655211,0.0
1387,83280.0,83280,299.99999980798475,-1.9201523116726522e-07,-2.7859490546514385,300.0,9.967036878561106e-08,-2.916855998763868e-07,0.0
1388,83340.0,83340,299.99999980798515,-1.9201482532354175e-07,-2.7859490579812514,300.0,9.967045166787681e-08,-2.9168527691494953e-07,0.0
1389,83400.0,83400,299.99999980798543,-1.920145572482072e-07,-2.7859490613110576,300.0,9.967056275000693e-08,-2.9168511992175387e-07,0.0
1390,83460.0,83460,299.99999980798555,-1.9201442021290835e-07,-2.785949064640859,300.0,9.967070362030342e-08,-2.9168512375679093e-07,0.0
1391,83520.0,83520,299.99999980798555,-1.9201438781679434e-07,-2.785949067970659,300.0,9.967088050945815e-08,-2.916852682499119e-07,0.0
1392,83580.0,83580,299.99999980798543,-1.9201454738906046e-07,-2.7859490713004584,300.0,9.967107280990943e-08,-2.9168562012262055e-07,0.0
1393,83640.0,83640,299.99999980798515,-1.9201481702359782e-07,-2.7859490746302606,300.0,9.967129985253445e-08,-2.9168611679981656e-07,0.0
1394,83700.0,83700,299.99999980798475,-1.9201519973075295e-07,-2.7859490779600677,300.0,9.967156092916478e-08,-2.91686760583675e-07,0.0
1395,83760.0,83760,203.17286611089776,3.172866110897666,-2.7859490812898815,200.0000000000001,3.172866117196439,-6.298773171356685e-09,0.0
1396,83820.0,83820,4.044687904456693,4.044687904456693,-2.7371927053939293,0.0,4.04468790823894,-3.782247197147937e-09,0.0
1397,83880.0,83880,4.044936971249707,4.044936971249707,-2.6750393346003496,0.0,4.044936975031752,-3.782045512787121e-09,0.0
1398,83940.0,83940,4.045180276051026,4.045180276051026,-2.612882136480383,0.0,4.045180279832874,-3.7818485312154604e-09,0.0
1399,84000.0,84000,4.045417816739509,4.045417816739509,-2.550721199576636,0.0,4.045417820521165,-3.781656251556413e-09,0.0
1400,84060.0,84060,4.045649591234152,4.045649591234152,-2.488556612464309,0.0,4.045649595015621,-3.781468672953835e-09,0.0
1401,84120.0,84120,4.0458755975111025,4.0458755975111025,-2.4263884637505813,0.0,4.045875601292388,-3.781285794573895e-09,0.0
1402,84180.0,84180,4.046095833590626,4.046095833590626,-2.36421684207373,0.0,4.046095837371733,-3.781107615602243e-09,0.0
1403,84240.0,84240,4.046310297539148,4.046310297539148,-2.302041836102457,0.0,4.046310301320082,-3.7809341352442e-09,0.0
1404,84300.0,84300,4.04651898748523,4.04651898748523,-2.239863534535175,0.0,4.046518991265996,-3.78076535272589e-09,0.0
1405,84360.0,84360,4.046721901596439,4.046721901596439,-2.177682026099054,0.0,4.046721905377041,-3.780601267296207e-09,0.0
1406,84420.0,84420,4.046919038094465,4.046919038094465,-2.1154973995494237,0.0,4.046919041874907,-3.780441878221978e-09,0.0
1407,84480.0,84480,4.0471103952492316,4.0471103952492316,-2.0533097436689407,0.0,4.047110399029519,-3.780287184792343e-09,0.0
1408,84540.0,84540,4.0472959713866725,4.0472959713866725,-1.9911191472668464,0.0,4.04729597516681,-3.7801371863157415e-09,0.0
1409,84600.0,84600,4.047475764876071,4.047475764876071,-1.928925699178106,0.0,4.047475768656063,-3.779991882123293e-09,0.0
1410,84660.0,84660,4.047649774138219,4.047649774138219,-1.8667294882627452,0.0,4.047649777918071,-3.779851271564413e-09,0.0
1411,84720.0,84720,4.047817997647564,4.047817997647564,-1.804530603405056,0.0,4.047818001427279,-3.779715354012291e-09,0.0
1412,84780.0,84780,4.047980433927578,4.047980433927578,-1.742329133512773,0.0,4.047980437707163,-3.779584128857317e-09,0.0
1413,84840.0,84840,4.048137081546389,4.048137081546389,-1.68012516751632,0.0,4.048137085325846,-3.779457595513199e-09,0.0
1414,84900.0,84900,4.048287939134021,4.048287939134021,-1.6179187943681246,0.0,4.0482879429133565,-3.779335753413905e-09,0.0
1415,84960.0,84960,4.048433005359602,4.048433005359602,-1.555710103041666,0.0,4.0484330091388205,-3.77921860201357e-09,0.0
1416,85020.0,85020,4.048572278952994,4.048572278952994,-1.4934991825308737,0.0,4.0485722827321,-3.779106140787501e-09,0.0
1417,85080.0,85080,4.04870575868408,4.04870575868408,-1.4312861218491961,0.0,4.048705762463078,-3.778998369232726e-09,0.0
1418,85140.0,85140,4.048833443382944,4.048833443382944,-1.3690710100289845,0.0,4.048833447161839,-3.778895286865663e-09,0.0
1419,85200.0,85200,4.048955331925428,4.048955331925428,-1.3068539361205667,0.0,4.048955335704225,-3.778796893225182e-09,0.0
1420,85260.0,85260,4.049071423237736,4.049071423237736,-1.2446349891915458,0.0,4.04907142701644,-3.7787031878689074e-09,0.0
1421,85320.0,85320,4.049181716299621,4.049181716299621,-1.1824142583260255,0.0,4.049181720078236,-3.778614170378187e-09,0.0
1422,85380.0,85380,4.049286210141765,4.049286210141765,-1.1201918326237876,0.0,4.049286213920294,-3.778529840351757e-09,0.0
1423,85440.0,85440,4.049384903842842,4.049384903842842,-1.0579678011995088,0.0,4.049384907621293,-3.7784501974138144e-09,0.0
1424,85500.0,85500,4.049477796530112,4.049477796530112,-0.9957422531820231,0.0,4.049477800308487,-3.7783752412053906e-09,0.0
1425,85560.0,85560,4.049564887390959,4.049564887390959,-0.9335152777135765,0.0,4.049564891169263,-3.778304971390107e-09,0.0
1426,85620.0,85620,4.049646175659366,4.049646175659366,-0.8712869639489014,0.0,4.049646179437605,-3.778239387652025e-09,0.0
1427,85680.0,85680,4.04972166061402,4.04972166061402,-0.8090574010545015,0.0,4.049721664392199,-3.778178489698752e-09,0.0
1428,85740.0,85740,4.0497913415930675,4.0497913415930675,-0.7468266782079652,0.0,4.049791345371189,-3.778122277255188e-09,0.0
1429,85800.0,85800,4.049855217984196,4.049855217984196,-0.6845948845970508,0.0,4.049855221762266,-3.778070750069778e-09,0.0
1430,85860.0,85860,4.049913289221291,4.049913289221291,-0.622362109418926,0.0,4.049913292999315,-3.778023907909949e-09,0.0
1431,85920.0,85920,4.049965554790654,4.049965554790654,-0.5601284418794578,0.0,4.049965558568635,-3.777981750566216e-09,0.0
1432,85980.0,85980,4.050012014236746,4.050012014236746,-0.4978939711924069,0.0,4.050012018014691,-3.777944277848807e-09,0.0
1433,86040.0,86040,4.0500526671486705,4.0500526671486705,-0.4356587865785344,0.0,4.050052670926581,-3.7779114895898045e-09,0.0
1434,86100.0,86100,4.050087513167221,4.050087513167221,-0.37342297726491525,0.0,4.050087516945105,-3.7778833856411885e-09,0.0
1435,86160.0,86160,4.050116551985321,4.050116551985321,-0.3111866324841444,0.0,4.050116555763181,-3.777859965876975e-09,0.0
1436,86220.0,86220,4.050139783349112,4.050139783349112,-0.24894984147353535,0.0,4.0501397871269536,-3.777841230192034e-09,0.0
1437,86280.0,86280,4.0501572070493825,4.0501572070493825,-0.18671269347430267,0.0,4.050157210827209,-3.777827178502043e-09,0.0
1438,86340.0,86340,4.050168822936166,4.050168822936166,-0.12447527773087583,0.0,4.050168826713983,-3.777817810744169e-09,0.0
1439,86400.0,86400,4.05017463090214,4.05017463090214,-0.062237683489988496,0.0,4.050174634679953,-3.777813126875659e-09,0.0
1440,,86460,,,,,,,
