,time,time_x,P_Grid,P_BTMS,E_BTMS,P_Charge,P_BTMS_Ch,P_BTMS_DCh,"param: btms size, a,b_sys,b_cap,b_loan,c,d_wait_cost",E_Shift,P_Shift
0,60.0,60,2.410993883445197,55.49930848611885,8.6694908415596e-07,0.0,55.4993086861998,2.000809403664843e-07,46.83832030629578,1.6500913131038078e-13,53.08831460267365
1,120.0,120,2.506941137955548,51.591478398686164,0.7862410700022724,0.0,51.59147859889309,2.0020691710663658e-07,0.3287671232876712,0.8848052433780249,49.08453726073062
2,180.0,180,2.560341238452829,48.447422548408845,1.5171203468165153,0.0,48.44742274868662,2.0027777246684383e-07,0.04323985936321764,1.7028808643901692,45.88708130995601
3,240.0,240,2.598632844018071,45.6557186847393,2.2034588324183217,0.0,45.65571888506783,2.0032852484429887e-07,0.023148148148148147,2.4676655528894047,43.057085840721236
4,300.0,300,2.628990988350852,43.057264046775416,2.8502481799513504,0.0,43.05726424714444,2.003690165336824e-07,0.009341992564003648,3.185283650234727,40.42827305842457
5,360.0,360,2.654465127737259,40.59523115943393,3.460226086779789,0.0,40.59523135983723,2.0040330162488075e-07,0.12,3.8590882012084395,37.94076603169666
6,420.0,420,2.6766607605298836,38.25256131219024,4.035325194370804,0.0,38.25256151262367,2.0043342453649466e-07,0.0,4.491434301736688,35.57590055166036
7,480.0,480,2.696535513052819,36.02821472915397,4.577236479125794,0.0,36.02821492961453,2.0046055914905278e-07,0.0,5.084365977597664,33.33167921610115
8,540.0,540,2.71470784405488,33.926920336996844,5.087636187287701,0.0,33.92692053748228,2.0048544237324605e-07,0.0,5.639893964532655,31.212212492941962
9,600.0,600,2.7315982198792503,31.954234929402297,5.568267558227322,0.0,31.954235129910867,2.0050856676434188e-07,0.0,6.160097506081657,29.22263670952304
10,660.0,660,2.7475019036286716,30.1141002800235,6.020952552559293,0.0,30.11410048055378,2.0053027654565694e-07,0.0,6.647141451240346,27.366598376394823
11,720.0,720,2.7626303463836472,28.4077840348852,6.447568972691678,0.0,28.407784235436022,2.0055082015935346e-07,0.0,7.103251424180231,25.64515368850155
12,780.0,780,2.777136783446325,26.83365644588901,6.850012579351222,0.0,26.833656646459396,2.0057038137306074e-07,0.0,7.530670652321893,24.056519662442682
13,840.0,840,2.791133189277595,25.387465647723655,7.230156045166599,0.0,25.387465848312754,2.0058909892419191e-07,0.0,7.93161264669591,22.59633245844606
14,900.0,900,2.8047020775804863,24.062874555456347,7.5898118080079255,0.0,24.062874756063426,2.0060707955801439e-07,0.0,8.308218187669981,21.25817247787586
15,960.0,960,2.817904949363761,22.85209001629833,7.9307025303754175,0.0,22.852090216922736,2.0062440698133034e-07,0.0,8.66252106230122,20.03418506693457
16,1020.0,1020,2.8307883979618844,21.746470939426548,8.254440471771462,0.0,21.7464711400677,2.006411481358126e-07,0.0,8.996424146750101,18.915682541464665
17,1080.0,1080,2.8433884996196706,20.737049679649004,8.562515476245112,0.0,20.737049880306362,2.006573576348497e-07,0.0,9.31168552244115,17.893661180029333
18,1140.0,1140,2.8557339280079868,19.814938307712747,8.856290346205208,0.0,19.81493850838583,2.0067308091102566e-07,0.0,9.609913208774946,16.95920437970476
19,1200.0,1200,2.8678481240578937,18.971617440072226,9.137001971729502,0.0,18.971617640760584,2.0068835644981565e-07,0.0,9.89256661510333,16.103769316014333
20,1260.0,1260,2.879750779933429,18.199120744993422,9.405766551628851,0.0,18.19912094569664,2.0070321737785217e-07,0.0,10.160962770370208,15.319369965059995
21,1320.0,1320,2.891458838355984,17.490135246451196,9.66358742834788,0.0,17.49013544716889,2.0071769259859679e-07,0.0,10.416285603121182,14.598676408095214
22,1380.0,1380,2.902987159641004,16.838038791593412,9.911364343837525,0.0,16.838038992325217,2.007318076137562e-07,0.0,10.659596876589411,13.935051631952408
23,1440.0,1440,2.914348967769798,16.236893982611853,10.149903226216647,0.0,16.236894183357443,2.0074558512785183e-07,0.0,10.891847737121923,13.322545014842053
24,1500.0,1500,2.925556153671082,15.681414346123923,10.379925890468499,0.0,15.681414546882966,2.007590455034509e-07,0.0,11.113890154035929,12.75585819245284
25,1560.0,1560,2.9366194884237604,15.166914707429545,10.602079259870072,0.0,15.166914908201752,2.0077220711274017e-07,0.0,11.326487790576783,12.230295219005782
26,1620.0,1620,2.947548780488313,14.68925429414515,10.816943884390108,0.0,14.689254494930234,2.0078508661590442e-07,0.0,11.530326044226854,11.741705513656836
27,1680.0,1680,2.958352998131786,14.244778279378894,11.02504165305525,0.0,14.244778480176592,2.0079769918683267e-07,0.0,11.726021136121107,11.286425281247103
28,1740.0,1740,2.969040369633846,13.83026133135078,11.226842678177839,0.0,13.830261532160838,2.0081005869914405e-07,0.0,11.914128224141866,10.861220961716935
29,1800.0,1800,2.9796184684661107,13.442855194074962,11.422771379869998,0.0,13.442855394897137,2.0082217788237397e-07,0.0,12.095148573503788,10.463236725608848
30,1860.0,1860,2.990094287398407,13.080041269327952,11.61321182795072,0.0,13.08004147016202,2.0083406845366682e-07,0.0,12.269535852263909,10.089946981929543
31,1920.0,1920,3.000474303689261,12.739588486393739,11.798512412097494,0.0,12.73958868723948,2.008457412304706e-07,0.0,12.437701635296044,9.73911418270448
32,1980.0,1980,3.0107645365686833,12.419516329732248,11.978989915152672,0.0,12.419516530589453,2.0085720622704868e-07,0.0,12.600020205007757,9.408751793163564
33,2040.0,2040,3.02097059780208,12.118062662819389,12.154933062655118,0.0,12.118062863687863,2.00868472737617e-07,0.0,12.756832734893793,9.097092065017309
34,2100.0,2100,3.0310977359385713,11.833655876210727,12.326605616542937,0.0,11.833656077090277,2.0087954940844073e-07,0.0,12.90845093597739,8.802558140272154
35,2160.0,2160,3.04115087482823,11.564890854437213,12.494249074287104,0.0,11.564891055327656,2.0089044430036253e-07,0.0,13.055160238315233,8.523739979608981
36,2220.0,2220,3.051134646975505,11.310508268097879,12.658085027556119,0.0,11.310508468999044,2.0090116494351523e-07,0.0,13.197222571308691,8.259373621122375
37,2280.0,2280,3.0610534223093375,11.069376733981118,12.818317227518635,0.0,11.069376934892835,2.0091171838511576e-07,0.0,13.334878798327374,8.008323311671779
38,2340.0,2340,3.07091133294703,10.840477433666393,12.97513339741447,0.0,10.840477634588504,2.0092211123178737e-07,0.0,13.468350853521875,7.769566100719362
39,2400.0,2400,3.0807122945029985,10.622890831818035,13.128706827222487,0.0,10.622891032750385,2.0093234968679132e-07,0.0,13.597843621867177,7.542178537315035
40,2460.0,2460,3.0904600244513163,10.415785184455599,13.279197780170959,0.0,10.415785385398038,2.0094243958320196e-07,0.0,13.723546597489067,7.325325160004283
41,2520.0,2520,3.100158058006747,10.218406572638079,13.426754736448443,0.0,10.218406773590466,2.0095238641356864e-07,0.0,13.84563535015578,7.118248514631333
42,2580.0,2580,3.1098097619318,10.030070236978585,13.57151549572515,0.0,10.03007043794078,2.0096219535640766e-07,0.0,13.964272825399611,6.920260475046785
43,2640.0,2640,3.1194183466222882,9.850153023122159,13.713608156913327,0.0,9.850153224094031,2.0097187130011483e-07,0.0,14.079610499983701,6.73073467649987
44,2700.0,2700,3.128986876770753,9.678086778015775,13.853151990905175,0.0,9.678086978997193,2.0098141886455043e-07,0.0,14.191789411258672,6.549099901245021
45,2760.0,2760,3.1385182808564425,9.513352561857246,13.990258219757997,0.0,9.51335276284809,2.0099084242057575e-07,0.0,14.3009410762794,6.374834281000806
46,2820.0,2820,3.1480153596672324,9.355475561749847,14.125030713881879,0.0,9.355475762749993,2.0100014610790253e-07,0.0,14.407188314296054,6.207460202082614
47,2880.0,2880,3.15748079401852,9.204020610690495,14.257566617170884,0.0,9.20402081169983,2.010093338512452e-07,0.0,14.51064598433074,6.0465398166719755
48,2940.0,2940,3.1669171518040087,9.058588230298401,14.387956908653198,0.0,9.058588431316812,2.0101840937518304e-07,0.0,14.611421647941915,5.891671078494393
49,3000.0,3000,3.1763268944882395,8.91881112798291,14.516286908079923,0.0,8.918811329010287,2.0102737621773832e-07,0.0,14.709616165916799,5.742484233494669
50,3060.0,3060,3.185712383113687,8.784351089505943,14.642636731890496,0.0,8.784351290542181,2.0103623774285326e-07,0.0,14.805324236475018,5.598638706392256
51,3120.0,3120,3.1950758839078377,8.65489621655109,14.767081705155954,0.0,8.654896417596088,2.0104499715178926e-07,0.0,14.898634881581536,5.459820332643253
52,3180.0,3180,3.204419573520406,8.530158466055239,14.88969273438787,0.0,8.530158667108898,2.010536574938433e-07,0.0,14.989631887125563,5.325738892534834
53,3240.0,3240,3.2137455439530576,8.409871454180708,15.010536645487734,0.0,8.409871655242931,2.01062221675919e-07,0.0,15.078394202001121,5.196125910227649
54,3300.0,3300,3.223055807199595,8.293788492894315,15.129676490586025,0.0,8.293788693965007,2.0107069247163417e-07,0.0,15.164996300504889,5.070732685694719
55,3360.0,3360,3.232352299627391,8.181680831445219,15.247171827066065,0.0,8.18168103252429,2.0107907252962076e-07,0.0,15.249508511933113,4.949328531817827
56,3420.0,3420,3.2416368861230755,8.073336078733563,15.363078971675561,0.0,8.073336279820928,2.010873643811887e-07,0.0,15.331997320796722,4.831699192610486
57,3480.0,3480,3.2509113640163965,7.968556785675951,15.477451232288285,0.0,7.968556986771522,2.0109557044755568e-07,0.0,15.41252564067354,4.717645421659553
58,3540.0,3540,3.2601774667988477,7.867159169361418,15.590339119582673,0.0,7.867159370465113,2.011036930463943e-07,0.0,15.49115306436784,4.606981702562571
59,3600.0,3600,3.2694368676499406,7.76897196308608,15.701790540645916,0.0,7.768972164197814,2.0111173439804428e-07,0.0,15.567936092743862,4.49953509543614
60,3660.0,3660,3.2786911827745486,7.673835378318026,15.811850976286907,0.0,7.673835579437724,2.0111969663118081e-07,0.0,15.64292834433444,4.395144195543478
61,3720.0,3720,3.2879419745780067,7.581600166402232,15.920563643643666,0.0,7.5816003675298145,2.011275817881976e-07,0.0,15.716180747593475,4.293658191824225
62,3780.0,3780,3.2971907546663846,7.492126769197312,16.027969645498263,0.0,7.492126970332704,2.0113539183008246e-07,0.0,15.78774171745719,4.194936014530927
63,3840.0,3840,3.3064389866982586,7.405284549213113,16.134108107559104,0.0,7.405284750356242,2.0114312864108128e-07,0.0,15.857657317699347,4.098845562514854
64,3900.0,3900,3.315688089082059,7.320951090863869,16.23901630483682,0.0,7.320951292014663,2.0115079403300847e-07,0.0,15.925971410407906,4.0052630017818105
65,3960.0,3960,3.3249394375395647,7.239011565459474,16.34272977812123,0.0,7.239011766617864,2.0115838974919687e-07,0.0,15.992725793770912,3.914072127919909
66,4020.0,4020,3.334194367528218,7.159358153373924,16.445282441462396,0.0,7.159358354539841,2.0116591746830615e-07,0.0,16.05796032923622,3.825163785845706
67,4080.0,4080,3.3434541765430428,7.081889517602707,16.546706681465665,0.0,7.081889718776086,2.011733788077702e-07,0.0,16.121713059000296,3.738435341059664
68,4140.0,4140,3.352720126292304,7.006510323541628,16.64703344912882,0.0,7.006510524722404,2.0118077532707477e-07,0.0,16.1840203146846,3.653790197249322
69,4200.0,4200,3.3619934447637077,6.933130800412628,16.746292344876096,0.0,6.933131001600737,2.011881085308491e-07,0.0,16.244916817972065,3.5711373556489194
70,4260.0,4260,3.3712753281771053,6.861666340241764,16.844511697379023,0.0,6.8616665414371445,2.0119537987164385e-07,0.0,16.304435773899524,3.4903910120646575
71,4320.0,4320,3.3805669428419347,6.792037130769222,16.941718636696177,0.0,6.792037331971813,2.0120259075269066e-07,0.0,16.362608957433913,3.4114701879272884
72,4380.0,4380,3.3898694269090726,6.724167819008285,17.037939162212457,0.0,6.724168020218029,2.0120974253034782e-07,0.0,16.419466793899346,3.3342983920992126
73,4440.0,4440,3.3991838920374877,6.657987202582077,17.133198205812107,0.0,6.657987403798914,2.012168365164779e-07,0.0,16.475038433767644,3.2588033105445895
74,4500.0,4500,3.4085114249729025,6.593427946213105,17.227519690679024,0.0,6.593428147436979,2.012238739806424e-07,0.0,16.529351822276695,3.184916521240202
75,4560.0,4560,3.417853089042711,6.5304263210392826,17.320926586080706,0.0,6.5304265222701385,2.0123085615217864e-07,0.0,16.582433764297345,3.1125732319965707
76,4620.0,4620,3.4272099255782766,6.468921964674884,17.41344095845907,0.0,6.468922165912667,2.0123778422207767e-07,0.0,16.6343099848306,3.041712039096606
77,4680.0,4680,3.436582955258256,6.4088576601120275,17.505084019122254,0.0,6.408857861356687,2.0124465934495145e-07,0.0,16.685005185482186,2.972274704853769
78,4740.0,4740,3.445973179391267,6.350179131808078,17.595876168804118,0.0,6.35017933305956,2.0125148264057339e-07,0.0,16.73454309722973,2.9042059524168087
79,4800.0,4800,3.4553815811291924,6.292834857405386,17.685837039334988,0.0,6.29283505866364,2.0125825519562833e-07,0.0,16.782946529769987,2.8374532762761926
80,4860.0,4860,3.464809126620506,6.236775893724453,17.774985532645136,0.0,6.236776094989432,2.0126497806512494e-07,0.0,16.8302374177079,2.771966767103946
81,4920.0,4920,3.474256766109226,6.181955715799179,17.863339857303124,0.0,6.181955917070832,2.0127165227393904e-07,0.0,16.876436863826278,2.7076989496899535
82,4980.0,4980,3.483725434979637,6.128330067827182,17.95091756277382,0.0,6.1283302691054615,2.012782788180613e-07,0.0,16.921565179654422,2.6446046328475457
83,5040.0,5040,3.493216054747784,6.075856825018052,18.03773557156489,0.0,6.075857026302911,2.0128485866592595e-07,0.0,16.96564192353519,2.582640770270268
84,5100.0,5100,3.502729534011613,6.024495865447652,18.123810209416156,0.0,6.0244960667390455,2.0129139275958788e-07,0.0,17.00868593637301,2.521766331436038
85,5160.0,5160,3.5122667693508456,5.97420895105837,18.209157233673487,0.0,5.974209152356251,2.0129788201590498e-07,0.0,17.050715375230258,2.4619421817075238
86,5220.0,5220,3.5218286461912287,5.9249596170839,18.293791859976956,0.0,5.924959818388228,2.0130432732753203e-07,0.0,17.09174774492536,2.403130970892671
87,5280.0,5280,3.531416039623363,5.876713069181618,18.377728787382445,0.0,5.876713270492348,2.0131072956403764e-07,0.0,17.131799927773553,2.345297029558255
88,5340.0,5340,3.5410298151916897,5.829436087688679,18.460982222025955,0.0,5.829436289005769,2.013170895727413e-07,0.0,17.1708882115995,2.2884062724969887
89,5400.0,5400,3.5506708296444063,5.783096938404369,18.543565899431638,0.0,5.783097139727777,2.01323408179757e-07,0.0,17.209028316141097,2.2324261087599617
90,5460.0,5460,3.5603399316547413,5.737665289406912,18.625493105555776,0.0,5.737665490736599,2.0132968619080147e-07,0.0,17.24623541795374,2.1773253577521707
91,5520.0,5520,3.5700379625079695,5.693112133416572,18.706776696652437,0.0,5.693112334752498,2.013359243919816e-07,0.0,17.282524173916258,2.1230741709086027
92,5580.0,5580,3.5797657567638983,5.649409715293763,18.787429118039217,0.0,5.649409916635887,2.013421235506366e-07,0.0,17.317908743431378,2.069643958529864
93,5640.0,5640,3.589524142894001,5.606531464279339,18.867462421835906,0.0,5.606531665627623,2.0134828441604952e-07,0.0,17.352402809406858,2.0170073213853374
94,5700.0,5700,3.5993139438880206,5.564451930596267,18.946888283743217,0.0,5.5644521319506755,2.0135440772016386e-07,0.0,17.386019598096592,1.9651379867082466
95,5760.0,5760,3.6091359778436356,5.523146726124551,19.025718018923328,0.0,5.523146927485046,2.0136049417825334e-07,0.0,17.41877189787504,1.9140107482809152
96,5820.0,5820,3.6189910585317624,5.48259246881648,19.103962597040084,0.0,5.482592670183025,2.013665444895914e-07,0.0,17.450672077013035,1.8636014102847176
97,5880.0,5880,3.628879995942108,5.442766730595996,19.18163265651162,0.0,5.442766931968556,2.0137255933800583e-07,0.0,17.48173210051776,1.813886734653888
98,5940.0,5940,3.6388035968081245,5.403647988476551,19.25873851802502,0.0,5.40364818985509,2.0137853939252729e-07,0.0,17.511963546095306,1.764844391668426
99,6000.0,6000,3.6487626651194796,5.365215578690935,19.33529019735838,0.0,5.365215780075421,2.0138448530791793e-07,0.0,17.541377619289758,1.7164529135714564
100,6060.0,6060,3.65875800261231,5.327449653584793,19.41129741755309,0.0,5.327449854975192,2.0139039772520736e-07,0.0,17.569985167849264,1.6686916509724832
101,6120.0,6120,3.6687904092462125,5.290331141107066,19.486769620475453,0.0,5.290331342503344,2.0139627727221602e-07,0.0,17.59779669536545,1.6215407318608535
102,6180.0,6180,3.6788606836686673,5.253841706708354,19.561715977804365,0.0,5.253841908110478,2.0140212456404143e-07,0.0,17.62482237422978,1.5749810230396855
103,6240.0,6240,3.6889696236652076,5.217963717477671,19.636145401479283,0.0,5.217963918885611,2.0140794020356594e-07,0.0,17.651072057947083,1.5289940938124633
104,6300.0,6300,3.6991180265952983,5.182680208367534,19.710066553640083,0.0,5.182680409781259,2.014137247818253e-07,0.0,17.67655529284394,1.483562181772235
105,6360.0,6360,3.7093066898197993,5.147974850366852,19.783487856088477,0.0,5.147975051786331,2.0141947887853717e-07,0.0,17.70128132920679,1.4386681605470528
106,6420.0,6420,3.7195364111169957,5.113831920495127,19.856417499298512,0.0,5.11383212192033,2.0142520306244892e-07,0.0,17.725259131882552,1.3942955093781313
107,6480.0,6480,3.7298079890873277,5.080236273484707,19.928863451002016,0.0,5.080236474915606,2.014308978917772e-07,0.0,17.748497390372172,1.3504282843973787
108,6540.0,6540,3.740122223550657,5.047173315054651,20.000833464372864,0.0,5.047173516491214,2.0143656391459484e-07,0.0,17.771004528445438,1.3070510915039928
109,6600.0,6600,3.750479915935365,5.014628976666669,20.0723350858326,0.0,5.014629178108871,2.0144220166921823e-07,0.0,17.792788713303818,1.2641490607313042
110,6660.0,6660,3.760881869658907,4.982589691664696,20.143375662498492,0.0,4.982589893112508,2.0144781168448962e-07,0.0,17.813857864315988,1.2217078220057895
111,6720.0,6720,3.7713288905013513,4.951042372713218,20.21396234929351,0.0,4.951042574166613,2.0145339448024285e-07,0.0,17.834219661349398,1.179713482211867
112,6780.0,6780,3.7818217869735937,4.91997439045339,20.284102115736705,0.0,4.919974591912341,2.0145895056756478e-07,0.0,17.853881552719574,1.1381526034797964
113,6840.0,6840,3.792361370679444,4.889373553299108,20.353801752431202,0.0,4.8893737547635885,2.014644804491067e-07,0.0,17.872850762777553,1.097012182619663
114,6900.0,6900,3.802948456673246,4.859228088302615,20.423067877266,0.0,4.8592282897726,2.014699846194478e-07,0.0,17.891134299154526,1.056279631629369
115,6960.0,6960,3.8135838638084243,4.8295266230142975,20.491906941346663,0.0,4.829526824489761,2.014754635653778e-07,0.0,17.908738959681664,1.0159427592058723
116,7020.0,7020,3.8242684150917206,4.8002581683058745,20.560325234669065,0.0,4.800258369786793,2.0148091776620802e-07,0.0,17.92567133900174,0.9759897532141538
117,7080.0,7080,3.8350029380210477,4.771412102050926,20.62832889154975,0.0,4.771412303537273,2.014863476940253e-07,0.0,17.941937834888623,0.9364091640298774
118,7140.0,7140,3.845788264930861,4.742978153660912,20.695923895825146,0.0,4.742978355152666,2.0149175381396128e-07,0.0,17.9575446542891,0.89718988873005
119,7200.0,7200,3.8566252333303064,4.714946389393142,20.763116085831665,0.0,4.714946590890279,2.0149713658455873e-07,0.0,17.97249781910125,0.8583211560628354
120,7260.0,7260,3.867514686238017,4.687307198395617,20.829911159177716,0.0,4.687307399898114,2.0150249645787075e-07,0.0,17.98680317170228,0.8197925121576001
121,7320.0,7320,3.8784574725180665,4.660051279448303,20.89631467731795,0.0,4.660051480956136,2.015078338799004e-07,0.0,18.00046638023822,0.7815938069302352
122,7380.0,7380,3.889454447213262,4.633169628356945,20.96233206993975,0.0,4.633169829870094,2.0151314929068958e-07,0.0,18.013492943687037,0.7437151811436821
123,7440.0,7440,3.9005064718760267,4.606653525960798,21.027968639171085,0.0,4.606653727479242,2.015184431246564e-07,0.0,18.02588819670608,0.7061470540847709
124,7500.0,7500,3.911614414901599,4.580494526725633,21.093229563618454,0.0,4.580494728249349,2.015237158107809e-07,0.0,18.037657314274142,0.6688801118240331
125,7560.0,7560,3.922779151857447,4.554684447879373,21.15811990224331,0.0,4.55468464940834,2.0152896777287714e-07,0.0,18.048805316137855,0.6319052960219249
126,7620.0,7620,3.934001565816589,4.529215359070322,21.222644598084504,0.0,4.529215560604521,2.0153419942981294e-07,0.0,18.059337071071536,0.5952137932537317
127,7680.0,7680,3.9452825476903666,4.5040795725150105,21.28680848183422,0.0,4.504079774054422,2.0153941119566667e-07,0.0,18.06925730095908,0.5587970248246436
128,7740.0,7740,3.956622996556667,4.479269633594464,21.35061627527439,0.0,4.479269835139068,2.0154460348003351e-07,0.0,18.07857058470614,0.5226466370377966
129,7800.0,7800,3.968023820000019,4.4547783119110305,21.41407259457984,0.0,4.454778513460807,2.0154977668814816e-07,0.0,18.087281361990083,0.48675449191101067
130,7860.0,7860,3.97948593444306,4.430598592734793,21.477181953494757,0.0,4.4305987942897245,2.0155493122120148e-07,0.0,18.09539393685525,0.45111265829173264
131,7920.0,7920,3.991010265487136,4.406723668857535,21.539948766388004,0.0,4.406723870417602,2.0156006747643207e-07,0.0,18.102912481160093,0.4157134033703982
132,7980.0,7980,4.0025977482476405,4.3831469328013295,21.60237735119297,0.0,4.383147134366515,2.0156518584737462e-07,0.0,18.109841037882916,0.3805491845536884
133,8040.0,8040,4.0142493277011075,4.359861969395214,21.664471932237134,0.0,4.359862170965501,2.015702867240745e-07,0.0,18.116183524292126,0.34561264169410594
134,8100.0,8100,4.025965959027743,4.336862548669708,21.726236642966363,0.0,4.3368627502450785,2.0157537049322897e-07,0.0,18.12194373498701,0.31089658964196515
135,8160.0,8160,4.037748607960021,4.3141426190709575,21.78767552856863,0.0,4.314142820651395,2.0158043753844098e-07,0.0,18.127125344814356,0.27639401111093714
136,8220.0,8220,4.0495982511338475,4.291696300972234,21.848792548501574,0.0,4.2916965025577225,2.0158548824034196e-07,0.0,18.131731911666186,0.24209804983838568
137,8280.0,8280,4.061515876447602,4.269517880476786,21.909591578928108,0.0,4.269518082067309,2.0159052297684306e-07,0.0,18.135766879163473,0.20800200402918384
138,8340.0,8340,4.073502483416722,4.247601803470965,21.970076415064277,0.0,4.247602005066507,2.0159554212320833e-07,0.0,18.13923357923061,0.17409932005424222
139,8400.0,8400,4.0855590835421,4.225942669952307,22.030250773442848,0.0,4.225942871552854,2.016005460524157e-07,0.0,18.142135234564826,0.14038358641020637
140,8460.0,8460,4.097686700677297,4.204535228587344,22.090118294096555,0.0,4.204535430192879,2.016055351351779e-07,0.0,18.14447496100498,0.10684852791004641
141,8520.0,8520,4.109886371403243,4.183374371505458,22.149682542664255,0.0,4.183374573115969,2.016105097401099e-07,0.0,18.146255769803464,0.07348800010221553
142,8580.0,8580,4.122159145407537,4.1624551293087455,22.208947012423277,0.0,4.162455330924216,2.0161547023405316e-07,0.0,18.147480569805147,0.04029598390120834
143,8640.0,8640,4.134506085870321,4.141772666291608,22.267915126251175,0.0,4.141772867912026,2.0162041698212282e-07,0.0,18.148152169536818,0.007266580421287699
144,8700.0,8700,4.146928269854196,4.121322275855168,22.326590238519646,0.0,4.121322477480518,2.0162535034789335e-07,0.0,18.14827327921049,-0.02560599399902828
145,8760.0,8760,4.159426788705442,4.101099376120581,22.384975636923585,0.0,4.101099577750853,2.016302706936393e-07,0.0,18.14784651264382,-0.058327412584860024
146,8820.0,8820,4.172002748454,4.081099505702463,22.443074544247935,0.0,4.081099707337642,2.0163517838043447e-07,0.0,18.146874389100724,-0.09090324275153729
147,8880.0,8880,4.184657270228234,4.0613183196717175,22.50089012007469,0.0,4.061318521311792,2.0164007376834051e-07,0.0,18.145359335054845,-0.12333895055651688
148,8940.0,8940,4.197391490674075,4.041751585674532,22.558425462432663,0.0,4.041751787319489,2.0164495721662908e-07,0.0,18.143303685878884,-0.15563990499954403
149,9000.0,9000,4.210206562379776,4.0223951802001485,22.61568360939233,0.0,4.022395381849978,2.016498290838394e-07,0.0,18.140709687462206,-0.18781138217962748
150,9060.0,9060,4.223103654313746,4.003245085008421,22.672667540607762,0.0,4.003245286663112,2.0165468972805827e-07,0.0,18.137579497759198,-0.2198585693053252
151,9120.0,9120,4.236083952266186,3.9842973836880864,22.729380178807972,0.0,3.9842975853476266,2.016595395070559e-07,0.0,18.13391518827076,-0.2517865685780998
152,9180.0,9180,4.249148659300276,3.965548258349877,22.78582439123946,0.0,3.965548460014256,2.016643787783933e-07,0.0,18.129718745461105,-0.28360040095039885
153,9240.0,9240,4.2622989962187505,3.9469939864621675,22.84200299106198,0.0,3.9469941881313755,2.0166920789968376e-07,0.0,18.124992072111915,-0.3153050097565831
154,9300.0,9300,4.2755362020291,3.9286309377848725,22.897918738699406,0.0,3.9286311394589,2.0167402722867926e-07,0.0,18.119736988615955,-0.34690526424422796
155,9360.0,9360,4.2888615344309065,3.910455571446778,22.95357434314723,0.0,3.9104557731256158,2.0167883712352925e-07,0.0,18.113955234211865,-0.37840596298412926
156,9420.0,9420,4.302276270300679,3.8924644331062135,23.008972463238585,0.0,3.8924646347898517,2.016836379428751e-07,0.0,18.107648468162115,-0.4098118371944653
157,9480.0,9480,4.315781706202607,3.8746541522500695,23.064115708870112,0.0,3.8746543539385,2.016884300460407e-07,0.0,18.10081827087552,-0.4411275539525382
158,9540.0,9540,4.329379158896604,3.857021439566424,23.119006642189486,0.0,3.8570216412596383,2.016932137932237e-07,0.0,18.093466144976293,-0.47235771933017967
159,9600.0,9600,4.34306996586543,3.8395630844286193,23.173647778745835,0.0,3.839563286126609,2.0169798954563403e-07,0.0,18.085593516320774,-0.5035068814368112
160,9660.0,9660,4.356855485853746,3.822275952473646,23.228041588604384,0.0,3.822276154176404,2.017027576657292e-07,0.0,18.077201734963477,-0.5345795333801003
161,9720.0,9720,4.370737099418135,3.80515698326425,23.282190497426896,0.0,3.8051571849717685,2.017075185173035e-07,0.0,18.06829207607379,-0.5655801161538865
162,9780.0,9780,4.384716209488808,3.788203188034448,23.33609688751893,0.0,3.788203389746721,2.0171227246570478e-07,0.0,18.058865740804542,-0.5965130214543597
163,9840.0,9840,4.398794241951829,3.7714116475315644,23.389763098845194,0.0,3.771411849248585,2.0171701987808062e-07,0.0,18.04892385711362,-0.6273825944202636
164,9900.0,9900,4.412972646234784,3.754779509912328,23.443191430014327,0.0,3.7547797116340895,2.0172176112341476e-07,0.0,18.038467480539936,-0.658193136322456
165,9960.0,9960,4.427252895913643,3.738303988729329,23.49638413923384,0.0,3.738304190455825,2.0172649657283582e-07,0.0,18.02749759493454,-0.6889489071843156
166,10020.0,10020,4.441636489339355,3.7219823609973255,23.549343445236577,0.0,3.7219825627285523,2.0173122659970104e-07,0.0,18.01601511314812,-0.7196541283420291
167,10080.0,10080,4.45612495026713,3.705811965301782,23.60207152817977,0.0,3.7058121670377333,2.0173595157989176e-07,0.0,18.004020877675735,-0.7503129849653484
168,10140.0,10140,4.470719828515687,3.6897902000013,23.65457053051726,0.0,3.6897904017419716,2.0174067189185793e-07,0.0,17.991515661259633,-0.7809296285143884
169,10200.0,10200,4.48542270063226,3.6739145214692566,23.70684255784632,0.0,3.6739147232146454,2.0174538791694775e-07,0.0,17.978500167451045,-0.8115081791630033
170,10260.0,10260,4.500235170583338,3.658182442414618,23.758889679729492,0.0,3.658182644164718,2.0175010003948866e-07,0.0,17.964975031131644,-0.8420527281687205
171,10320.0,10320,4.515158870460119,3.642591530252124,23.810713930492717,0.0,3.642591732006933,2.0175480864704374e-07,0.0,17.95094081899548,-0.8725673402079949
172,10380.0,10380,4.530195461199295,3.6271394055216213,23.862317310000293,0.0,3.6271396072811357,2.0175951413060786e-07,0.0,17.936398029992,-0.9030560556776744
173,10440.0,10440,4.5453466333326835,3.611823740379459,23.91370178440751,0.0,3.611823942143676,2.0176421688474108e-07,0.0,17.921347095730688,-0.9335228929532249
174,10500.0,10500,4.56061410774438,3.5966422571165064,23.964869286891865,0.0,3.596642458885424,2.0176891730784333e-07,0.0,17.90578838084812,-0.9639718506278735
175,10560.0,10560,4.575999636460552,3.5815927267475773,24.015821718363316,0.0,3.581592928521194,2.0177361580232178e-07,0.0,17.889722183337636,-0.9944069097129745
176,10620.0,10620,4.591505003451191,3.56667296762954,24.06656094815453,0.0,3.566673169407853,2.0177831277477398e-07,0.0,17.873148734842403,-1.0248320358216512
177,10680.0,10680,4.607132025462933,3.5518808441421386,24.117088814691563,0.0,3.5518810459251475,2.0178300863628856e-07,0.0,17.856068200912024,-1.0552511813207945
178,10740.0,10740,4.622882552866394,3.5372142653945566,24.167407126145843,0.0,3.537214467182261,2.0178770380254219e-07,0.0,17.83848068122333,-1.0856682874718373
179,10800.0,10800,4.638758470536178,3.5226711839909535,24.217517661067856,0.0,3.522671385783352,2.0179239869407664e-07,0.0,17.82038620976545,-1.1160872865452254
180,10860.0,10860,4.654761698745601,3.5082495948168075,24.2674221690033,0.0,3.5082497966139017,2.017970937365318e-07,0.0,17.80178475498968,-1.1465121039287942
181,10920.0,10920,4.670894194097193,3.4939475338826402,24.317122371092104,0.0,3.4939477356844297,2.0180178936083114e-07,0.0,17.782676219924184,-1.176946660214553
182,10980.0,10980,4.687157950473001,3.479763077192228,24.36661996065099,0.0,3.4797632789987145,2.0180648600343828e-07,0.0,17.763060442253924,-1.207394873280773
183,11040.0,11040,4.703555000013931,3.465694339647852,24.415916603740094,0.0,3.465694541459036,2.018111841065609e-07,0.0,17.742937194365897,-1.23786066036608
184,11100.0,11100,4.720087414130504,3.4517394739971694,24.465013939713966,0.0,3.451739675813054,2.0181588411843063e-07,0.0,17.72230618335978,-1.2683479401333353
185,11160.0,11160,4.73675730453768,3.4378966698009075,24.51391358175778,0.0,3.4378968716214935,2.0182058649347824e-07,0.0,17.701167051024207,-1.2988606347367733
186,11220.0,11220,4.753566824326432,3.4241641524440385,24.5626171174088,0.0,3.4241643542693305,2.018252916926425e-07,0.0,17.67951937377858,-1.329402671882394
187,11280.0,11280,4.77051816906082,3.4105401821658154,24.61112610906392,0.0,3.4105403839958166,2.0183000018361583e-07,0.0,17.657362662580525,-1.3599779868950046
188,11340.0,11340,4.787613577912999,3.3970230531289034,24.65944209447342,0.0,3.3970232549636163,2.0183471244102223e-07,0.0,17.634696362798923,-1.3905905247840955
189,11400.0,11400,4.80485533482918,3.3836110925096565,24.70756658722155,0.0,3.3836112943490853,2.0183942894675745e-07,0.0,17.61151985405251,-1.4212442423195246
190,11460.0,11460,4.8222457697321435,3.3703026596187153,24.75550107719423,0.0,3.370302861462866,2.0184415019025557e-07,0.0,17.587832450013835,-1.4519431101134288
191,11520.0,11520,4.839787259757789,3.3570961450426364,24.80324703103428,0.0,3.3570963468915136,2.018488766687089e-07,0.0,17.56363339817859,-1.4826911147151534
192,11580.0,11580,4.857482230534084,3.3439899698192432,24.850805892584486,0.0,3.343990171672852,2.0185360888738444e-07,0.0,17.538921879599993,-1.5134922607148413
193,11640.0,11640,4.875333157492781,3.3309825846241536,24.898179083319015,0.0,3.330982786482501,2.018583473598906e-07,0.0,17.513697008588064,-1.544350572868628
194,11700.0,11700,4.893342567230456,3.318072468998489,24.945368002763267,0.0,3.318072670861581,2.0186309260849905e-07,0.0,17.48795783237357,-1.5752700982319674
195,11760.0,11760,4.911513038899334,3.3052581305723434,24.99237402890282,0.0,3.305258332440189,2.0186784516434862e-07,0.0,17.461703330736356,-1.6062549083269912
196,11820.0,11820,4.929847205653522,3.2925381043356055,25.039198518581312,0.0,3.2925383062082116,2.018726055679162e-07,0.0,17.434932415597554,-1.6373091013179168
197,11880.0,11880,4.948347756135103,3.2799109519171936,25.085842807888113,0.0,3.279911153794568,2.0187737436918684e-07,0.0,17.407643930575578,-1.6684368042179087
198,11940.0,11940,4.96701743600352,3.267375260876741,25.132308212535637,0.0,3.267375462758893,2.0188215212797e-07,0.0,17.37983665050526,-1.6996421751267787
199,12000.0,12000,4.9858590495213955,3.254929644031895,25.178596028226746,0.0,3.254929845918835,2.0188693941438117e-07,0.0,17.3515092809198,-1.7309294054895004
200,12060.0,12060,5.004875461184115,3.2425727387900154,25.22470753101254,0.0,3.2425729406817525,2.0189173680898805e-07,0.0,17.32266045749496,-1.7623027223941006
201,12120.0,12120,5.024069597403142,3.230303206500068,25.270643977640727,0.0,3.2303034083966127,2.0189654490329204e-07,0.0,17.293288745455044,-1.7937663909030745
202,12180.0,12180,5.043444448245478,3.2181197318272345,25.316406605894798,0.0,3.2181199337285995,2.0190136430001584e-07,0.0,17.263392638939976,-1.8253247164182427
203,12240.0,12240,5.0630030692257355,3.2060210221353267,25.361996634924324,0.0,3.206021224041522,2.0190619561349853e-07,0.0,17.232970560332994,-1.8569820470904095
204,12300.0,12300,5.082748583159017,3.1940058068885016,25.407415265566534,0.0,3.194006008799541,2.0191103947005646e-07,0.0,17.20202085954814,-1.8887427762705151
205,12360.0,12360,5.102684182074062,3.1820728370719227,25.452663680659402,0.0,3.18207303898782,2.019158965083808e-07,0.0,17.170541813276948,-1.920611345002139
206,12420.0,12420,5.122813129185522,3.1702208846157305,25.49774304534653,0.0,3.170221086536498,2.0192076737992223e-07,0.0,17.138531624193565,-1.9525922445697914
207,12480.0,12480,5.143138760932904,3.158448741838215,25.542654507373847,0.0,3.1584489437638683,2.019256527493249e-07,0.0,17.105988420117388,-1.9846900190946892
208,12540.0,12540,5.16366448909107,3.1467552209110274,25.587399197378467,0.0,3.146755422841581,2.0193055329477713e-07,0.0,17.072910253132466,-2.016909268180043
209,12600.0,12600,5.1843938029417584,3.1351391533175996,25.63197822916994,0.0,3.1351393552530697,2.0193546970858414e-07,0.0,17.039295098662784,-2.0492546496241584
210,12660.0,12660,5.205330271524467,3.123599389339585,25.676392700003824,0.0,3.123599591279988,2.0194040269744798e-07,0.0,17.005140854502365,-2.0817308821848823
211,12720.0,12720,5.226477545961212,3.1121347975508495,25.72064369084801,0.0,3.1121349994962033,2.019453529830639e-07,0.0,16.970445339799273,-2.114342748410363
212,12780.0,12780,5.247839361853346,3.1007442643105256,25.76473226664184,0.0,3.100744466260848,2.019503213025179e-07,0.0,16.935206293992422,-2.1470950975428207
213,12840.0,12840,5.269419541770448,3.0894266932904464,25.80865947654809,0.0,3.0894268952457544,2.0195530840883084e-07,0.0,16.899421375700026,-2.179992848480002
214,12900.0,12900,5.291221997811661,3.07818100498818,25.85242635419821,0.0,3.078181206948495,2.019603150714319e-07,0.0,16.86308816155868,-2.213040992823481
215,12960.0,12960,5.3132507342590305,3.067006136259072,25.8960339179307,0.0,3.067006338224415,2.019653420766581e-07,0.0,16.826204145011605,-2.246244597999958
216,13020.0,13020,5.335509850324267,3.0559010398651187,25.939483171022854,0.0,3.0559012418355094,2.0197039022840303e-07,0.0,16.788766735044927,-2.2796088104591483
217,13080.0,13080,5.358003542983341,3.0448646840186244,25.982775101916076,0.0,3.044864885994085,2.0197546034855377e-07,0.0,16.750773254870595,-2.313138858964717
218,13140.0,13140,5.380736109913075,3.033896051944371,26.0259106844348,0.0,3.033896253924924,2.019805532776394e-07,0.0,16.7122209405545,-2.346840057968704
219,13200.0,13200,5.403711952525091,3.022994141440936,26.068890877999117,0.0,3.0229943434266056,2.0198566987546677e-07,0.0,16.67310693958834,-2.380717811084155
220,13260.0,13260,5.426935579108386,3.0121579644572627,26.111716627831296,0.0,3.012158166448074,2.0199081102161213e-07,0.0,16.63342830940359,-2.414777614651124
221,13320.0,13320,5.450411608078833,3.0013865466723115,26.154388865156186,0.0,3.0013867486682893,2.0199597761623473e-07,0.0,16.59318201582606,-2.4490250614065223
222,13380.0,13380,5.474144771341598,2.9906789270792453,26.19690850739578,0.0,2.990679129080416,2.020011705806261e-07,0.0,16.55236493146927,-2.483465844262352
223,13440.0,13440,5.498139917772104,2.9800341575798237,26.23927645835779,0.0,2.980034359586215,2.020063908579475e-07,0.0,16.51097383406488,-2.5181057601922805
224,13500.0,13500,5.522402016818872,2.9694513025819123,26.281493608418547,0.0,2.9694515045935517,2.02011639413994e-07,0.0,16.469005404728332,-2.5529507142369607
225,13560.0,13560,5.546936162233163,2.9589294386040965,26.32356083470015,0.0,2.9589296406210144,2.0201691723781937e-07,0.0,16.426456226157704,-2.588006723629067
226,13620.0,13620,5.571747575927399,2.948467653879019,26.365479001242058,0.0,2.9484678559012445,2.0202222534267266e-07,0.0,16.38332278076387,-2.6232799220483805
227,13680.0,13680,5.596841611978928,2.9380650479786934,26.407248959167013,0.0,2.9380652500062587,2.0202756476666513e-07,0.0,16.339601448729717,-2.658776564000236
228,13740.0,13740,5.622223760761277,2.9277207314143,26.44887154684171,0.0,2.927720933447237,2.020329365737067e-07,0.0,16.295288505996368,-2.6945030293469765
229,13800.0,13800,5.647899653237,2.9174338252695975,26.49034759003172,0.0,2.9174340273079395,2.020383418543194e-07,0.0,16.250380122173908,-2.7304658279674037
230,13860.0,13860,5.673875065399435,2.907203460828249,26.531677902051342,0.0,2.9072036628720306,2.0204378172663402e-07,0.0,16.204872358374438,-2.766671604571187
231,13920.0,13920,5.700155922865438,2.897028779188416,26.57286328390802,0.0,2.897028981237674,2.020492573371774e-07,0.0,16.1587611649649,-2.8031271436770213
232,13980.0,13980,5.726748305646897,2.886908930907123,26.613904524441466,0.0,2.886909132961893,2.0205476986202848e-07,0.0,16.11204237923694,-2.8398393747397748
233,14040.0,14040,5.753658453082239,2.8768430756247576,26.65480240045757,0.0,2.876843277685078,2.020603205077444e-07,0.0,16.064711722991266,-2.8768153774574823
234,14100.0,14100,5.780892768953494,2.86683038170501,26.695557676857167,0.0,2.8668305837709207,2.020659105124564e-07,0.0,16.01676480003363,-2.914062387248484
235,14160.0,14160,5.80845782678507,2.856870025870561,26.736171106759553,0.0,2.8568702279421023,2.020715411469868e-07,0.0,15.968197093579475,-2.9515878009145093
236,14220.0,14220,5.836360375336651,2.846961192844326,26.776643431620936,0.0,2.84696139492154,2.020772137160416e-07,0.0,15.919003963564222,-2.989399182492325
237,14280.0,14280,5.864607344292658,2.8371030749842814,26.81697538134776,0.0,2.8371032770672113,2.0208292955935108e-07,0.0,15.869180643856005,-3.027504269308377
238,14340.0,14340,5.89320585016395,2.8272948719301176,26.857167674404888,0.0,2.8272950740188083,2.0208869005301422e-07,0.0,15.818722239367517,-3.0659109782338323
239,14400.0,14400,5.922163202399122,2.8175357902382476,26.89722101791874,0.0,2.8175359923327443,2.0209449661077779e-07,0.0,15.767623723063608,-3.104627412160874
240,14460.0,14460,5.951486909727541,2.80782504303301,26.93713610777527,0.0,2.807825245133361,2.0210035068545137e-07,0.0,15.715879932860913,-3.143661866694531
241,14520.0,14520,5.981184686723994,2.7981618496363905,26.97691362871305,0.0,2.798162051742645,2.0210625377030949e-07,0.0,15.663485568415993,-3.1830228370876035
242,14580.0,14580,6.011264460623017,2.7885454352151537,27.01655425441103,0.0,2.7885456373273616,2.021122074006766e-07,0.0,15.610435187797853,-3.222719025407863
243,14640.0,14640,6.041734378382205,2.778975030422389,27.056058647571362,0.0,2.7789752325406027,2.0211821315545216e-07,0.0,15.556723204041043,-3.262759347959815
244,14700.0,14700,6.072602813999294,2.769449871028868,27.095427459997104,0.0,2.769450073153141,2.021242726587454e-07,0.0,15.502343881575035,-3.303152942970426
245,14760.0,14760,6.103878376106323,2.759969197563496,27.134661332664766,0.0,2.759969399693884,2.0213038758172195e-07,0.0,15.447291332525516,-3.343909178542827
246,14820.0,14820,6.135569915841365,2.750532254951262,27.173760895791652,0.0,2.7505324570878216,2.0213655964431196e-07,0.0,15.391559512883124,-3.385037660890103
247,14880.0,14880,6.167686535007024,2.741138292137696,27.212726768898175,0.0,2.7411384942804866,2.021427906171745e-07,0.0,15.335142218534946,-3.4265482428693286
248,14940.0,14940,6.200237594536046,2.7317865617250465,27.251559560864834,0.0,2.731786763874129,2.021490823236776e-07,0.0,15.278033081153778,-3.468451032810999
249,15000.0,15000,6.233232723265745,2.7224763195956387,27.290259869983952,0.0,2.7224765217510756,2.0215543664199075e-07,0.0,15.220225563940252,-3.5107564036701064
250,15060.0,15060,6.266681827035402,2.7132068245306815,27.328828284006235,0.0,2.713207026692537,2.0216185550732153e-07,0.0,15.161712957212405,-3.5534750025047206
251,15120.0,15120,6.300595098123924,2.7039773378319776,27.367265380181742,0.0,2.7039775400003183,2.0216834091419366e-07,0.0,15.102488373837318,-3.5966177602919465
252,15180.0,15180,6.334983025033845,2.6947871229361544,27.405571725295673,0.0,2.69478732511105,2.0217489491886667e-07,0.0,15.042544744499109,-3.6401959020976897
253,15240.0,15240,6.369856402634394,2.685635445017934,27.443747875698556,0.0,2.6856356471994536,2.021815196419541e-07,0.0,14.981874812797466,-3.6842209576164597
254,15300.0,15300,6.4052263426815985,2.6765215705954613,27.48179437733092,0.0,2.676521772783679,2.021882172710341e-07,0.0,14.920471130170515,-3.728704772086137
255,15360.0,15360,6.441104284725822,2.667444767127639,27.519711765742276,0.0,2.667444969322629,2.0219499006351353e-07,0.0,14.858326050635739,-3.7736595175981833
256,15420.0,15420,6.477502007418269,2.658404302600131,27.557500566104483,0.0,2.6584045048019718,2.0220184034962034e-07,0.0,14.795431725342423,-3.819097704818138
257,15480.0,15480,6.514431640235446,2.649399445108908,27.595161293219217,0.0,2.6493996473176784,2.0220877053546654e-07,0.0,14.731780096928778,-3.865032195126539
258,15540.0,15540,6.55190567563156,2.64042946243156,27.632694451519466,0.0,2.640429664647343,2.0221578310643297e-07,0.0,14.66736289367666,-3.9114762132
259,15600.0,15600,6.589936981640693,2.6314936215994496,27.670100535065103,0.0,2.6314938238223298,2.0222288063059844e-07,0.0,14.602171623456648,-3.9584433600412443
260,15660.0,15660,6.628538814930703,2.622591188443412,27.70738002753227,0.0,2.622591390673478,2.0223006576240695e-07,0.0,14.53619756745595,-4.005947626487292
261,15720.0,15720,6.667724834340253,2.613721427143911,27.744533402196367,0.0,2.6137216293812524,2.0223734124658334e-07,0.0,14.469431773681153,-4.054003407196341
262,15780.0,15780,6.707509114905998,2.6048835997683897,27.78156112190871,0.0,2.6048838020131,2.0224470992216689e-07,0.0,14.40186505022787,-4.10262551513761
263,15840.0,15840,6.747906162393036,2.5960769657858926,27.818463639066547,0.0,2.5960771680380677,2.0225217472683738e-07,0.0,14.333487958308902,-4.151829196607144
264,15900.0,15900,6.788930928355587,2.5873007815824223,27.85524139557628,0.0,2.5873009838421615,2.0225973870156612e-07,0.0,14.264290805032106,-4.201630146773164
265,15960.0,15960,6.830598825735016,2.578554299954085,27.89189482280978,0.0,2.5785545022214897,2.0226740499530043e-07,0.0,14.19426363591921,-4.252044525780931
266,16020.0,16020,6.872925745016891,2.569836769587544,27.928424341553516,0.0,2.569836971862721,2.0227517687020044e-07,0.0,14.123396227156183,-4.303088975429347
267,16080.0,16080,6.915928070963049,2.5611474345238294,27.964830361950376,0.0,2.561147636806887,2.02283057706975e-07,0.0,14.051678077565688,-4.354780636439219
268,16140.0,16140,6.959622699937052,2.5524855336052013,28.001113283433817,0.0,2.5524857358962523,2.0229105101063365e-07,0.0,13.97909840029169,-4.407137166331851
269,16200.0,16200,7.004027057839159,2.5438502999022807,28.037273494654222,0.0,2.5438505022014413,2.0229916041655244e-07,0.0,13.90564611418615,-4.460176757936878
270,16260.0,16260,7.04915911867304,2.535240960126162,28.073311373397154,0.0,2.5352411624335516,2.0230738969695043e-07,0.0,13.831309834887195,-4.513918158546878
271,16320.0,16320,7.095037423751565,2.5266567340045754,28.109227286493233,0.0,2.5266569363203177,2.0231574276768257e-07,0.0,13.756077865578069,-4.5683806897469905
272,16380.0,16380,7.141681101576597,2.5180968336523817,28.145021589719235,0.0,2.5180970359766053,2.0232422369552188e-07,0.0,13.67993818741561,-4.623584267924215
273,16440.0,16440,7.189109888395718,2.5095604629044943,28.180694627690233,0.0,2.5095606652373306,2.0233283670589413e-07,0.0,13.602878449616865,-4.679549425491223
274,16500.0,16500,7.237344149461884,2.5010468166223636,28.216246733742274,0.0,2.5010470189639498,2.0234158619103865e-07,0.0,13.524885959192,-4.736297332839522
275,16560.0,16560,7.286404901015292,2.492555079975623,28.251678229805297,0.0,2.4925552823260997,2.023504767188025e-07,0.0,13.445947670311332,-4.793849821039669
276,16620.0,16620,7.336313833003053,2.4840844276863905,28.28698942626581,0.0,2.4840846300459036,2.0235951304186593e-07,0.0,13.366050173293996,-4.852229405316662
277,16680.0,16680,7.38709333255722,2.4756340232402048,28.322180621818863,0.0,2.475634225608905,2.0236870010774222e-07,0.0,13.285179683205376,-4.911459309317015
278,16740.0,16740,7.438766508251752,2.4672030180589157,28.3572521033089,0.0,2.467203220436959,2.0237804306925104e-07,0.0,13.203322028050083,-4.971563490192836
279,16800.0,16800,7.491357215156421,2.458790550632743,28.39220414555885,0.0,2.4587907530202906,2.023875472958469e-07,0.0,13.120462636546861,-5.032566664523678
280,16860.0,16860,7.544890080708303,2.450395745606224,28.427037011186908,0.0,2.4503959480034423,2.0239721838566194e-07,0.0,13.03658652547146,-5.0944943351020795
281,16920.0,16920,7.599390531421882,2.44201771281599,28.461750950410405,0.0,2.4420179152230523,2.024070621783934e-07,0.0,12.951678286553081,-5.157372818605893
282,16980.0,16980,7.654884820459566,2.4336555462752956,28.496346200836005,0.0,2.4336557486923804,2.0241708476899429e-07,0.0,12.865722072909643,-5.221229274184272
283,17040.0,17040,7.711400056085158,2.4253083231033887,28.530822987235588,0.0,2.4253085255306814,2.0242729252248083e-07,0.0,12.778701585006562,-5.286091732981769
284,17100.0,17100,7.76896423102483,2.4169751023917194,28.565181521306886,0.0,2.416975304829412,2.0243769208974168e-07,0.0,12.690600056123523,-5.35198912863311
285,17160.0,17160,7.8276062527546415,2.40865492399125,28.599422001418073,0.0,2.40865512643954,2.0244829042438577e-07,0.0,12.601400237312964,-5.4189513287633915
286,17220.0,17220,7.887355974760315,2.400346807249384,28.633544612335218,0.0,2.400347009708479,2.0245909480097632e-07,0.0,12.511084381833568,-5.487009167510931
287,17280.0,17280,7.9482442287745005,2.3920497496376685,28.667549524931836,0.0,2.3920499521077816,2.024701128345334e-07,0.0,12.41963422904171,-5.556194479136832
288,17340.0,17340,8.010302858050533,2.3837627253135842,28.701436895878924,0.0,2.383762927794937,2.0248135250150675e-07,0.0,12.327030987722756,-5.62654013273695
289,17400.0,17400,8.07356475169221,2.3754846835678967,28.735206867314727,0.0,2.375484886060719,2.0249282216239363e-07,0.0,12.2332553188438,-5.698080068124313
290,17460.0,17460,8.138063880101225,2.3672145471842607,28.768859566492438,0.0,2.3672147496887916,2.0250453058601267e-07,0.0,12.138287317708388,-5.770849332916964
291,17520.0,17520,8.203835331575739,2.3589512106640136,28.80239510540468,0.0,2.3589514131805007,2.0251648697578622e-07,0.0,12.042106495493096,-5.844884120911727
292,17580.0,17580,8.270915350136391,2.3506935383384815,28.83581358038286,0.0,2.350693740867182,2.0252870099799793e-07,0.0,11.94469176014456,-5.92022181179791
293,17640.0,17640,8.33934137464002,2.3424403623357426,28.869115071669732,0.0,2.342440564876926,2.0254118281242775e-07,0.0,11.846021396614587,-5.996901012304277
294,17700.0,17700,8.409152079267413,2.3341904803962676,28.902299642963197,0.0,2.334190682950211,2.0255394310543004e-07,0.0,11.746073046409508,-6.074961598871145
295,17760.0,17760,8.480387415483575,2.325942653520377,28.93536734092915,0.0,2.3259428560873703,2.0256699312570606e-07,0.0,11.644823686428317,-6.154444761963198
296,17820.0,17820,8.5530886555882,2.3176956034347147,28.968318194681004,0.0,2.3176958060150596,2.025803447231914e-07,0.0,11.542249607062255,-6.235393052153486
297,17880.0,17880,8.627298437989817,2.309448009847258,29.00115221522327,0.0,2.3094482124412687,2.0259401039117398e-07,0.0,11.438326389526358,-6.31785042814256
298,17940.0,17940,8.703060814382587,2.3011985074968533,29.033869394856357,0.0,2.301198710104857,2.0260800331209775e-07,0.0,11.333028882390643,-6.401862306885733
299,18000.0,18000,8.780421299003525,2.2929456829369252,29.066469706539433,0.0,2.292945885559263,2.0262233740736287e-07,0.0,11.226331177275872,-6.4874756160665985
300,18060.0,18060,8.85942692022157,2.284688071060351,29.098953103207883,0.0,2.2846882736973786,2.0263702739155708e-07,0.0,11.118206583674755,-6.574738849161219
301,18120.0,18120,8.940126274731599,2.276424151327356,29.131319517041376,0.0,2.276424353979445,2.0265208883173263e-07,0.0,11.008627602855395,-6.663702123404242
302,18180.0,18180,9.022569584682408,2.2681523436593936,29.163568858678612,0.0,2.268152546326932,2.0266753821191734e-07,0.0,10.897565900798652,-6.754417241023015
303,18240.0,18240,9.106808758128523,2.259871003959712,29.19570101637385,0.0,2.259871206643105,2.0268339300385105e-07,0.0,10.78499228011493,-6.846937754168809
304,18300.0,18300,9.192897453283168,2.2515784192473713,29.227715855089965,0.0,2.2515786219470435,2.0269967174445208e-07,0.0,10.670876650878776,-6.941319034035796
305,18360.0,18360,9.280891147103894,2.2432728023262767,29.25961321552262,0.0,2.243273005042671,2.0271639412062612e-07,0.0,10.555188000311507,-7.037618344777617
306,18420.0,18420,9.370847208871222,2.2349522859688213,29.291392913048846,0.0,2.234952488702403,2.0273358106262846e-07,0.0,10.437894361231873,-7.1358949229024
307,18480.0,18480,9.462824979509303,2.226614916534933,29.323054736593303,0.0,2.2266151192861883,2.0275125484665695e-07,0.0,10.318962779183495,-7.23621006297437
308,18540.0,18540,9.55688585755102,2.2182586469835286,29.35459844740406,0.0,2.218258849752968,2.0276943920797058e-07,0.0,10.198359278133918,-7.338627210567493
309,18600.0,18600,9.65309339278799,2.2098813291951798,29.38602377772947,0.0,2.20988153198334,2.027881594657342e-07,0.0,10.076048824624452,-7.443212063592811
310,18660.0,18660,9.751513388829808,2.2014807055233825,29.417330429386165,0.0,2.2014809083308253,2.0280744266116942e-07,0.0,9.951995290231235,-7.550032683306426
311,18720.0,18720,9.852214016005632,2.1930543994941964,29.448518072207456,0.0,2.193054602321514,2.028273177104684e-07,0.0,9.826161412176123,-7.659159616511437
312,18780.0,18780,9.955265936271026,2.1845999055375303,29.47958634235995,0.0,2.1846001083853457,2.0284781557474635e-07,0.0,9.698508751900928,-7.770666030733495
313,18840.0,18840,10.060742442068031,2.1761145776445168,29.51053484051468,0.0,2.1761147805134864,2.0286896944897877e-07,0.0,9.568997651388697,-7.884627864423514
314,18900.0,18900,10.168719611392925,2.167595616802148,29.541363129857537,0.0,2.167595819692963,2.028908149725968e-07,0.0,9.437587186981634,-8.001123994590777
315,18960.0,18960,10.279276481708102,2.1590400570601695,29.572070733921734,0.0,2.15904025997356,2.029133904648897e-07,0.0,9.304235120405117,-8.120236424647933
316,19020.0,19020,10.392495245750874,2.150444750042699,29.60265713422287,0.0,2.150444952979436,2.029367371885314e-07,0.0,9.16889784666098,-8.242050495708176
317,19080.0,19080,10.50846147280124,2.1418063477037546,29.633121767674535,0.0,2.1418065506646546,2.0296089964546072e-07,0.0,9.031530338399174,-8.366655125097486
318,19140.0,19140,10.627264359540712,2.1331212830723367,29.663464023759666,0.0,2.1331214860582626,2.0298592591005885e-07,0.0,8.89208608631421,-8.494143076468376
319,19200.0,19200,10.748997015332947,2.1243857487198454,29.693683241429117,0.0,2.1243859517317136,2.0301186800502795e-07,0.0,8.750517035039733,-8.6246112666131
320,19260.0,19260,10.873756787543122,2.1155956725971743,29.723778705695185,0.0,2.115595875635957,2.030387823272377e-07,0.0,8.606773513929513,-8.758161114945947
321,19320.0,19320,11.001645633493164,2.1067466908805654,29.75374964388278,0.0,2.1067468939472955,2.0306673013117473e-07,0.0,8.460804162013742,-8.894898942612597
322,19380.0,19380,11.13277054675815,2.0978341173313737,29.783595221495982,0.0,2.097834320427152,2.0309577808018048e-07,0.0,8.31255584630353,-9.034936429426777
323,19440.0,19440,11.267244046904137,2.0888529086449728,29.813314537650502,0.0,2.0888531117709714,2.0312599887696834e-07,0.0,8.161973572479745,-9.178391138259164
324,19500.0,19500,11.405184743402113,2.0797976251190233,29.84290662001522,0.0,2.079797828276495,2.0315747198792948e-07,0.0,8.009000386842091,-9.32538711828309
325,19560.0,19560,11.546717986476548,2.070662385862852,29.87237041919658,0.0,2.0706625890531365,2.0319028447873903e-07,0.0,7.853577268204036,-9.476055600613696
326,19620.0,19620,11.691976620101402,2.0614408175837298,29.90170480248839,0.0,2.0614410208082616,2.0322453198292127e-07,0.0,7.695643008193804,-9.630535802517672
327,19680.0,19680,11.841101855411917,2.052125995804223,29.93090854689616,0.0,2.0521261990645425,2.03260319830464e-07,0.0,7.535134078151842,-9.788975859607694
328,19740.0,19740,11.99424428657732,2.042710377103065,29.959980331328634,0.0,2.0427105804008296,2.032977643702304e-07,0.0,7.37198448049171,-9.951533909474255
329,19800.0,19800,12.151565075896485,2.0331857206305406,29.988918727829414,0.0,2.033185923967535,2.033369945290784e-07,0.0,7.20612558200047,-10.118379355265944
330,19860.0,19860,12.313237340839082,2.0235429967739553,30.01772219169673,0.0,2.0235432001521088,2.033781536622307e-07,0.0,7.03748592607937,-10.289694344065127
331,19920.0,19920,12.47944778325238,2.0137722802846394,30.046389050309312,0.0,2.0137724837060413,2.03421401765375e-07,0.0,6.865991020344949,-10.465675502967741
332,19980.0,19980,12.650398610536431,2.0038626245374123,30.07491749043819,0.0,2.0038628280043302,2.0346691814007572e-07,0.0,6.691563095295484,-10.64653598599902
333,20040.0,20040,12.826309810817834,1.9938019126902897,30.1033055437772,0.0,1.9938021162051944,2.0351490463196885e-07,0.0,6.514120828862166,-10.832507898127542
334,20100.0,20100,13.007421859906739,1.9835766803581614,30.13155107036492,0.0,1.983576883923751,2.0356558960038556e-07,0.0,6.333579030560039,-11.023845179548578
335,20160.0,20160,13.193998958236767,1.9731719029019716,30.159651739494482,0.0,1.9731721065212042,2.0361923283045385e-07,0.0,6.149848277567562,-11.220827055334796
336,20220.0,20220,13.38633292258074,1.9625707383697248,30.18760500760995,0.0,1.9625709420458568,2.036761316709728e-07,0.0,5.962834493311981,-11.423762184211014
337,20280.0,20280,13.584747892280742,1.9517542143995326,30.21540809256106,0.0,1.951754418136161,2.0373662878144178e-07,0.0,5.772438456908463,-11.63299367788121
338,20340.0,20340,13.78960605591752,1.9407008436320665,30.243057943422443,0.0,1.9407010474331885,2.0380112201174065e-07,0.0,5.578555228943776,-11.848905212285453
339,20400.0,20400,14.001314665911979,1.9293861470298082,30.270551204864454,0.0,1.929386350899885,2.0387007713333934e-07,0.0,5.381073475405684,-12.071928518882169
340,20460.0,20460,14.220334691292285,1.9177820573923225,30.2978841747711,0.0,1.9177822613363669,2.0394404442303098e-07,0.0,5.179874666757649,-12.302552633899964
341,20520.0,20520,14.44719157099751,1.9058561652905357,30.3250527534077,0.0,1.905856369314216,2.0402368051252196e-07,0.0,4.974832122859317,-12.541335405706974
342,20580.0,20580,14.682488683913235,1.8935707555665726,30.352052381905988,0.0,1.8935709596763504,2.0410977754733769e-07,0.0,4.765809866097535,-12.788917928346661
343,20640.0,20640,14.926924365845974,1.8808815620853019,30.37887796709964,0.0,1.8808817662886048,2.0420330272298519e-07,0.0,4.552661233958425,-13.04604280376067
344,20700.0,20700,15.181313608798778,1.8677361387164975,30.405523788718735,0.0,1.8677363430219502,2.0430545307083398e-07,0.0,4.335227187229082,-13.313577470082283
345,20760.0,20760,15.446616029571896,1.854071699503251,30.431983383506516,0.0,1.8540719039209852,2.044177338580967e-07,0.0,4.113334229394379,-13.592544330068645
346,20820.0,20820,15.723972403459491,1.839812210018217,30.458249398738502,0.0,1.8398124145602934,2.0454207637261738e-07,0.0,3.886791823893237,-13.884160193441275
347,20880.0,20880,16.01475326103607,1.8248643925054053,30.484313404535804,0.0,1.824864597186433,2.0468102773273445e-07,0.0,3.6553891540025516,-14.189888868530664
348,20940.0,20940,16.320625265970765,1.8091120908558143,30.51016564958466,0.0,1.8091122956938999,2.0483808562302613e-07,0.0,3.41889100619371,-14.511513175114953
349,21000.0,21000,16.6436454863679,1.7924080192265959,30.535794737026425,0.0,1.7924082242449448,2.050183490196977e-07,0.0,3.17703245327513,-14.851237467141306
350,21060.0,21060,16.98640270427161,1.7745610501659979,30.561187183452986,0.0,1.774561255395894,2.0522989623367867e-07,0.0,2.9295118288227786,-15.211841654105614
351,21120.0,21120,17.352243556900696,1.7553153558809163,30.58632679781733,0.0,1.7553155613678058,2.0548688931720393e-07,0.0,2.675981134587689,-15.596928201019777
352,21180.0,21180,17.745659355106103,1.7343136770300462,30.61119376484532,0.0,1.7343138828469185,2.0581687251510443e-07,0.0,2.416032331237364,-16.011345678076058
353,21240.0,21240,18.17298736944804,1.7110274636932352,30.635763208088772,0.0,1.7110276699719444,2.0627870922921598e-07,0.0,2.149176569936102,-16.461959905754803
354,21300.0,21300,18.643745521599104,1.684611240594347,30.66000276330879,0.0,1.6846114476042688,2.0700992200954686e-07,0.0,1.8748105715068613,-16.959134281004758
355,21360.0,21360,19.17323897685968,1.653567585837093,30.68386808869975,0.0,1.6535677941998737,2.0836278065619782e-07,0.0,1.5921583334901221,-17.519671391022584
356,21420.0,21420,19.787088051533544,1.6149704322229563,30.70729362897827,0.0,1.6149706435097921,2.1128683553120053e-07,0.0,1.30016381030642,-18.172117619310587
357,21480.0,21480,20.523908952937216,1.5631742807909776,30.73017237623994,0.0,1.5631744988233058,2.1803232811096839e-07,0.0,0.9972951833179193,-18.960734672146238
358,21540.0,21540,21.428817516633703,1.4876682780659654,30.7523173446728,0.0,1.487668511585455,2.3351948997863197e-07,0.0,0.681282938782159,-19.94114923856774
359,21600.0,21600,22.352686660233132,1.416859815486171,30.773392644694997,0.0,1.416860031809131,2.163229602973819e-07,0.0,0.34893045147270974,-20.935826844746963
360,21660.0,21660,3.671093073948879,3.671092979404562,30.793464824873645,0.0,3.671093181540848,2.0213628543292744e-07,0.0,4.060277455125375e-09,-9.454431705754305e-08
361,21720.0,21720,3.7048359272843343,3.704835917285949,30.845471974909927,0.0,3.7048361190628074,2.0177685846454358e-07,0.0,2.4845341891619198e-09,-9.998386103938012e-09
362,21780.0,21780,3.6958928587109314,3.695892857656638,30.897957149900435,0.0,3.695893059363836,2.0170719876101675e-07,0.0,2.317878345929189e-09,-1.0542939363779298e-09
363,21840.0,21840,3.6845387887211944,3.6845387885942142,30.950315631546367,0.0,3.684538990296869,2.0170265372974483e-07,0.0,2.3002939892502136e-09,-1.2698027450411804e-10
364,21900.0,21900,3.6961162292342298,3.69611622921932,31.00251326388059,0.0,3.6961164309073657,2.016880455483532e-07,0.0,2.29816573555275e-09,-1.490973835240937e-11
365,21960.0,21960,3.7118800110958454,3.711880011100355,31.05487490995704,0.0,3.7118802127777353,2.0167737953641237e-07,0.0,2.2979025766543766e-09,4.509667388953315e-12
366,22020.0,22020,3.717014165922382,3.7170141659267557,31.107459876276835,0.0,3.7170143676040905,2.0167733448368293e-07,0.0,2.2979618824595147e-09,4.373105093797336e-12
367,22080.0,22080,3.7108282521263027,3.7108282521251468,31.160117576456663,0.0,3.7108284538067577,2.0168161140685693e-07,0.0,2.298020011652795e-09,-1.1566552018334067e-12
368,22140.0,22140,3.7021259892585094,3.7021259892551246,31.212687642857635,0.0,3.7021261909397962,2.0168467160178466e-07,0.0,2.2979876449478177e-09,-3.3854481411262205e-12
369,22200.0,22200,3.6961779744509586,3.696177974447581,31.265134427201264,0.0,3.6961781761320065,2.016844243836838e-07,0.0,2.2979187331952024e-09,-3.3778600012840984e-12
370,22260.0,22260,3.693036155257039,3.693036155253756,31.317496948001793,0.0,3.693036356936037,2.0168228152817158e-07,0.0,2.2978495701240637e-09,-3.2838138933393064e-12
371,22320.0,22320,3.691692063127335,3.691692063124386,31.369814959697084,0.0,3.6916922648041903,2.0167980395682458e-07,0.0,2.2977814649320187e-09,-2.949148299633356e-12
372,22380.0,22380,3.691517597817179,3.6915175978150754,31.422113930087207,0.0,3.6915177994924746,2.016773988097131e-07,0.0,2.2977186624460025e-09,-2.1047659106977707e-12
373,22440.0,22440,3.6920857172520147,3.692085717251021,31.47441042888546,0.0,3.6920859189262343,2.016752128253373e-07,0.0,2.297669809319774e-09,-9.940609764693966e-13
374,22500.0,22500,3.693072709525466,3.6930727095255467,31.526714976042392,0.0,3.693072911198995,2.0167344780683593e-07,0.0,2.2976393843946676e-09,8.062438350546353e-14
375,22560.0,22560,3.6942586947948803,3.6942586947958405,31.579033505589887,0.0,3.694258896468047,2.0167220612790633e-07,0.0,2.2976267930055786e-09,9.593199596692199e-13
376,22620.0,22620,3.6955038040274233,3.6955038040290287,31.63136883659538,0.0,3.695504005700488,2.0167145907943605e-07,0.0,2.2976287738825663e-09,1.6052870987617147e-12
377,22680.0,22680,3.6967179680616873,3.6967179680637314,31.683721806648347,0.0,3.696718169734847,2.0167111504322827e-07,0.0,2.2976414584929235e-09,2.0434561917195853e-12
378,22740.0,22740,3.69784211898946,3.6978421189917774,31.73609197735847,0.0,3.697842320662852,2.0167107540326152e-07,0.0,2.2976613970462854e-09,2.3163110794575415e-12
379,22800.0,22800,3.6988390150760155,3.6988390150784807,31.788478073540073,0.0,3.698839216749738,2.016712568953859e-07,0.0,2.2976858486608397e-09,2.46408723224567e-12
380,22860.0,22860,3.699688393528466,3.6996883935309857,31.840878292416235,0.0,3.699688595202581,2.0167159485252057e-07,0.0,2.297712742178132e-09,2.5194764886621283e-12
381,22920.0,22920,3.700383461878501,3.7003834618810094,31.89329054415381,0.0,3.70038366355305,2.0167204003651752e-07,0.0,2.2977405494281003e-09,2.507913839976975e-12
382,22980.0,22980,3.700927730751454,3.7009277307539037,31.94571264269301,0.0,3.700927932426459,2.0167255468128454e-07,0.0,2.2977681638108005e-09,2.44909364168956e-12
383,23040.0,23040,3.7013320627139805,3.7013320627163395,31.998142451707906,0.0,3.7013322643894493,2.0167310937003154e-07,0.0,2.2977948045215227e-09,2.3583070516759275e-12
384,23100.0,23100,3.7016120459029445,3.701612045905193,32.05057798875894,0.0,3.701612247578874,2.0167368088269045e-07,0.0,2.2978199433113065e-09,2.247386212821817e-12
385,23160.0,23160,3.7017857962617335,3.7017857962638594,32.10301749223848,0.0,3.7017859979381105,2.0167425077535206e-07,0.0,2.297843247125287e-09,2.1253622666238345e-12
386,23220.0,23220,3.7018722311146375,3.7018722311166368,32.15545945718142,0.0,3.701872432791441,2.0167480443900353e-07,0.0,2.2978645317794225e-09,1.998962594775122e-12
387,23280.0,23280,3.7018898016820883,3.7018898016839614,32.20790264661812,0.0,3.7018900033592925,2.0167533045105713e-07,0.0,2.2978837239394096e-09,1.8730241117593203e-12
388,23340.0,23340,3.7018556364804445,3.7018556364821964,32.26034608497119,0.0,3.7018558381580173,2.0167582009749582e-07,0.0,2.297900829969124e-09,1.7508580814704248e-12
389,23400.0,23400,3.7017850294853067,3.7017850294869414,32.31278903931723,0.0,3.701785231163209,2.0167626699141524e-07,0.0,2.297915910818469e-09,1.6345770231810569e-12
390,23460.0,23460,3.7016912014285577,3.7016912014300836,32.36523099339751,0.0,3.701691403106751,2.0167666674599313e-07,0.0,2.2979290623074924e-09,1.5253842757825328e-12
391,23520.0,23520,3.70158526499629,3.701585264997714,32.41767161824697,0.0,3.7015854666747314,2.0167701667991178e-07,0.0,2.2979404001824005e-09,1.4238233647435194e-12
392,23580.0,23580,3.701476331704835,3.7014763317061656,32.47011074233031,0.0,3.701476533383482,2.0167731554649183e-07,0.0,2.297950049274382e-09,1.3299856224750225e-12
393,23640.0,23640,3.7013717076487396,3.701371707649983,32.52254832319202,0.0,3.701371909327547,2.016775632835712e-07,0.0,2.297958136071058e-09,1.2436760844527068e-12
394,23700.0,23700,3.701277135586585,3.701277135587749,32.5749844218796,0.0,3.7012773372655103,2.0167776078492936e-07,0.0,2.297964784014516e-09,1.164540043459112e-12
395,23760.0,23760,3.701197051073514,3.701197051074607,32.62741918079629,0.0,3.7011972527525168,2.0167790969440055e-07,0.0,2.2979701108746566e-09,1.0921541990148624e-12
396,23820.0,23820,3.7011348297642304,3.701134829765257,32.679852805182385,0.0,3.701135031443269,2.0167801222411388e-07,0.0,2.297974227618517e-09,1.0260873373181105e-12
397,23880.0,23880,3.701093011264731,3.7010930112656975,32.73228554809993,0.0,3.701093212943769,2.016780709965913e-07,0.0,2.297977238272986e-09,9.65936561321283e-13
398,23940.0,23940,3.701073491695437,3.701073491696349,32.784717698588736,0.0,3.701073693374438,2.0167808891056755e-07,0.0,2.2979792403796506e-09,9.113442450718096e-13
399,24000.0,24000,3.701077682300949,3.7010776823018112,32.837149572550295,0.0,3.701077883979881,2.0167806902859075e-07,0.0,2.297980325726008e-09,8.620016276979617e-13
400,24060.0,24060,3.7011066351727413,3.7011066351735598,32.88958150587878,0.0,3.7011068368515745,2.0167801448490284e-07,0.0,2.297980581133197e-09,8.176435767800265e-13
401,24120.0,24120,3.7011611394556927,3.7011611394564707,32.94201384937295,0.0,3.7011613411343998,2.0167792841108027e-07,0.0,2.2979800891556204e-09,7.78038381868845e-13
402,24180.0,24180,3.7012417926470467,3.7012417926477905,32.99444696501112,0.0,3.7012419943256045,2.016778138771809e-07,0.0,2.297978928612745e-09,7.429759226786517e-13
403,24240.0,24240,3.70134905191931,3.701349051920023,33.04688122323617,0.0,3.7013492535976966,2.0167767384618366e-07,0.0,2.297977174924854e-09,7.122561071935851e-13
404,24300.0,24300,3.701483270224924,3.7014832702256095,33.099317000967574,0.0,3.701483471903121,2.016775111395973e-07,0.0,2.297974900260262e-09,6.856792486227879e-13
405,24360.0,24360,3.701644721281273,3.701644721281936,33.151754680124974,0.0,3.7016449229592645,2.0167732841242557e-07,0.0,2.2979721735243192e-09,6.630388692887878e-13
406,24420.0,24420,3.7018336168502253,3.7018336168508696,33.20419464650568,0.0,3.701833818527998,2.0167712813574926e-07,0.0,2.297969060232062e-09,6.441173404521423e-13
407,24480.0,24480,3.702050118917839,3.702050118918468,33.25663728890694,0.0,3.7020503205953808,2.0167691258589987e-07,0.0,2.297965622310233e-09,6.286840999042239e-13
408,24540.0,24540,3.702294348667553,3.702294348668169,33.30908299842083,0.0,3.7022945503448534,2.0167668383860288e-07,0.0,2.2979619178724584e-09,6.164960533039104e-13
409,24600.0,24600,3.7025663935515074,3.702566393552115,33.36153216785617,0.0,3.70256659522856,2.0167644376765442e-07,0.0,2.2979580010030413e-09,6.072996962636194e-13
410,24660.0,24660,3.7028663132930024,3.7028663132936037,33.4139851912607,0.0,3.7028665149697977,2.0167619404702682e-07,0.0,2.297953921578071e-09,6.008344146303645e-13
411,24720.0,24720,3.703194145279601,3.7031941452801984,33.46644246352823,0.0,3.703194346956135,2.0167593615583836e-07,0.0,2.2979497251419986e-09,5.968363846443525e-13
412,24780.0,24780,3.7035499096144067,3.703549909615002,33.51890438008225,0.0,3.703550111290674,2.0167567138564077e-07,0.0,2.297945452851477e-09,5.950427888263052e-13
413,24840.0,24840,3.703933613878104,3.7039336138787,33.571371336630996,0.0,3.7039338155541013,2.0167540084953742e-07,0.0,2.2979411414891788e-09,5.951957328384009e-13
414,24900.0,24900,3.7043452576411044,3.7043452576417017,33.62384372899016,0.0,3.704345459316827,2.016751254925756e-07,0.0,2.297936823544675e-09,5.970459497072098e-13
415,24960.0,24960,3.704784836658712,3.7047848366593135,33.676321952969296,0.0,3.7047850383341596,2.0167484610331042e-07,0.0,2.297932527356421e-09,6.003558446991749e-13
416,25020.0,25020,3.70525234671276,3.705252346713366,33.728806404317844,0.0,3.7052525483879295,2.0167456332571685e-07,0.0,2.2979282773058094e-09,6.049019583679407e-13
417,25080.0,25080,3.7057477870618385,3.7057477870624496,33.7812974787255,0.0,3.7057479887367273,2.0167427767178682e-07,0.0,2.2979240940518442e-09,6.104767237130953e-13
418,25140.0,25140,3.706271163466703,3.706271163467321,33.83379557187143,0.0,3.7062713651413106,2.0167398953389627e-07,0.0,2.2979199947957794e-09,6.168896655138922e-13
419,25200.0,25200,3.706822490784072,3.706822490784696,33.88630107951643,0.0,3.706822692458396,2.0167369919709118e-07,0.0,2.297915993565574e-09,6.239679088281796e-13
420,25260.0,25260,3.707401795145968,3.7074017951465996,33.93881439763175,0.0,3.7074019968200074,2.016734068510935e-07,0.0,2.297912101509384e-09,6.315563615300109e-13
421,25320.0,25320,3.708009115728689,3.7080091157293285,33.99133592255888,0.0,3.7080093174024413,2.0167311260170303e-07,0.0,2.297908327191134e-09,6.395172860083558e-13
422,25380.0,25380,3.708644506158055,3.708644506158703,34.04386605119427,0.0,3.70864470783152,2.0167281648160563e-07,0.0,2.2979046768804127e-09,6.477296899635744e-13
423,25440.0,25440,3.709308035590438,3.7093080355910946,34.096405181194065,0.0,3.7093082372636137,2.0167251846045127e-07,0.0,2.297901154831002e-09,6.560884208265282e-13
424,25500.0,25500,3.7099997894882364,3.7099997894889007,34.14895371119416,0.0,3.7099999911611192,2.0167221845418968e-07,0.0,2.2978977635452287e-09,6.645030850000448e-13
425,25560.0,25560,3.710719870171052,3.7107198701717254,34.201512041041134,0.0,3.7107200718436424,2.0167191633350852e-07,0.0,2.2978945040196333e-09,6.728968419448067e-13
426,25620.0,25620,3.7114683971340163,3.711468397134698,34.25408057203113,0.0,3.7114685988063107,2.0167161193170654e-07,0.0,2.2978913759709846e-09,6.812052789132239e-13
427,25680.0,25680,3.7122455072153566,3.7122455072160463,34.306659707153095,0.0,3.7122457088873517,2.016713050515103e-07,0.0,2.297888378043328e-09,6.893750430073821e-13
428,25740.0,25740,3.713051354621493,3.7130513546221904,34.35924985133453,0.0,3.7130515562931867,2.016709954711842e-07,0.0,2.2978855079923924e-09,6.973627176242288e-13
429,25800.0,25800,3.7138861108429215,3.7138861108436267,34.41185141168758,0.0,3.71388631251431,2.0167068295011005e-07,0.0,2.2978827628514022e-09,7.051336844394596e-13
430,25860.0,25860,3.7147499644968347,3.7147499644975475,34.46446479775375,0.0,3.714750166167915,2.0167036723345582e-07,0.0,2.2978801390769824e-09,7.126609117172895e-13
431,25920.0,25920,3.7156431211114307,3.7156431211121506,34.51709042174669,0.0,3.715643322782199,2.0167004805629558e-07,0.0,2.2978776326765934e-09,7.19924106760308e-13
432,25980.0,25980,3.716565802871041,3.716565802871768,34.56972869879167,0.0,3.716566004541494,2.0166972514719285e-07,0.0,2.2978752393199027e-09,7.269086602735696e-13
433,26040.0,26040,3.7175182483400784,3.717518248340813,34.622380047161585,0.0,3.717518450010211,2.0166939823115647e-07,0.0,2.297872954434176e-09,7.336048681143008e-13
434,26100.0,26100,3.7185007121736318,3.7185007121743716,34.675044888508964,0.0,3.718500913843439,2.0166906703226405e-07,0.0,2.2978707732858947e-09,7.400071504941634e-13
435,26160.0,26160,3.7195134648357,3.7195134648364463,34.727723648094,0.0,3.719513666505178,2.0166873127572583e-07,0.0,2.2978686910491332e-09,7.46113409433021e-13
436,26220.0,26220,3.720556792319655,3.7205567923204073,34.78041675500842,0.0,3.7205569939887986,2.01668390689611e-07,0.0,2.2978667028640833e-09,7.519244031674946e-13
437,26280.0,26280,3.7216309958833977,3.7216309958841554,34.833124642395525,0.0,3.7216311975522007,2.0166804500634648e-07,0.0,2.2978648038843025e-09,7.57443266558409e-13
438,26340.0,26340,3.7227363918114946,3.7227363918122576,34.885847747666446,0.0,3.722736593479952,2.0166769396377638e-07,0.0,2.297862989316683e-09,7.626749891798266e-13
439,26400.0,26400,3.7238733111837816,3.7238733111845495,34.93858651271302,0.0,3.7238735128518874,2.0166733730604593e-07,0.0,2.29786125445178e-09,7.676261186157676e-13
440,26460.0,26460,3.725042099694261,3.7250420996950337,34.99134138411736,0.0,3.725042301362009,2.016669747842765e-07,0.0,2.2978595946906606e-09,7.723043505487973e-13
441,26520.0,26520,3.726243117466781,3.726243117467558,35.04411281335894,0.0,3.726243319134164,2.016666061570468e-07,0.0,2.2978580055632975e-09,7.767182548076584e-13
442,26580.0,26580,3.7274767389266614,3.727476738927443,35.09690125701897,0.0,3.727476940593675,2.016662311906885e-07,0.0,2.2978564827434857e-09,7.808770787211893e-13
443,26640.0,26640,3.7287433526800946,3.7287433526808798,35.14970717698302,0.0,3.7287435543467295,2.0166584965947186e-07,0.0,2.2978550220603286e-09,7.847904698983747e-13
444,26700.0,26700,3.730043361437806,3.730043361438595,35.2025310406419,0.0,3.7300435631040565,2.016654613457105e-07,0.0,2.2978536195043243e-09,7.884683717412621e-13
445,26760.0,26760,3.7313771819528996,3.731377181953692,35.255373321091504,0.0,3.7313773836187583,2.0166506603970634e-07,0.0,2.29785227123301e-09,7.919208212261413e-13
446,26820.0,26820,3.7327452450010314,3.7327452450018273,35.30823449733176,0.0,3.732745446666491,2.016646635396633e-07,0.0,2.297850973572144e-09,7.951578666294953e-13
447,26880.0,26880,3.7341479953784353,3.7341479953792343,35.36111505446519,0.0,3.734148197043488,2.016642536515488e-07,0.0,2.2978497230161163e-09,7.9818951340856e-13
448,26940.0,26940,3.735585891932025,3.7355858919328266,35.41401548389563,0.0,3.7355860935966634,2.0166383618886073e-07,0.0,2.29784851622717e-09,8.010255249654943e-13
449,27000.0,27000,3.7370594076151478,3.737059407615952,35.46693628352726,0.0,3.7370596092793638,2.0166341097236352e-07,0.0,2.2978473500312756e-09,8.036755049607412e-13
450,27060.0,27060,3.7385690295723624,3.7385690295731693,35.5198779579644,0.0,3.7385692312361476,2.0166297782990744e-07,0.0,2.2978462214158826e-09,8.061487433432529e-13
451,27120.0,27120,3.7401152592463625,3.7401152592471707,35.572841018712595,0.0,3.740115460909708,2.0166253659598666e-07,0.0,2.2978451275243596e-09,8.084542457432288e-13
452,27180.0,27180,3.7416986125137495,3.7416986125145604,35.62582598438118,0.0,3.741698814176648,2.0166208711156927e-07,0.0,2.297844065651419e-09,8.10600687356556e-13
453,27240.0,27240,3.743319619841519,3.743319619842332,35.67883338088771,0.0,3.743319821503962,2.0166162922366291e-07,0.0,2.297843033237639e-09,8.12596370619062e-13
454,27300.0,27300,3.7449788264732655,3.744978826474081,35.731863741664725,0.0,3.744979028135244,2.0166116278503509e-07,0.0,2.297842027863374e-09,8.144492456809485e-13
455,27360.0,27360,3.7466767926360656,3.7466767926368822,35.784917607869026,0.0,3.7466769942975704,2.016606876538573e-07,0.0,2.2978410472427886e-09,8.161669301067316e-13
456,27420.0,27420,3.7484140937716437,3.748414093772461,35.837995528593964,0.0,3.748414295432666,2.0166020369345655e-07,0.0,2.297840089218502e-09,8.177566224317228e-13
457,27480.0,27480,3.750191320792885,3.7501913207937054,35.891098061084996,0.0,3.750191522453416,2.016597107718185e-07,0.0,2.297839151754436e-09,8.19225185755172e-13
458,27540.0,27540,3.752009080360999,3.7520090803618196,35.94422577095882,0.0,3.7520092820210293,2.0165920876143818e-07,0.0,2.297838232930382e-09,8.205791175577539e-13
459,27600.0,27600,3.7538679951890486,3.7538679951898715,35.99737923242654,0.0,3.7538681968485696,2.0165869753889642e-07,0.0,2.2978373309361516e-09,8.218245808307313e-13
460,27660.0,27660,3.755768704364707,3.7557687043655297,36.05055902852098,0.0,3.7557689060237074,2.0165817698459033e-07,0.0,2.297836444065655e-09,8.229673604354859e-13
461,27720.0,27720,3.757711863704764,3.7577118637055893,36.103765751328744,0.0,3.7577120653632363,2.0165764698244295e-07,0.0,2.297835570710931e-09,8.240129680770467e-13
462,27780.0,27780,3.7596981461172185,3.759698146118044,36.15700000222717,0.0,3.7596983477751516,2.016571074195633e-07,0.0,2.2978347093575712e-09,8.24966536433026e-13
463,27840.0,27840,3.7617282420072073,3.7617282420080334,36.21026239212644,0.0,3.7617284436645915,2.0165655818602395e-07,0.0,2.2978338585785066e-09,8.258329308326012e-13
464,27900.0,27900,3.763802859689814,3.763802859690641,36.26355354171748,0.0,3.76380306134664,2.0165599917456027e-07,0.0,2.2978330170291857e-09,8.266167208649191e-13
465,27960.0,27960,3.7659227258377848,3.765922725838612,36.316874081725686,0.0,3.765922927494043,2.0165543028034545e-07,0.0,2.297832183443568e-09,8.273221882399832e-13
466,28020.0,28020,3.768088585945415,3.7680885859462427,36.370224653171,0.0,3.7680887876010942,2.0165485140062433e-07,0.0,2.2978313566284048e-09,8.279533470198975e-13
467,28080.0,28080,3.7703012048250124,3.7703012048258415,36.4236059076345,0.0,3.770301406480104,2.0165426243465581e-07,0.0,2.2978305354595163e-09,8.285139775528701e-13
468,28140.0,28140,3.772561367126664,3.772561367127493,36.47701850753214,0.0,3.772561568781157,2.0165366328332319e-07,0.0,2.2978297188775446e-09,8.290076004709469e-13
469,28200.0,28200,3.774869877879059,3.774869877879889,36.530463126395716,0.0,3.7748700795329424,2.016530538490373e-07,0.0,2.2978289058839456e-09,8.294375020143387e-13
470,28260.0,28260,3.777227563065179,3.7772275630660093,36.58394044916162,0.0,3.7772277647184436,2.0165243403535203e-07,0.0,2.297828095537149e-09,8.298067757013825e-13
471,28320.0,28320,3.779635270217609,3.77963527021844,36.63745117246765,0.0,3.7796354718702436,2.0165180374698267e-07,0.0,2.2978272869490025e-09,8.301183293074401e-13
472,28380.0,28380,3.782093869054079,3.782093869054909,36.69099600495835,0.0,3.7820940707060724,2.016511628894266e-07,0.0,2.297826479282236e-09,8.303748175629418e-13
473,28440.0,28440,3.784604252123925,3.784604252124756,36.74457566759924,0.0,3.784604453775268,2.016505113688795e-07,0.0,2.297825671745969e-09,8.305787564373876e-13
474,28500.0,28500,3.7871673355037934,3.7871673355046247,36.79819089400028,0.0,3.7871675371544744,2.0164984909199494e-07,0.0,2.297824863593745e-09,8.307324850516575e-13
475,28560.0,28560,3.789784059513085,3.789784059513917,36.85184243074921,0.0,3.789784261163094,2.0164917596577694e-07,0.0,2.2978240541202246e-09,8.308381956963809e-13
476,28620.0,28620,3.792455389466868,3.7924553894676993,36.90553103775494,0.0,3.7924555911161915,2.0164849189733933e-07,0.0,2.297823242659426e-09,8.308979039757482e-13
477,28680.0,28680,3.795182316457308,3.7951823164581397,36.95925748860168,0.0,3.795182518105937,2.0164779679376202e-07,0.0,2.2978224285809656e-09,8.309134711125791e-13
478,28740.0,28740,3.7979658581800497,3.7979658581808815,37.01302257091411,0.0,3.797966059827973,2.0164709056202279e-07,0.0,2.2978216112887083e-09,8.308866934786864e-13
479,28800.0,28800,3.800807059788388,3.8008070597892187,37.0668270867343,0.0,3.8008072614355917,2.016463731087072e-07,0.0,2.2978207902185625e-09,8.308191496276195e-13
480,28860.0,28860,3.803706994784763,3.8037069947855944,37.1206718529106,0.0,3.8037071964312394,2.0164564433998747e-07,0.0,2.297819964835781e-09,8.307123771095832e-13
481,28920.0,28920,3.8066667659565345,3.8066667659573654,37.174557701499346,0.0,3.8066669676022706,2.016449041613949e-07,0.0,2.2978191346341035e-09,8.30567772124771e-13
482,28980.0,28980,3.809687506361216,3.8096875063620463,37.22848548017971,0.0,3.8096877080061993,2.0164415247774686e-07,0.0,2.2978182991330578e-09,8.303866085665028e-13
483,29040.0,29040,3.8127703803288524,3.8127703803296833,37.28245605268246,0.0,3.812770581973073,2.0164338919296338e-07,0.0,2.2978174578768177e-09,8.301700945607924e-13
484,29100.0,29100,3.815916584543523,3.8159165845443535,37.33647029923309,0.0,3.815916786186968,2.0164261420992878e-07,0.0,2.297816610432444e-09,8.299193271342567e-13
485,29160.0,29160,3.8191273491426547,3.8191273491434843,37.3905291170101,0.0,3.8191275507853115,2.0164182743051244e-07,0.0,2.2978157563886175e-09,8.29635343442987e-13
486,29220.0,29220,3.822403938885344,3.8224039388861746,37.44463342061893,0.0,3.822404140527204,2.0164102875518437e-07,0.0,2.2978148953542913e-09,8.293190709973277e-13
487,29280.0,29280,3.8257476543636018,3.825747654364431,37.498784142582444,0.0,3.825747856004649,2.016402180831276e-07,0.0,2.2978140269572595e-09,8.289713881862254e-13
488,29340.0,29340,3.8291598332691956,3.8291598332700247,37.55298223384858,0.0,3.82916003490942,2.0163939531199765e-07,0.0,2.297813150843585e-09,8.285930778832484e-13
489,29400.0,29400,3.8326418517205725,3.8326418517214007,37.607228664315876,0.0,3.8326420533599617,2.0163856033781518e-07,0.0,2.297812266675597e-09,8.281848867053266e-13
490,29460.0,29460,3.836195125648807,3.836195125649635,37.661524423377905,0.0,3.8361953272873484,2.0163771305489807e-07,0.0,2.2978113741318508e-09,8.277474879030441e-13
491,29520.0,29520,3.8398211122410943,3.839821112241922,37.71587052048725,0.0,3.839821313878776,2.0163685335572537e-07,0.0,2.2978104729056148e-09,8.272814990160466e-13
492,29580.0,29580,3.843521311459432,3.843521311460259,37.770267985739984,0.0,3.84352151309624,2.016359811307149e-07,0.0,2.2978095627045022e-09,8.26787495562936e-13
493,29640.0,29640,3.847297267623659,3.847297267624485,37.824717870481656,0.0,3.847297469259581,2.0163509626830443e-07,0.0,2.297808643249329e-09,8.262659892378922e-13
494,29700.0,29700,3.8511505710662006,3.8511505710670266,37.87922124793565,0.0,3.8511507727012257,2.0163419865464299e-07,0.0,2.29780771427366e-09,8.257174649152474e-13
495,29760.0,29760,3.8550828598713816,3.855082859872207,37.933779213855075,0.0,3.8550830615054963,2.0163328817358567e-07,0.0,2.297806775523324e-09,8.251423691581915e-13
496,29820.0,29820,3.8590958216853966,3.8590958216862212,37.988392887199254,0.0,3.8590960233185863,2.016323647065758e-07,0.0,2.2978058267557143e-09,8.245410971261048e-13
497,29880.0,29880,3.8631911956253555,3.86319119562618,38.04306341083579,0.0,3.8631913972576086,2.016314281324307e-07,0.0,2.2978048677392596e-09,8.239140156417956e-13
498,29940.0,29940,3.867370774263567,3.867370774264391,38.09779195226982,0.0,3.8673709758948696,2.016304783273204e-07,0.0,2.2978038982528106e-09,8.232615057218782e-13
499,30000.0,30000,3.871636405719218,3.8716364057200408,38.15257970440123,0.0,3.8716366073495565,2.016295151645692e-07,0.0,2.2978029180865396e-09,8.225838286964835e-13
500,30060.0,30060,3.8759899958463295,3.875989995847152,38.2074278863116,0.0,3.8759901974756907,2.0162853851459796e-07,0.0,2.297801927039487e-09,8.218813191413458e-13
501,30120.0,30120,3.8804335105285395,3.880433510529361,38.262337744082096,0.0,3.8804337121569095,2.0162754824472784e-07,0.0,2.2978009249212375e-09,8.211542419452671e-13
502,30180.0,30180,3.8849689780847476,3.8849689780855674,38.31731055164393,0.0,3.884969179712112,2.0162654421910204e-07,0.0,2.297799911551022e-09,8.204028691559849e-13
503,30240.0,30240,3.8895984917936333,3.8895984917944535,38.3723476116628,0.0,3.88959869341998,2.016255262984789e-07,0.0,2.2977988867574717e-09,8.19627425054329e-13
504,30300.0,30300,3.8943242125495954,3.8943242125504147,38.42745025645923,0.0,3.894324414174909,2.0162449434020348e-07,0.0,2.2977978503785354e-09,8.188281564762156e-13
505,30360.0,30360,3.8991483716442468,3.8991483716450657,38.482619848966365,0.0,3.899148573268514,2.0162344819793772e-07,0.0,2.2977968022619302e-09,8.180053231213182e-13
506,30420.0,30420,3.9040732736910546,3.9040732736918726,38.537857783727354,0.0,3.9040734753142603,2.0162238772158756e-07,0.0,2.297795742264978e-09,8.17159105510045e-13
507,30480.0,30480,3.909101299703196,3.909101299704013,38.593165487933994,0.0,3.909101501325326,2.0162131275716145e-07,0.0,2.2977946702542374e-09,8.16289760127725e-13
508,30540.0,30540,3.9142349103263068,3.9142349103271226,38.64854442250916,0.0,3.914235111947346,2.016202231465325e-07,0.0,2.297793586106443e-09,8.153974999331752e-13
509,30600.0,30600,3.919476649238499,3.9194766492393143,38.703996083234806,0.0,3.919476850858433,2.016191187273442e-07,0.0,2.2977924897080167e-09,8.144825688628292e-13
510,30660.0,30660,3.9248291467299263,3.9248291467307395,38.75952200192838,0.0,3.9248293483487395,2.0161799933282995e-07,0.0,2.2977913809560877e-09,8.135452005829719e-13
511,30720.0,30720,3.9302951234726895,3.930295123473503,38.81512374766976,0.0,3.930295325090368,2.0161686479159862e-07,0.0,2.2977902597580845e-09,8.125856272061251e-13
512,30780.0,30780,3.935877394491293,3.935877394492105,38.87080292808166,0.0,3.935877596107821,2.016157149275037e-07,0.0,2.297789126032267e-09,8.116041313523546e-13
513,30840.0,30840,3.941578873346289,3.9415788733470993,38.92656119066632,0.0,3.9415790749616497,2.0161454955938702e-07,0.0,2.2977879797085014e-09,8.10600964854302e-13
514,30900.0,30900,3.9474025765442025,3.947402576545013,38.98240022420144,0.0,3.9474027781583816,2.0161336850096105e-07,0.0,2.2977868207283024e-09,8.095764384069618e-13
515,30960.0,30960,3.9533516281964487,3.953351628197258,39.03832176019853,0.0,3.95335182980943,2.0161217156052374e-07,0.0,2.297785649045732e-09,8.085308410067977e-13
516,31020.0,31020,3.959429264925646,3.9594292649264538,39.09432757442737,0.0,3.959429466537412,2.0161095854079634e-07,0.0,2.2977844646273984e-09,8.074645114361411e-13
517,31080.0,31080,3.9656388410552217,3.965638841056028,39.15041948850987,0.0,3.965639042665758,2.0160972923865663e-07,0.0,2.2977832674536024e-09,8.063778061503797e-13
518,31140.0,31140,3.971983834092176,3.971983834092981,39.20659937158755,0.0,3.971984035701465,2.0160848344496636e-07,0.0,2.2977820575186637e-09,8.052710660953148e-13
519,31200.0,31200,3.9784678505162505,3.978467850517055,39.26286914206658,0.0,3.978468052124277,2.0160722094424932e-07,0.0,2.297780834831328e-09,8.041447025550335e-13
520,31260.0,31260,3.985094631911247,3.9850946319120504,39.31923076944495,0.0,3.9850948335179925,2.0160594151453195e-07,0.0,2.297779599415872e-09,8.029991293624026e-13
521,31320.0,31320,3.9918680614508077,3.9918680614516093,39.37568627622643,0.0,3.9918682630562548,2.0160464492702424e-07,0.0,2.2977783513125534e-09,8.018347635838321e-13
522,31380.0,31380,3.9987921707610288,3.99879217076183,39.432237739926386,0.0,3.9987923723651617,2.0160333094580566e-07,0.0,2.2977770905779366e-09,8.006520466705007e-13
523,31440.0,31440,4.005871147207377,4.005871147208177,39.4888872951749,0.0,4.005871348810176,2.0160199932770506e-07,0.0,2.2977758172856696e-09,7.99451431818466e-13
524,31500.0,31500,4.01310934159753,4.013109341598329,39.54563713592309,0.0,4.013109543198979,2.0160064982182708e-07,0.0,2.2977745315270984e-09,7.982333878391502e-13
525,31560.0,31560,4.020511276374443,4.020511276375241,39.602489517758464,0.0,4.020511477974524,2.0159928216938218e-07,0.0,2.2977732334115908e-09,7.969983668377186e-13
526,31620.0,31620,4.028081654298627,4.028081654299423,39.659446760336515,0.0,4.0280818558973195,2.0159789610332303e-07,0.0,2.2977719230669904e-09,7.957468024592842e-13
527,31680.0,31680,4.035825367682384,4.03582536768318,39.71651124993517,0.0,4.0358255692796705,2.0159649134804383e-07,0.0,2.297770600639203e-09,7.944791180536089e-13
528,31740.0,31740,4.04374750819369,4.0437475081944845,39.77368544214009,0.0,4.043747709789553,2.0159506761907405e-07,0.0,2.297769266292978e-09,7.931956618921979e-13
529,31800.0,31800,4.051853377294266,4.05185337729506,39.83097186466894,0.0,4.051853578888685,2.0159362462276209e-07,0.0,2.2977679202107187e-09,7.918967489195169e-13
530,31860.0,31860,4.060148497342972,4.060148497343763,39.88837312034337,0.0,4.060148698935926,2.0159216205589338e-07,0.0,2.2977665625923224e-09,7.90582588091115e-13
531,31920.0,31920,4.068638623424814,4.068638623425604,39.9458918902185,0.0,4.068638825016284,2.0159067960544448e-07,0.0,2.2977651936540334e-09,7.892532531380729e-13
532,31980.0,31980,4.077329755963461,4.07732975596425,40.00353093687979,0.0,4.0773299575534265,2.0158917694819065e-07,0.0,2.2977638136264015e-09,7.8790864446786e-13
533,32040.0,32040,4.086228154170752,4.086228154171539,40.061293107918715,0.0,4.086228355759193,2.0158765375041828e-07,0.0,2.2977624227522782e-09,7.865485064026839e-13
534,32100.0,32100,4.095340350399739,4.095340350400524,40.11918133959891,0.0,4.095340551986634,2.01586109667603e-07,0.0,2.2977610212844875e-09,7.851722370186196e-13
535,32160.0,32160,4.10467316549788,4.104673165498665,40.177198660725686,0.0,4.104673367083209,2.015845443441142e-07,0.0,2.297759609480512e-09,7.837789457972783e-13
536,32220.0,32220,4.11423372520187,4.114233725202653,40.23534819673303,0.0,4.1142339267856105,2.0158295741292995e-07,0.0,2.2977581875982837e-09,7.823673162566133e-13
537,32280.0,32280,4.1240294776955455,4.124029477696326,40.29363317400284,0.0,4.124029679277676,2.015813484954145e-07,0.0,2.297756755889892e-09,7.809355160781214e-13
538,32340.0,32340,4.134068212407296,4.134068212408077,40.35205692443299,0.0,4.1340684139877935,2.0157971720106475e-07,0.0,2.2977553145933647e-09,7.794810776780049e-13
539,32400.0,32400,4.1443580801668,4.144358080167579,40.410622890271554,0.0,4.1443582817456415,2.0157806312735585e-07,0.0,2.297753863922781e-09,7.780008112729944e-13
540,32460.0,32460,4.154907614824978,4.154907614825755,40.46933462923672,0.0,4.154907816402142,2.015763858596051e-07,0.0,2.2977524040570295e-09,7.764905845260311e-13
541,32520.0,32520,4.165725756473637,4.165725756474412,40.52819581994288,0.0,4.165725958049097,2.0157468497096164e-07,0.0,2.297750935124485e-09,7.749452006974625e-13
542,32580.0,32580,4.176821876399885,4.176821876400658,40.587210267655735,0.0,4.176822077973618,2.0157296002241155e-07,0.0,2.2977494571867384e-09,7.73358166262829e-13
543,32640.0,32640,4.188205803940976,4.188205803941748,40.64638191040088,0.0,4.188206005512959,2.0157121056283287e-07,0.0,2.2977479702167744e-09,7.71721457452913e-13
544,32700.0,32700,4.199887855396877,4.199887855397647,40.705714825452866,0.0,4.199888056967084,2.015694361293539e-07,0.0,2.2977464740751024e-09,7.700252820990044e-13
545,32760.0,32760,4.2118788651970975,4.211878865197867,40.76521323623381,0.0,4.211879066765503,2.015676362476462e-07,0.0,2.297744968480985e-09,7.682577380004997e-13
546,32820.0,32820,4.224190219540476,4.224190219541242,40.82488151965361,0.0,4.224190421107053,2.0156581043243718e-07,0.0,2.297743452977941e-09,7.664044819587429e-13
547,32880.0,32880,4.23683389272569,4.236833892726454,40.88472421392659,0.0,4.236834094290412,2.0156395818818502e-07,0.0,2.2977419268944712e-09,7.644483799688582e-13
548,32940.0,32940,4.249822486439537,4.2498224864403,40.94474602690305,0.0,4.249822688002379,2.015620790099916e-07,0.0,2.2977403892980784e-09,7.62369036597805e-13
549,33000.0,33000,4.263169272293744,4.263169272294505,41.00495184495711,0.0,4.263169473854678,2.0156017238463825e-07,0.0,2.2977388389424634e-09,7.601423869487129e-13
550,33060.0,33060,4.276888237919093,4.276888237919851,41.06534674247745,0.0,4.27688843947809,2.0155823779191969e-07,0.0,2.297737274207363e-09,7.577401924184092e-13
551,33120.0,33120,4.290994136990734,4.290994136991489,41.125935992010824,0.0,4.2909943385477645,2.0155627470621358e-07,0.0,2.2977356930302575e-09,7.551294865596484e-13
552,33180.0,33180,4.305502543567292,4.305502543568045,41.18672507511438,0.0,4.305502745122329,2.0155428259823822e-07,0.0,2.2977340928288778e-09,7.522720817867676e-13
553,33240.0,33240,4.320429911204205,4.320429911204955,41.24771969397778,0.0,4.320430112757216,2.015522609371634e-07,0.0,2.2977324704156257e-09,7.491240052797774e-13
554,33300.0,33300,4.335793637338766,4.3357936373395125,41.30892578388271,0.0,4.335793838889722,2.0155020919289128e-07,0.0,2.2977308219027123e-09,7.456349758652726e-13
555,33360.0,33360,4.3516121335123445,4.351612133513086,41.37034952657454,0.0,4.351612335061214,2.0154812683861464e-07,0.0,2.297729142598429e-09,7.417479069212076e-13
556,33420.0,33420,4.367904902054211,4.367904902054949,41.43199736462884,0.0,4.367905103600963,2.015460133535528e-07,0.0,2.29772742689586e-09,7.373985178612438e-13
557,33480.0,33480,4.384692619966436,4.384692619967169,41.49387601690415,0.0,4.384692821511037,2.0154386822580794e-07,0.0,2.297725668154559e-09,7.325150148368633e-13
558,33540.0,33540,4.401997230792062,4.401997230792789,41.55599249518325,0.0,4.40199743233448,2.0154169095531577e-07,0.0,2.2977238585771236e-09,7.270179817700392e-13
559,33600.0,33600,4.419842045389281,4.419842045390002,41.61835412211568,0.0,4.419842246929483,2.0153948105672258e-07,0.0,2.297721989084908e-09,7.20820393640811e-13
560,33660.0,33660,4.438251852653358,4.438251852654071,41.68096855058827,0.0,4.4382520541913095,2.0153723806206137e-07,0.0,2.2977200491930413e-09,7.138280932549843e-13
561,33720.0,33720,4.457253041329835,4.457253041330541,41.74384378466376,0.0,4.457253242865504,2.0153496152304817e-07,0.0,2.2977180268945604e-09,7.059403780781886e-13
562,33780.0,33780,4.476873734257633,4.47687373425833,41.806988202245506,0.0,4.476873935790982,2.0153265101289482e-07,0.0,2.2977159085537785e-09,6.970511909931121e-13
563,33840.0,33840,4.4971439365125265,4.497143936513213,41.87041057964374,0.0,4.497144138043519,2.0153030612721935e-07,0.0,2.2977136788204592e-09,6.870506845172026e-13
564,33900.0,33900,4.51809569915266,4.518095699153336,41.93412011824059,0.0,4.5180959006812635,2.0152792648390195e-07,0.0,2.297711320569858e-09,6.758273519103456e-13
565,33960.0,33960,4.539763300440328,4.539763300440992,41.99812647347485,0.0,4.539763501966504,2.0152551172159144e-07,0.0,2.297708814879346e-09,6.632708055216169e-13
566,34020.0,34020,4.562183446713475,4.5621834467141245,42.062439786394016,0.0,4.562183648237187,2.015230614964227e-07,0.0,2.2977061410510902e-09,6.492751067674258e-13
567,34080.0,34080,4.58539549529978,4.585395495300414,42.12707071805206,0.0,4.58539569682099,2.0152057547656532e-07,0.0,2.297703276691101e-09,6.337430463400454e-13
568,34140.0,34140,4.609441702278924,4.6094417022795415,42.19203048706509,0.0,4.609441903797596,2.015180533342747e-07,0.0,2.297700197860776e-09,6.165910322812369e-13
569,34200.0,34200,4.634367498235767,4.634367498236366,42.257330910676984,0.0,4.634367699751861,2.015154947344221e-07,0.0,2.29769687930982e-09,5.977553871565579e-13
570,34260.0,34260,4.6602217957391465,4.660221795739724,42.32298444973162,0.0,4.6602219972526235,2.0151289931901753e-07,0.0,2.2976932948153076e-09,5.771997930584395e-13
571,34320.0,34320,4.687057332948447,4.687057332949002,42.38900425800088,0.0,4.687057534459269,2.015102666860828e-07,0.0,2.2976894176467022e-09,5.549252715283716e-13
572,34380.0,34380,4.714931058769023,4.714931058769554,42.455404236380616,0.0,4.714931260277151,2.0150759636089188e-07,0.0,2.29768522119608e-09,5.309830909973919e-13
573,34440.0,34440,4.74390456641619,4.7439045664166954,42.52219909254283,0.0,4.743904767921584,2.0150488775651564e-07,0.0,2.2976806798265535e-09,5.054930018702396e-13
574,34500.0,34500,4.774044584283692,4.774044584284171,42.58940440673004,0.0,4.774044785786312,2.015021401186358e-07,0.0,2.2976757700246126e-09,4.78669123878503e-13
575,34560.0,34560,4.805423536134349,4.8054235361348,42.65703670450371,0.0,4.805423737634153,2.0149935244785086e-07,0.0,2.2976704719829085e-09,4.508575974283483e-13
576,34620.0,34620,4.838120187009583,4.838120187010007,42.725113537428605,0.0,4.83812038850653,2.0149652338854538e-07,0.0,2.2976647718126448e-09,4.2259141755073683e-13
577,34680.0,34680,4.872220397614484,4.872220397614879,42.79365357290757,0.0,4.87222059910853,2.0149365107024258e-07,0.0,2.297658664665212e-09,3.9466982878433027e-13
578,34740.0,34740,4.907818018828624,4.907818018828992,42.86267669470345,0.0,4.907818220319726,2.0149073288110826e-07,0.0,2.2976521591756503e-09,3.6827081695914153e-13
579,34800.0,34800,4.9450159700533725,4.945015970053718,42.9322041161332,0.0,4.945016171541484,2.014877651488431e-07,0.0,2.297645283773474e-09,3.451063577396122e-13
580,34860.0,34860,4.983927560725218,4.9839275607255455,43.002258508538645,0.0,4.983927762210289,2.014847426998248e-07,0.0,2.2976380955717624e-09,3.2762649116217357e-13
581,34920.0,34920,5.024678133067269,5.024678133067589,43.072864148478615,0.0,5.024678334549247,2.014816582708319e-07,0.0,2.297630692644112e-09,3.192679600637499e-13
582,34980.0,34980,5.067407123347682,5.067407123348007,43.14404708819343,0.0,5.067407324826508,2.0147850176752143e-07,0.0,2.2976232304281e-09,3.247143275716046e-13
583,35040.0,35040,5.1122706515942955,5.112270651594645,43.21583535527057,0.0,5.112270853069905,2.0147525942268345e-07,0.0,2.297615942442247e-09,3.5007234897325735e-13
584,35100.0,35100,5.1594447406367285,5.159444740637132,43.288259188997884,0.0,5.159444942109045,2.014719130412796e-07,0.0,2.29760916392009e-09,4.0274949169514935e-13
585,35160.0,35160,5.209129210134942,5.209129210135433,43.36135132231996,0.0,5.209129411603874,2.0146843977894004e-07,0.0,2.2976033533811308e-09,4.906251287603091e-13
586,35220.0,35220,5.2615521654555115,5.2615521654561315,43.43514731895994,0.0,5.261552366920944,2.0146481331361948e-07,0.0,2.2975991003697097e-09,6.198864024447828e-13
587,35280.0,35280,5.316974827040472,5.316974827041263,43.50968597413364,0.0,5.316975028502272,2.0146100773491327e-07,0.0,2.297597097108418e-09,7.908518993791483e-13
588,35340.0,35340,5.375696395776582,5.375696395777574,43.5850097836798,0.0,5.37569659723458,2.014570055337137e-07,0.0,2.297598040501336e-09,9.916802808522942e-13
589,35400.0,35400,5.43805912344966,5.438059123450852,43.66116548211641,0.0,5.438059324903662,2.0145280976134497e-07,0.0,2.297602429117115e-09,1.191429255801129e-12
590,35460.0,35460,5.504454899637336,5.504454899638673,43.7382046525284,0.0,5.50445510108713,2.0144845683805612e-07,0.0,2.297610244020211e-09,1.3356968752189545e-12
591,35520.0,35520,5.5753338491226705,5.575333849124019,43.81618442976973,0.0,5.575334050568041,2.0144402198742073e-07,0.0,2.297620556151906e-09,1.3478247574325792e-12
592,35580.0,35580,5.651201813434525,5.651201813435666,43.895168325462116,0.0,5.651202014875275,2.0143960934697338e-07,0.0,2.2976311542926852e-09,1.1400030269442118e-12
593,35640.0,35640,5.732555651924585,5.7325556519252565,43.97522701731559,0.0,5.732555853360579,2.014353229650297e-07,0.0,2.29763836683218e-09,6.707189541721857e-13
594,35700.0,35700,5.819717553822518,5.819717553822733,44.05643822188101,0.0,5.81971775525392,2.014311858943183e-07,0.0,2.2976378666660305e-09,2.1429864491690663e-13
595,35760.0,35760,5.912872210010937,5.912872210012346,44.13888422005665,0.0,5.912872411439217,2.0142686974938616e-07,0.0,2.297629984282446e-09,1.409234309872477e-12
596,35820.0,35820,6.013162916444836,6.013162916458173,44.222649909195,0.0,6.013163117879294,2.0142112184408385e-07,0.0,2.2976423971295173e-09,1.3336059176039763e-11
597,35880.0,35880,6.124587500193893,6.12458750030615,44.30783638334133,0.0,6.124587701717581,2.0141143040815172e-07,0.0,2.2978539011888793e-09,1.1225676337675812e-10
598,35940.0,35940,6.253087142433425,6.25308714347885,44.39460137242554,0.0,6.253087344873278,2.013944284263758e-07,0.0,2.2997139476584214e-09,1.0454241632890792e-09
599,36000.0,36000,6.402329969407439,6.402329979512733,44.48318677312141,0.0,6.40233018087074,2.0135800694557683e-07,0.0,2.317126774016246e-09,1.0105294086353864e-08
600,36060.0,36060,6.572849912907074,6.572850008468551,44.573886447327844,0.0,6.572850209709225,2.0124067344323945e-07,0.0,2.485538820254915e-09,9.556147662724175e-08
601,36120.0,36120,3.946875724340628,27.545315768862835,44.66700182194478,0.0,27.545315969403095,2.0054025937211855e-07,0.0,4.078219758572849e-09,23.598440044522203
602,36180.0,36180,4.950672602137149,14.26680635050596,45.05722712816905,0.0,14.26680655125123,2.007452692871768e-07,0.0,0.39330733815355984,9.31613374836881
603,36240.0,36240,6.0241695052305095,10.069245946268824,45.25934021763275,0.0,10.069246147167572,2.0089874769114703e-07,0.0,0.5485762339596809,4.045076441038314
604,36300.0,36300,7.2647418182264145,8.113435944684813,45.401987868036045,0.0,8.11343614571775,2.0103293767984819e-07,0.0,0.6159941746436293,0.8486941264583997
605,36360.0,36360,8.682500934977922,7.119191499381647,45.51692821008323,0.0,7.119191700541019,2.0115937133068905e-07,0.0,0.6301390767512478,-1.5633094355962767
606,36420.0,36420,10.254244833694843,6.7028164146797105,45.617783422488294,0.0,6.702816615964512,2.012847993628668e-07,0.0,0.6040839194912909,-3.551428419015133
607,36480.0,36480,11.989391156611548,6.753681212707776,45.71273998785977,0.0,6.753681414122717,2.0141494178069976e-07,0.0,0.5448934458410212,-5.235709943903773
608,36540.0,36540,14.070865380166202,7.3915084284695025,45.80841713786965,0.0,7.391508630024769,2.0155526538586378e-07,0.0,0.45763161344261116,-6.679356951696701
609,36600.0,36600,16.84569754181227,9.100726407797477,45.913130173435796,0.0,9.100726609509817,2.0171233875883308e-07,0.0,0.3463089975809881,-7.7449711340147935
610,36660.0,36660,20.162913194051722,13.058220322581146,46.042057130375376,0.0,13.058220524477472,2.0189632441203437e-07,0.0,0.2172261453474004,-7.104692871470575
611,36720.0,36720,23.43874552635899,19.278960266617727,46.22704858444059,0.0,19.278960468736784,2.0211905844214793e-07,0.0,0.09881459748955493,-4.1597852597412635
612,36780.0,36780,25.63871626726675,23.8696258561971,46.50016718771242,0.0,23.869626058258874,2.020617730669152e-07,0.0,0.02948484316054148,-1.7690904110696513
613,36840.0,36840,27.08954982342528,-47.211379815941555,46.83832022017009,300.0,1.966216097650252e-07,47.21138001256316,0.0,2.9760674846714396e-09,225.69907036063316
614,36900.0,36900,27.08954982356735,-29.16314070997048,46.05146388941286,300.0,1.9655262935239086e-07,29.16314090652311,0.0,3.76165117565325,243.74730946646218
615,36960.0,36960,27.089549823638208,-23.936799569396594,45.56541154375531,300.0,1.965258300077137e-07,23.936799765922427,0.0,7.824106333427585,248.97365060696524
616,37020.0,37020,27.089549823683008,-21.03534645356038,45.16646488377406,300.0,1.9651182755104804e-07,21.03534665007221,0.0,11.973667176876965,251.87510372275662
617,37080.0,37080,27.0895498237143,-18.97377954521901,44.815875775723455,300.0,1.9650406810681877e-07,18.973779741723074,0.0,16.17158557225621,253.9366706310667
618,37140.0,37140,27.089549823801867,-22.260869548612632,44.499646116145215,600.0,1.964567251954126e-07,22.260869745069357,0.0,20.40386341610728,550.6495806275855
619,37200.0,37200,27.089549823815478,-20.67805496520217,44.1286316231772,600.0,1.9645616008445246e-07,20.678055161658328,0.0,29.581356426567,552.2323952109824
620,37260.0,37260,27.089549823823393,-19.33625744898969,43.78399737326604,600.0,1.9645811834838195e-07,19.33625764544781,0.0,38.78522968008334,553.5741927271869
621,37320.0,37320,27.08954982382747,-18.18718250451196,43.46172641529174,600.0,1.964617158430044e-07,18.187182700973676,0.0,48.01146622553642,554.7232676716606
622,37380.0,37380,27.08954982382869,-17.19410759738986,43.15860670639206,600.0,1.964664664733376e-07,17.194107793856325,0.0,57.25685402006406,555.7163425787813
623,37440.0,37440,27.08954982382767,-16.3286898796093,42.8720382459444,600.0,1.9647207482457637e-07,16.328690076081372,0.0,66.51879306304372,556.5817602965631
624,37500.0,37500,27.089549823788253,-13.454996546413934,42.599893414126406,435.0,1.965045046549218e-07,13.45499674291844,0.0,75.79515573465306,394.45545362979783
625,37560.0,37560,27.089549823753533,-11.312391692955126,42.37564347119492,300.0,1.9653436647510082e-07,11.312391889489492,0.0,82.36941329514966,261.59805848329137
626,37620.0,37620,27.08954982374844,-10.839208526288786,42.187103609154335,300.0,1.965419579820547e-07,10.839208722830744,0.0,86.72938093653781,262.07124164996276
627,37680.0,37680,27.08954982374267,-10.417561686280544,42.006450133224845,300.0,1.9654970720921755e-07,10.41756188283025,0.0,91.09723496403716,262.49288848997685
628,37740.0,37740,27.08954982372934,-9.745117610007787,41.832824104628806,270.0,1.9656306112426822e-07,9.74511780657085,0.0,95.47211643887006,233.16533256626292
629,37800.0,37800,27.0895498236584,-7.100215003797808,41.670405477303945,0.0,1.9662415202787585e-07,7.1002152004219585,0.0,99.35820531497441,-34.18976482745621
630,37860.0,37860,27.089549823651286,-6.8769824615223465,41.55206856008243,0.0,1.9663277393579836e-07,6.876982658155119,0.0,98.78837590118344,-33.96653228517363
631,37920.0,37920,27.08954982364427,-6.675267073358949,41.437452185232154,0.0,1.9664125259390041e-07,6.6752672700002,0.0,98.22226702976384,-33.764816897003215
632,37980.0,37980,27.089549823637356,-6.492173000151045,41.3261977335179,0.0,1.966495906965704e-07,6.492173196800635,0.0,97.65952008148041,-33.5817228237884
633,38040.0,38040,27.08954982363055,-6.3252824032427775,41.21799484969044,0.0,1.9665779134690769e-07,6.325282599900569,0.0,97.09982470108392,-33.41483222687333
634,38100.0,38100,27.08954982362385,-6.172564330730551,41.11257347581142,0.0,1.96665857882483e-07,6.172564527396409,0.0,96.54291083063598,-33.26211415435441
635,38160.0,38160,27.08954982361726,-6.0323030323364835,41.009697403140926,0.0,1.9667379374935586e-07,6.032303229010276,0.0,95.9885422613967,-33.12185285595375
636,38220.0,38220,27.08954982361079,-5.903041154651863,40.90915901877697,0.0,1.9668160241162103e-07,5.903041351333465,0.0,95.43651138046411,-32.99259097826265
637,38280.0,38280,27.089549823604422,-5.783534424680363,40.81077499904108,0.0,1.9668928728795687e-07,5.7835346213696495,0.0,94.88663486415969,-32.87308424828479
638,38340.0,38340,27.089549823598173,-5.672715268363228,40.71438275813802,0.0,1.9669685170808444e-07,5.672715465060079,0.0,94.33875012668824,-32.7622650919614
639,38400.0,38400,27.089549823592034,-5.569663426207728,40.619837503173564,0.0,1.9670429888392664e-07,5.569663622912026,0.0,93.79271237515552,-32.65921324979976
640,38460.0,38460,27.08954982358602,-5.47358208387891,40.52700977891168,0.0,1.9671163189146854e-07,5.473582280590541,0.0,93.24839215432549,-32.56313190746493
641,38520.0,38520,27.08954982358011,-5.383778376374674,40.43578341035526,0.0,1.9671885366063964e-07,5.383778573093528,0.0,92.70567328920103,-32.473328199954786
642,38580.0,38580,27.089549823574323,-5.299647380814806,40.34605377025723,0.0,1.9672596697083596e-07,5.299647577540772,0.0,92.16445115253508,-32.389197204389134
643,38640.0,38640,27.089549823568657,-5.220658907511802,40.25772631341851,0.0,1.9673297445041771e-07,5.220659104244776,0.0,91.62463119912856,-32.31020873108046
644,38700.0,38700,27.089549823563104,-5.146346547605452,40.17071533113482,0.0,1.9673987857908446e-07,5.14634674434533,0.0,91.08612772027718,-32.23589637116856
645,38760.0,38760,27.089549823557668,-5.076298549709949,40.08494288818289,0.0,1.9674668169213073e-07,5.076298746456629,0.0,90.54886278075766,-32.165848373267615
646,38820.0,38820,27.089549823552353,-5.0101501863573406,40.00033791186254,0.0,1.9675338598601494e-07,5.010150383110727,0.0,90.01276530786984,-32.0997000099097
647,38880.0,38880,27.08954982354716,-4.947577339684945,39.9168354082647,0.0,1.9675999352461356e-07,4.947577536444938,0.0,89.47777030770463,-32.0371271632321
648,38940.0,38940,27.08954982354208,-4.888291089460404,39.83437578544473,0.0,1.9676650624594595e-07,4.8882912862269094,0.0,88.9438181883174,-31.977840913002485
649,39000.0,39000,27.08954982353712,-4.8320331287876295,39.75290426679514,0.0,1.967729259689727e-07,4.8320333255605545,0.0,88.41085417310065,-31.92158295232475
650,39060.0,39060,27.08954982353228,-4.778571866134831,39.67237038082342,0.0,1.9677925440049834e-07,4.778572062914085,0.0,87.87882779056186,-31.868121689667117
651,39120.0,39120,27.089549823527562,-4.7276990987950045,39.5927275158959,0.0,1.967854931417421e-07,4.727699295580497,0.0,87.34769242906737,-31.81724892232257
652,39180.0,39180,27.08954982352296,-4.679227163989897,39.513932530424036,0.0,1.967916436948797e-07,4.679227360781541,0.0,86.81740494702862,-31.768776987512858
653,39240.0,39240,27.089549823518478,-4.63298649075775,39.43594541053223,0.0,1.9679770746910663e-07,4.632986687555456,0.0,86.28792533057003,-31.72253631427623
654,39300.0,39300,27.089549823514112,-4.588823489320965,39.358728968527615,0.0,1.968036857865128e-07,4.58882368612465,0.0,85.75921639199872,-31.678373312835078
655,39360.0,39360,27.089549823509866,-4.546598725699169,39.28224857654693,0.0,1.9680957988758887e-07,4.546598922508748,0.0,85.23124350345144,-31.636148549209036
656,39420.0,39420,27.089549823505738,-4.5061853381622,39.20647193062659,0.0,1.9681539093635802e-07,4.506185534977591,0.0,84.70397436096458,-31.59573516166794
657,39480.0,39480,27.089549823501727,-4.467467659486197,39.1313688411652,0.0,1.9682112002520997e-07,4.467467856307317,0.0,84.17737877493674,-31.557017482987927
658,39540.0,39540,27.089549823497837,-4.430340014825031,39.05691104634838,0.0,1.9682676817944687e-07,4.430340211651798,0.0,83.65142848355357,-31.519889838322868
659,39600.0,39600,27.089549823494057,-4.394705669956334,38.983072045609234,0.0,1.9683233636137435e-07,4.394705866788669,0.0,83.12609698624814,-31.48425549345039
660,39660.0,39660,27.089549823490398,-4.360475908648342,38.9098269506179,0.0,1.9683782547431932e-07,4.360476105486167,0.0,82.6013593946906,-31.45002573213874
661,39720.0,39720,27.08954982348685,-4.327569221225294,38.83715235164834,0.0,1.968432363661976e-07,4.32756941806853,0.0,82.07719229915492,-31.41711904471215
662,39780.0,39780,27.08954982348342,-4.295910589161467,38.765026197469155,0.0,1.9684856983282552e-07,4.295910786010036,0.0,81.55357364840968,-31.38546041264489
663,39840.0,39840,27.0895498234801,-4.265430852826845,38.69342768715768,0.0,1.9685382662113982e-07,4.2654310496806715,0.0,81.03048264153223,-31.354980676306948
664,39900.0,39900,27.0895498234769,-4.236066151433978,38.62233717245177,0.0,1.9685900743201478e-07,4.236066348292986,0.0,80.50789963026041,-31.32561597491088
665,39960.0,39960,27.089549823473806,-4.207757425824887,38.551736069435734,0.0,1.968641129229093e-07,4.207757622688999,0.0,79.98580603067852,-31.297307249298694
666,40020.0,40020,27.089549823470826,-4.180449976085642,38.481606778513175,0.0,1.9686914371049558e-07,4.180450172954785,0.0,79.46418424319016,-31.26999979955647
667,40080.0,40080,27.08954982346796,-4.154093067129449,38.41193261175292,0.0,1.9687410037273617e-07,4.154093264003549,0.0,78.94301757986418,-31.243642890597403
668,40140.0,40140,27.089549823465195,-4.128639576314227,38.34269772680859,0.0,1.9687898345125102e-07,4.12863977319321,0.0,78.42229019835418,-31.21818939977942
669,40200.0,40200,27.089549823462544,-4.104045678017023,38.27388706671116,0.0,1.968837934531172e-07,4.104045874900815,0.0,77.90198704169116,-31.193595501479567
670,40260.0,40260,27.089549823459997,-4.080270560724213,38.20548630491868,0.0,1.9688853085279915e-07,4.080270757612743,0.0,77.38209378333312,-31.169820384184213
671,40320.0,40320,27.089549823457556,-4.057276172841166,38.137481795081065,0.0,1.968931960938307e-07,4.057276369734362,0.0,76.86259677693,-31.146825996298727
672,40380.0,40380,27.089549823455222,-4.035026993881976,38.06986052504149,0.0,1.9689778959032952e-07,4.035027190779765,0.0,76.34348301032499,-31.1245768173372
673,40440.0,40440,27.089549823452987,-4.013489828150261,38.00261007465123,0.0,1.9690231172856918e-07,4.0134900250525725,0.0,75.82474006336933,-31.103039651603254
674,40500.0,40500,27.08954982345086,-3.992633618397436,37.935718577023145,0.0,1.969067628682555e-07,3.992633815304198,0.0,75.3063560691759,-31.082183441848297
675,40560.0,40560,27.08954982344883,-3.9724292772180885,37.86917468289093,0.0,1.96911143343811e-07,3.9724294741292314,0.0,74.78831967847839,-31.061979100666917
676,40620.0,40620,27.089549823446898,-3.952849534304766,37.80296752777835,0.0,1.969154534655362e-07,3.952849731220218,0.0,74.27062002680057,-31.042399357751666
677,40680.0,40680,27.089549823445072,-3.9338687977990126,37.73708670171433,0.0,1.9691969352072133e-07,3.9338689947187047,0.0,73.75324670417132,-31.023418621244083
678,40740.0,40740,27.089549823443335,-3.9154630282970837,37.671522221258726,0.0,1.9692386377458003e-07,3.915463225220947,0.0,73.23618972715055,-31.00501285174042
679,40800.0,40800,27.089549823441697,-3.8976096241639,37.60626450362815,0.0,1.9692796447126965e-07,3.897609821091864,0.0,72.71943951295484,-30.9871594476056
680,40860.0,40860,27.08954982344015,-3.8802873170013332,37.541304342733106,0.0,1.969319958347046e-07,3.880287513933329,0.0,72.2029868554947,-30.969837140441484
681,40920.0,40920,27.0895498234387,-3.8634760762495772,37.47663288695743,0.0,1.9693595806931492e-07,3.8634762731855345,0.0,71.68682290315397,-30.953025899688274
682,40980.0,40980,27.08954982343733,-3.847157021993031,37.41224161852761,0.0,1.9693985136084147e-07,3.8471572189328818,0.0,71.17093913815913,-30.936706845430365
683,41040.0,41040,27.08954982343606,-3.831312345177668,37.34812233433539,0.0,1.9694367587699772e-07,3.8313125421213425,0.0,70.65532735740192,-30.92086216861373
684,41100.0,41100,27.089549823434876,-3.8159252345201677,37.28426712809008,0.0,1.9694743176807137e-07,3.815925431467599,0.0,70.13997965459163,-30.90547505795504
685,41160.0,41160,27.08954982343377,-3.8009798094501877,37.22066837368905,0.0,1.969511191675128e-07,3.800980006401306,0.0,69.62488840362569,-30.890529632883965
686,41220.0,41220,27.08954982343276,-3.7864610585367426,37.15731870970585,0.0,1.9695473819246355e-07,3.7864612554914796,0.0,69.11004624307758,-30.8760108819695
687,41280.0,41280,27.089549823431824,-3.772354782880832,37.09421102490453,0.0,1.9695828894419043e-07,3.7723549798391205,0.0,68.59544606171139,-30.861904606312656
688,41340.0,41340,27.089549823430968,-3.7586475440072604,37.03133844469746,0.0,1.969617715086009e-07,3.7586477409690313,0.0,68.08108098493946,-30.84819736743823
689,41400.0,41400,27.089549823430197,-3.745326615865322,36.96869431847162,0.0,1.969651859565386e-07,3.7453268128305073,0.0,67.56694436214879,-30.83487643929552
690,41460.0,41460,27.0895498234295,-3.7323799405577005,36.9062722077148,0.0,1.9696853234419924e-07,3.7323801375262313,0.0,67.05302975482716,-30.821929763987203
691,41520.0,41520,27.08954982342888,-3.7197960874654297,36.84406587487976,0.0,1.9697181071342874e-07,3.71979628443724,0.0,66.53933092542734,-30.80934591089431
692,41580.0,41580,27.089549823428335,-3.7075642154933064,36.78206927292959,0.0,1.9697502109195096e-07,3.7075644124683267,0.0,66.02584182691238,-30.79711403892164
693,41640.0,41640,27.089549823427863,-3.6956740381447726,36.720276535512276,0.0,1.9697816349368663e-07,3.6956742351229352,0.0,65.51255659293032,-30.785223861572636
694,41700.0,41700,27.089549823427465,-3.684115791190831,36.65868196771743,0.0,1.9698123791886594e-07,3.684115988172068,0.0,64.99946952857073,-30.773665614618295
695,41760.0,41760,27.08954982342713,-3.672880202736549,36.5972800373718,0.0,1.9698424435427439e-07,3.672880399720793,0.0,64.48657510166038,-30.76243002616368
696,41820.0,41820,27.089549823426864,-3.6619584654530213,36.536065366833746,0.0,1.9698718277333117e-07,3.6619586624402034,0.0,63.97386793455762,-30.751508288879894
697,41880.0,41880,27.08954982342667,-3.651342210832116,36.47503272525041,0.0,1.9699005313623323e-07,3.6513424078221686,0.0,63.461342796409575,-30.740892034258785
698,41940.0,41940,27.089549823426538,-3.6410234852668952,36.41417702124407,0.0,1.9699285538996817e-07,3.6410236822597506,0.0,62.94899459583856,-30.730573308693433
699,42000.0,42000,27.08954982342647,-3.63099472785741,36.353493295997154,0.0,1.9699558946842417e-07,3.6309949248529985,0.0,62.436818374026956,-30.720544551283883
700,42060.0,42060,27.08954982342646,-3.6212487497583803,36.29297671670705,0.0,1.969982552923716e-07,3.621248946756634,0.0,61.92480929817218,-30.710798573184842
701,42120.0,42120,27.089549823426516,-3.611778714985764,36.23262257038527,0.0,1.970008527693691e-07,3.6117789119866157,0.0,61.41296265528572,-30.701328538412284
702,42180.0,42180,27.08954982342663,-3.6025781225627105,36.17242625797635,0.0,1.9700338179384956e-07,3.6025783195660925,0.0,60.901273846312144,-30.69212794598934
703,42240.0,42240,27.0895498234268,-3.5936407898843052,36.112383288774474,0.0,1.9700584224689803e-07,3.593640986890147,0.0,60.389738380545616,-30.6831906133111
704,42300.0,42300,27.089549823427024,-3.5849608372560335,36.05248927511724,0.0,1.9700823399626206e-07,3.584961034264266,0.0,59.878351870323705,-30.674510660683055
705,42360.0,42360,27.089549823427305,-3.5765326734648797,35.99273992733713,0.0,1.9701055689610595e-07,3.576532870475436,0.0,59.36711002597895,-30.666082496892187
706,42420.0,42420,27.08954982342764,-3.5683509823614057,35.933131048953534,0.0,1.97012810786906e-07,3.5683511793742158,0.0,58.856008651030706,-30.657900805789044
707,42480.0,42480,27.08954982342803,-3.560410710350328,35.87365853208832,0.0,1.970149954952543e-07,3.560410907365323,0.0,58.34504363760085,-30.649960533778355
708,42540.0,42540,27.089549823428463,-3.552707054735041,35.81431835308996,0.0,1.9701711083357378e-07,3.552707251752151,0.0,57.83421096203784,-30.642256878163508
709,42600.0,42600,27.089549823428957,-3.5452354528645866,35.75510656835185,0.0,1.9701915659995593e-07,3.5452356498837427,0.0,57.323506680735065,-30.634785276293538
710,42660.0,42660,27.089549823429493,-3.5379915720234254,35.69601931031157,0.0,1.9702113257776584e-07,3.5379917690445577,0.0,56.812926926130125,-30.62754139545292
711,42720.0,42720,27.08954982343008,-3.5309713000216356,35.63705278361864,0.0,1.9702303853542772e-07,3.5309714970446735,0.0,56.30246790287254,-30.620521123451717
712,42780.0,42780,27.089549823430712,-3.524170736441272,35.578203261459066,0.0,1.9702487422604824e-07,3.524170933466146,0.0,55.792125884148305,-30.613720559871986
713,42840.0,42840,27.089549823431398,-3.517586184485933,35.519467082025834,0.0,1.9702663938701893e-07,3.517586381512572,0.0,55.2818972081504,-30.607136007917326
714,42900.0,42900,27.089549823432122,-3.5112141434196036,35.46084064512518,0.0,1.970283337396997e-07,3.511214340447937,0.0,54.77177827468506,-30.600763966851726
715,42960.0,42960,27.089549823432893,-3.5050513015456652,35.40232040890896,0.0,1.9702995698888006e-07,3.505051498575622,0.0,54.26176554190416,-30.594601124978563
716,43020.0,43020,27.08954982343371,-3.499094529700331,35.343902886723974,0.0,1.970315088224729e-07,3.4990947267318395,0.0,53.751855523154475,-30.588644353134043
717,43080.0,43080,27.089549823434574,-3.4933408752344115,35.285584644069736,0.0,1.970329889108765e-07,3.4933410722673988,0.0,53.242044783935526,-30.582890698668987
718,43140.0,43140,27.089549823435483,-3.4877875564495278,35.2273622956566,0.0,1.970343969065898e-07,3.4877877534839237,0.0,52.73232993895766,-30.577337379885012
719,43200.0,43200,27.089549823436432,-3.4824319574836324,35.16923250255654,0.0,1.9703573244361881e-07,3.482432154519365,0.0,52.22270764929287,-30.571981780920066
720,43260.0,43260,27.08954982343743,-3.477271623610477,35.11119196943923,0.0,1.9703699513694294e-07,3.477271820647471,0.0,51.713174619610825,-30.56682144704791
721,43320.0,43320,27.089549823438468,-3.4723042569391644,35.05323744188648,0.0,1.9703818458188196e-07,3.4723044539773484,0.0,51.203727595493326,-30.561854080377636
722,43380.0,43380,27.089549823439555,-3.467527712499453,34.99536570377825,0.0,1.9703930035351537e-07,3.467527909538753,0.0,50.69436336082031,-30.557077535939005
723,43440.0,43440,27.089549823440684,-3.462939994692455,34.93757357474401,0.0,1.9704034200600228e-07,3.4629401917327955,0.0,50.18507873522129,-30.55248981813314
724,43500.0,43500,27.089549823441857,-3.458539254109154,34.87985790767322,0.0,1.9704130907194582e-07,3.4585394511504632,0.0,49.6758705715857,-30.548089077551015
725,43560.0,43560,27.089549823443082,-3.4543237846796573,34.822215586278816,0.0,1.9704220106163463e-07,3.4543239817218576,0.0,49.16673575362647,-30.543873608122738
726,43620.0,43620,27.089549823444347,-3.450292021171806,34.764643522708226,0.0,1.9704301746236004e-07,3.450292218214823,0.0,48.65767119349104,-30.539841844616152
727,43680.0,43680,27.089549823445658,-3.446442537015844,34.707138655196104,0.0,1.970437577376001e-07,3.446442734059601,0.0,48.148673829414065,-30.535992360461503
728,43740.0,43740,27.089549823447026,-3.4427740424415165,34.64969794575324,0.0,1.9704442132630803e-07,3.442774239485937,0.0,47.63974062340633,-30.53232386588854
729,43800.0,43800,27.089549823448436,-3.4392853829477863,34.59231837788662,0.0,1.9704500764196272e-07,3.4392855799927933,0.0,47.13086855897481,-30.52883520639622
730,43860.0,43860,27.0895498234499,-3.4359755380781336,34.53499695434489,0.0,1.9704551607187826e-07,3.4359757351236486,0.0,46.622054638868164,-30.525525361528032
731,43920.0,43920,27.089549823451414,-3.432843620504521,34.47773069488432,0.0,1.9704594597616546e-07,3.432843817550466,0.0,46.11329588284265,-30.522393443955934
732,43980.0,43980,27.089549823452984,-3.4298888754321935,34.42051663404998,0.0,1.9704629668691309e-07,3.4298890724784887,0.0,45.60458932544334,-30.51943869888518
733,44040.0,44040,27.08954982345461,-3.4271106803140188,34.36335181896684,0.0,1.970465675072672e-07,3.4271108773605854,0.0,45.095932013795206,-30.516660503768627
734,44100.0,44100,27.089549823456295,-3.4245085448742945,34.30623330713567,0.0,1.97046757710343e-07,3.4245087419210516,0.0,44.58732100539902,-30.514058368330588
735,44160.0,44160,27.08954982345804,-3.422082111460424,34.2491581642285,0.0,1.970468665383251e-07,3.42208230850729,0.0,44.0787533659268,-30.51163193491846
736,44220.0,44220,27.089549823459844,-3.4198311557103094,34.192123461878225,0.0,1.9704689320135044e-07,3.4198313527572015,0.0,43.57022616701144,-30.509380979170153
737,44280.0,44280,27.089549823461716,-3.417755587574251,34.13512627545712,0.0,1.9704683687654328e-07,3.4177557846210864,0.0,43.06173648402523,-30.507305411035965
738,44340.0,44340,27.089549823463656,-3.415855452637434,34.07816368183828,0.0,1.9704669670675173e-07,3.4158556496841306,0.0,42.55328139384125,-30.50540527610109
739,44400.0,44400,27.089549823465664,-3.414130933845224,34.02123275713506,0.0,1.9704647179951198e-07,3.4141311308916946,0.0,42.044857972572856,-30.50368075731089
740,44460.0,44460,27.08954982346775,-3.4125823535534106,33.964330574411704,0.0,1.970461612258711e-07,3.4125825505995717,0.0,41.53646329328429,-30.502132177021164
741,44520.0,44520,27.089549823469916,-3.4112101759839777,33.90745420135988,0.0,1.9704576401903235e-07,3.4112103730297405,0.0,41.02809442366723,-30.500759999453894
742,44580.0,44580,27.08954982347216,-3.4100150100698476,33.85060069793422,0.0,1.9704527917326414e-07,3.410015207115126,0.0,40.51974842367628,-30.499564833542006
743,44640.0,44640,27.089549823474485,-3.4089976127176564,33.79376711394046,0.0,1.970447056424774e-07,3.4089978097623614,0.0,40.011422343117204,-30.498547436192144
744,44700.0,44700,27.089549823476904,-3.4081588925150803,33.73695048656924,0.0,1.9704404233890434e-07,3.408159089559122,0.0,39.50311321918063,-30.497708715991987
745,44760.0,44760,27.089549823479416,-3.4074999139109474,33.68014783786806,0.0,1.9704328813168886e-07,3.4075001109542344,0.0,38.99481807391405,-30.497049737390366
746,44820.0,44820,27.089549823482024,-3.407021901872738,33.623356172143616,0.0,1.9704244184546078e-07,3.407022098915179,0.0,38.486533911624164,-30.496571725354762
747,44880.0,44880,27.089549823484738,-3.406726247093835,33.566572473286485,0.0,1.9704150225879016e-07,3.4067264441353364,0.0,37.97825771620154,-30.496276070578574
748,44940.0,44940,27.08954982348756,-3.4066145117483484,33.509793702009006,0.0,1.9704046810261764e-07,3.406614708788816,0.0,37.46998644835852,-30.496164335235907
749,45000.0,45000,27.089549823490486,-3.4066884358656444,33.45301679298728,0.0,1.9703933805871667e-07,3.406688632904982,0.0,36.961717042771205,-30.496238259356133
750,45060.0,45060,27.089549823493538,-3.406949944338003,33.39623865189694,0.0,1.9703811075788585e-07,3.4069501413761123,0.0,36.45344640511523,-30.49649976783154
751,45120.0,45120,27.089549823496714,-3.407401154642199,33.339456152332055,0.0,1.9703678477825933e-07,3.4074013516789834,0.0,35.945171408984656,-30.496950978138912
752,45180.0,45180,27.089549823500015,-3.408044385325678,33.28266613259545,0.0,1.9703535864341554e-07,3.4080445823610357,0.0,35.4368888926823,-30.497594208825696
753,45240.0,45240,27.089549823503454,-3.4088821652845884,33.225865392347444,0.0,1.9703383082051227e-07,3.4088823623184186,0.0,34.92859565586849,-30.49843198878805
754,45300.0,45300,27.089549823507042,-3.4099172439682834,33.16905068910013,0.0,1.970321997182282e-07,3.409917441000483,0.0,34.4202884560553,-30.499467067475322
755,45360.0,45360,27.089549823510772,-3.411152602530496,33.112218734541436,0.0,1.9703046368466742e-07,3.4111527995609596,0.0,33.911964004930674,-30.50070242604127
756,45420.0,45420,27.089549823514655,-3.4125914660533967,33.05536619067337,0.0,1.9702862100513128e-07,3.412591663082017,0.0,33.40361896449661,-30.50214128956806
757,45480.0,45480,27.08954982351871,-3.414237316922792,32.99848966574659,0.0,1.9702666989980572e-07,3.4142375139494616,0.0,32.89524994300376,-30.503787140441503
758,45540.0,45540,27.08954982352293,-3.416093909476793,32.94158570997199,0.0,1.9702460852129495e-07,3.4160941065014008,0.0,32.38685349066303,-30.505643732999722
759,45600.0,45600,27.089549823527328,-3.418165286049529,32.88465081098817,0.0,1.9702243495197412e-07,3.418165483071964,0.0,31.878426095112985,-30.50771510957686
760,45660.0,45660,27.089549823531907,-3.4204557945488903,32.82768138906147,0.0,1.9702014720130326e-07,3.4204559915690367,0.0,31.36996417661999,-30.5100056180808
761,45720.0,45720,27.089549823536686,-3.422970107727537,32.77067379199312,0.0,1.9701774320287915e-07,3.4229703047452795,0.0,30.861464082985268,-30.512519931264226
762,45780.0,45780,27.089549823541667,-3.42571324432727,32.71362428970514,0.0,1.9701522081130184e-07,3.4257134413424906,0.0,30.352922084130814,-30.515263067868936
763,45840.0,45840,27.089549823546857,-3.4286905922950552,32.65652906847383,0.0,1.9701257779890498e-07,3.428690789307632,0.0,29.84433436633295,-30.51824041584191
764,45900.0,45900,27.089549823552264,-3.431907934301474,32.5993842247764,0.0,1.9700981185219065e-07,3.431908131311285,0.0,29.335697026068875,-30.521457757853735
765,45960.0,45960,27.0895498235579,-3.435371475820369,32.54218575871219,0.0,1.9700692056809146e-07,3.435371672827289,0.0,28.82700606343794,-30.524921299378267
766,46020.0,46020,27.089549823563768,-3.439087876050775,32.484929566956026,0.0,1.9700390144981957e-07,3.439088073054675,0.0,28.31825737511492,-30.528637699614546
767,46080.0,46080,27.089549823569886,-3.443064282039736,32.42761143519602,0.0,1.9700075190258981e-07,3.443064479040488,0.0,27.80944674678797,-30.53261410560962
768,46140.0,46140,27.08954982357626,-3.4473083663658666,32.37022703000287,0.0,1.9699746922890905e-07,3.447308563363335,0.0,27.300569845027763,-30.536858189942127
769,46200.0,46200,27.089549823582896,-3.451828368825679,32.31277189007097,0.0,1.9699405062344922e-07,3.451828565819728,0.0,26.791622208528683,-30.541378192408576
770,46260.0,46260,27.089549823589806,-3.456633142625994,32.25524141676473,0.0,1.969904931675518e-07,3.4566333396164866,0.0,26.28259923865516,-30.546182966215802
771,46320.0,46320,27.089549823597,-3.461732205642841,32.19763086389518,0.0,1.969867938233138e-07,3.461732402629634,0.0,25.773496189218186,-30.551282029239843
772,46380.0,46380,27.089549823604486,-3.467135797433736,32.13993532664202,0.0,1.969829494270353e-07,3.4671359944166844,0.0,25.264308155397472,-30.556685621038223
773,46440.0,46440,27.08954982361228,-3.472854942726251,32.08214972952568,0.0,1.9697895668221988e-07,3.472855139705207,0.0,24.75503006171345,-30.562404766338535
774,46500.0,46500,27.089549823620388,-3.4789015223164346,32.02426881332114,0.0,1.9697481215170665e-07,3.4789017192912457,0.0,24.2456566489411,-30.568451345936825
775,46560.0,46560,27.089549823628822,-3.4852883523465965,31.96628712079012,0.0,1.969705122493392e-07,3.485288549317108,0.0,23.73618245984211,-30.57483817597542
776,46620.0,46620,27.089549823637586,-3.492029273219471,31.908198981091935,0.0,1.969660532305543e-07,3.4920294701855235,0.0,23.226601823575805,-30.58157909685706
777,46680.0,46680,27.0895498236467,-3.4991392494841262,31.849998492712544,0.0,1.9696143118221726e-07,3.499139446445556,0.0,22.716908838628143,-30.588689073130823
778,46740.0,46740,27.089549823656167,-3.5066344823891615,31.79167950472876,0.0,1.9695664201126732e-07,3.506634679345803,0.0,22.207097354075916,-30.596184306045327
779,46800.0,46800,27.089549823665998,-3.514532536998368,31.733235596196565,0.0,1.9695168143220135e-07,3.5145327339500483,0.0,21.697160948975114,-30.604082360664368
780,46860.0,46860,27.08954982367621,-3.522852486154858,31.674660053420897,0.0,1.9694654495325777e-07,3.5228526831014015,0.0,21.18709290963066,-30.612402309831065
781,46920.0,46920,27.089549823686802,-3.5316150740132675,31.61594584482597,0.0,1.9694122786084275e-07,3.5316152709544952,0.0,20.67688620446676,-30.621164897700073
782,46980.0,46980,27.0895498236978,-3.5408429023326513,31.557085593100084,0.0,1.969357252024182e-07,3.5408430992683764,0.0,20.166533456171713,-30.630392726030454
783,47040.0,47040,27.0895498237092,-3.5505606434131263,31.49807154423555,0.0,1.9693003176719018e-07,3.5505608403431577,0.0,19.65602691073783,-30.64011046712233
784,47100.0,47100,27.089549823721025,-3.5607952842716286,31.438895533019696,0.0,1.9692414206442192e-07,3.56079548119577,0.0,19.14535840295241,-30.650345107992656
785,47160.0,47160,27.089549823733275,-3.571576407644281,31.379548944456214,0.0,1.9691805029908451e-07,3.57157660456233,0.0,18.634519317819155,-30.66112623137756
786,47220.0,47220,27.089549823745966,-3.5829365166000597,31.3200226705032,0.0,1.9691175034430553e-07,3.582936713511809,0.0,18.123500547296153,-30.672486340346023
787,47280.0,47280,27.089549823759107,-3.594911410981205,31.26030706140094,0.0,1.9690523571019264e-07,3.5949116078864396,0.0,17.612292441623673,-30.684461234740315
788,47340.0,47340,27.089549823772707,-3.6075406258283045,31.200391870725678,0.0,1.9689849950818414e-07,3.607540822726803,0.0,17.100884754377955,-30.69709044960101
789,47400.0,47400,27.089549823786776,-3.620867944203979,31.140266193136313,0.0,1.968915344105397e-07,3.620868141095513,0.0,16.589266580217892,-30.71041776799076
790,47460.0,47460,27.08954982380133,-3.634941999926205,31.079918393574037,0.0,1.9688433260371018e-07,3.634942196810537,0.0,16.07742628408467,-30.724491823727536
791,47520.0,47520,27.089549823816377,-3.6498169894838335,31.019336026416408,0.0,1.9687688573463205e-07,3.649817186360719,0.0,15.56535142035583,-30.73936681330021
792,47580.0,47580,27.089549823831923,-3.6655535174442972,30.958505742766178,0.0,1.968691848485916e-07,3.6655537143134818,0.0,15.053028640134112,-30.75510334127622
793,47640.0,47640,27.089549823847985,-3.6822196060685886,30.89741318364995,0.0,1.9686122031680907e-07,3.6822198029298088,0.0,14.540443584446129,-30.77176942991657
794,47700.0,47700,27.089549823864566,-3.699891908424304,30.836042856390005,0.0,1.9685298175193336e-07,3.6998921052772853,0.0,14.027580760614143,-30.78944173228887
795,47760.0,47760,27.089549823881683,-3.718657175495124,30.77437799075749,0.0,1.968444579083289e-07,3.7186573723395817,0.0,13.514423398409281,-30.808206999376807
796,47820.0,47820,27.089549823899343,-3.73861404297576,30.712400370673816,0.0,1.968356365642723e-07,3.738614239811396,0.0,13.000953281752956,-30.82816386687511
797,47880.0,47880,27.08954982391757,-3.759875223839522,30.650090136132153,0.0,1.9682650438151028e-07,3.759875420666026,0.0,12.487150550638326,-30.84942504775709
798,47940.0,47940,27.089549823936355,-3.782570220849359,30.587425548576118,0.0,1.9681704673662267e-07,3.782570417666405,0.0,11.972993466508996,-30.872120044785717
799,48000.0,48000,27.089549823955732,-3.8068487120236427,30.52438271106994,0.0,1.9680724751730665e-07,3.8068489088308883,0.0,11.458458132429188,-30.896398535979372
800,48060.0,48060,27.0895498239757,-3.8328848167452163,30.46093523204421,0.0,1.9679708887383809e-07,3.8328850135423043,0.0,10.943518156829489,-30.92243464072092
801,48120.0,48120,27.089549823996286,-3.8608825280997037,30.39705381793982,0.0,1.967865509134059e-07,3.860882724886254,0.0,10.42814424615076,-30.95043235209599
802,48180.0,48180,27.089549824017503,-3.8910827100249596,30.332705775312878,0.0,1.9677561132048787e-07,3.8910829068005706,0.0,9.912303706949118,-30.980632534042464
803,48240.0,48240,27.089549824039366,-3.923772224363685,30.26785439632054,0.0,1.9676424488032996e-07,3.923772421127929,0.0,9.395959831381699,-31.013322048403055
804,48300.0,48300,27.0895498240619,-3.959296003323533,30.202458192089253,0.0,1.967524228738148e-07,3.9592962000759555,0.0,8.879071130574935,-31.048845827385442
805,48360.0,48360,27.08954982408514,-3.9980732673595454,30.136469924875332,0.0,1.9674011229935858e-07,3.998073464099657,0.0,8.361590366785133,-31.087623091444687
806,48420.0,48420,27.089549824109106,-4.040619692931237,30.069835369927507,0.0,1.9672727485805626e-07,4.040619889658512,0.0,7.843463315261012,-31.130169517040343
807,48480.0,48480,27.08954982413384,-4.087578310585279,30.002491707886854,0.0,1.9671386560941806e-07,4.087578507299145,0.0,7.32462715664363,-31.17712813471912
808,48540.0,48540,27.08954982415938,-4.139763536914688,29.934365402218674,0.0,1.966998311594348e-07,4.139763733614519,0.0,6.805008354398266,-31.22931336107407
809,48600.0,48600,27.08954982418579,-4.198225536558837,29.865369342778365,0.0,1.9668510716934566e-07,4.198225733243944,0.0,6.284519798380322,-31.287775360744632
810,48660.0,48660,27.089549824213133,-4.26434710520932,29.795398916677357,0.0,1.9666961485281286e-07,4.264347301878934,0.0,5.763056875701201,-31.353896929422458
811,48720.0,48720,27.089549824241498,-4.339994609327352,29.724326464432217,0.0,1.9665325592012086e-07,4.339994805980607,0.0,5.240491926877452,-31.429544433568854
812,48780.0,48780,27.089549824271,-4.427762949922236,29.651993220451814,0.0,1.9663590505348165e-07,4.42776314655814,0.0,4.7166661863179264,-31.51731277419324
813,48840.0,48840,27.089549824301784,-4.531393235287131,29.578197170794873,0.0,1.9661739828758154e-07,4.531393431904529,0.0,4.1913776400813285,-31.620943059588914
814,48900.0,48900,27.089549824334057,-4.656529646144687,29.50267394971523,0.0,1.9659751423699887e-07,4.656529842742201,0.0,3.664361922421472,-31.746079470478744
815,48960.0,48960,27.0895498243681,-4.812200969241343,29.425065121788013,0.0,1.9657594198271047e-07,4.812201165817284,0.0,3.1352605979134527,-31.901750793609448
816,49020.0,49020,27.089549824404337,-5.014029617721896,29.344861771809235,0.0,1.965522218755073e-07,5.014029814274116,0.0,2.6035647513532525,-32.10357944212623
817,49080.0,49080,27.08954982444342,-5.292222286149609,29.261294611022507,0.0,1.9652562472720545e-07,5.292222482675233,0.0,2.0685050939844416,-32.381772110593026
818,49140.0,49140,27.089549824486472,-5.716028731785082,29.17309090576206,0.0,1.9649486667293764e-07,5.716028928279948,0.0,1.528808892141184,-32.805578556271556
819,49200.0,49200,27.08954982453574,-6.4994687631043115,29.07782375974109,0.0,1.96457273714803e-07,6.499468959561586,0.0,0.982049249536618,-33.589018587640055
820,49260.0,49260,27.089549824631117,-10.338828184478055,28.969499279864895,150.0,1.9637860831706079e-07,10.338828380856661,0.0,0.4222322730759126,112.57162199089082
821,49320.0,49320,27.08954982466621,-11.16430863095148,28.797185476299337,150.0,1.963547829254902e-07,11.164308827306263,0.0,2.298425972924058,111.74614154438231
822,49380.0,49380,27.089549824693087,-11.693944709315248,28.61111366529261,150.0,1.9633704789644393e-07,11.693944905652295,0.0,4.160861665330394,111.21650546599166
823,49440.0,49440,27.089549824715075,-12.09384876678749,28.416214586313203,150.0,1.963225241876138e-07,12.093848963110013,0.0,6.014470089763554,110.81660140849745
824,49500.0,49500,27.089549824733627,-12.418228055870767,28.214650439709295,150.0,1.9631012440093157e-07,12.41822825218089,0.0,7.86141344657181,110.4922221193956
825,49560.0,49560,27.08954982474958,-12.692208012129342,28.007679971620693,150.0,1.9629929495944053e-07,12.692208208428635,0.0,9.702950481895037,110.21824216312108
826,49620.0,49620,27.089549824763473,-12.929764519942468,27.79614317092781,150.0,1.9628970081154154e-07,12.92976471623217,0.0,11.539921184613688,109.98068565529404
827,49680.0,49680,27.089549824775677,-13.139599323880786,27.58064709510473,150.0,1.962811155750773e-07,13.139599520161898,0.0,13.372932612201886,109.77085085134352
828,49740.0,49740,27.08954982478648,-13.327561799728148,27.36165377254937,150.0,1.9627337491717864e-07,13.327561996001524,0.0,15.20244679305758,109.58288837548537
829,49800.0,49800,27.08954982479609,-13.497808166362773,27.139527742063233,150.0,1.9626635367888018e-07,13.497808362629128,0.0,17.028828265982302,109.41264200884113
830,49860.0,49860,27.08954982480468,-13.65341834690723,26.91456427213321,150.0,1.9625995329912153e-07,13.653418543167183,0.0,18.852372299462953,109.25703182828809
831,49920.0,49920,27.089549824812384,-13.796751249252184,26.68700729919412,150.0,1.9625409425334364e-07,13.796751445506278,0.0,20.673322829934385,109.11369892593542
832,49980.0,49980,27.089549824819304,-13.929662344259805,26.457061444549307,150.0,1.9624871117944532e-07,13.929662540508517,0.0,22.491884478699944,108.98078783092087
833,50040.0,50040,27.089549824825536,-14.053643610232623,26.22490040498771,150.0,1.9624374956280165e-07,14.053643806476371,0.0,24.308230942548594,108.85680656494183
834,50100.0,50100,27.08954982483115,-14.169917226602026,25.99067301099325,150.0,1.962391633860496e-07,14.169917422841188,0.0,26.122511051964256,108.74053294856682
835,50160.0,50160,27.08954982483621,-14.279500434892958,25.754507723392642,150.0,1.9623491340838872e-07,14.279500631127872,0.0,27.934853267773672,108.63094974027085
836,50220.0,50220,27.08954982484077,-14.383251730229722,25.516516048987192,150.0,1.962309658730015e-07,14.383251926460686,0.0,29.745369096778155,108.52719844492951
837,50280.0,50280,27.089549824844873,-14.481904568416304,25.276795186326144,150.0,1.962272915158757e-07,14.481904764643597,0.0,31.554155737526948,108.42854560673882
838,50340.0,50340,27.08954982484856,-14.576092490315224,25.03543010969532,150.0,1.9622386479276017e-07,14.576092686539086,0.0,33.36129816430589,108.3343576848362
839,50400.0,50400,27.08954982485187,-14.666368202234057,24.792495234366193,150.0,1.9622066326728992e-07,14.66636839845472,0.0,35.16687079238646,108.24408197291406
840,50460.0,50460,27.089549824854817,-14.75321830968528,24.548055763838434,150.0,1.9621766712106536e-07,14.753218505902947,0.0,36.970938825268334,108.15723186545989
841,50520.0,50520,27.089549824857446,-14.83707486653472,24.302168791519822,150.0,1.9621485875676954e-07,14.83707506274958,0.0,38.7735593563593,108.07337530860782
842,50580.0,50580,27.089549824859766,-14.918324552284666,24.054884209920395,150.0,1.9621222247377948e-07,14.91832474849689,0.0,40.574782278169394,107.99212562285555
843,50640.0,50640,27.089549824861802,-14.997316056709353,23.80624546689181,150.0,1.9620974420075258e-07,14.997316252919093,0.0,42.37465103855028,107.91313411842884
844,50700.0,50700,27.089549824863575,-15.074366091865036,23.556290198789483,150.0,1.962074112734727e-07,15.074366288072447,0.0,44.173203273857396,107.83608408327137
845,50760.0,50760,27.08954982486099,-14.882252387890714,23.30505076343457,130.00000000000028,1.9620826703658417e-07,14.88225258409898,0.0,45.97047134191188,88.02819778724857
846,50820.0,50820,27.089549824835448,-13.266463673647648,23.057013223145894,0.0,1.9622642673490223e-07,13.266463869874073,0.0,47.43760797169933,-40.356013498483094
847,50880.0,50880,27.0895498248369,-13.337880898617348,22.83590549476122,0.0,1.9622415120560948e-07,13.337881094841498,0.0,46.76500774672457,-40.42743072345425
848,50940.0,50940,27.08954982483848,-13.413714992975134,22.61360747929373,0.0,1.9622174732327275e-07,13.41371518919688,0.0,46.09121723466697,-40.50326481781361
849,51000.0,51000,27.089549824840162,-13.494155210765564,22.390045562253608,0.0,1.9621921275010476e-07,13.494155406984776,0.0,45.416162821036714,-40.583705035605725
850,51060.0,51060,27.08954982484196,-13.579407697386577,22.16514297491699,0.0,1.9621654502481789e-07,13.579407893603122,0.0,44.739767737109915,-40.66895752222854
851,51120.0,51120,27.089549824843886,-13.669697071293136,21.93881951280336,0.0,1.96213741554526e-07,13.66969726750688,0.0,44.061951778406076,-40.75924689613702
852,51180.0,51180,27.08954982484594,-13.76526820697976,21.710991227791297,0.0,1.9621079960584327e-07,13.76526840319056,0.0,43.38263099680376,-40.8548180318257
853,51240.0,51240,27.089549824848113,-13.866388249015467,21.481570090517796,0.0,1.962077162952061e-07,13.866388445223182,0.0,42.70171736293996,-40.955938073863585
854,51300.0,51300,27.08954982485043,-13.973348892155231,21.250463619210375,0.0,1.9620448857811462e-07,13.97334908835972,0.0,42.0191183950422,-41.062898717005666
855,51360.0,51360,27.08954982485288,-14.08646896907914,21.0175744705173,0.0,1.9620111323728107e-07,14.086469165280255,0.0,41.33473674975874,-41.17601879393202
856,51420.0,51420,27.089549824855478,-14.206097394977842,20.782799987208833,0.0,1.9619758686947805e-07,14.20609759117543,0.0,40.64846976985984,-41.29564721983332
857,51480.0,51480,27.08954982485822,-14.33261652783308,20.546031696802068,0.0,1.961939058710161e-07,14.332616724026984,0.0,39.96020898286258,-41.4221663526913
858,51540.0,51540,27.089549824861116,-14.46644601484638,20.307154754181052,0.0,1.961900664215054e-07,14.466446211036445,0.0,39.269839543651024,-41.5559958397075
859,51600.0,51600,27.08954982486417,-14.60804720985716,20.06604732010983,0.0,1.9618606446565067e-07,14.608047406043225,0.0,38.57723961298921,-41.69759703472133
860,51660.0,51660,27.089549824867397,-14.757928264411358,19.822579866121767,0.0,1.9618189569304209e-07,14.757928460593252,0.0,37.88227966241048,-41.84747808927875
861,51720.0,51720,27.089549824870794,-14.916650017325814,19.57661439455781,0.0,1.9617755551528627e-07,14.916650213503369,0.0,37.1848216942558,-42.0061998421966
862,51780.0,51780,27.089549824874364,-15.084832835354518,19.328003560445296,0.0,1.9617303904018936e-07,15.084833031527557,0.0,36.484718363552496,-42.174382660228886
863,51840.0,51840,27.089549824878127,-15.263164592520006,19.076589679365647,0.0,1.9616834104258146e-07,15.263164788688348,0.0,35.78181198588198,-42.35271441739813
864,51900.0,51900,27.08954982488208,-15.452410019930554,18.82220360233325,0.0,1.9616345593118884e-07,15.452410216094007,0.0,35.07593341225864,-42.54195984481264
865,51960.0,51960,27.08954982488624,-15.653421714155451,18.564663434844025,0.0,1.9615837771064605e-07,15.65342191031383,0.0,34.3669007481784,-42.74297153904169
866,52020.0,52020,27.08954982489061,-15.867153164186213,18.303773072451058,0.0,1.9615309993805178e-07,15.867153360339314,0.0,33.65451788919434,-42.95670298907683
867,52080.0,52080,27.089549824895208,-16.094674249516228,18.039320519224265,0.0,1.9614761567307705e-07,16.094674445663845,0.0,32.938572839376356,-43.18422407441143
868,52140.0,52140,27.08954982490004,-16.337189781221166,17.77107594790865,0.0,1.9614191741998027e-07,16.337189977363085,0.0,32.218835771469465,-43.4267396061212
869,52200.0,52200,27.089549824905117,-16.59606181288536,17.49878945106463,0.0,1.9613599706073956e-07,16.596062009021356,0.0,31.495056778034083,-43.68561163779048
870,52260.0,52260,27.089549824910453,-16.87283665006504,17.22218842035956,0.0,1.9612984577675438e-07,16.872836846194886,0.0,30.76696325073754,-43.96238647497549
871,52320.0,52320,27.08954982491606,-17.169277751271412,16.94097447570151,0.0,1.961234539577118e-07,17.169277947394868,0.0,30.034256809487918,-44.25882757618748
872,52380.0,52380,27.08954982492196,-17.487406061012823,16.65481984602337,0.0,1.9611681109460454e-07,17.48740625712964,0.0,29.29660968321809,-44.57695588593479
873,52440.0,52440,27.089549824928167,-17.829549774811294,16.363363077849552,0.0,1.9610990565421384e-07,17.829549970921203,0.0,28.55366041845248,-44.91909959973946
874,52500.0,52500,27.089549824934693,-18.198406146780684,16.066203914445783,0.0,1.9610272493157615e-07,18.19840634288341,0.0,27.805008758456786,-45.28795597171538
875,52560.0,52560,27.089549824941567,-18.59711876801396,15.76289714484254,0.0,1.9609525487651518e-07,18.597118964109217,0.0,27.050209492261498,-45.68666859295553
876,52620.0,52620,27.08954982494881,-19.029374848750386,15.452945164885426,0.0,1.9608747989009848e-07,19.029375044837863,0.0,26.288765015712208,-46.1189246736992
877,52680.0,52680,27.089549824956453,-19.499528547572908,15.135788916916061,0.0,1.9607938258586855e-07,19.499528743652288,0.0,25.520116271150528,-46.58907837252936
878,52740.0,52740,27.08954982496451,-20.012758485775432,14.810796773966336,0.0,1.9607094351120015e-07,20.01275868184637,0.0,24.743631631608334,-47.10230831073994
879,52800.0,52800,27.08954982497303,-20.575270541055204,14.477250798713262,0.0,1.9606214082284606e-07,20.575270737117343,0.0,23.95859315976264,-47.66482036602823
880,52860.0,52860,27.089549824982043,-21.194561260777483,14.134329622538877,0.0,1.9605294991066885e-07,21.19456145683043,0.0,23.16417948699547,-48.28411108575953
881,52920.0,52920,27.08954982499159,-21.87976342763795,13.781086934369144,0.0,1.9604334296183368e-07,21.879763623681296,0.0,22.359444302232774,-48.96931325262954
882,52980.0,52980,27.08954982500171,-22.642104409255378,13.416424210085093,0.0,1.9603328845497894e-07,22.64210460528867,0.0,21.543289081355585,-49.7316542342571
883,53040.0,53040,27.089549825012472,-23.495521194202194,13.039055802774113,0.0,1.9602275056808194e-07,23.49552139022494,0.0,20.714428177451264,-50.58507101921466
884,53100.0,53100,27.08954982502392,-24.45749476549406,12.647463782380711,0.0,1.9601168847356694e-07,24.45749496150575,0.0,19.871343660464323,-51.547044590517984
885,53160.0,53160,27.089549825036137,-25.55019106320378,12.239838869132472,0.0,1.9600005547814774e-07,25.550191259203835,0.0,19.01222625062232,-52.63974088823991
886,53220.0,53220,27.089549825049197,-26.802023250204478,11.814002350922435,0.0,1.959877979411651e-07,26.802023446192276,0.0,18.134897235818293,-53.891573075253675
887,53280.0,53280,27.08954982506321,-28.249769175421726,11.367301962929082,0.0,1.9597485387065924e-07,28.249769371396578,0.0,17.2367043512307,-55.33931900048493
888,53340.0,53340,27.089549825078265,-29.941362559206365,10.896472476182142,0.0,1.9596115103478201e-07,29.94136275516751,0.0,16.31438236788925,-57.030912384284626
889,53400.0,53400,27.089549825094526,-31.939380576761756,10.39744976637216,0.0,1.9594660428716235e-07,31.939380772708358,0.0,15.363867161484475,-59.02893040185628
890,53460.0,53460,27.089549825112144,-34.32502148235171,9.865126756269623,0.0,1.959311114441257e-07,34.325021678282816,0.0,14.380051654786838,-61.41457130746385
891,53520.0,53520,27.08954982513136,-37.202002795938526,9.293043064407293,0.0,1.959145461798037e-07,37.20200299185308,0.0,13.356475466329073,-64.29155262106988
892,53580.0,53580,27.089549825152464,-40.699491378600186,8.673009683985224,0.0,1.9589674455201857e-07,40.699491574496925,0.0,12.284949589311209,-67.78904120375265
893,53640.0,53640,27.089549825175876,-44.97340792792709,7.994684827185506,0.0,1.9587747832237607e-07,44.97340812380457,0.0,11.155132235915302,-72.06295775310296
894,53700.0,53700,27.089549825202234,-50.20705410934819,7.245128027897056,0.0,1.9585640202175652e-07,50.2070543052046,0.0,9.95408294003022,-77.29660393455043
895,53760.0,53760,27.089549825232535,-56.61579505112922,6.408343792251638,0.0,1.958329472051576e-07,56.615795246962165,0.0,8.66580620778768,-83.70534487636175
896,53820.0,53820,27.08954982526851,-64.46727499691343,5.464747207576596,0.0,1.9580609702846069e-07,64.46727519271954,0.0,7.2707171265149535,-91.55682482218195
897,53880.0,53880,27.08954982531346,-74.1434430834348,4.390292623805217,0.0,1.9577382321524442e-07,74.14344327920863,0.0,5.744770046145223,-101.23299290874827
898,53940.0,53940,27.08954982537512,-86.33330172848206,3.1545685719252297,0.0,1.9573124188571866e-07,86.33330192421329,0.0,4.057553497666053,-113.42285155385719
899,54000.0,54000,27.089549825480443,-102.94080660411068,1.715680209294562,0.0,1.9566063252468025e-07,102.9408067997713,0.0,2.1671726384350687,-130.0303564295911
900,54060.0,54060,20.6476126717032,20.647611014395324,9.87369282127117e-08,0.0,20.647611215739392,2.0134407068937306e-07,0.0,3.127518752272138e-08,-1.6573078748525964e-06
901,54120.0,54120,18.559017815780997,18.559017743020632,0.29250792093750444,0.0,18.55901794416412,2.011434837717921e-07,0.0,3.6533857745624076e-09,-7.276036011081574e-08
902,54180.0,54180,17.49291557337789,17.49291556572708,0.5554273384607789,0.0,17.49291576682518,2.010980957046457e-07,0.0,2.4407227553486494e-09,-7.650806204427934e-09
903,54240.0,54240,16.65848865624415,16.658488655424556,0.8032436418058438,0.0,16.6584888565416,2.0111704381014346e-07,0.0,2.3132213659063585e-09,-8.195946207962545e-10
904,54300.0,54300,16.122793160175668,16.122793160080967,1.039238897254911,0.0,16.122793361192052,2.0111108588068466e-07,0.0,2.2995763335974586e-09,-9.470061370878083e-11
905,54360.0,54360,15.80542750677805,15.805427506774416,1.2676451331866267,0.0,15.805427707869772,2.0109535642786216e-07,0.0,2.2980081734444143e-09,-3.6361817925701525e-12
906,54420.0,54420,15.553803750105304,15.553803750120046,1.4915553556965397,0.0,15.553803951220209,2.0110016172116967e-07,0.0,2.297953282968589e-09,1.474222087335697e-11
907,54480.0,54480,15.199592823863455,15.199592823868725,1.7119009083205052,0.0,15.199593024984758,2.0111603400621347e-07,0.0,2.298203752829124e-09,5.270432032973273e-12
908,54540.0,54540,14.741222965818173,14.741222965809092,1.9272284728225382,0.0,14.74122316694112,2.011320278768621e-07,0.0,2.2982988409480007e-09,-9.082106508076422e-12
909,54600.0,54600,14.293782122491965,14.293782122481137,2.1360624643353536,0.0,14.293782323622013,2.0114087639108386e-07,0.0,2.29815738012603e-09,-1.0828539525602857e-11
910,54660.0,54660,13.917313606569733,13.917313606561107,2.338557710567668,0.0,13.917313807703815,2.0114270907622817e-07,0.0,2.2979869183264393e-09,-8.62731956434277e-12
911,54720.0,54720,13.59524140173025,13.595241401721836,2.5357196528244446,0.0,13.595241602865244,2.011434081415137e-07,0.0,2.297851395235734e-09,-8.4159125964855e-12
912,54780.0,54780,13.308058822756385,13.308058822749226,2.7283189055126646,0.0,13.308059023894074,2.0114484785483411e-07,0.0,2.2977180436988814e-09,-7.158541418061982e-12
913,54840.0,54840,13.049277552606574,13.04927755260195,2.9168497383321017,0.0,13.049277753747754,2.0114580762353376e-07,0.0,2.297605209205168e-09,-4.6257182017448684e-12
914,54900.0,54900,12.81320019822055,12.813200198218311,3.1017145031577846,0.0,12.813200399365282,2.01146968017661e-07,0.0,2.2975343645827378e-09,-2.238411776757624e-12
915,54960.0,54960,12.595261581403143,12.595261581402639,3.2832348387963637,0.0,12.595261782551718,2.0114907828265983e-07,0.0,2.297503038456735e-09,-5.026823363621761e-13
916,55020.0,55020,12.392842126174022,12.392842126174653,3.4616677106967146,0.0,12.392842327326733,2.0115208050247498e-07,0.0,2.2975003362867546e-09,6.320724588267976e-13
917,55080.0,55080,12.204072391142857,12.204072391144216,3.6372329736479965,0.0,12.204072592299887,2.0115567079435875e-07,0.0,2.297516237471192e-09,1.3589866934742715e-12
918,55140.0,55140,12.027289159735108,12.027289159736942,3.8101239986863384,0.0,12.027289360896548,2.0115960691543433e-07,0.0,2.2975439571042754e-09,1.8340402857701496e-12
919,55200.0,55200,11.86096936575456,11.860969365756707,3.9805105946130666,0.0,11.860969566920451,2.0116374229783413e-07,0.0,2.297579318020572e-09,2.1482006413394263e-12
920,55260.0,55260,11.703763268559154,11.703763268561502,4.1485409934584,0.0,11.703763469729495,2.011679925179809e-07,0.0,2.297619663061887e-09,2.3480048920316695e-12
921,55320.0,55320,11.554517440994148,11.554517440996605,4.314344305926789,0.0,11.554517642168912,2.0117230595553254e-07,0.0,2.297663112113199e-09,2.4576592632472283e-12
922,55380.0,55380,11.41227496267129,11.41227496267378,4.478033302504667,0.0,11.412275163850428,2.0117664746947174e-07,0.0,2.2977081881729755e-09,2.492269026243779e-12
923,55440.0,55440,11.276259633060413,11.276259633062878,4.639707197306293,0.0,11.276259834243868,2.0118099065590536e-07,0.0,2.2977536644017436e-09,2.4639682774818664e-12
924,55500.0,55500,11.14585184719064,11.145851847193024,4.799454208271754,0.0,11.145852048378337,2.0118531443611102e-07,0.0,2.297798513756737e-09,2.3841372473597687e-12
925,55560.0,55560,11.02056162499315,11.02056162499541,4.957353775604049,0.0,11.020561826185013,2.0118960156865864e-07,0.0,2.2978418959574118e-09,2.2638368852624276e-12
926,55620.0,55620,10.900002254767704,10.900002254769817,5.113478398121867,0.0,10.900002455963655,2.011938379402525e-07,0.0,2.29788315199771e-09,2.113583212576594e-12
927,55680.0,55680,10.783866507073816,10.783866507075759,5.267895096228146,0.0,10.783866708273772,2.0119801214704374e-07,0.0,2.2979217951294526e-09,1.9429812990962577e-12
928,55740.0,55740,10.671906339280332,10.671906339282094,5.420666537908748,0.0,10.67190654048421,2.0120211517848125e-07,0.0,2.297957495903109e-09,1.760428398074065e-12
929,55800.0,55800,10.56391633609795,10.563916336099524,5.571851877212264,0.0,10.563916537305664,2.0120614014115644e-07,0.0,2.2979900623588558e-09,1.5729481413811603e-12
930,55860.0,55860,10.459720722472284,10.459720722473671,5.721507358137351,0.0,10.459720923683753,2.012100820050176e-07,0.0,2.2980194175039637e-09,1.3861530315082672e-12
931,55920.0,55920,10.359163563640784,10.359163563641989,5.86968673453606,0.0,10.359163764855927,2.012139373681033e-07,0.0,2.2980455761748903e-09,1.2043077780886808e-12
932,55980.0,55980,10.262101671020833,10.262101671021863,6.016441551184646,0.0,10.262101872239567,2.01217704238665e-07,0.0,2.2980686229434355e-09,1.0304614077955315e-12
933,56040.0,56040,10.168399715176266,10.16839971517713,6.161821324354437,0.0,10.168399916398513,2.0122138183376617e-07,0.0,2.29808869219071e-09,8.666186403888757e-13
934,56100.0,56100,10.077927075149988,10.077927075150702,6.305873653149754,0.0,10.077927276375673,2.0122497039308594e-07,0.0,2.2981059509967324e-09,7.139268681557335e-13
935,56160.0,56160,9.990556004755181,9.990556004755755,6.448644286211351,0.0,9.990556205984227,2.0122847100793638e-07,0.0,2.2981205851002104e-09,5.728617338629862e-13
936,56220.0,56220,9.906160757038231,9.906160757038675,6.590177162442346,0.0,9.90616095827056,2.012318854651572e-07,0.0,2.2981327879036915e-09,4.4339944287357583e-13
937,56280.0,56280,9.824617369889571,9.824617369889896,6.730514439330674,0.0,9.824617571125112,2.0123521610639653e-07,0.0,2.2981427523066078e-09,3.2516869508409594e-13
938,56340.0,56340,9.745803874318085,9.745803874318304,6.869696518234386,0.0,9.74580407555677,2.0123846570310644e-07,0.0,2.2981506650302305e-09,2.1757850592108172e-13
939,56400.0,56400,9.669600740094781,9.669600740094902,7.007762072617493,0.0,9.669600941336538,2.0124163734701852e-07,0.0,2.2981567030381666e-09,1.1992082668678894e-13
940,56460.0,56460,9.595891420353933,9.595891420353965,7.144748082599093,0.0,9.5958916215987,2.0124473435619037e-07,0.0,2.2981610316373983e-09,3.1448630223519113e-14
941,56520.0,56520,9.524562897033503,9.524562897033455,7.280689877217689,0.0,9.524563098281215,2.012477601953288e-07,0.0,2.2981638038581203e-09,-4.8568399606992563e-14
942,56580.0,56580,9.455506162742571,9.45550616274245,7.415621184422572,0.0,9.45550636399317,2.0125071840953682e-07,0.0,2.298165160742404e-09,-1.2080789782396964e-13
943,56640.0,56640,9.388616601881596,9.38861660188141,7.549574187891657,0.0,9.388616803135022,2.0125361257005355e-07,0.0,2.2981652322205004e-09,-1.8587497188051553e-13
944,56700.0,56700,9.323794254955482,9.323794254955239,7.6825795892485385,0.0,9.323794456211683,2.012564462302659e-07,0.0,2.298164138306703e-09,-2.4429525812273884e-13
945,56760.0,56760,9.260943965542838,9.260943965542543,7.8146666740239565,0.0,9.260944166801766,2.0125922289073148e-07,0.0,2.2981619904069144e-09,-2.965173963620735e-13
946,56820.0,56820,9.199975419792702,9.19997541979236,7.945863379699357,0.0,9.199975621054303,2.0126194597160918e-07,0.0,2.2981588925804342e-09,-3.42921685680052e-13
947,56880.0,56880,9.140803094595977,9.140803094595595,8.076196364309954,0.0,9.140803295860215,2.0126461879099323e-07,0.0,2.29815494265723e-09,-3.8383248865274794e-13
948,56940.0,56940,9.083346133368861,9.083346133368442,8.205691074313592,0.0,9.083346334635687,2.0126724454852325e-07,0.0,2.2981502331482035e-09,-4.1953196718794535e-13
949,57000.0,57000,9.027528168659192,9.027528168658742,8.334371810699839,0.0,9.027528369928568,2.012698263127007e-07,0.0,2.298144851928335e-09,-4.5027359867647297e-13
950,57060.0,57060,8.973277109342494,8.973277109342018,8.462261792586023,0.0,8.973277310614383,2.012723670115248e-07,0.0,2.2981388826962317e-09,-4.762943420419085e-13
951,57120.0,57120,8.920524907661218,8.92052490766072,8.58938321779855,0.0,8.920525108935589,2.0127486942573335e-07,0.0,2.298132405233694e-09,-4.978245035431555e-13
952,57180.0,57180,8.86920731840259,8.869207318402077,8.71575732015392,0.0,8.869207519679414,2.0127733618399264e-07,0.0,2.2981254955021682e-09,-5.15095363991705e-13
953,57240.0,57240,8.819263659499125,8.819263659498597,8.841404423328118,0.0,8.819263860778367,2.0127976976004885e-07,0.0,2.2981182256154077e-09,-5.28344111099169e-13
954,57300.0,57300,8.770636580606368,8.77063658060583,8.96634399133451,0.0,8.770636781888003,2.0128217247110117e-07,0.0,2.298110663732307e-09,-5.378165157895009e-13
955,57360.0,57360,8.723271843783873,8.72327184378333,9.090594675723251,0.0,8.723272045067876,2.0128454647768133e-07,0.0,2.2981028739055208e-09,-5.437676915134149e-13
956,57420.0,57420,8.677118118609108,8.677118118608563,9.214174359673667,0.0,8.677118319895454,2.0128689378457973e-07,0.0,2.298094915920679e-09,-5.4646108378457e-13
957,57480.0,57480,8.63212679255925,8.632126792558703,9.3371001991841,0.0,8.63212699384792,2.0128921624289343e-07,0.0,2.2980868451532184e-09,-5.461664555507374e-13
958,57540.0,57540,8.588251796519506,8.588251796518962,9.459388661575488,0.0,8.58825199781048,2.0129151555302637e-07,0.0,2.298078712459913e-09,-5.431569602280907e-13
959,57600.0,57600,8.545449444667874,8.545449444667335,9.581055561522975,0.0,8.545449645961128,2.0129379326861817e-07,0.0,2.2980705641203878e-09,-5.377059267811896e-13
960,57660.0,57660,8.503678287565094,8.503678287564563,9.702116094819225,0.0,8.503678488860615,2.012960508014329e-07,0.0,2.2980624418329916e-09,-5.300834031806057e-13
961,57720.0,57720,8.462898977168727,8.462898977168207,9.822584870056513,0.0,8.462899178466499,2.0129828942678395e-07,0.0,2.298054382769073e-09,-5.205529714637977e-13
962,57780.0,57780,8.423074142462026,8.423074142461518,9.942475938396514,0.0,8.42307434376203,2.0130051028987985e-07,0.0,2.298046419679938e-09,-5.093687635725118e-13
963,57840.0,57840,8.384168274452042,8.384168274451547,10.061802821578166,0.0,8.384168475754262,2.0130271441252821e-07,0.0,2.298038581055179e-09,-4.967729648907883e-13
964,57900.0,57900,8.346147619439618,8.346147619439137,10.180578538296336,0.0,8.34614782074404,2.013049027004283e-07,0.0,2.2980308913222087e-09,-4.829938044097238e-13
965,57960.0,57960,8.308980079589501,8.308980079589032,10.298815629068493,0.0,8.308980280896108,2.0130707595075398e-07,0.0,2.2980233710789717e-09,-4.682439873048772e-13
966,58020.0,58020,8.272635120006173,8.272635120005722,10.416526179692767,0.0,8.272635321314958,2.0130923485987272e-07,0.0,2.2980160373541665e-09,-4.5271974062566887e-13
967,58080.0,58080,8.237083681618302,8.237083681617866,10.533721843389605,0.0,8.237083882929246,2.013113800313181e-07,0.0,2.298008903882345e-09,-4.3660019669198815e-13
968,58140.0,58140,8.20229809933827,8.202298099337849,10.650413861709277,0.0,8.202298300651362,2.013135119835637e-07,0.0,2.298001981389717e-09,-4.2004730352564786e-13
969,58200.0,58200,8.168252025037223,8.168252025036821,10.766613084279978,0.0,8.168252226352452,2.0131563115778666e-07,0.0,2.2979952778815927e-09,-4.0320600321278e-13
970,58260.0,58260,8.134920354962704,8.134920354962317,10.882329987464741,0.0,8.134920556280056,2.0131773792542688e-07,0.0,2.297988798926757e-09,-3.862047123638247e-13
971,58320.0,58320,8.102279161288317,8.102279161287948,10.997574691990113,0.0,8.10227936260778,2.0131983259538285e-07,0.0,2.297982547933549e-09,-3.6915612568325336e-13
972,58380.0,58380,8.070305627554193,8.070305627553843,11.112356979605089,0.0,8.070305828875757,2.013219154209799e-07,0.0,2.2979765264130256e-09,-3.5215799941324586e-13
973,58440.0,58440,8.038977987746952,8.038977987746616,11.226686308825494,0.0,8.038978189070605,2.0132398660637867e-07,0.0,2.297970734228394e-09,-3.352942638195844e-13
974,58500.0,58500,8.008275468847907,8.00827546884759,11.340571829815294,0.0,8.008275670173633,2.0132604631279e-07,0.0,2.2979651698263374e-09,-3.186360331248687e-13
975,58560.0,58560,7.978178236649701,7.978178236649399,11.454022398454017,0.0,7.978178437977493,2.013280946640019e-07,0.0,2.2979598304519922e-09,-3.022427910483491e-13
976,58620.0,58620,7.948667344688616,7.948667344688329,11.567046589636597,0.0,7.94866754601846,2.0133013175161097e-07,0.0,2.297954712342223e-09,-2.8616342739307867e-13
977,58680.0,58680,7.9197246861219925,7.919724686121721,11.679652709849723,0.0,7.919724887453878,2.0133215763981693e-07,0.0,2.2979498109039025e-09,-2.7043739784484106e-13
978,58740.0,58740,7.891332948413463,7.891332948413208,11.791848809066483,0.0,7.891333149747379,2.013341723695686e-07,0.0,2.297945120871257e-09,-2.550957694121014e-13
979,58800.0,58800,7.863475570674631,7.863475570674391,11.903642691999032,0.0,7.863475772010567,2.0133617596255016e-07,0.0,2.2979406364463833e-09,-2.401621495178106e-13
980,58860.0,58860,7.836136703512164,7.836136703511939,12.015041928746944,0.0,7.836136904850108,2.0133816842456838e-07,0.0,2.2979363514242273e-09,-2.256536896387664e-13
981,58920.0,58920,7.8093011712578875,7.809301171257677,12.126053864876717,0.0,7.809301372597827,2.0134014974861064e-07,0.0,2.2979322593002775e-09,-2.1158192288457903e-13
982,58980.0,58980,7.7829544364490175,7.78295443644882,12.23668563096622,0.0,7.782954637790941,2.0134211991752577e-07,0.0,2.2979283533652636e-09,-1.979535419228548e-13
983,59040.0,59040,7.757082566416696,7.7570825664165115,12.346944151645921,0.0,7.75708276776059,2.0134407890640966e-07,0.0,2.2979246267857912e-09,-1.8477109117207686e-13
984,59100.0,59100,7.7316722018671165,7.731672201866944,12.456836154166828,0.0,7.731672403212971,2.013460266845959e-07,0.0,2.2979210726743124e-09,-1.7203364059139087e-13
985,59160.0,59160,7.706710527343336,7.7067105273431755,12.566368176523278,0.0,7.70671072869114,2.0134796321751013e-07,0.0,2.297917684147081e-09,-1.5973735472474933e-13
986,59220.0,59220,7.682185243441914,7.682185243441768,12.675546575157304,0.0,7.6821854447916555,2.013498884680774e-07,0.0,2.2979144543732366e-09,-1.47875967676799e-13
987,59280.0,59280,7.6580845406805205,7.658084540680384,12.78437753226939,0.0,7.658084742032187,2.0135180239806667e-07,0.0,2.2979113766153485e-09,-1.3644128004819722e-13
988,59340.0,59340,7.634397074920052,7.634397074919927,12.892867062759017,0.0,7.634397276273631,2.0135370496912126e-07,0.0,2.2979084442624795e-09,-1.2542346586283653e-13
989,59400.0,59400,7.611111944236441,7.611111944236326,13.001021020817031,0.0,7.611112145591922,2.0135559614374256e-07,0.0,2.2979056508573647e-09,-1.148115137854848e-13
990,59460.0,59460,7.588218667142329,7.588218667142226,13.108845106190358,0.0,7.588218868499701,2.0135747588587308e-07,0.0,2.297902990116357e-09,-1.0459344946394671e-13
991,59520.0,59520,7.565707162092563,7.565707162092469,13.216344870138181,0.0,7.565707363451814,2.013593441616788e-07,0.0,2.2979004559460594e-09,-9.47565970079355e-14
992,59580.0,59580,7.543567728176686,7.543567728176601,13.323525721097793,0.0,7.543567929537802,2.0136120093980263e-07,0.0,2.2978980424549753e-09,-8.52877992100018e-14
993,59640.0,59640,7.521791026917989,7.521791026917913,13.430392930076923,0.0,7.521791228280958,2.0136304619192182e-07,0.0,2.297895743962253e-09,-7.61736227056084e-14
994,59700.0,59700,7.500368065127761,7.500368065127694,13.536951635788222,0.0,7.5003682664925755,2.0136487989288902e-07,0.0,2.2978935550021015e-09,-6.740046865693407e-14
995,59760.0,59760,7.479290178722659,7.479290178722602,13.643206849540821,0.0,7.479290380089304,2.0136670202100436e-07,0.0,2.297891470327262e-09,-5.895471239372544e-14
996,59820.0,59820,7.45854901746013,7.458549017460079,13.749163459902675,0.0,7.458549218828592,2.0136851255810446e-07,0.0,2.297889484909296e-09,-5.0822840620012673e-14
997,59880.0,59880,7.438136530520802,7.438136530520758,13.854826237146641,0.0,7.43813673189107,2.0137031148958322e-07,0.0,2.2978875939371543e-09,-4.299147102511618e-14
998,59940.0,59940,7.418044952902858,7.4180449529028225,13.960199837492294,0.0,7.418045154274921,2.0137209880446776e-07,0.0,2.297885792815256e-09,-3.544747153797107e-14
999,60000.0,60000,7.398266792548755,7.398266792548727,14.065288807155023,0.0,7.398266993922602,2.0137387449540538e-07,0.0,2.2978840771594427e-09,-2.817799114854552e-14
1000,60060.0,60060,7.378794818184271,7.37879481818425,14.170097586212732,0.0,7.378795019559889,2.0137563855854575e-07,0.0,2.297882442792563e-09,-2.117055234345862e-14
1001,60120.0,60120,7.359622047808462,7.359622047808447,14.274630512300268,0.0,7.359622249185838,2.01377390993507e-07,0.0,2.2978808857385073e-09,-1.4412944084722227e-14
1002,60180.0,60180,7.340741737798085,7.340741737798077,14.378891824140815,0.0,7.340741939177208,2.013791318032187e-07,0.0,2.297879402217794e-09,-7.893428168281062e-15
1003,60240.0,60240,7.322147372589045,7.322147372589043,14.482885664922874,0.0,7.322147573969906,2.0138086099386697e-07,0.0,2.2978779886402097e-09,-1.6005953145264175e-15
1004,60300.0,60300,7.3038326549063886,7.303832654906393,14.586616085531137,0.0,7.303832856288972,2.0138257857466432e-07,0.0,2.297876641598929e-09,4.4765122248496725e-15
1005,60360.0,60360,7.285791496488446,7.285791496488457,14.690087047638887,0.0,7.285791697872741,2.013842845577868e-07,0.0,2.2978753578639284e-09,1.0348494881830256e-14
1006,60420.0,60420,7.268018009300914,7.268018009300931,14.793302426669047,0.0,7.26801821068691,2.013859789581466e-07,0.0,2.297874134375575e-09,1.602552673374382e-14
1007,60480.0,60480,7.250506497190536,7.250506497190558,14.896266014630717,0.0,7.25050669857822,2.013876617932453e-07,0.0,2.2978729682380435e-09,2.1517386683691096e-14
1008,60540.0,60540,7.233251447960851,7.233251447960878,14.998981522837482,0.0,7.233251649350213,2.0138933308302238e-07,0.0,2.297871856712655e-09,2.6833476133099064e-14
1009,60600.0,60600,7.216247525848642,7.216247525848675,15.101452584513488,0.0,7.216247727239669,2.0139099284968517e-07,0.0,2.297870797212073e-09,3.1982816229893806e-14
1010,60660.0,60660,7.199489564364586,7.199489564364623,15.203682757292901,0.0,7.199489765757265,2.0139264111746812e-07,0.0,2.2978697872936418e-09,3.697410318299937e-14
1011,60720.0,60720,7.182972559491181,7.182972559491222,15.305675525617954,0.0,7.182972760885501,2.0139427791257007e-07,0.0,2.2978688246544425e-09,4.1815601672419396e-14
1012,60780.0,60780,7.166691663206887,7.166691663206933,15.40743430304063,0.0,7.166691864602838,2.0139590326288748e-07,0.0,2.2978679071244646e-09,4.651532857716161e-14
1013,60840.0,60840,7.150642177319976,7.150642177320027,15.508962434432606,0.0,7.150642378717543,2.0139751719784438e-07,0.0,2.297867032661992e-09,5.1080953270379343e-14
1014,60900.0,60900,7.1348195475987755,7.13481954759883,15.610263198107848,0.0,7.134819748997949,2.0139911974828767e-07,0.0,2.297866199348203e-09,5.551984434818418e-14
1015,60960.0,60960,7.119219358171084,7.1192193581711445,15.711339807862037,0.0,7.119219559571856,2.0140071094624141e-07,0.0,2.2978654053828425e-09,5.983908675673374e-14
1016,61020.0,61020,7.103837326194273,7.103837326194338,15.812195414932663,0.0,7.103837527596629,2.0140229082480205e-07,0.0,2.297864649078579e-09,6.404552831849003e-14
1017,61080.0,61080,7.088669296756307,7.088669296756375,15.912833109883612,0.0,7.088669498160236,2.014038594179057e-07,0.0,2.2978639288579826e-09,6.814573419661976e-14
1018,61140.0,61140,7.073711238018485,7.073711238018558,16.01325592441752,0.0,7.073711439423975,2.0140541676021818e-07,0.0,2.2978632432486995e-09,7.214608896937953e-14
1019,61200.0,61200,7.05895923657869,7.058959236578766,16.113466833119304,0.0,7.05895943798573,2.014069628869364e-07,0.0,2.297862590880266e-09,7.605271406634285e-14
1020,61260.0,61260,7.044409493028805,7.044409493028884,16.213468755134027,0.0,7.044409694437383,2.0140849783362339e-07,0.0,2.2978619704805945e-09,7.987157837297812e-14
1021,61320.0,61320,7.030058317715245,7.030058317715328,16.313264555781785,0.0,7.03005851912535,2.0141002163606457e-07,0.0,2.297861380872537e-09,8.360848337317132e-14
1022,61380.0,61380,7.015902126683523,7.015902126683611,16.4128570481126,0.0,7.0159023280951445,2.0141153433006365e-07,0.0,2.2978608209716825e-09,8.726902053364135e-14
1023,61440.0,61440,7.001937437793721,7.001937437793811,16.51224899440379,0.0,7.001937639206848,2.0141303595137724e-07,0.0,2.2978602897833283e-09,9.085872150903002e-14
1024,61500.0,61500,6.988160866999511,6.988160866999605,16.611443107602373,0.0,6.988161068414132,2.0141452653541144e-07,0.0,2.297859786400767e-09,9.43829112314353e-14
1025,61560.0,61560,6.9745691247855826,6.974569124785681,16.710442052714704,0.0,6.974569326201686,2.014160061171905e-07,0.0,2.297859310002832e-09,9.784687414644962e-14
1026,61620.0,61620,6.961159012746769,6.9611590127468705,16.809248448145667,0.0,6.961159214164345,2.014174747310978e-07,0.0,2.297858859852305e-09,1.0125578786795648e-13
1027,61680.0,61680,6.947927420304923,6.947927420305027,16.907864866989406,0.0,6.94792762172396,2.0141893241071892e-07,0.0,2.297858435295178e-09,1.0461473047025107e-13
1028,61740.0,61740,6.934871321569459,6.934871321569567,17.00629383827355,0.0,6.934871522989947,2.0142037918877107e-07,0.0,2.2978580357584913e-09,1.0792876063642432e-13
1029,61800.0,61800,6.9219877722990795,6.9219877722991905,17.104537848158937,0.0,6.921987973721007,2.0142181509678908e-07,0.0,2.2978576607502066e-09,1.1120286521779941e-13
1030,61860.0,61860,6.909273906999108,6.909273906999223,17.202599341096324,0.0,6.909274108422463,2.0142324016505494e-07,0.0,2.2978573098582696e-09,1.144420387677893e-13
1031,61920.0,61920,6.896726936120022,6.8967269361201415,17.30048072094196,0.0,6.896727137544795,2.014246544223649e-07,0.0,2.2978569827506088e-09,1.1765125462383554e-13
1032,61980.0,61980,6.884344143362045,6.884344143362166,17.39818435203347,0.0,6.884344344788223,2.0142605789586727e-07,0.0,2.2978566791746452e-09,1.2083548547858365e-13
1033,62040.0,62040,6.872122883079006,6.87212288307913,17.49571256022757,0.0,6.872123084506581,2.0142745061088994e-07,0.0,2.2978563989581522e-09,1.2399972234868264e-13
1034,62100.0,62100,6.8600605777707715,6.860060577770899,17.593067633900993,0.0,6.860060779199732,2.0142883259072308e-07,0.0,2.2978561420087216e-09,1.2714902278168452e-13
1035,62160.0,62160,6.848154715670583,6.848154715670714,17.690251824915883,0.0,6.848154917100918,2.0143020385640737e-07,0.0,2.297855908315441e-09,1.302884750411823e-13
1036,62220.0,62220,6.836402848409552,6.836402848409685,17.787267349551012,0.0,6.83640304984125,2.0143156442656138e-07,0.0,2.2978556979493424e-09,1.3342323045138415e-13
1037,62280.0,62280,6.824802588756876,6.824802588757012,17.884116389399942,0.0,6.824802790189928,2.014329143171644e-07,0.0,2.297855511064426e-09,1.3655854461304094e-13
1038,62340.0,62340,6.813351608443307,6.813351608443446,17.980801092237122,0.0,6.8133518098777,2.014342535413551e-07,0.0,2.2978553478997015e-09,1.3969977061994496e-13
1039,62400.0,62400,6.802047636045761,6.802047636045904,18.077323572853192,0.0,6.802047837481487,2.0143558210915165e-07,0.0,2.2978552087804555e-09,1.4285233206542578e-13
1040,62460.0,62460,6.790888454937965,6.790888454938112,18.17368591386029,0.0,6.790888656375013,2.0143690002727373e-07,0.0,2.2978550941201726e-09,1.4602183953673316e-13
1041,62520.0,62520,6.779871901313646,6.779871901313796,18.269890166468358,0.0,6.779872102752002,2.0143820729889682e-07,0.0,2.2978550044227435e-09,1.4921397508827636e-13
1042,62580.0,62580,6.768995862251341,6.768995862251493,18.36593835123341,0.0,6.768996063690996,2.0143950392340364e-07,0.0,2.2978549402848743e-09,1.5243463603507761e-13
1043,62640.0,62640,6.758258273850672,6.758258273850826,18.461832458778414,0.0,6.758258475291616,2.0144078989610682e-07,0.0,2.2978549023982954e-09,1.5568982152525854e-13
1044,62700.0,62700,6.747657119415876,6.747657119416035,18.557574450487735,0.0,6.747657320858099,2.014420652080293e-07,0.0,2.2978548915529484e-09,1.589857152476492e-13
1045,62760.0,62760,6.737190427687726,6.73719042768789,18.653166259175894,0.0,6.737190629131219,2.014433298456688e-07,0.0,2.29785490863907e-09,1.6232868097525325e-13
1046,62820.0,62820,6.726856271129939,6.726856271130105,18.748609789731237,0.0,6.726856472574689,2.0144458379065267e-07,0.0,2.297854954650995e-09,1.6572524758657859e-13
1047,62880.0,62880,6.716652764257652,6.71665276425782,18.84390691973534,0.0,6.716652965703648,2.0144582701951548e-07,0.0,2.297855030689074e-09,1.69182115976224e-13
1048,62940.0,62940,6.706578062014996,6.706578062015169,18.93905950005875,0.0,6.706578263462229,2.014470595034505e-07,0.0,2.297855137963641e-09,1.7270619749256634e-13
1049,63000.0,63000,6.696630358196089,6.6966303581962645,19.03406935543372,0.0,6.696630559644547,2.0144828120804556e-07,0.0,2.2978552777975454e-09,1.7630451915905704e-13
1050,63060.0,63060,6.686807883908824,6.6868078839090055,19.128938285004583,0.0,6.686808085358498,2.014494920929692e-07,0.0,2.2978554516288915e-09,1.7998429572218108e-13
1051,63120.0,63120,6.6771089060883675,6.677108906088551,19.223668062856376,0.0,6.677109107539243,2.0145069211179275e-07,0.0,2.297855661013816e-09,1.8375287309372726e-13
1052,63180.0,63180,6.667531726047368,6.6675317260475575,19.318260438522376,0.0,6.667531927499438,2.0145188121169737e-07,0.0,2.297855907628533e-09,1.8761770819211605e-13
1053,63240.0,63240,6.658074678084561,6.658074678084752,19.412717137471123,0.0,6.6580748795378115,2.0145305933329357e-07,0.0,2.2978561932719505e-09,1.9158630760372662e-13
1054,63300.0,63300,6.6487361281321915,6.648736128132388,19.50703986157373,0.0,6.648736329586614,2.014542264103963e-07,0.0,2.297856519865667e-09,1.9566624056072274e-13
1055,63360.0,63360,6.639514472453888,6.6395144724540875,19.60123028955201,0.0,6.639514673909471,2.0145538236989151e-07,0.0,2.2978568894556107e-09,1.9986504041170605e-13
1056,63420.0,63420,6.6304081364093275,6.630408136409532,19.695290077408178,0.0,6.63040833786606,2.014565271316132e-07,0.0,2.2978573042113814e-09,2.041901392440381e-13
1057,63480.0,63480,6.621415573268366,6.6214155732685755,19.78922085883704,0.0,6.621415774726236,2.0145766060823624e-07,0.0,2.297857766424374e-09,2.0864876428631e-13
1058,63540.0,63540,6.6125352630901615,6.612535263090374,19.883024245621407,0.0,6.612535464549156,2.0145878270536262e-07,0.0,2.29785827850467e-09,2.1324787082399626e-13
1059,63600.0,63600,6.603765711685,6.603765711685218,19.976701828011578,0.0,6.603765913145112,2.014598933214142e-07,0.0,2.2978588429760113e-09,2.1799397568395463e-13
1060,63660.0,63660,6.59510544964708,6.595105449647302,20.07025517509018,0.0,6.595105651108294,2.0146099234805918e-07,0.0,2.2978594624697924e-09,2.228930302728846e-13
1061,63720.0,63720,6.5865530314871155,6.586553031487344,20.163685835123232,0.0,6.586553232949423,2.0146207967020416e-07,0.0,2.2978601397139435e-09,2.279502056289943e-13
1062,63780.0,63780,6.578107034857562,6.578107034857794,20.256995335899017,0.0,6.57810723632095,2.014631551665669e-07,0.0,2.2978608775212416e-09,2.33169689118988e-13
1063,63840.0,63840,6.569766059906455,6.569766059906694,20.350185185055885,0.0,6.569766261370913,2.0146421871019965e-07,0.0,2.297861678772431e-09,2.385544578602396e-13
1064,63900.0,63900,6.561528728749111,6.561528728749353,20.44325687040094,0.0,6.5615289302146245,2.014652701691508e-07,0.0,2.297862546396319e-09,2.441059685519006e-13
1065,63960.0,63960,6.553393685101945,6.553393685102196,20.536211860221265,0.0,6.553393886568505,2.014663094074327e-07,0.0,2.297863483344111e-09,2.498237667234736e-13
1066,64020.0,64020,6.545359594070353,6.545359594070609,20.629051603589918,0.0,6.545359795537946,2.0146733628619612e-07,0.0,2.2978644925580193e-09,2.557052191174217e-13
1067,64080.0,64080,6.5374251421394485,6.5374251421397105,20.721777530668962,0.0,6.537425343608061,2.01468350665046e-07,0.0,2.297865576934728e-09,2.6174492896932615e-13
1068,64140.0,64140,6.529589037362843,6.5295890373631105,20.814391053012308,0.0,6.529589238832464,2.0146935240389066e-07,0.0,2.297866739279535e-09,2.6793440034665246e-13
1069,64200.0,64200,6.521850009809622,6.521850009809897,20.906893563871318,0.0,6.521850211280238,2.0147034136480683e-07,0.0,2.2978679822544056e-09,2.742613205796192e-13
1070,64260.0,64260,6.514206812262367,6.514206812262648,20.999286438506655,0.0,6.514207013733965,2.0147131741451675e-07,0.0,2.2978693083149914e-09,2.8070908539495247e-13
1071,64320.0,64320,6.506658221230858,6.506658221231144,21.09157103451007,0.0,6.506658422703426,2.0147228042713196e-07,0.0,2.2978707196386184e-09,2.872560449350306e-13
1072,64380.0,64380,6.499203038282041,6.499203038282336,21.183748692140536,0.0,6.499203239755566,2.0147323028735244e-07,0.0,2.297872218040582e-09,2.938748156947694e-13
1073,64440.0,64440,6.491840091755199,6.491840091755499,21.275820734679225,0.0,6.491840293229666,2.0147416689403948e-07,0.0,2.2978738048783494e-09,3.0053150014979046e-13
1074,64500.0,64500,6.484568238867314,6.484568238867621,21.367788468808786,0.0,6.48456844034271,2.0147509016433035e-07,0.0,2.2978754809434963e-09,3.0718487769412654e-13
1075,64560.0,64560,6.477386368280101,6.477386368280413,21.459653185022432,0.0,6.477386569756414,2.0147600003821828e-07,0.0,2.297877246339302e-09,3.1378559519416794e-13
1076,64620.0,64620,6.470293403123248,6.470293403123568,21.55141615806942,0.0,6.470293604600465,2.014768964834124e-07,0.0,2.2978791003452644e-09,3.2027529913393265e-13
1077,64680.0,64680,6.463288304559172,6.463288304559501,21.64307864744335,0.0,6.463288506037281,2.0147777950096426e-07,0.0,2.2978810412675943e-09,3.265858832280502e-13
1078,64740.0,64740,6.456370075886708,6.456370075887041,21.734641897920955,0.0,6.456370277365689,2.0147864913089928e-07,0.0,2.2978830662765947e-09,3.3263875135917096e-13
1079,64800.0,64800,6.449537767223263,6.449537767223601,21.826107140159035,0.0,6.449537968703107,2.014795054585547e-07,0.0,2.2978851712314895e-09,3.3834415019456755e-13
1080,64860.0,64860,6.4427904808016185,6.442790480801963,21.917475591357707,0.0,6.442790682282312,2.014803486208546e-07,0.0,2.2978873504952407e-09,3.4360082434285573e-13
1081,64920.0,64920,6.4361273768614,6.436127376861749,22.008748455998745,0.0,6.436127578342927,2.0148117881290923e-07,0.0,2.297889596742661e-09,3.48295623726274e-13
1082,64980.0,64980,6.429547680160554,6.429547680160907,22.099926926667287,0.0,6.429547881642902,2.0148199629452047e-07,0.0,2.297891900762071e-09,3.523036210906333e-13
1083,65040.0,65040,6.423050687053365,6.423050687053722,22.191012184965903,0.0,6.423050888536524,2.0148280139647232e-07,0.0,2.297894251259737e-09,3.5548850741728546e-13
1084,65100.0,65100,6.416635773083951,6.416635773084309,22.28200540252883,0.0,6.416635974567904,2.0148359452654992e-07,0.0,2.297896634670064e-09,3.577032276169424e-13
1085,65160.0,65160,6.410302401000654,6.4103024010010135,22.372907742143855,0.0,6.41030260248539,2.0148437617490925e-07,0.0,2.29789903497667e-09,3.5879123889158985e-13
1086,65220.0,65220,6.4040501290288185,6.4040501290291765,22.4637203589877,0.0,6.404050330514325,2.0148514691859477e-07,0.0,2.297901433555034e-09,3.585881240445587e-13
1087,65280.0,65280,6.3978786191934365,6.3978786191937935,22.554444401978607,0.0,6.397878820679701,2.0148590742533978e-07,0.0,2.2979038090413013e-09,3.569236030300381e-13
1088,65340.0,65340,6.391787645385723,6.391787645386078,22.645081015246845,0.0,6.391787846872737,2.0148665845590242e-07,0.0,2.297906137235749e-09,3.5362403430639093e-13
1089,65400.0,65400,6.385777100790305,6.385777100790655,22.735631339719472,0.0,6.385777302278057,2.0148740086556955e-07,0.0,2.297908391046957e-09,3.485151900124317e-13
1090,65460.0,65460,6.37984700414345,6.379847004143792,22.826096514810327,0.0,6.379847205631928,2.0148813560418045e-07,0.0,2.2979105404837963e-09,3.414250465055526e-13
1091,65520.0,65520,6.373997504180997,6.37399750418133,22.91647768019869,0.0,6.3739977056701935,2.0148886371509345e-07,0.0,2.29791255269344e-09,3.32186730909622e-13
1092,65580.0,65580,6.368228881485454,6.3682288814857735,23.00677597767091,0.0,6.368229082975359,2.0148958633349105e-07,0.0,2.2979143920490284e-09,3.20641017726316e-13
1093,65640.0,65640,6.362541546779331,6.362541546779639,23.096992552988276,0.0,6.362541748269942,2.0149030468400492e-07,0.0,2.297916020280252e-09,3.066381730762788e-13
1094,65700.0,65700,6.356936034558535,6.356936034558824,23.187128557730635,0.0,6.356936236049845,2.0149102007845313e-07,0.0,2.2979173966347868e-09,2.9003901617918787e-13
1095,65760.0,65760,6.351412990840866,6.351412990841138,23.277185151049867,0.0,6.351413192332871,2.0149173391429975e-07,0.0,2.2979184780582065e-09,2.7071454942491476e-13
1096,65820.0,65820,6.345973153714208,6.345973153714458,23.36716350124976,0.0,6.3459733552069055,2.0149244767453955e-07,0.0,2.2979192193703796e-09,2.485444019773664e-13
1097,65880.0,65880,6.340617325355271,6.3406173253554945,23.457064787090356,0.0,6.340617526848657,2.0149316292965727e-07,0.0,2.2979195734152573e-09,2.2341347255590918e-13
1098,65940.0,65940,6.33534633430451,6.335346334304704,23.546890198695866,0.0,6.335346535798585,2.0149388134226786e-07,0.0,2.297919491157983e-09,1.9520753367546713e-13
1099,66000.0,66000,6.330160987021771,6.330160987021935,23.636640937928156,0.0,6.33016118851654,2.014946046746627e-07,0.0,2.2979189217097815e-09,1.6380757958383255e-13
1100,66060.0,66060,6.325062008197224,6.325062008197353,23.72631821807394,0.0,6.325062209692688,2.014953347991182e-07,0.0,2.2979178122601145e-09,1.2908449973827487e-13
1101,66120.0,66120,6.320049969979437,6.320049969979528,23.81592326268637,0.0,6.320050171475602,2.0149607370971606e-07,0.0,2.297916107922436e-09,9.089455613446637e-14
1102,66180.0,66180,6.315125211137922,6.315125211137971,23.905457303424047,0.0,6.315125412634795,2.014968235339779e-07,0.0,2.2979137515051543e-09,4.907825893124228e-14
1103,66240.0,66240,6.310287748378068,6.310287748378071,23.9949215767448,0.0,6.310287949875659,2.0149758654076998e-07,0.0,2.297910683264369e-09,3.4641639641162308e-15
1104,66300.0,66300,6.305537183330985,6.30553718333094,24.084317319343114,0.0,6.305537384829305,2.0149836513942162e-07,0.0,2.2979068407201968e-09,-4.611901756291131e-14
1105,66360.0,66360,6.3008726102355315,6.300872610235432,24.173645762269935,0.0,6.300872811734594,2.014991618634347e-07,0.0,2.2979021586707094e-09,-9.981944038602552e-14
1106,66420.0,66420,6.296292530774058,6.296292530773899,24.26290812374456,0.0,6.296292732273879,2.0149997932965517e-07,0.0,2.297896569586292e-09,-1.5772457557769688e-13
1107,66480.0,66480,6.291794783895498,6.291794783895279,24.352105600760147,0.0,6.291794985396099,2.0150082016145243e-07,0.0,2.2978900046211833e-09,-2.1980581737643313e-13
1108,66540.0,66540,6.287376499360346,6.287376499360061,24.441239359694954,0.0,6.287376700861747,2.015016868621223e-07,0.0,2.297882395537608e-09,-2.8584186147048193e-13
1109,66600.0,66600,6.283034084125178,6.2830340841248224,24.530310526265513,0.0,6.283034285627404,2.0150258162211755e-07,0.0,2.297873677892478e-09,-3.553176490335791e-13
1110,66660.0,66660,6.278763250124866,6.278763250124439,24.619320175286898,0.0,6.278763451627945,2.015035060407793e-07,0.0,2.2978637958894737e-09,-4.2729599803884607e-13
1111,66720.0,66720,6.274559090354818,6.274559090354317,24.708269320826613,0.0,6.274559291858778,2.0150446074144725e-07,0.0,2.2978527093475565e-09,-5.002586687241277e-13
1112,66780.0,66780,6.270416207246452,6.27041620724588,24.79715890743625,0.0,6.270416408751325,2.0150544485536884e-07,0.0,2.2978404032920057e-09,-5.719137691566427e-13
1113,66840.0,66840,6.266328893154335,6.2663288931536965,24.885989803201838,0.0,6.266329094660152,2.0150645534814088e-07,0.0,2.297826900727374e-09,-6.389640041008102e-13
1114,66900.0,66900,6.262291357898802,6.262291357898104,24.974762795351126,0.0,6.2622915594055915,2.0150748615854768e-07,0.0,2.2978122792444046e-09,-6.968276777931158e-13
1115,66960.0,66960,6.2582979935074015,6.2582979935066625,25.06347858908429,0.0,6.258298195015191,2.0150852711716516e-07,0.0,2.297796692250523e-09,-7.392990892396981e-13
1116,67020.0,67020,6.254343662790535,6.254343662789776,25.152137810155235,0.0,6.254343864299338,2.0150956260820797e-07,0.0,2.297780395843097e-09,-7.581293288184068e-13
1117,67080.0,67080,6.250423996046665,6.250423996045922,25.240741011541022,0.0,6.250424197556492,2.0151056994390306e-07,0.0,2.297763782665216e-09,-7.425116032028265e-13
1118,67140.0,67140,6.246535672957323,6.246535672956645,25.32928868431461,0.0,6.2465358744681625,2.0151151745353758e-07,0.0,2.297747424353361e-09,-6.784900517797725e-13
1119,67200.0,67200,6.24267663124688,6.242676631246333,25.417781272511093,0.0,6.242676832758694,2.0151236241078067e-07,0.0,2.297732123884674e-09,-5.484388104447287e-13
1120,67260.0,67260,6.23884601990016,6.238846019899828,25.506219190950013,0.0,6.238846221412878,2.0151304926359716e-07,0.0,2.29771897669108e-09,-3.3109612726109225e-13
1121,67320.0,67320,6.235043396418615,6.235043396418613,25.59460284239485,0.0,6.235043597932122,2.015135094238748e-07,0.0,2.2977094313415712e-09,-3.336727218596654e-15
1122,67380.0,67380,6.231266101562971,6.231266101563427,25.68293262334037,0.0,6.231266303077092,2.0151366535769914e-07,0.0,2.297705320884628e-09,4.541114704494172e-13
1123,67440.0,67440,6.227503410446668,6.227503410447714,25.771208892608783,0.0,6.227503611961158,2.0151344362005245e-07,0.0,2.2977087991694093e-09,1.0443434541846243e-12
1124,67500.0,67500,6.223728112753968,6.223728112755703,25.85943185708638,0.0,6.223728314268506,2.0151280179197478e-07,0.0,2.2977220720184635e-09,1.7353453067633684e-12
1125,67560.0,67560,6.219894996087341,6.219894996089783,25.947601338180014,0.0,6.219895197601552,2.015117681832788e-07,0.0,2.297746812797004e-09,2.442918664097636e-12
1126,67620.0,67620,6.215971657722304,6.215971657725339,26.03571651678755,0.0,6.215971859235814,2.0151047558746305e-07,0.0,2.297783291897812e-09,3.034426697976136e-12
1127,67680.0,67680,6.212026472996909,6.212026473000283,26.123776114768255,0.0,6.2120266745094295,2.0150914633793135e-07,0.0,2.2978295630320804e-09,3.372378835049896e-12
1128,67740.0,67740,6.208322680753933,6.208322680757321,26.211779822632025,0.0,6.2083228822653105,2.015079912525299e-07,0.0,2.297881364149101e-09,3.387071989198048e-12
1129,67800.0,67800,6.205211202554185,6.205211202557231,26.299731060105692,0.0,6.20521140406433,2.0150709901613348e-07,0.0,2.2979332263234724e-09,3.04670903325522e-12
1130,67860.0,67860,6.202653210466142,6.202653210468153,26.38763821830486,0.0,6.202653411974725,2.0150657168462913e-07,0.0,2.2979791445099044e-09,2.0110029250851825e-12
1131,67920.0,67920,6.1997785996718315,6.1997785996713235,26.47550913828277,0.0,6.199778801178258,2.0150693474865156e-07,0.0,2.2980076111477415e-09,-5.077846828876425e-13
1132,67980.0,67980,6.1954364726583835,6.195436472654245,26.563339334607726,0.0,6.195436674163331,2.0150908629769463e-07,0.0,2.297994337114184e-09,-4.13818197078476e-12
1133,68040.0,68040,6.189998302294043,6.189998302288712,26.65110801746659,0.0,6.189998503801588,2.0151287512950034e-07,0.0,2.2979213758766393e-09,-5.33081728869371e-12
1134,68100.0,68100,6.186494886535412,6.18649488653477,26.73879965957861,0.0,6.18649508804987,2.0151509998034376e-07,0.0,2.2978294501263195e-09,-6.418171977384318e-13
1135,68160.0,68160,6.18782421037572,6.187824210384417,26.82644166996744,0.0,6.187824411895008,2.0151059002523804e-07,0.0,2.2978157793470274e-09,8.697122500672702e-12
1136,68220.0,68220,6.190467219201988,6.190467219230511,26.914102512444153,0.0,6.19046742072763,2.0149711642458531e-07,0.0,2.2979566411776886e-09,2.8523753355122027e-11
1137,68280.0,68280,6.190222527469059,6.190222527602663,27.00180079754622,0.0,6.190222729082279,2.0147961776527949e-07,0.0,2.298426244596374e-09,1.3360365433555107e-10
1138,68340.0,68340,6.191942492338043,6.191942493398592,27.089495616183605,0.0,6.191942694859627,2.014610344875682e-07,0.0,2.300647072455199e-09,1.0605485407990345e-09
1139,68400.0,68400,6.220270495961626,6.220270506154293,27.177214801003142,0.0,6.220270707561127,2.0140683347116218e-07,0.0,2.318320094861344e-09,1.0192667220613841e-08
1140,68460.0,68460,6.079580121323338,6.0795802176706255,27.265335299336854,0.0,6.079580418975702,2.0130507576957678e-07,0.0,2.4881948329030558e-09,9.634728695334057e-08
1141,68520.0,68520,3.018062666855614,48.083586206919804,27.351462685250635,0.0,48.083586407184235,2.002644304601269e-07,0.0,4.093972387485719e-09,45.06552354006419
1142,68580.0,68580,3.2240493325521316,41.26845838792499,28.032646822681386,0.0,41.268458588300675,2.0037568830736327e-07,0.0,0.7510920630950146,38.04440905537285
1143,68640.0,68640,3.347581912487873,36.16207818909857,28.61728331600942,0.0,36.16207838954415,2.004455784349765e-07,0.0,1.385165547351203,32.8144962766107
1144,68700.0,68700,3.442460536764548,31.995140451138358,29.12957942318725,0.0,31.995140651637055,2.0049870502510795e-07,0.0,1.932073818628024,28.552679914373805
1145,68760.0,68760,3.5231853672841598,28.546992512074716,29.582843912410503,0.0,28.546992712617428,2.0054270843264677e-07,0.0,2.4079518172008973,25.023807144790553
1146,68820.0,68820,3.595633357261803,25.703910724548923,29.98725963916358,0.0,25.703910925129833,2.005809173525185e-07,0.0,2.82501526961405,22.108277367287116
1147,68880.0,68880,3.662663543466809,23.371254817798416,30.35139837392661,0.0,23.371255018413464,2.0061504757276136e-07,0.0,3.193486559068812,19.708591274331607
1148,68940.0,68940,3.725847762666691,21.457760390238068,30.6824911500106,0.0,21.45776059088416,2.006460922886054e-07,0.0,3.5219630803076503,17.73191262757138
1149,69000.0,69000,3.7861558477367643,19.879035733592787,30.98647608837073,0.0,19.879035934267478,2.0067468845744072e-07,0.0,3.817494957433818,16.09287988585602
1150,69060.0,69060,3.844253592157232,18.562861274038887,31.26809576076165,0.0,18.562861474740167,2.0070128256339807e-07,0.0,4.085709622198063,14.718607681881652
1151,69120.0,69120,3.900635185992475,17.45124472311428,31.531069628308824,0.0,17.451244923840488,2.0072620806807612e-07,0.0,4.331019750229403,13.550609537121804
1152,69180.0,69180,3.955684205432335,16.499506241423482,31.778295594717832,0.0,16.49950644217321,2.0074972330809095e-07,0.0,4.556863242514746,12.543822035991148
1153,69240.0,69240,4.009704750601575,15.673975186395252,32.012038599302834,0.0,15.673975387167282,2.0077203222511502e-07,0.0,4.765926943114579,11.664270435793677
1154,69300.0,69300,4.062940108678141,14.949478375631095,32.23408658060821,0.0,14.949478576424392,2.00793297593212e-07,0.0,4.960331450377786,10.886538266952956
1155,69360.0,69360,4.115585813490089,14.30715976147104,32.445870857094384,0.0,14.30715996228469,2.0081365055028336e-07,0.0,5.141773754826981,10.19157394798095
1156,69420.0,69420,4.16779975807137,13.732770815527847,32.64855561987989,0.0,13.732771016361045,2.0083319785893597e-07,0.0,5.311633320626646,9.564971057456475
1157,69480.0,69480,4.219710386391834,13.21539796270919,32.843103205931165,0.0,13.215398163561218,2.0085202748990085e-07,0.0,5.471049504917567,8.995687576317357
1158,69540.0,69540,4.271423382536425,12.746541999352127,33.03032134323413,0.0,12.746542200222342,2.0087021287604062e-07,0.0,5.620977631189504,8.475118616815703
1159,69600.0,69600,4.323027074033564,12.319462679657482,33.21089735438948,0.0,12.319462880545297,2.008878161174428e-07,0.0,5.762229608136415,7.996435605623918
1160,69660.0,69660,4.374596716180645,11.928715856448173,33.38542307518245,0.0,11.928716057353066,2.0090489038159698e-07,0.0,5.895503534896794,7.554119140267527
1161,69720.0,69720,4.426197819117382,11.56982736058029,33.55441321597991,0.0,11.569827561501771,2.009214817020234e-07,0.0,6.021405520567902,7.143629541462908
1162,69780.0,69780,4.477888679036731,11.239062596858428,33.718319103085875,0.0,11.23906279779606,2.0093763033504982e-07,0.0,6.140466012925599,6.761173917821696
1163,69840.0,69840,4.529722267888375,10.933262513596123,33.87753915603906,0.0,10.933262714549494,2.0095337179431572e-07,0.0,6.253152244889278,6.403540245707748
1164,69900.0,69900,4.58174762166964,10.649725342403856,34.032427041146,0.0,10.649725543372595,2.009687376497484e-07,0.0,6.359877915651055,6.067977720734215
1165,69960.0,69960,4.6340108482574065,10.386119846225633,34.183298149661006,0.0,10.38612004720939,2.00983756153568e-07,0.0,6.461010877663275,5.752108997968225
1166,70020.0,70020,4.68655585461645,10.14042031928943,34.33043484698012,0.0,10.140420520287883,2.0099845273757674e-07,0.0,6.5568793609627285,5.453864464672979
1167,70080.0,70080,4.739424872494184,9.910856728279004,34.47409080100093,0.0,9.910856929291855,2.0101285041397032e-07,0.0,6.647777102040595,5.17143185578482
1168,70140.0,70140,4.792658842994888,9.695875544829729,34.614494604149066,0.0,9.6958757458567,2.010269701026066e-07,0.0,6.733967632970327,4.9032167018348405
1169,70200.0,70200,4.846297704622842,9.494108281140594,34.751852840531626,0.0,9.494108482181424,2.0104083090165998e-07,0.0,6.815687911334224,4.6478105765177515
1170,70260.0,70260,4.900380616638574,9.304345715683462,34.886352707345225,0.0,9.304345916737912,2.010544503142063e-07,0.0,6.8931514209428375,4.403965099044888
1171,70320.0,70320,4.954946139886314,9.125516439541368,35.018164271148144,0.0,9.125516640609213,2.0106784443950652e-07,0.0,6.966550839260235,4.170570299655054
1172,70380.0,70380,5.010032390011234,8.956668775253105,35.147442420205685,0.0,8.956668976334134,2.010810281363912e-07,0.0,7.036060344254471,3.9466363852418707
1173,70440.0,70440,5.065677172901003,8.796955395545039,35.27432856068578,0.0,8.796955596639055,2.0109401516359527e-07,0.0,7.10183761734182,3.7312782226440375
1174,70500.0,70500,5.121918108637841,8.645620150142467,35.39895209495331,0.0,8.645620351249285,2.0110681830135167e-07,0.0,7.164025587719206,3.5237020415046256
1175,70560.0,70560,5.178792747894328,8.501986729156059,35.52143171324427,0.0,8.501986930275509,2.011194494572879e-07,0.0,7.222753955077603,3.323193981261731
1176,70620.0,70620,5.236338683194938,8.365448873335122,35.641876524737896,0.0,8.365449074467042,2.0113191975907927e-07,0.0,7.27814052143195,3.1291101901401848
1177,70680.0,70680,5.29459365648674,8.235461898757446,35.76038704994069,0.0,8.235462099901687,2.011442396359935e-07,0.0,7.330292357934272,2.940868242270706
1178,70740.0,70740,5.3535956639280515,8.111535345277144,35.8770560930036,0.0,8.111535546433563,2.0115641889087996e-07,0.0,7.379306828638769,2.757939681349092
1179,70800.0,70800,5.413383058437316,7.993226589476968,35.99196950989218,0.0,7.993226790645434,2.0116846676400573e-07,0.0,7.425272489994572,2.579843531039652
1180,70860.0,70860,5.473994650410484,7.880135287654106,36.10520688607356,0.0,7.8801354888345,2.011803919898427e-07,0.0,7.468269882178553,2.406140637243621
1181,70920.0,70920,5.535469806901553,7.771898534281145,36.21684213547908,0.0,7.771898735473347,2.0119220284763398e-07,0.0,7.5083722261325985,2.2364287273795918
1182,70980.0,70980,5.597848549530958,7.668186637904903,36.32694403087846,0.0,7.66818683910881,2.0120390720684194e-07,0.0,7.545646038255578,2.070338088373945
1183,71040.0,71040,5.661171651394503,7.5686994304018285,36.43557667441248,0.0,7.568699631617342,2.0121551256774903e-07,0.0,7.580151673061797,1.9075277790073255
1184,71100.0,71100,5.725480733229057,7.473163037271188,36.54279991584018,0.0,7.473163238498215,2.0122702609813506e-07,0.0,7.611943802711906,1.747682304042131
1185,71160.0,71160,5.790818359099761,7.381327046782737,36.64866972503182,0.0,7.381327248021193,2.01238454666345e-07,0.0,7.641071841112595,1.5905086876829746
1186,71220.0,71220,5.857228131872105,7.292962024463754,36.75323852435819,0.0,7.29296222571356,2.012498048712412e-07,0.0,7.667580319240632,1.4357338925916492
1187,71280.0,71280,5.9247547887452106,7.207857326900673,36.85655548586835,0.0,7.207857528161756,2.0126108306931273e-07,0.0,7.69150921745048,1.2831025381554628
1188,71340.0,71340,5.993444297091904,7.125819175196078,36.95866679749633,0.0,7.125819376468375,2.0127229539950604e-07,0.0,7.712894259753058,1.1323748781041738
1189,71400.0,71400,6.063343950845427,7.046668953949122,37.05961590197513,0.0,7.0466691552325695,2.0128344780573837e-07,0.0,7.731767174388115,0.9833250031036948
1190,71460.0,71460,6.134502467671632,6.970241706390366,37.15944371165291,0.0,6.970241907684912,2.012945460576167e-07,0.0,7.748155924439832,0.8357392387187333
1191,71520.0,71520,6.206970087106423,6.896384800290533,37.25818880199025,0.0,6.896385001596129,2.0130559576943811e-07,0.0,7.762084911751798,0.6894147131841097
1192,71580.0,71580,6.280798669846574,6.824956742821741,37.355887586157806,0.0,6.824956944138345,2.0131660241768644e-07,0.0,7.773575156971521,0.5441580729751674
1193,71640.0,71640,6.356041798320862,6.755826125475111,37.45257447284454,0.0,6.7558263268026835,2.0132757135722582e-07,0.0,7.782644458187762,0.39978432715424894
1194,71700.0,71700,6.4327548786413455,6.688870682723287,37.54828200911882,0.0,6.688870884061796,2.013385078362783e-07,0.0,7.789307530306987,0.25611580408194135
1195,71760.0,71760,6.510995243993884,6.623976450319308,37.643041009954096,0.0,6.623976651668725,2.0134941701043872e-07,0.0,7.793576127041675,0.11298120632542409
1196,71820.0,71820,6.5908222594594355,6.561037010968479,37.73688067583029,0.0,6.561037212328783,2.01360303955701e-07,0.0,7.795459147147087,-0.02978524849095646
1197,71880.0,71880,6.672297428218044,6.499952816757275,37.829828699648985,0.0,6.499953018128449,2.0137117368061062e-07,0.0,7.794962726338894,-0.17234461146076885
1198,71940.0,71940,6.755484499004347,6.440630579083089,37.92191136404966,0.0,6.440630780465121,2.0138203113783114e-07,0.0,7.79209031614787,-0.31485391992125855
1199,72000.0,72000,6.840449574620505,6.382982718034269,38.01315363008326,0.0,6.3829829194271515,2.0139288123494987e-07,0.0,7.786842750815838,-0.457466856586237
1200,72060.0,72060,6.927261221209938,6.326926864160822,38.103579218085315,0.0,6.326927065564552,2.014037288447286e-07,0.0,7.779218303206056,-0.600334357049116
1201,72120.0,72120,7.0159905779114204,6.272385406494747,38.19321068149079,0.0,6.272385607909326,2.0141457881477397e-07,0.0,7.769212730588559,-0.7436051714166741
1202,72180.0,72180,7.1067114663826665,6.21928508138454,38.282069474245965,0.0,6.219285282809977,2.0142543597681796e-07,0.0,7.7568193110649375,-0.8874263849981259
1203,72240.0,72240,7.1995004995677085,6.167556597398474,38.37017601239539,0.0,6.167556798834779,2.014363051555432e-07,0.0,7.742028871314958,-1.0319439021692345
1204,72300.0,72300,7.294437188916092,6.117134292076028,38.45754973035499,0.0,6.11713449352322,2.0144719117692186e-07,0.0,7.724829806278794,-1.1773028968400643
1205,72360.0,72360,7.391604049113267,6.067955816812706,38.544209132322486,0.0,6.067956018270805,2.0145809887624588e-07,0.0,7.70520809133145,-1.323648232300562
1206,72420.0,72420,7.491086699162453,6.019961846539814,38.630171839223735,0.0,6.019962048008846,2.0146903310582753e-07,0.0,7.6831472874597635,-1.4711248526226395
1207,72480.0,72480,7.592973958479288,5.973095811272407,38.71545463154607,0.0,5.973096012752406,2.0147999874220046e-07,0.0,7.658628539916044,-1.6198781472068804
1208,72540.0,72540,7.697357936364707,5.927303646806627,38.80007348836878,0.0,5.927303848297628,2.0149100069311413e-07,0.0,7.631630570795921,-1.7700542895580795
1209,72600.0,72600,7.804334113010532,5.882533562227328,38.88404362286152,0.0,5.882533763729373,2.0150204390397095e-07,0.0,7.602129665969943,-1.9218005507832034
1210,72660.0,72660,7.914001409825439,5.838735821972434,38.96737951448935,0.0,5.838736023485568,2.015131333640099e-07,0.0,7.570099656790213,-2.075265587853006
1211,72720.0,72720,8.026462246585979,5.7958625404945305,39.05009493813023,0.0,5.795862742018805,2.0152427411189886e-07,0.0,7.535511896992653,-2.230599706091448
1212,72780.0,72780,8.14182258251122,5.7538674876224265,39.13220299028346,0.0,5.753867689157898,2.0153547124087174e-07,0.0,7.498335235224455,-2.387955094888792
1213,72840.0,72840,8.26019193799368,5.712705902921443,39.213716112520984,0.0,5.7127061044681735,2.0154672990324335e-07,0.0,7.458535983642966,-2.547486035072236
1214,72900.0,72900,8.381683393262124,5.672334317360576,39.29464611230854,0.0,5.672334518918632,2.01558055314155e-07,0.0,7.41607788305842,-2.7093490759015464
1215,72960.0,72960,8.506413559837853,5.632710380744316,39.37500418130063,0.0,5.632710582313769,2.0156945275459033e-07,0.0,7.370922065126718,-2.8737031790935377
1216,73020.0,73020,8.634502520163554,5.593792693343271,39.454800911190624,0.0,5.593792894924199,2.0158092757321177e-07,0.0,7.323027012141819,-3.0407098268202835
1217,73080.0,73080,8.766073730335853,5.555540640199153,39.53404630717574,0.0,5.555540841791638,2.0159248518709521e-07,0.0,7.272348515028138,-3.2105330901367006
1218,73140.0,73140,8.901253880440574,5.517914226573413,39.61274979907463,0.0,5.517914428177543,2.0160413108087236e-07,0.0,7.21883963019252,-3.3833396538671625
1219,73200.0,73200,9.040172706591378,5.480873912948936,39.690920250113784,0.0,5.4808741145648066,2.0161587080421422e-07,0.0,7.162450635961393,-3.5592987936424416
1220,73260.0,73260,9.182962748472004,5.444380447934361,39.76856596337656,0.0,5.4443806495620715,2.0162770996684312e-07,0.0,7.103128989400679,-3.7385823005376433
1221,73320.0,73320,9.329759046003895,5.408394697311353,39.845694685884936,0.0,5.4083948989510064,2.01639654231138e-07,0.0,7.040819284391709,-3.921364348692544
1222,73380.0,73380,9.48069876877931,5.372877467322583,39.92231361025945,0.0,5.372877668974293,2.0165170930117465e-07,0.0,6.975463211913493,-4.1078213014567275
1223,73440.0,73440,9.635920772176716,5.337789320102764,39.99842937387577,0.0,5.337789521766645,2.0166388090797854e-07,0.0,6.906999523555875,-4.298131452073951
1224,73500.0,73500,9.79556507471864,5.303090378893172,40.07404805540644,0.0,5.303090580569347,2.016761747895851e-07,0.0,6.835363999354636,-4.492474695825468
1225,73560.0,73560,9.959772252367966,5.268740120404177,40.14917516860327,0.0,5.268740322092774,2.0168859666530398e-07,0.0,6.760489421090872,-4.69103213196379
1226,73620.0,73620,10.128682747185326,5.234697151240045,40.22381565313815,0.0,5.234697352941197,2.017011522022904e-07,0.0,6.682305552224803,-4.893985595945281
1227,73680.0,73680,10.302436090320898,5.200918964857351,40.29797386227651,0.0,5.2009191665711985,2.0171384697323363e-07,0.0,6.60073912562571,-5.101517125463547
1228,73740.0,73740,10.481170042804035,5.167361674862259,40.37165354710774,0.0,5.167361876588944,2.0172668640265645e-07,0.0,6.515713840201312,-5.313808367941776
1229,73800.0,73800,10.665019662310955,5.133979719714222,40.44485783699734,0.0,5.133979921453896,2.0173967569948795e-07,0.0,6.427150367402277,-5.531039942596735
1230,73860.0,73860,10.854116310199354,5.10072553289114,40.51758921585566,0.0,5.10072573464396,2.017528197726441e-07,0.0,6.334966368358991,-5.753390777308215
1231,73920.0,73920,11.048586620902936,5.067549171375647,40.58984949373394,0.0,5.06754937314177,2.0176612312542695e-07,0.0,6.239076522070515,-5.98103744952729
1232,73980.0,73980,11.248551465494826,5.034397893786263,40.66163977315738,0.0,5.0343980955658525,2.0177958972406726e-07,0.0,6.139392564578389,-6.214153571708563
1233,74040.0,74040,11.454124953056313,5.001215677478678,40.73296040948161,0.0,5.0012158792719,2.0179322283400253e-07,0.0,6.035823338383242,-6.452909275577636
1234,74100.0,74100,11.665413527721347,4.96794266153863,40.80381096440812,0.0,4.967942863345655,2.018070248159337e-07,0.0,5.928274850456945,-6.697470866182717
1235,74160.0,74160,11.882515235926588,4.9345144993690075,40.87419015160877,0.0,4.934514701190004,2.0182099687218827e-07,0.0,5.816650336020562,-6.9480007365575815
1236,74220.0,74220,12.105519257677763,4.900861600532583,40.94409577317865,0.0,4.9008618023677215,2.0183513873062357e-07,0.0,5.700850323744598,-7.20465765714518
1237,74280.0,74280,12.334505817540355,4.866908236278651,41.01352464534831,0.0,4.8669084381281,2.0184944825078592e-07,0.0,5.580772696125508,-7.467597581261704
1238,74340.0,74340,12.569546615577233,4.832571476299208,41.082472511524344,0.0,4.832571678163129,2.0186392093207793e-07,0.0,5.45631273643781,-7.736975139278027
1239,74400.0,74400,12.810705945765166,4.797759915291583,41.150933940267294,0.0,4.7977601171701325,2.0187854929906635e-07,0.0,5.327363150783173,-8.012946030473582
1240,74460.0,74460,13.058042699835347,4.762372135894949,41.21890220522927,0.0,4.76237233778827,2.0189332213152714e-07,0.0,5.193814050275277,-8.2956705639404
1241,74520.0,74520,13.31161348907566,4.726294838465416,41.28636914331642,0.0,4.726295040373641,2.0190822349834958e-07,0.0,5.055552874209601,-8.585318650610242
1242,74580.0,74580,13.571477157524399,4.689400546126394,41.35332498635661,0.0,4.689400748049625,2.019232315432447e-07,0.0,4.912464230032762,-8.882076611398004
1243,74640.0,74640,13.837701011485432,4.651544763101501,41.4197581602553,0.0,4.651544965039817,2.019383169553818e-07,0.0,4.764429619842792,-9.18615624838393
1244,74700.0,74700,14.110369160075834,4.612562421499993,41.48565504389444,0.0,4.612562623453433,2.0195344104142644e-07,0.0,4.611327015703059,-9.497806738575843
1245,74760.0,74760,14.38959346297836,4.572263390480235,41.55099967769417,0.0,4.572263592448788,2.0196855329373193e-07,0.0,4.453030236726793,-9.817330072498125
1246,74820.0,74820,14.675527737339864,4.530426732819983,41.615773408554425,0.0,4.530426934803571,2.0198358832573767e-07,0.0,4.289408068851823,-10.145101004519882
1247,74880.0,74880,14.96838612321372,4.486793262301594,41.67995445343112,0.0,4.486793464300057,2.019984620233115e-07,0.0,4.120323052109825,-10.481592860912126
1248,74940.0,74940,15.26846690829076,4.441055757222341,41.74351735747543,0.0,4.441055959235409,2.020130667454631e-07,0.0,3.9456298377612886,-10.827411151068418
1249,75000.0,75000,15.576183771688777,4.392845881368052,41.80643231353109,0.0,4.392846083395317,2.0202726542360125e-07,0.0,3.7651729852434817,-11.183337890320724
1250,75060.0,75060,15.89210749954786,4.34171638777608,41.86866429634544,0.0,4.341716589816964,2.020408844958136e-07,0.0,3.5787840204048025,-11.55039111177178
1251,75120.0,75120,16.21702305819965,4.287116418476142,41.9301719446672,0.0,4.287116620529848,2.02053705874977e-07,0.0,3.386277501875274,-11.92990663972351
1252,75180.0,75180,16.552010029036154,4.228356462696452,41.990906093423845,0.0,4.22835666476191,2.0206545880742198e-07,0.0,3.1874457245465497,-12.3236535663397
1253,75240.0,75240,16.89855981159666,4.164557424907292,42.05080780947359,0.0,4.164557626983106,2.0207581403598988e-07,0.0,2.98205149844089,-12.734002386689365
1254,75300.0,75300,17.258752573153163,4.094574573625827,42.10980570582129,0.0,4.094574775710214,2.0208438629687022e-07,0.0,2.7698181253294027,-13.164177999527338
1255,75360.0,75360,17.635534343933152,4.016880477227142,42.167812178442475,0.0,4.016880679317901,2.020907596041392e-07,0.0,2.5504151586706167,-13.618653866706012
1256,75420.0,75420,18.03316740167428,3.92937840216742,42.224717984698,0.0,3.9293786042619896,2.0209456978712915e-07,0.0,2.3234375942255197,-14.10378899950686
1257,75480.0,75480,18.457991147819364,3.829092326069336,42.2803841782235,0.0,3.8290925281650647,2.0209572782889961e-07,0.0,2.0883744442337426,-14.628898821750028
1258,75540.0,75540,18.919762847304884,3.7116251656017125,42.33462965233761,0.0,3.711625367696706,2.0209499343601366e-07,0.0,1.844559463871247,-15.208137681703173
1259,75600.0,75600,19.434142119000235,3.5701475512207588,42.3872110083451,0.0,3.5701477533162094,2.0209545059802657e-07,0.0,1.5910905025095332,-15.863994567779478
1260,75660.0,75660,20.027621158964106,3.3933304871571295,42.43778809814886,0.0,3.3933306892635717,2.0210644215381265e-07,0.0,1.3266905930465491,-16.63429067180698
1261,75720.0,75720,20.7484103640211,3.160503479761294,42.48586027954502,0.0,3.1605036819160954,2.0215480062906462e-07,0.0,1.0494524151831075,-17.58790688425981
1262,75780.0,75780,21.695210560859568,2.8275452357429645,42.530634078336284,0.0,2.827545438063817,2.0232085258904145e-07,0.0,0.7563206337787866,-18.867665325116604
1263,75840.0,75840,23.11747444664028,2.267831615237867,42.57069096867021,0.0,2.267831818124331,2.0288646505413806e-07,0.0,0.4418595450268557,-20.84964283140241
1264,75900.0,75900,25.276562693722763,1.2328135436999008,42.60281858271224,150.0,1.232813748712824,2.0501292386794245e-07,0.0,0.09436549783683322,125.95625084997712
1265,75960.0,75960,25.297510494593478,1.2263295167266357,42.62028344073549,150.0,1.2263297217777902,2.0505115559485007e-07,0.0,2.1936363453365,125.92881902213315
1266,76020.0,76020,25.30735624354007,1.2255490406077034,42.637656441709865,150.0,1.2255492456700552,2.0506235259326025e-07,0.0,4.292449995705433,125.91819279706766
1267,76080.0,76080,25.314241257719637,1.226386381980993,42.65501838593919,150.0,1.2263865870561026,2.050751104173528e-07,0.0,6.3910865423232766,125.91214512426136
1268,76140.0,76140,25.31948367011967,1.2280885313838912,42.67239219250459,150.0,1.2280887364720356,2.0508814528306204e-07,0.0,8.489622294394351,125.90860486126422
1269,76200.0,76200,25.323623344209583,1.2303678697817602,42.68979011285318,150.0,1.2303680748819368,2.051001775990386e-07,0.0,10.588099042082137,125.90674452557215
1270,76260.0,76260,25.32696492465286,1.2330761079615775,42.70722032382904,150.0,1.2330763130722397,2.0511066301857743e-07,0.0,12.686544784175055,125.90611118330871
1271,76320.0,76320,25.329701982019806,1.2361247323902738,42.724688901512415,150.0,1.2361249375097063,2.0511943334925731e-07,0.0,14.784979970563585,125.90642275037048
1272,76380.0,76380,25.331965427155602,1.2394562060111167,42.742200668041846,150.0,1.2394564111376056,2.0512648979991627e-07,0.0,16.883420349736475,125.90749077885549
1273,76440.0,76440,25.333847645441104,1.243030972015638,42.759759630447554,150.0,1.2430311771475437,2.0513190669967088e-07,0.0,18.981878529384115,125.90918332657456
1274,76500.0,76500,25.33541602109795,1.2468207395590205,42.77736923537165,150.0,1.2468209446948069,2.0513578716545133e-07,0.0,21.080364918160406,125.9114047184611
1275,76560.0,76560,25.336721051429546,1.250804683030043,42.79503252866926,150.0,1.2508048881682845,2.0513824245355115e-07,0.0,23.178888330134804,125.91408363160049
1276,76620.0,76620,25.337801453622287,1.2549671425197138,42.81275226116604,150.0,1.2549673476590952,2.0513938236213663e-07,0.0,25.277456390661534,125.91716568889743
1277,76680.0,76680,25.33868750124124,1.2592961595379273,42.830530961838924,150.0,1.2592963646772375,2.0513931093896623e-07,0.0,27.37607581880987,125.92060865829669
1278,76740.0,76740,25.339403272744246,1.2637825057548278,42.848370990252896,150.0,1.2637827108929514,2.051381247884938e-07,0.0,29.474752629781534,125.92437923301057
1279,76800.0,76800,25.33996820748924,1.2684190168456446,42.86627457523827,150.0,1.2684192219815564,2.0513591265944074e-07,0.0,31.57349228366509,125.9284508093564
1280,76860.0,76860,25.340398207651383,1.2732001226420224,42.88424384413078,150.0,1.2732003277747772,2.0513275565172385e-07,0.0,33.672299797154416,125.93280191499062
1281,76920.0,76920,25.340706434575743,1.278121507778775,42.902280845355406,150.0,1.2781217129075018,2.0512872770531414e-07,0.0,35.771179829070974,125.93741507320304
1282,76980.0,76980,25.340903894748465,1.283179861528626,42.92038756620282,150.0,1.2831800666525215,2.0512389619730706e-07,0.0,37.87013674695774,125.94227596678014
1283,77040.0,77040,25.34099987794605,1.2883726901145847,42.93856594706169,150.0,1.2883728952329063,2.051183225585214e-07,0.0,39.969174679737456,125.94737281216852
1284,77100.0,77100,25.341002289580512,1.2936981736926467,42.95681789299221,150.0,1.2936983788047085,2.051120628659398e-07,0.0,42.06829755994031,125.95269588411215
1285,77160.0,77160,25.340917906048645,1.2991550558939875,42.97514528327345,150.0,1.299155260999155,2.0510516839114783e-07,0.0,44.167509158008905,125.95823714984535
1286,77220.0,77220,25.33069416120223,1.310114582285919,42.993549979385875,140.00000000000014,1.310114787379704,2.0509378597917113e-07,0.0,46.26681311050638,115.97942042108384
1287,77280.0,77280,25.181028380436153,1.3948557283146104,43.012109935455555,0.0,1.3948559333462154,2.0503160595286466e-07,0.0,48.19980345085783,-23.78617265212154
1288,77340.0,77340,25.18083074693715,1.4012154125667393,43.03187039109413,0.0,1.4012156175905566,2.0502381811826438e-07,0.0,47.803367239989186,-23.779615334370412
1289,77400.0,77400,25.18066254543143,1.4076452723137054,43.051720942259635,0.0,1.407645477329878,2.0501617340894582e-07,0.0,47.407040317749725,-23.773017273117727
1290,77460.0,77460,25.180523981740002,1.4141463712764595,43.071662583104896,0.0,1.4141465762851313,2.0500867273595996e-07,0.0,47.010823363197815,-23.766377610463543
1291,77520.0,77520,25.180415261640178,1.420719783934953,43.09169632285216,0.0,1.4207199889362692,2.0500131699643186e-07,0.0,46.61471706969014,-23.759695477705225
1292,77580.0,77580,25.180336590949132,1.4273665951403516,43.11182318594543,0.0,1.4273668001344577,2.0499410707895147e-07,0.0,46.21872214506177,-23.752969995808776
1293,77640.0,77640,25.180288175607323,1.4340878996861097,43.13204421219746,0.0,1.4340881046731528,2.0498704386875024e-07,0.0,45.82283931179834,-23.746200275921215
1294,77700.0,77700,25.180270221771067,1.4408848018454437,43.15236045693057,0.0,1.4408850068255712,2.049801282527206e-07,0.0,45.4270693071997,-23.739385419925622
1295,77760.0,77760,25.180282935900756,1.447758414847505,43.17277299111096,0.0,1.4477586198208652,2.0497336112442496e-07,0.0,45.03141288353433,-23.732524521053254
1296,77820.0,77820,25.180326524863062,1.454709860324341,43.193282901475555,0.0,1.4547100652910834,2.0496674338882238e-07,0.0,44.63587080818349,-23.725616664538723
1297,77880.0,77880,25.180401196029955,1.4617402676902327,43.2138912906511,0.0,1.4617404726505079,2.0496027596709446e-07,0.0,44.240443863774566,-23.71866092833972
1298,77940.0,77940,25.180507157389503,1.4688507734784992,43.23459927726434,0.0,1.4688509784324584,2.0495395980122809e-07,0.0,43.84513284830229,-23.711656383911006
1299,78000.0,78000,25.18064461765771,1.4760425206098342,43.255407996042926,0.0,1.4760427255576292,2.0494779585845433e-07,0.0,43.449938575237155,-23.70460209704787
1300,78060.0,78060,25.180813786401725,1.48331665760771,43.27631859790589,0.0,1.4833168625494941,2.0494178513590945e-07,0.0,43.05486187361974,-23.697497128794016
1301,78120.0,78120,25.181014874166273,1.490674337739909,43.297332250043006,0.0,1.490674542675837,2.0493592866479932e-07,0.0,42.6599035881399,-23.690340536426362
1302,78180.0,78180,25.18124809261106,1.4981167180944936,43.318450135982005,0.0,1.4981169230247204,2.0493022751492176e-07,0.0,42.26506457919951,-23.683131374516563
1303,78240.0,78240,25.181513654655248,1.505644958578545,43.3396734556427,0.0,1.5056451635032266,2.0492468279888582e-07,0.0,41.87034572295762,-23.675868696076698
1304,78300.0,78300,25.18181177463438,1.5132602208422714,43.36100342537695,0.0,1.5132604257615665,2.0491929567635435e-07,0.0,41.475747911356386,-23.66855155379211
1305,78360.0,78360,25.182142668465403,1.520963667115243,43.38244127799328,0.0,1.5209638720293093,2.0491406735838605e-07,0.0,41.08127205212657,-23.661179001350156
1306,78420.0,78420,25.182506553825487,1.5287564589569318,43.403988262765154,0.0,1.5287566638659302,2.0490899911164955e-07,0.0,40.686919068770784,-23.653750094868556
1307,78480.0,78480,25.18290365034439,1.5366397559160032,43.42564564542147,0.0,1.5366399608200947,2.049040922626736e-07,0.0,40.29268990052304,-23.646263894428387
1308,78540.0,78540,25.183334179808018,1.5446147140837108,43.44741470811804,0.0,1.5446149189830585,2.0489934820221824e-07,0.0,39.89858550228261,-23.638719465724307
1309,78600.0,78600,25.1837983663842,1.552682484558403,43.46929674938867,0.0,1.5526826894531705,2.0489476838958782e-07,0.0,39.50460684452059,-23.631115881825796
1310,78660.0,78660,25.18429643686004,1.5608442117879635,43.49129308407437,0.0,1.5608444166783173,2.0489035435704127e-07,0.0,39.11075491315687,-23.623452225072075
1311,78720.0,78720,25.18482862090178,1.5691010318058167,43.51340504322917,0.0,1.5691012366919237,2.0488610771425954e-07,0.0,38.717030709405726,-23.61572758909596
1312,78780.0,78780,25.1853951513349,1.57745407034488,43.53563397400089,0.0,1.5774542752269094,2.048820301529416e-07,0.0,38.32343524958751,-23.607941080990017
1313,78840.0,78840,25.18599626444825,1.5859044408296628,43.55798123948526,0.0,1.5859046457077854,2.0487812345150984e-07,0.0,37.92996956490439,-23.600091823618587
1314,78900.0,78900,25.186632200321654,1.5944532422318372,43.58044821855151,0.0,1.5944534471062255,2.0487438947980805e-07,0.0,37.53663470117746,-23.592178958089814
1315,78960.0,78960,25.187303203184424,1.603101556798086,43.60303630563763,0.0,1.6031017616689154,2.0487083020420723e-07,0.0,37.14343171854269,-23.584201646386333
1316,79020.0,79020,25.188009521802332,1.6118504476296402,43.62574691051344,0.0,1.611850652497087,2.0486744769255964e-07,0.0,36.75036169110297,-23.576159074172693
1317,79080.0,79080,25.188751409897147,1.6207009561140897,43.64858145800939,0.0,1.620701160978333,2.0486424411958463e-07,0.0,36.35742570653347,-23.568050453783055
1318,79140.0,79140,25.18952912660765,1.6296540992139843,43.671541387708864,0.0,1.6296543040752052,2.048612217722674e-07,0.0,35.964624865637134,-23.559875027393662
1319,79200.0,79200,25.19034293698372,1.6387108665843064,43.69462815360227,0.0,1.6387110714426885,2.0485838305561352e-07,0.0,35.571960281847296,-23.55163207039941
1320,79260.0,79260,25.19119311253004,1.6478722175373606,43.717843223700086,0.0,1.6478724223930898,2.0485573049863894e-07,0.0,35.17943308067402,-23.54332089499268
1321,79320.0,79320,25.19207993179453,1.6571390778374124,43.741188079603084,0.0,1.6571392826906786,2.048532667604593e-07,0.0,34.78704439909087,-23.534940853957117
1322,79380.0,79380,25.193003681011994,1.6665123363273133,43.76466421602699,0.0,1.666512541178307,2.0485099463686842e-07,0.0,34.3947953848583,-23.52649134468468
1323,79440.0,79440,25.19396465480153,1.675992841376096,43.78827314027953,0.0,1.6759930462250126,2.0484891706712342e-07,0.0,34.00268719578027,-23.51797181342543
1324,79500.0,79500,25.19496315692978,1.685581397158242,43.81201637168692,0.0,1.6855816020052785,2.0484703714112486e-07,0.0,33.610720998889896,-23.509381759771532
1325,79560.0,79560,25.19599950113925,1.6952787597465087,43.835895440967896,0.0,1.6952789645918662,2.048453581069159e-07,0.0,33.21889796956042,-23.50072074139274
1326,79620.0,79620,25.19707401205557,1.7050856330403776,43.859911889552215,0.0,1.7050858378842604,2.0484388337861047e-07,0.0,32.82721929053726,-23.49198837901519
1327,79680.0,79680,25.198187026171635,1.715002664506753,43.884067268841534,0.0,1.7150028693493689,2.0484261654483164e-07,0.0,32.43568615088706,-23.483184361664883
1328,79740.0,79740,25.19933889292242,1.725030440756135,43.90836313940996,0.0,1.7250306455976958,2.0484156137746888e-07,0.0,32.04429974485936,-23.474308452166284
1329,79800.0,79800,25.200529975859812,1.7351694829563373,43.93280107014192,0.0,1.7351696877970582,2.0484072184111284e-07,0.0,31.653061270656647,-23.46536049290347
1330,79860.0,79860,25.20176065392435,1.7454202420729554,43.95738263730505,0.0,1.7454204469130565,2.0484010210292191e-07,0.0,31.261971929108302,-23.456340411851393
1331,79920.0,79920,25.2030313228442,1.7557830939877432,43.98210942355567,0.0,1.755783298827449,2.048397065431922e-07,0.0,30.87103292224416,-23.447248228856456
1332,79980.0,79980,25.204342396648084,1.766258334462499,44.00698301687508,0.0,1.7662585393020378,2.0483953976652656e-07,0.0,30.480245451763274,-23.438084062185585
1333,80040.0,80040,25.205694309321743,1.7768461740050245,44.032005009434556,0.0,1.7768463788446303,2.0483960661370203e-07,0.0,30.089610717393565,-23.428848135316716
1334,80100.0,80100,25.207087516610876,1.7875467326432768,44.05717699638755,0.0,1.787546937483188,2.0483991217436906e-07,0.0,29.69912991513834,-23.419540783967598
1335,80160.0,80160,25.20852249798611,1.798360034641797,44.08250057458791,0.0,1.798360239482258,2.04840461800491e-07,0.0,29.3088042354056,-23.410162463344314
1336,80220.0,80220,25.209999758783365,1.8092860031944462,44.10797734123325,0.0,1.8092862080357064,2.048412611208194e-07,0.0,28.918634861016574,-23.400713755588914
1337,80280.0,80280,25.211519832537242,1.8203244551459914,44.13360889243309,0.0,1.8203246599883067,2.0484231605617216e-07,0.0,28.528622965090147,-23.39119537739125
1338,80340.0,80340,25.213083283519964,1.8314750957807024,44.15939682170224,0.0,1.8314753006243343,2.048436328359912e-07,0.0,28.13876970880034,-23.38160818773926
1339,80400.0,80400,25.214690709509203,1.8427375137595416,44.18534271838037,0.0,1.8427377186047587,2.0484521801586477e-07,0.0,27.749076239004737,-23.371953195749658
1340,80460.0,80460,25.216342744799064,1.8541111762665419,44.21144816597987,0.0,1.8541113811136196,2.0484707849646785e-07,0.0,27.359543685742295,-23.36223156853252
1341,80520.0,80520,25.21804006347821,1.8655954244623438,44.237714740464874,0.0,1.8655956293115645,2.0484922154382598e-07,0.0,26.970173159600133,-23.352444639015864
1342,80580.0,80580,25.219783382997917,1.877189469348138,44.26414400846598,0.0,1.877189674199792,2.0485165481104387e-07,0.0,26.58096574894992,-23.34259391364978
1343,80640.0,80640,25.221573468051826,1.8888923881610447,44.290737525436306,0.0,1.88889259301543,2.0485438636174727e-07,0.0,26.191922517055808,-23.33268107989078
1344,80700.0,80700,25.22341113479509,1.9007031214475998,44.31749683375646,0.0,1.9007033263050237,2.0485742469534292e-07,0.0,25.80304449905768,-23.32270801334749
1345,80760.0,80760,25.225297255431837,1.912620470985435,44.34442346079817,0.0,1.912620675846213,2.048607787741876e-07,0.0,25.41433269883527,-23.312676784446403
1346,80820.0,80820,25.22723276320174,1.924643098754118,44.37151891695833,0.0,1.9246433036185753,2.0486445805303593e-07,0.0,25.02578808576122,-23.302589664447623
1347,80880.0,80880,25.229218657792114,1.9367695271673326,44.398784693678536,0.0,1.9367697320358044,2.0486847251075814e-07,0.0,24.637411591353803,-23.292449130624778
1348,80940.0,80940,25.23125601121927,1.9489981408554413,44.426222261467906,0.0,1.9489983457282734,2.048728326848544e-07,0.0,24.249204105843443,-23.28225787036383
1349,81000.0,81000,25.233345974209218,1.9613271902889307,44.45383306795119,0.0,1.9613273951664794,2.048775497087258e-07,0.0,23.86116647467076,-23.272018783920288
1350,81060.0,81060,25.235489783118396,1.9737547976007475,44.4816185359681,0.0,1.973755002483382,2.048826353523251e-07,0.0,23.473299494938807,-23.261734985517645
1351,81120.0,81120,25.237688767444222,1.986278965038319,44.50958006175525,0.0,1.9862791699264204,2.048881020662677e-07,0.0,23.0856039118469,-23.251409802405902
1352,81180.0,81180,25.239944357954837,1.9988975864815088,44.537719013247745,0.0,1.9988977913754706,2.0489396303000517e-07,0.0,22.698080415140183,-23.24104677147333
1353,81240.0,81240,25.242258095504564,2.0116084626171844,44.566036728544006,0.0,2.0116086675174154,2.0490023220446093e-07,0.0,22.310729635615676,-23.230649632887378
1354,81300.0,81300,25.244631640572063,2.024409320369208,44.59453451458551,0.0,2.024409525276132,2.0490692438941338e-07,0.0,21.92355214173427,-23.220222320202858
1355,81360.0,81360,25.247066783579726,2.0372978373163866,44.623213646111815,0.0,2.037298042230441,2.0491405528670712e-07,0.0,21.536548436397606,-23.209768946263335
1356,81420.0,81420,25.249565456059678,2.050271671950181,44.652075364961526,0.0,2.0502718768718218,2.0492164156952432e-07,0.0,21.14971895395994,-23.1992937841095
1357,81480.0,81480,25.252129742712956,2.0633285006975575,44.68112087980186,0.0,2.0633287056272573,2.0492970095861158e-07,0.0,20.763064057558168,-23.188801242015398
1358,81540.0,81540,25.254761894436847,2.0764660628247165,44.71035136638276,0.0,2.0764662677629677,2.0493825230645842e-07,0.0,20.376584036857963,-23.17829583161213
1359,81600.0,81600,25.25746434239091,2.089682214489883,44.73976796842711,0.0,2.0896824194371977,2.0494731569044752e-07,0.0,19.990279106331144,-23.167782127901027
1360,81660.0,81660,25.260239713163095,2.102974993352948,44.76937179928669,0.0,2.1029751983098595,2.049569125160153e-07,0.0,19.604149404199507,-23.157264719810147
1361,81720.0,81720,25.263090845126918,2.1163426954295623,44.799163944513474,0.0,2.116342900396627,2.0496706563136622e-07,0.0,19.218194992202726,-23.146748149697356
1362,81780.0,81780,25.266020806065086,2.129783966049776,44.82914546551964,0.0,2.1297841710275747,2.0497779945540907e-07,0.0,18.83241585637449,-23.13623684001531
1363,81840.0,81840,25.269032912142613,2.1432979070725855,44.859317404526244,0.0,2.143298112061725,2.0498914012056925e-07,0.0,18.44681190904095,-23.125735005070027
1364,81900.0,81900,25.272130748334778,2.1568842028291297,44.889680791030635,0.0,2.156884407830244,2.0500111563299227e-07,0.0,18.061382992289833,-23.115246545505645
1365,81960.0,81960,25.27531819040519,2.1705432675868317,44.920236650058214,0.0,2.170543472600587,2.05013756052614e-07,0.0,17.67612888319812,-23.10477492281836
1366,82020.0,82020,25.27859942853495,2.18427641769744,44.950986012503165,0.0,2.184276622724533,2.0502709369628016e-07,0.0,17.291049301151197,-23.09432301083751
1367,82080.0,82080,25.281978992740036,2.198086072086058,44.98192992790798,0.0,2.1980862771272203,2.0504116336736822e-07,0.0,16.90614391763729,-23.083892920653973
1368,82140.0,82140,25.285461780188044,2.211975985142026,45.01306948008326,0.0,2.211976190198028,2.050560026167741e-07,0.0,16.521412368959776,-23.073485795046015
1369,82200.0,82200,25.289053084571503,2.225951516678717,45.0444058060268,0.0,2.225951721750368,2.0507165203995368e-07,0.0,16.13685427237573,-23.063101567892787
1370,82260.0,82260,25.292758627700515,2.2400199442023783,45.07594011866708,0.0,2.240020149290533,2.0508815561663956e-07,0.0,15.752469246244235,-23.052738683498138
1371,82320.0,82320,25.296584593491374,2.254190823363807,45.107673734030556,0.0,2.254191028469367,2.0510556110065362e-07,0.0,15.36825693485265,-23.04239377012756
1372,82380.0,82380,25.300537664580634,2.268476403239926,45.13960810351544,0.0,2.268476608363846,2.0512392046894677e-07,0.0,14.984217038683909,-23.032061261340708
1373,82440.0,82440,25.304625061800294,2.282892103787778,45.17174485204853,0.0,2.2828923089310673,2.051432904409412e-07,0.0,14.600349350994948,-23.021732958012517
1374,82500.0,82500,25.30885458682905,2.297457063697543,45.204085823006004,0.0,2.297457268861275,2.051637330814753e-07,0.0,14.216653801694791,-23.011397523131507
1375,82560.0,82560,25.313234668367105,2.312194767647372,45.23663313089548,0.0,2.312194972832688,2.0518531650400073e-07,0.0,13.833130509642652,-23.001039900719732
1376,82620.0,82620,25.317774412284805,2.32713376284704,45.26938922292418,0.0,2.327133968055155,2.0520811569391328e-07,0.0,13.449779844630713,-22.990640649437765
1377,82680.0,82680,25.322483656277605,2.3423084754816625,45.302356950718156,0.0,2.342308680713875,2.0523221347713358e-07,0.0,13.066602500473467,-22.98017518079594
1378,82740.0,82740,25.32737302970934,2.357760138378069,45.33553965360773,0.0,2.3577603436357695,2.0525770166439753e-07,0.0,12.68359958079359,-22.969612891331266
1379,82800.0,82800,25.332454019489035,2.3735378415893393,45.368941255054935,0.0,2.3735380468740206,2.0528468240982743e-07,0.0,12.300772699271455,-22.958916177899695
1380,82860.0,82860,25.33773904304961,2.3896997176318475,45.402566373964234,0.0,2.389699922945116,2.0531326983136356e-07,0.0,11.91812409630651,-22.94803932541776
1381,82920.0,82920,25.343241529793893,2.4063142724838213,45.436420452784056,0.0,2.4063144778274124,2.0534359195324062e-07,0.0,11.53565677421627,-22.93692725731007
1382,82980.0,82980,25.3489760127567,2.423461871861343,45.470509904464215,0.0,2.423462077237135,2.053757930466891e-07,0.0,11.153374653261157,-22.925514140895352
1383,83040.0,83040,25.354958232715596,2.4412363891257955,45.5048422804688,0.0,2.4412365945358308,2.0541003646501414e-07,0.0,10.771282750912953,-22.913721843589798
1384,83100.0,83100,25.36120525764843,2.459747015818417,45.53942646213455,0.0,2.4597472212649243,2.054465080968091e-07,0.0,10.389387386853171,-22.90145824183001
1385,83160.0,83160,25.367735621276125,2.4791202269967525,45.57427287767835,0.0,2.479120432482172,2.0548542059600844e-07,0.0,10.00769641615606,-22.888615394279377
1386,83220.0,83220,25.374569485544974,2.499501879680571,45.60939374704708,0.0,2.4995020852075887,2.0552701859442106e-07,0.0,9.626219492918125,-22.8750676058644
1387,83280.0,83280,25.381728833356984,2.5210594013165433,45.644803356495395,0.0,2.521059606888128,2.055715851653769e-07,0.0,9.24496836615377,-22.860669432040442
1388,83340.0,83340,25.389237699770778,2.5439839925317993,45.68051836416677,0.0,2.5439841981512483,2.05619449891276e-07,0.0,8.863957208953153,-22.845253707238975
1389,83400.0,83400,25.397122452368,2.5684927189919127,45.716558136880245,0.0,2.5684929246629107,2.0567099900311537e-07,0.0,8.483202980499222,-22.828629733376086
1390,83460.0,83460,25.40541213472658,2.5948302926053755,45.75294511655177,0.0,2.5948304983320627,2.0572668821760012e-07,0.0,8.102725818276346,-22.8105818421212
1391,83520.0,83520,25.414138891104834,2.623270229824705,45.78970521184935,0.0,2.623270435611763,2.0578705911674742e-07,0.0,7.722549454241044,-22.790868661280125
1392,83580.0,83580,25.423338495766178,2.654114905093058,45.82686820625738,0.0,2.654115110945818,2.0585276022244463e-07,0.0,7.342701643219764,-22.76922359067312
1393,83640.0,83640,25.43305101705335,2.6876937610447666,45.86446816689822,0.0,2.6876939669693405,2.0592457435469648e-07,0.0,6.963214583375266,-22.745357256008585
1394,83700.0,83700,25.44332165447003,2.724358548930165,45.902543827998194,0.0,2.7243587549336183,2.0600345449271843e-07,0.0,6.584125295775175,-22.718963105539864
1395,83760.0,83760,25.454201796559495,2.764473884855952,45.94113890692634,0.0,2.764474090946522,2.0609057127990073e-07,0.0,6.205475910682898,-22.689727911703542
1396,83820.0,83820,25.46575035774015,2.808400518399528,45.98030228644656,0.0,2.808400724586904,2.061873766912473e-07,0.0,5.827313778821227,-22.65734983934062
1397,83880.0,83880,25.478035462130308,2.856467373625162,46.020087959941726,0.0,2.8564675799208517,2.0629569049159346e-07,0.0,5.449691281498939,-22.621568088505146
1398,83940.0,83940,25.491136549360498,2.9089264414239286,46.06055458055232,0.0,2.908926647841747,2.064178194462495e-07,0.0,5.072665146690575,-22.582210107936568
1399,84000.0,84000,25.505146978350265,2.9658817529535413,46.101764371289754,0.0,2.9658819595102646,2.0655672473994082e-07,0.0,4.69629497822502,-22.539265225396722
1400,84060.0,84060,25.5201772003727,3.02717982716859,46.143781028940175,0.0,3.0271800338848514,2.0671626261692756e-07,0.0,4.320640557801802,-22.492997373204112
1401,84120.0,84120,25.53635858333757,3.09224460755792,46.18666607597492,0.0,3.0922448144594594,2.069015410315838e-07,0.0,3.945757268248457,-22.444113975779647
1402,84180.0,84180,25.553848098667068,3.1598374700508547,46.2304728740647,0.0,3.1598376771703247,2.0711947082027015e-07,0.0,3.571688701985521,-22.39401062861621
1403,84240.0,84240,25.57283472728855,3.2277314746078045,46.27523723770592,0.0,3.2277316819874713,2.0737966784622237e-07,0.0,3.19845519150864,-22.345103252680744
1404,84300.0,84300,25.593550990736787,3.2923385103288,46.32096343307772,0.0,3.2923387180248462,2.076960471173695e-07,0.0,2.8260368039640187,-22.301212480407987
1405,84360.0,84360,25.616302162155268,3.3485145653627515,46.367604894788094,0.0,3.3485147734526732,2.0808992280927101e-07,0.0,2.4543499292906086,-22.267787596792516
1406,84420.0,84420,25.641557295469156,3.39040843350653,46.415042183943804,0.0,3.3904086421032704,2.0859674194024904e-07,0.0,2.083220136010793,-22.251148861962623
1407,84480.0,84480,25.670255525065137,3.4164155499618243,46.46307296956362,0.0,3.4164157592444155,2.0928259242186324e-07,0.0,1.712367654978143,-22.253839975103308
1408,84540.0,84540,25.704886227863085,3.449462706280768,46.51147218933149,0.0,3.44946291657136,2.1029059388781864e-07,0.0,1.3414703220598128,-22.255423521582316
1409,84600.0,84600,25.75378526868316,3.622557049256897,46.560339577144696,0.0,3.6225572612535366,2.119966411235755e-07,0.0,0.9705465967001714,-22.13122821942626
1410,84660.0,84660,25.855661246183686,4.701768382886091,46.61165913481245,0.0,4.701768598591189,2.1570509883639127e-07,0.0,0.601692793043131,-21.153892863297592
1411,84720.0,84720,26.244794759270704,11.297120084180387,46.678267519697314,0.0,11.297120310412266,2.2623188184372664e-07,0.0,0.24912791198823353,-14.947674675090315
1412,84780.0,84780,27.089549946823286,-147.9104500554668,46.83831005365734,300.0,5.213004937426608e-08,147.91045010759686,0.0,7.367933630416047e-10,124.99999999770985
1413,84840.0,84840,27.0895499468274,-147.9104500554755,44.37313588593611,300.0,5.212658971678182e-08,147.91045010760212,0.0,2.083333334031778,124.99999999769706
1414,84900.0,84900,27.089549946829404,-147.9104500554799,41.90796171821474,300.0,5.2124861265506994e-08,147.91045010760476,0.0,4.16666666732655,124.9999999976907
1415,84960.0,84960,27.089549946830694,-147.91045005548284,39.442787550493314,300.0,5.212371373474355e-08,147.91045010760655,0.0,6.250000000621223,124.99999999768647
1416,85020.0,85020,27.089549946831625,-147.91045005548506,36.97761338277185,300.0,5.212285490065811e-08,147.91045010760791,0.0,8.333333333915808,124.99999999768328
1417,85080.0,85080,27.089549946832346,-147.91045005548685,34.51243921505033,300.0,5.2122166366828484e-08,147.910450107609,0.0,10.41666666721035,124.99999999768079
1418,85140.0,85140,27.089549946832914,-147.91045005548838,32.0472650473288,300.0,5.212158810460945e-08,147.91045010760996,0.0,12.500000000504858,124.99999999767871
1419,85200.0,85200,27.089549946833387,-147.91045005548972,29.58209087960724,300.0,5.212108522558713e-08,147.91045010761079,0.0,14.583333333799326,124.99999999767687
1420,85260.0,85260,27.08954994683378,-147.9104500554909,27.116916711885654,300.0,5.2120635398692175e-08,147.91045010761155,0.0,16.66666666709376,124.9999999976753
1421,85320.0,85320,27.089549946834115,-147.91045005549202,24.651742544164055,300.0,5.212022318214866e-08,147.91045010761226,0.0,18.750000000388173,124.99999999767384
1422,85380.0,85380,27.089549946834403,-147.9104500554931,22.186568376442445,300.0,5.2119837127205976e-08,147.91045010761295,0.0,20.833333333682557,124.9999999976725
1423,85440.0,85440,27.089549946828818,-147.91045005547778,19.7213942087208,24.999999999999854,5.212526820693187e-08,147.91045010760305,0.0,22.916666666976926,-150.00000000230676
1424,85500.0,85500,27.08954994682858,-147.9104500554775,17.25622004099943,0.0,5.21253658088438e-08,147.91045010760286,0.0,20.416666666938294,-175.00000000230608
1425,85560.0,85560,27.089549946828942,-147.9104500554789,14.79104587327804,0.0,5.21248524337998e-08,147.91045010760376,0.0,17.500000000233022,-175.00000000230784
1426,85620.0,85620,27.089549946829397,-147.91045005548062,12.32587170555663,0.0,5.212422910421975e-08,147.91045010760485,0.0,14.58333333352771,-175.00000000231
1427,85680.0,85680,27.08954994682999,-147.91045005548276,9.860697537835188,0.0,5.212345031755614e-08,147.9104501076062,0.0,11.66666666682237,-175.00000000231273
1428,85740.0,85740,27.089549946830815,-147.91045005548548,7.395523370113733,0.0,5.212242667790848e-08,147.91045010760794,0.0,8.750000000116975,-175.0000000023163
1429,85800.0,85800,27.08954994683208,-147.91045005548952,4.930349202392225,0.0,5.212093637614952e-08,147.91045010761044,0.0,5.833333333411528,-175.00000000232157
1430,85860.0,85860,27.089549946834676,-147.9104500554971,2.4651750346706485,0.0,5.211807659927668e-08,147.91045010761516,0.0,2.9166666667059924,-175.00000000233177
1431,,85920,,,,,,,,,
