,time,time_x,P_Grid,P_BTMS,E_BTMS,P_Charge,P_BTMS_Ch,P_BTMS_DCh,"param: btms size, a,b_sys,b_cap,b_loan,c"
0,60.0,60,8.857046267086926e-09,8.857046465809247e-09,1.6616974646639994e-07,0.0,1.766455981422804e-08,8.807513148561933e-09,3.89566466889898e-07
1,120.0,120,8.854723566376389e-09,8.854723765452256e-09,1.6627319573846086e-07,0.0,1.7663447006352642e-08,8.808723040691154e-09,0.0
2,180.0,180,8.852412610411686e-09,8.852412809841103e-09,1.6637660908751972e-07,0.0,1.766234057361017e-08,8.809927563206436e-09,0.04323985936321764
3,240.0,240,8.850113321099623e-09,8.850113520883622e-09,1.664799866934161e-07,0.0,1.7661240456686392e-08,8.811126734886145e-09,0.023148148148148147
4,300.0,300,8.847825621535822e-09,8.84782582167455e-09,1.6658332873481662e-07,0.0,1.766014659730809e-08,8.812320574361745e-09,0.03205546181136265
5,360.0,360,8.845549435975377e-09,8.845549636469277e-09,1.6668663538927635e-07,0.0,1.7659058938210348e-08,8.813509100114987e-09,0.12
6,420.0,420,8.843284689817956e-09,8.84328489066688e-09,1.6678990683320818e-07,0.0,1.7657977423135637e-08,8.81469233048824e-09,0.0
7,480.0,480,8.841031309577264e-09,8.841031510782688e-09,1.6689314324194887e-07,0.0,1.7656901996803753e-08,8.81587028368405e-09,0.0
8,540.0,540,8.838789222863647e-09,8.838789424424979e-09,1.669963447897189e-07,0.0,1.7655832604890555e-08,8.817042977772947e-09,0.0
9,600.0,600,8.836558358358714e-09,8.836558560277136e-09,1.6709951164969336e-07,0.0,1.7654769194019422e-08,8.818210430692862e-09,0.0
10,660.0,660,8.834338645796317e-09,8.834338848072123e-09,1.6720264399396404e-07,0.0,1.765371171173175e-08,8.819372660254295e-09,0.0
11,720.0,720,8.832130015941308e-09,8.83213021857494e-09,1.6730574199361509e-07,0.0,1.765266010648224e-08,8.820529684143402e-09,0.0
12,780.0,780,8.829932400565497e-09,8.829932603557398e-09,1.6740880581867806e-07,0.0,1.765161432760643e-08,8.821681519927162e-09,0.0
13,840.0,840,8.827745732437032e-09,8.827745935787054e-09,1.675118356382005e-07,0.0,1.7650574325318065e-08,8.822828185051902e-09,0.0
14,900.0,900,8.825569945286033e-09,8.825570148994767e-09,1.6761483162020333e-07,0.0,1.7649540050683998e-08,8.823969696851414e-09,0.0
15,960.0,960,8.823404973799581e-09,8.823405177867616e-09,1.6771779393175401e-07,0.0,1.7648511455609464e-08,8.825106072545022e-09,0.0
16,1020.0,1020,8.821250753596634e-09,8.82125095802397e-09,1.6782072273893603e-07,0.0,1.764748849282478e-08,8.826237329244685e-09,0.0
17,1080.0,1080,8.819107221208715e-09,8.819107425996237e-09,1.679236182068628e-07,0.0,1.7646471115864723e-08,8.827363483953353e-09,0.0
18,1140.0,1140,8.816974314064713e-09,8.816974519212423e-09,1.6802648049973924e-07,0.0,1.7645459279059065e-08,8.828484553571765e-09,0.0
19,1200.0,1200,8.814851970472601e-09,8.814852175981233e-09,1.681293097808286e-07,0.0,1.7644452937514592e-08,8.82960055489741e-09,0.0
20,1260.0,1260,8.812740129604232e-09,8.812740335473347e-09,1.6823210621245967e-07,0.0,1.7643452047097705e-08,8.83071150462778e-09,0.0
21,1320.0,1320,8.810638731472786e-09,8.810638937703267e-09,1.6833486995609032e-07,0.0,1.7642456564424663e-08,8.831817419363895e-09,0.0
22,1380.0,1380,8.808547716924497e-09,8.808547923516491e-09,1.684376011722605e-07,0.0,1.7641466446845976e-08,8.832918315610616e-09,0.0
23,1440.0,1440,8.806467027616538e-09,8.806467234570635e-09,1.6854030002062983e-07,0.0,1.7640481652432222e-08,8.834014209781205e-09,0.0
24,1500.0,1500,8.804396606004773e-09,8.804396813321123e-09,1.686429666600178e-07,0.0,1.7639502139957545e-08,8.83510511819423e-09,0.0
25,1560.0,1560,8.802336395327688e-09,8.802336603007028e-09,1.6874560124836367e-07,0.0,1.7638527868895213e-08,8.83619105708345e-09,0.0
26,1620.0,1620,8.800286339590746e-09,8.800286547632188e-09,1.688482039427618e-07,0.0,1.7637558799389323e-08,8.83727204259044e-09,0.0
27,1680.0,1680,8.798246383553854e-09,8.798246591958433e-09,1.6895077489948535e-07,0.0,1.7636594892262436e-08,8.83834809077388e-09,0.0
28,1740.0,1740,8.796216472712929e-09,8.796216681481086e-09,1.690533142739791e-07,0.0,1.7635636108980807e-08,8.839419217606902e-09,0.0
29,1800.0,1800,8.794196553292667e-09,8.794196762424256e-09,1.6915582222087363e-07,0.0,1.763468241165937e-08,8.840485438979599e-09,0.0
30,1860.0,1860,8.792186572227666e-09,8.792186781723423e-09,1.692582988939948e-07,0.0,1.763373376304493e-08,8.841546770701973e-09,0.0
31,1920.0,1920,8.790186477150032e-09,8.790186687009811e-09,1.6936074444640153e-07,0.0,1.763279012649553e-08,8.842603228502605e-09,0.0
32,1980.0,1980,8.788196216379209e-09,8.78819642660345e-09,1.6946315903032667e-07,0.0,1.7631851465984265e-08,8.843654828033087e-09,0.0
33,2040.0,2040,8.786215738905597e-09,8.786215949494009e-09,1.6956554279725034e-07,0.0,1.763091774607274e-08,8.844701584866985e-09,0.0
34,2100.0,2100,8.784244994380532e-09,8.784245205333703e-09,1.6966789589793044e-07,0.0,1.7629988931912553e-08,8.845743514501902e-09,0.0
35,2160.0,2160,8.782283933103892e-09,8.78228414442197e-09,1.697702184823178e-07,0.0,1.7629064989223745e-08,8.846780632360954e-09,0.0
36,2220.0,2220,8.780332506010379e-09,8.7803327176941e-09,1.6987251069964823e-07,0.0,1.7628145884293636e-08,8.847812953793957e-09,0.0
37,2280.0,2280,8.778390664663028e-09,8.778390876711654e-09,1.6997477269840705e-07,0.0,1.7627231583960294e-08,8.848840494077268e-09,0.0
38,2340.0,2340,8.776458361234774e-09,8.776458573648897e-09,1.700770046263715e-07,0.0,1.7626322055600442e-08,8.849863268415563e-09,0.0
39,2400.0,2400,8.774535548502698e-09,8.774535761282908e-09,1.701792066306063e-07,0.0,1.762541726712799e-08,8.850881291943459e-09,0.0
40,2460.0,2460,8.772622179835637e-09,8.772622392981343e-09,1.702813788574468e-07,0.0,1.7624517186975153e-08,8.851894579726245e-09,0.0
41,2520.0,2520,8.770718209183562e-09,8.770718422695355e-09,1.703835214525511e-07,0.0,1.7623621784086244e-08,8.852903146758122e-09,0.0
42,2580.0,2580,8.768823591065932e-09,8.768823804944253e-09,1.7048563456086695e-07,0.0,1.7622731027912083e-08,8.853907007968093e-09,0.0
43,2640.0,2640,8.766938280565785e-09,8.766938494809899e-09,1.7058771832668605e-07,0.0,1.7621844888390235e-08,8.854906178215251e-09,0.0
44,2700.0,2700,8.765062233314113e-09,8.765062447924755e-09,1.706897728936157e-07,0.0,1.762096333595001e-08,8.85590067229423e-09,0.0
45,2760.0,2760,8.763195405483069e-09,8.76319562046024e-09,1.7079179840458356e-07,0.0,1.7620086341489465e-08,8.856890504931377e-09,0.0
46,2820.0,2820,8.761337753778747e-09,8.761337969122299e-09,1.708937950018777e-07,0.0,1.76192138763757e-08,8.857875690790496e-09,0.0
47,2880.0,2880,8.759489235427017e-09,8.759489451137983e-09,1.7099576282712073e-07,0.0,1.7618345912434813e-08,8.858856244466516e-09,0.0
48,2940.0,2940,8.75764980817072e-09,8.757650024248362e-09,1.710977020213122e-07,0.0,1.7617482421940125e-08,8.859832180494916e-09,0.0
49,3000.0,3000,8.755819430253604e-09,8.755819646698069e-09,1.711996127247909e-07,0.0,1.761662337760537e-08,8.860803513343926e-09,0.0
50,3060.0,3060,8.7539980604178e-09,8.753998277229383e-09,1.713014950773009e-07,0.0,1.7615768752579697e-08,8.861770257420413e-09,0.0
51,3120.0,3120,8.752185657891882e-09,8.752185875069997e-09,1.7140334921793023e-07,0.0,1.761491852043528e-08,8.86273242706782e-09,0.0
52,3180.0,3180,8.750382182382175e-09,8.750382399928145e-09,1.7150517528518636e-07,0.0,1.7614072655159925e-08,8.863690036568085e-09,0.0
53,3240.0,3240,8.748587594071996e-09,8.748587811984641e-09,1.7160697341692774e-07,0.0,1.7613231131155916e-08,8.864643100140312e-09,0.0
54,3300.0,3300,8.746801853600136e-09,8.746802071879754e-09,1.7170874375046535e-07,0.0,1.761239392321876e-08,8.865591631941216e-09,0.0
55,3360.0,3360,8.745024922064988e-09,8.74502514071187e-09,1.7181048642248245e-07,0.0,1.7611561006545435e-08,8.8665356460691e-09,0.0
56,3420.0,3420,8.743256761013772e-09,8.743256980028068e-09,1.7191220156907935e-07,0.0,1.761073235671761e-08,8.867475156558109e-09,0.0
57,3480.0,3480,8.741497332431775e-09,8.741497551813338e-09,1.7201388932578053e-07,0.0,1.76099079496969e-08,8.868410177384272e-09,0.0
58,3540.0,3540,8.739746598738513e-09,8.739746818487193e-09,1.721155498275465e-07,0.0,1.7609087761814832e-08,8.869340722462261e-09,0.0
59,3600.0,3600,8.738004522780503e-09,8.738004742896156e-09,1.7221718320874062e-07,0.0,1.7608271769773747e-08,8.870266805645241e-09,0.0
60,3660.0,3660,8.736271067821829e-09,8.736271288304748e-09,1.7231878960320241e-07,0.0,1.7607459950632923e-08,8.871188440729445e-09,0.0
61,3720.0,3720,8.734546197542067e-09,8.734546418392253e-09,1.724203691441979e-07,0.0,1.7606652281807112e-08,8.872105641449009e-09,0.0
62,3780.0,3780,8.732829876021988e-09,8.732830097239146e-09,1.7252192196445034e-07,0.0,1.7605848741051182e-08,8.873018421479365e-09,0.0
63,3840.0,3840,8.731122067745912e-09,8.731122289330334e-09,1.7262344819612127e-07,0.0,1.7605049306465153e-08,8.873926794434733e-09,0.0
64,3900.0,3900,8.729422737588726e-09,8.72942295954012e-09,1.7272494797085312e-07,0.0,1.7604253956481795e-08,8.874830773875058e-09,0.0
65,3960.0,3960,8.727731850813534e-09,8.727732073132048e-09,1.72826421419762e-07,0.0,1.760346266986013e-08,8.875730373294791e-09,0.0
66,4020.0,4020,8.726049373063094e-09,8.726049595747988e-09,1.7292786867340948e-07,0.0,1.760267542568074e-08,8.876625606133225e-09,0.0
67,4080.0,4080,8.724375270355539e-09,8.724375493406814e-09,1.7302928986186616e-07,0.0,1.760189220334337e-08,8.877516485769914e-09,0.0
68,4140.0,4140,8.722709509076418e-09,8.722709732494222e-09,1.731306851146859e-07,0.0,1.7601112982553397e-08,8.87840302552615e-09,0.0
69,4200.0,4200,8.721052055976484e-09,8.72105227976126e-09,1.732320545608892e-07,0.0,1.7600337743321797e-08,8.879285238662163e-09,0.0
70,4260.0,4260,8.71940287816269e-09,8.719403102313553e-09,1.733333983290128e-07,0.0,1.7599566465960444e-08,8.880163138382578e-09,0.0
71,4320.0,4320,8.717761943094951e-09,8.717762167612194e-09,1.7343471654709304e-07,0.0,1.759879913107266e-08,8.881036737829183e-09,0.0
72,4380.0,4380,8.716129218579059e-09,8.716129443462389e-09,1.7353600934264953e-07,0.0,1.759803571954881e-08,8.881906050089786e-09,0.0
73,4440.0,4440,8.71450467276241e-09,8.714504898011974e-09,1.7363727684274633e-07,0.0,1.7597276212563905e-08,8.882771088189357e-09,0.0
74,4500.0,4500,8.712888274130607e-09,8.71288849974552e-09,1.7373851917395197e-07,0.0,1.7596520591569674e-08,8.883631865096086e-09,0.0
75,4560.0,4560,8.711279991496846e-09,8.711280217477255e-09,1.7383973646232993e-07,0.0,1.759576883828983e-08,8.884488393718864e-09,0.0
76,4620.0,4620,8.709679794005598e-09,8.709680020351797e-09,1.7394092883352363e-07,0.0,1.759502093472095e-08,8.88534068691083e-09,0.0
77,4680.0,4680,8.708087651118596e-09,8.708087877829555e-09,1.740420964126431e-07,0.0,1.7594276863114487e-08,8.886188757461261e-09,0.0
78,4740.0,4740,8.706503532616468e-09,8.706503759692627e-09,1.7414323932437602e-07,0.0,1.7593536605983844e-08,8.887032618102197e-09,0.0
79,4800.0,4800,8.704927408592085e-09,8.704927636032857e-09,1.7424435769295928e-07,0.0,1.7592800146096418e-08,8.88787228150993e-09,0.0
80,4860.0,4860,8.703359249445114e-09,8.703359477250939e-09,1.7434545164212232e-07,0.0,1.7592067466467692e-08,8.888707760298658e-09,0.0
81,4920.0,4920,8.70179902588054e-09,8.701799254050386e-09,1.744465212952006e-07,0.0,1.759133855035652e-08,8.889539067024459e-09,0.0
82,4980.0,4980,8.700246708900698e-09,8.700246937434713e-09,1.7454756677503856e-07,0.0,1.759061338126542e-08,8.890366214185304e-09,0.0
83,5040.0,5040,8.698702269802625e-09,8.698702498700663e-09,1.746485882040678e-07,0.0,1.7589891942927293e-08,8.891189214217356e-09,0.0
84,5100.0,5100,8.697165680173482e-09,8.697165909434802e-09,1.7474958570427378e-07,0.0,1.7589174219310163e-08,8.892008079502653e-09,0.0
85,5160.0,5160,8.69563691189085e-09,8.695637141515747e-09,1.7485055939719124e-07,0.0,1.7588460194608006e-08,8.892822822357595e-09,0.0
86,5220.0,5220,8.694115937108272e-09,8.69411616709616e-09,1.7495150940396087e-07,0.0,1.7587749853240476e-08,8.893633455045482e-09,0.0
87,5280.0,5280,8.692602728264118e-09,8.6926029586147e-09,1.750524358452678e-07,0.0,1.7587043179842268e-08,8.894439989765749e-09,0.0
88,5340.0,5340,8.69109725806622e-09,8.69109748877935e-09,1.751533388413842e-07,0.0,1.7586340159264318e-08,8.895242438661339e-09,0.0
89,5400.0,5400,8.689599499498537e-09,8.68959973057377e-09,1.7525421851217402e-07,0.0,1.7585640776572012e-08,8.89604081381251e-09,0.0
90,5460.0,5460,8.688109425808447e-09,8.688109657245782e-09,1.753550749770787e-07,0.0,1.7584945017038125e-08,8.896835127244653e-09,0.0
91,5520.0,5520,8.686627010509707e-09,8.686627242308115e-09,1.7545590835512676e-07,0.0,1.7584252866134544e-08,8.897625390918256e-09,0.0
92,5580.0,5580,8.685152227372432e-09,8.685152459532206e-09,1.7555671876495492e-07,0.0,1.7583564309536998e-08,8.898411616737173e-09,0.0
93,5640.0,5640,8.683685050429269e-09,8.68368528294982e-09,1.7565750632478457e-07,0.0,1.7582879333123292e-08,8.899193816543895e-09,0.0
94,5700.0,5700,8.682225453960373e-09,8.682225686841258e-09,1.7575827115245953e-07,0.0,1.758219792295412e-08,8.899972002123247e-09,0.0
95,5760.0,5760,8.680773412500324e-09,8.680773645741249e-09,1.758590133653917e-07,0.0,1.7581520065288414e-08,8.90074618519692e-09,0.0
96,5820.0,5820,8.679328900826931e-09,8.679329134427894e-09,1.7595973308064374e-07,0.0,1.758084574656623e-08,8.901516377428348e-09,0.0
97,5880.0,5880,8.677891893965347e-09,8.677892127925464e-09,1.7606043041487242e-07,0.0,1.7580174953414064e-08,8.9022825904199e-09,0.0
98,5940.0,5940,8.676462367179084e-09,8.676462601498058e-09,1.7616110548434505e-07,0.0,1.757950767263924e-08,8.903044835713768e-09,0.0
99,6000.0,6000,8.67504029596794e-09,8.675040530645628e-09,1.7626175840497504e-07,0.0,1.7578843891224305e-08,8.903803124793142e-09,0.0
100,6060.0,6060,8.673625656068157e-09,8.673625891103522e-09,1.763623892922604e-07,0.0,1.7578183596325263e-08,8.90455746907779e-09,0.0
101,6120.0,6120,8.672218423444734e-09,8.672218658838664e-09,1.7646299826138286e-07,0.0,1.757752677526922e-08,8.905307879929665e-09,0.0
102,6180.0,6180,8.670818574296165e-09,8.670818810047184e-09,1.7656358542708767e-07,0.0,1.7576873415552308e-08,8.906054368648175e-09,0.0
103,6240.0,6240,8.669426085041152e-09,8.669426321148816e-09,1.7666415090380847e-07,0.0,1.7576223504837324e-08,8.906796946472406e-09,0.0
104,6300.0,6300,8.668040932324953e-09,8.668041168788969e-09,1.7676469480558486e-07,0.0,1.7575577030941656e-08,8.907535624582298e-09,0.0
105,6360.0,6360,8.666663093011268e-09,8.666663329831636e-09,1.7686521724610946e-07,0.0,1.7574933981852298e-08,8.908270414093481e-09,0.0
106,6420.0,6420,8.665292544182091e-09,8.665292781357926e-09,1.769657183387257e-07,0.0,1.7574294345702277e-08,8.909001326062586e-09,0.0
107,6480.0,6480,8.663929263133733e-09,8.663929500664591e-09,1.7706619819642528e-07,0.0,1.757365811078686e-08,8.909728371485185e-09,0.0
108,6540.0,6540,8.66257322737563e-09,8.662573465261365e-09,1.771666569318295e-07,0.0,1.757302526554881e-08,8.910451561295632e-09,0.0
109,6600.0,6600,8.661224414627406e-09,8.66122465286669e-09,1.7726709465722916e-07,0.0,1.7572395798578388e-08,8.911170906366926e-09,0.0
110,6660.0,6660,8.659882802813556e-09,8.659883041406094e-09,1.7736751148456823e-07,0.0,1.7571769698614536e-08,8.911886417508941e-09,0.0
111,6720.0,6720,8.658548370067134e-09,8.65854860901337e-09,1.7746790752545786e-07,0.0,1.7571146954538375e-08,8.912598105473283e-09,0.0
112,6780.0,6780,8.657221094720611e-09,8.657221334018921e-09,1.7756828289116e-07,0.0,1.7570527555370854e-08,8.9133059809474e-09,0.0
113,6840.0,6840,8.655900955308677e-09,8.655901194959207e-09,1.7766863769261088e-07,0.0,1.7569911490274233e-08,8.914010054559008e-09,0.0
114,6900.0,6900,8.654587930563218e-09,8.654588170565087e-09,1.777689720404258e-07,0.0,1.756929874854439e-08,8.91471033687239e-09,0.0
115,6960.0,6960,8.653281999410973e-09,8.653282239763883e-09,1.7786928604486603e-07,0.0,1.756868931961409e-08,8.915406838391958e-09,0.0
116,7020.0,7020,8.65198314097558e-09,8.651983381678497e-09,1.779695798158861e-07,0.0,1.7568083193046477e-08,8.916099569559868e-09,0.0
117,7080.0,7080,8.650691334566526e-09,8.650691575619601e-09,1.780698534631243e-07,0.0,1.7567480358533024e-08,8.916788540755746e-09,0.0
118,7140.0,7140,8.649406559686962e-09,8.649406801089752e-09,1.78170107095879e-07,0.0,1.756688080589382e-08,8.91747376229712e-09,0.0
119,7200.0,7200,8.64812879602662e-09,8.648129037777501e-09,1.7827034082315843e-07,0.0,1.756628452507373e-08,8.918155244441187e-09,0.0
120,7260.0,7260,8.646858023458868e-09,8.646858265557694e-09,1.7837055475362147e-07,0.0,1.7565691506144472e-08,8.918832997383204e-09,0.0
121,7320.0,7320,8.645594222040113e-09,8.645594464486883e-09,1.7847074899565327e-07,0.0,1.7565101739290156e-08,8.919507031254113e-09,0.0
122,7380.0,7380,8.644337372009515e-09,8.644337614802607e-09,1.785709236573133e-07,0.0,1.7564515214825568e-08,8.920177356125565e-09,0.0
123,7440.0,7440,8.64308745378352e-09,8.643087696922933e-09,1.786710788463542e-07,0.0,1.7563931923170226e-08,8.920843982004902e-09,0.0
124,7500.0,7500,8.641844447957638e-09,8.641844691442783e-09,1.7877121467022428e-07,0.0,1.7563351854870486e-08,8.921506918838696e-09,0.0
125,7560.0,7560,8.640608335301422e-09,8.64060857913171e-09,1.7887133123608618e-07,0.0,1.7562775000576844e-08,8.922166176511868e-09,0.0
126,7620.0,7620,8.639379096759507e-09,8.639379340933903e-09,1.7897142865080052e-07,0.0,1.756220135105808e-08,8.922821764846802e-09,0.0
127,7680.0,7680,8.638156713447328e-09,8.638156957965538e-09,1.79071507020907e-07,0.0,1.7561630897189474e-08,8.923473693602155e-09,0.0
128,7740.0,7740,8.636941166649938e-09,8.636941411511225e-09,1.791715664527022e-07,0.0,1.7561063629952205e-08,8.924121972477008e-09,0.0
129,7800.0,7800,8.635732437822456e-09,8.63573268302623e-09,1.7927160705214287e-07,0.0,1.7560499540440726e-08,8.924766611107599e-09,0.0
130,7860.0,7860,8.634530508584753e-09,8.634530754130278e-09,1.7937162892493327e-07,0.0,1.755993861984331e-08,8.925407619065267e-09,0.0
131,7920.0,7920,8.633335360722048e-09,8.633335606608731e-09,1.7947163217648262e-07,0.0,1.7559380859461492e-08,8.92604500586369e-09,0.0
132,7980.0,7980,8.632146976185783e-09,8.632147222412592e-09,1.7957161691191466e-07,0.0,1.7558826250692393e-08,8.926678780950455e-09,0.0
133,8040.0,8040,8.630965337083452e-09,8.630965583650094e-09,1.7967158323606987e-07,0.0,1.7558274785033135e-08,8.927308953713863e-09,0.0
134,8100.0,8100,8.629790425688782e-09,8.629790672594813e-09,1.7977153125352683e-07,0.0,1.755772645408114e-08,8.927935533478497e-09,0.0
135,8160.0,8160,8.628622224429186e-09,8.628622471673132e-09,1.798714610685738e-07,0.0,1.7557181249525568e-08,8.928558529506987e-09,0.0
136,8220.0,8220,8.627460715893441e-09,8.627460963475155e-09,1.7997137278524654e-07,0.0,1.7556639163157945e-08,8.929177950999575e-09,0.0
137,8280.0,8280,8.626305882821363e-09,8.626306130739958e-09,1.8007126650728585e-07,0.0,1.7556100186854754e-08,8.929793807095585e-09,0.0
138,8340.0,8340,8.625157708110435e-09,8.625157956365027e-09,1.801711423381776e-07,0.0,1.755556431259219e-08,8.930406106871363e-09,0.0
139,8400.0,8400,8.624016174809919e-09,8.624016423399769e-09,1.802710003811387e-07,0.0,1.755503153243169e-08,8.931014859340417e-09,0.0
140,8460.0,8460,8.622881266119816e-09,8.622881515044188e-09,1.8037084073914522e-07,0.0,1.7554501838525852e-08,8.93162007345623e-09,0.0
141,8520.0,8520,8.621752965390133e-09,8.621753214648585e-09,1.8047066351487369e-07,0.0,1.755397522311607e-08,8.932221758108266e-09,0.0
142,8580.0,8580,8.620631256119403e-09,8.620631505710904e-09,1.805704688107645e-07,0.0,1.7553451678528984e-08,8.932819922125813e-09,0.0
143,8640.0,8640,8.61951612195322e-09,8.619516371876734e-09,1.8067025672902209e-07,0.0,1.7552931197176783e-08,8.933414574275473e-09,0.0
144,8700.0,8700,8.618407546684074e-09,8.618407796939308e-09,1.8077002737155359e-07,0.0,1.755241377155573e-08,8.93400572326057e-09,0.0
145,8760.0,8760,8.61730551424665e-09,8.61730576483257e-09,1.8086978084003717e-07,0.0,1.75518993942441e-08,8.934593377724694e-09,0.0
146,8820.0,8820,8.616210008721501e-09,8.616210259637519e-09,1.8096951723591266e-07,0.0,1.755138805790335e-08,8.935177546249488e-09,0.0
147,8880.0,8880,8.615121014329013e-09,8.615121265574391e-09,1.810692366603532e-07,0.0,1.7550879755273998e-08,8.935758237353609e-09,0.0
148,8940.0,8940,8.61403851543087e-09,8.614038767005017e-09,1.8116893921429128e-07,0.0,1.755037447917326e-08,8.936335459494655e-09,0.0
149,9000.0,9000,8.612962496530203e-09,8.612962748431498e-09,1.8126862499842327e-07,0.0,1.754987222250213e-08,8.93690922106975e-09,0.0
150,9060.0,9060,8.611892942265402e-09,8.611893194493697e-09,1.813682941132073e-07,0.0,1.754937297823358e-08,8.937479530411853e-09,0.0
151,9120.0,9120,8.610829837414978e-09,8.610830089968943e-09,1.8146794665885368e-07,0.0,1.7548876739418458e-08,8.93804639579596e-09,0.0
152,9180.0,9180,8.609773166889889e-09,8.609773419769232e-09,1.8156758273532962e-07,0.0,1.7548383499180185e-08,8.938609825432023e-09,0.0
153,9240.0,9240,8.60872291574048e-09,8.608723168943726e-09,1.8166720244239702e-07,0.0,1.754789325071829e-08,8.939169827471877e-09,0.0
154,9300.0,9300,8.607679069146749e-09,8.607679322673456e-09,1.8176680587954167e-07,0.0,1.7547405987303388e-08,8.939726410003935e-09,0.0
155,9360.0,9360,8.606641612422764e-09,8.606641866272193e-09,1.8186639314606058e-07,0.0,1.754692170227749e-08,8.940279581056577e-09,0.0
156,9420.0,9420,8.605610531016374e-09,8.605610785187787e-09,1.8196596434101004e-07,0.0,1.75464403890537e-08,8.940829348596534e-09,0.0
157,9480.0,9480,8.604585810501536e-09,8.604586064993608e-09,1.8206551956321035e-07,0.0,1.7545962041114438e-08,8.941375720530205e-09,0.0
158,9540.0,9540,8.603567436586579e-09,8.603567691398863e-09,1.821650589112552e-07,0.0,1.7545486652012044e-08,8.94191870470293e-09,0.0
159,9600.0,9600,8.602555395104315e-09,8.60255565023534e-09,1.822645824835189e-07,0.0,1.7545014215362872e-08,8.942458308898836e-09,0.0
160,9660.0,9660,8.601549672016472e-09,8.601549927465647e-09,1.8236409037818453e-07,0.0,1.7544544724854363e-08,8.94299454084143e-09,0.0
161,9720.0,9720,8.600550253411771e-09,8.60055050917821e-09,1.8246358269317797e-07,0.0,1.7544078174236212e-08,8.943527408193891e-09,0.0
162,9780.0,9780,8.59955712550327e-09,8.599557381586239e-09,1.8256305952622448e-07,0.0,1.7543614557326835e-08,8.944056918559222e-09,0.0
163,9840.0,9840,8.598570274630437e-09,8.598570531028605e-09,1.8266252097482513e-07,0.0,1.7543153868004834e-08,8.944583079480097e-09,0.0
164,9900.0,9900,8.597589687253092e-09,8.597589943966165e-09,1.8276196713628754e-07,0.0,1.754269610021312e-08,8.94510589843695e-09,0.0
165,9960.0,9960,8.596615349955989e-09,8.596615606982492e-09,1.8286139810770214e-07,0.0,1.75422412479595e-08,8.94562538285313e-09,0.0
166,10020.0,10020,8.595647249445856e-09,8.595647506785051e-09,1.8296081398593045e-07,0.0,1.754178930531196e-08,8.946141540089747e-09,0.0
167,10080.0,10080,8.594685372549635e-09,8.594685630200785e-09,1.8306021486765228e-07,0.0,1.7541340266398956e-08,8.946654377449794e-09,0.0
168,10140.0,10140,8.593729706212412e-09,8.59372996417419e-09,1.831596008493398e-07,0.0,1.7540894125407656e-08,8.947163902174757e-09,0.0
169,10200.0,10200,8.592780237500659e-09,8.592780495772623e-09,1.8325897202724568e-07,0.0,1.7540450876587758e-08,8.947670121446536e-09,0.0
170,10260.0,10260,8.591836953597526e-09,8.591837212178494e-09,1.8335832849742435e-07,0.0,1.75400105142459e-08,8.948173042388474e-09,0.0
171,10320.0,10320,8.590899841805922e-09,8.590900100694567e-09,1.8345767035575796e-07,0.0,1.7539573032745063e-08,8.948672672065214e-09,0.0
172,10380.0,10380,8.589968889541298e-09,8.589969148737031e-09,1.8355699769790215e-07,0.0,1.7539138426509875e-08,8.949169017480325e-09,0.0
173,10440.0,10440,8.589044084338431e-09,8.589044343840515e-09,1.836563106193119e-07,0.0,1.753870669001689e-08,8.9496620855778e-09,0.0
174,10500.0,10500,8.588125413844344e-09,8.588125673651451e-09,1.8375560921527703e-07,0.0,1.7538277817799e-08,8.950151883244545e-09,0.0
175,10560.0,10560,8.587212865821547e-09,8.587213125932643e-09,1.8385489358087493e-07,0.0,1.7537851804448105e-08,8.950638417308022e-09,0.0
176,10620.0,10620,8.586306428144941e-09,8.586306688559291e-09,1.8395416381099428e-07,0.0,1.7537428644606536e-08,8.95112169453729e-09,0.0
177,10680.0,10680,8.58540608880271e-09,8.58540634951928e-09,1.840534200003396e-07,0.0,1.7537008332973273e-08,8.951601721641374e-09,0.0
178,10740.0,10740,8.58451183589351e-09,8.584512096911267e-09,1.8415266224342664e-07,0.0,1.753659086429714e-08,8.952078505271776e-09,0.0
179,10800.0,10800,8.583623657630302e-09,8.58362391894792e-09,1.8425189063457292e-07,0.0,1.7536176233383615e-08,8.95255205202262e-09,0.0
180,10860.0,10860,8.582741542329891e-09,8.582741803946633e-09,1.843511052679355e-07,0.0,1.7535764435085948e-08,8.953022368427118e-09,0.0
181,10920.0,10920,8.581865478425309e-09,8.581865740340583e-09,1.8445030623748256e-07,0.0,1.753535546431551e-08,8.953489460963755e-09,0.0
182,10980.0,10980,8.580995454455633e-09,8.580995716667523e-09,1.8454949363699835e-07,0.0,1.7534949316026158e-08,8.953953336051731e-09,0.0
183,11040.0,11040,8.580131459065406e-09,8.580131721573911e-09,1.846486675600735e-07,0.0,1.7534545985228373e-08,8.954414000051384e-09,0.0
184,11100.0,11100,8.579273481011558e-09,8.579273743815055e-09,1.847478281001523e-07,0.0,1.7534145466982204e-08,8.954871459268343e-09,0.0
185,11160.0,11160,8.578421509153532e-09,8.578421772250548e-09,1.8484697535047148e-07,0.0,1.7533747756391656e-08,8.955325719947751e-09,0.0
186,11220.0,11220,8.577575532459918e-09,8.577575795850453e-09,1.849461094041237e-07,0.0,1.7533352848616186e-08,8.95577678827989e-09,0.0
187,11280.0,11280,8.576735540002553e-09,8.576735803684689e-09,1.8504523035401762e-07,0.0,1.753296073885862e-08,8.956224670397226e-09,0.0
188,11340.0,11340,8.575901520956523e-09,8.575901784929817e-09,1.8514433829288251e-07,0.0,1.7532571422372223e-08,8.956669372373952e-09,0.0
189,11400.0,11400,8.575073464606651e-09,8.575073728869774e-09,1.852434333132966e-07,0.0,1.7532184894457465e-08,8.9571109002297e-09,0.0
190,11460.0,11460,8.574251360334514e-09,8.574251624885994e-09,1.8534251550764933e-07,0.0,1.753180115046083e-08,8.957549259927311e-09,0.0
191,11520.0,11520,8.573435197629366e-09,8.573435462468612e-09,1.8544158496817674e-07,0.0,1.7531420185774232e-08,8.957984457370772e-09,0.0
192,11580.0,11580,8.572624966078989e-09,8.572625231204966e-09,1.8554064178696624e-07,0.0,1.753104199583708e-08,8.958416498411122e-09,0.0
193,11640.0,11640,8.57182065537603e-09,8.571820920787561e-09,1.8563968605592107e-07,0.0,1.7530666576134803e-08,8.958845388841436e-09,0.0
194,11700.0,11700,8.57102225531093e-09,8.57102252100713e-09,1.857387178667841e-07,0.0,1.7530293922197076e-08,8.959271134399323e-09,0.0
195,11760.0,11760,8.570229755777674e-09,8.570230021757213e-09,1.8583773731115414e-07,0.0,1.752992402959723e-08,8.959693740766351e-09,0.0
196,11820.0,11820,8.569443146767e-09,8.5694434130287e-09,1.8593674448046253e-07,0.0,1.7529556893953745e-08,8.960113213569362e-09,0.0
197,11880.0,11880,8.568662418370094e-09,8.568662684913219e-09,1.8603573946597772e-07,0.0,1.7529192510930508e-08,8.960529558380334e-09,0.0
198,11940.0,11940,8.567887560778293e-09,8.567887827601219e-09,1.8613472235883605e-07,0.0,1.7528830876231248e-08,8.960942780713271e-09,0.0
199,12000.0,12000,8.56711856427792e-09,8.567118831379761e-09,1.8623369324999918e-07,0.0,1.7528471985605702e-08,8.961352886030268e-09,0.0
200,12060.0,12060,8.566355419254711e-09,8.56635568663473e-09,1.8633265223028246e-07,0.0,1.7528115834844325e-08,8.961759879736774e-09,0.0
201,12120.0,12120,8.565598116191896e-09,8.565598383848767e-09,1.8643159939036677e-07,0.0,1.752776241978299e-08,8.962163767184108e-09,0.0
202,12180.0,12180,8.564846645667403e-09,8.564846913599501e-09,1.8653053482075827e-07,0.0,1.752741173629652e-08,8.962564553671527e-09,0.0
203,12240.0,12240,8.564100998355908e-09,8.56410126656294e-09,1.8662945861182631e-07,0.0,1.75270637803025e-08,8.962962244438695e-09,0.0
204,12300.0,12300,8.563361165028413e-09,8.563361433508461e-09,1.8672837085382226e-07,0.0,1.7526718547757766e-08,8.963356844675423e-09,0.0
205,12360.0,12360,8.562627136549277e-09,8.562627405301605e-09,1.868272716368086e-07,0.0,1.752637603466368e-08,8.96374835951695e-09,0.0
206,12420.0,12420,8.561898903875788e-09,8.561899172899509e-09,1.8692616105073462e-07,0.0,1.7526036237059967e-08,8.964136794044085e-09,0.0
207,12480.0,12480,8.561176458065379e-09,8.561176727359017e-09,1.8702503918539852e-07,0.0,1.7525699151029708e-08,8.964522153283955e-09,0.0
208,12540.0,12540,8.560459790260884e-09,8.560460059823558e-09,1.8712390613046407e-07,0.0,1.7525364772689613e-08,8.964904442210582e-09,0.0
209,12600.0,12600,8.559748891702491e-09,8.559749161532869e-09,1.8722276197546513e-07,0.0,1.7525033098201235e-08,8.965283665744893e-09,0.0
210,12660.0,12660,8.559043753722418e-09,8.559044023819175e-09,1.8732160680976804e-07,0.0,1.752470412376418e-08,8.965659828755744e-09,0.0
211,12720.0,12720,8.558344367744628e-09,8.558344638106585e-09,1.874204407226283e-07,0.0,1.7524377845619355e-08,8.966032936058455e-09,0.0
212,12780.0,12780,8.557650725282472e-09,8.55765099590874e-09,1.8751926380318091e-07,0.0,1.7524054260041288e-08,8.966402992414362e-09,0.0
213,12840.0,12840,8.556962817942657e-09,8.556963088831912e-09,1.8761807614038638e-07,0.0,1.752373336334729e-08,8.966770002533614e-09,0.0
214,12900.0,12900,8.556280637422755e-09,8.556280908573817e-09,1.8771687782312726e-07,0.0,1.752341515189331e-08,8.967133971076219e-09,0.0
215,12960.0,12960,8.555604175507361e-09,8.555604446919197e-09,1.8781566894010205e-07,0.0,1.7523099622069817e-08,8.967494902646277e-09,0.0
216,13020.0,13020,8.554933424074431e-09,8.554933695745712e-09,1.8791444957992895e-07,0.0,1.752278677030769e-08,8.967852801798778e-09,0.0
217,13080.0,13080,8.554268375088503e-09,8.554268647017904e-09,1.8801321983106344e-07,0.0,1.7522476593074976e-08,8.96820767303546e-09,0.0
218,13140.0,13140,8.553609020604827e-09,8.553609292791463e-09,1.8811197978186415e-07,0.0,1.7522169086878076e-08,8.968559520808652e-09,0.0
219,13200.0,13200,8.552955352763758e-09,8.552955625206299e-09,1.882107295205552e-07,0.0,1.752186424825672e-08,8.968908349516553e-09,0.0
220,13260.0,13260,8.552307363797244e-09,8.552307636494512e-09,1.8830946913521447e-07,0.0,1.7521562073792824e-08,8.969254163509128e-09,0.0
221,13320.0,13320,8.551665046022046e-09,8.551665318972862e-09,1.884081987138395e-07,0.0,1.7521262560099282e-08,8.96959696708369e-09,0.0
222,13380.0,13380,8.551028391844604e-09,8.55102866504808e-09,1.885069183442816e-07,0.0,1.7520965703830282e-08,8.969936764487546e-09,0.0
223,13440.0,13440,8.550397393756017e-09,8.55039766721053e-09,1.8860562811429287e-07,0.0,1.752067150167187e-08,8.970273559916086e-09,0.0
224,13500.0,13500,8.549772044333376e-09,8.549772318038044e-09,1.8870432811147448e-07,0.0,1.7520379950350806e-08,8.970607357517356e-09,0.0
225,13560.0,13560,8.549152336242566e-09,8.549152610195618e-09,1.88803018423352e-07,0.0,1.7520091046626295e-08,8.970938161386446e-09,0.0
226,13620.0,13620,8.548538262230595e-09,8.548538536430999e-09,1.8890169913731653e-07,0.0,1.7519804787293243e-08,8.971265975570514e-09,0.0
227,13680.0,13680,8.54792981513282e-09,8.547930089579396e-09,1.8900037034064113e-07,0.0,1.7519521169182834e-08,8.971590804064796e-09,0.0
228,13740.0,13740,8.547326987868821e-09,8.547327262560979e-09,1.8909903212050216e-07,0.0,1.7519240189162237e-08,8.971912650817776e-09,0.0
229,13800.0,13800,8.546729773442247e-09,8.546730048377921e-09,1.8919768456395082e-07,0.0,1.751896184413197e-08,8.97223151972616e-09,0.0
230,13860.0,13860,8.54613816494112e-09,8.546138440119279e-09,1.892963277579464e-07,0.0,1.7518686131027046e-08,8.972547414638724e-09,0.0
231,13920.0,13920,8.545552155535022e-09,8.545552430954781e-09,1.8939496178931586e-07,0.0,1.7518413046818778e-08,8.972860339353649e-09,0.0
232,13980.0,13980,8.544971738480564e-09,8.544972014140447e-09,1.8949358674481788e-07,0.0,1.751814258851446e-08,8.9731702976231e-09,0.0
233,14040.0,14040,8.544396907114295e-09,8.544397183012827e-09,1.895922027110624e-07,0.0,1.751787475315207e-08,8.973477293148941e-09,0.0
234,14100.0,14100,8.543827654855955e-09,8.54382793099225e-09,1.896908097745767e-07,0.0,1.7517609537804978e-08,8.973781329584958e-09,0.0
235,14160.0,14160,8.54326397520906e-09,8.543264251582087e-09,1.8978940802181033e-07,0.0,1.751734693958108e-08,8.974082410536259e-09,0.0
236,14220.0,14220,8.542705861756628e-09,8.542706138364617e-09,1.898879975390499e-07,0.0,1.7517086955622477e-08,8.974380539559723e-09,0.0
237,14280.0,14280,8.54215330816634e-09,8.542153585007963e-09,1.8998657841254657e-07,0.0,1.7516829583106384e-08,8.974675720166354e-09,0.0
238,14340.0,14340,8.541606308183753e-09,8.541606585258126e-09,1.9008515072840533e-07,0.0,1.7516574819239805e-08,8.974967955817012e-09,0.0
239,14400.0,14400,8.541064855637615e-09,8.541065132943263e-09,1.9018371457267207e-07,0.0,1.7516322661265446e-08,8.975257249926534e-09,0.0
240,14460.0,14460,8.540528944436469e-09,8.540529221972212e-09,1.9028227003126527e-07,0.0,1.7516073106460517e-08,8.975543605862415e-09,0.0
241,14520.0,14520,8.539998568569243e-09,8.539998846333753e-09,1.9038081719002786e-07,0.0,1.7515826152132617e-08,8.975827026944209e-09,0.0
242,14580.0,14580,8.539473722105102e-09,8.539474000097493e-09,1.9047935613470134e-07,0.0,1.7515581795624455e-08,8.976107516443978e-09,0.0
243,14640.0,14640,8.538954399193451e-09,8.538954677411807e-09,1.9057788695093515e-07,0.0,1.7515340034311175e-08,8.976385077591011e-09,0.0
244,14700.0,14700,8.538440594061866e-09,8.538440872505155e-09,1.906764097242867e-07,0.0,1.751510086560127e-08,8.976659713562973e-09,0.0
245,14760.0,14760,8.537932301016688e-09,8.537932579684171e-09,1.907749245402261e-07,0.0,1.7514864286935966e-08,8.97693142749387e-09,0.0
246,14820.0,14820,8.537429514445087e-09,8.5374297933347e-09,1.9087343148414552e-07,0.0,1.7514630295786883e-08,8.977200222472718e-09,0.0
247,14880.0,14880,8.536932228810485e-09,8.536932507921342e-09,1.909719306413192e-07,0.0,1.7514398889660147e-08,8.9774661015378e-09,0.0
248,14940.0,14940,8.536440438656101e-09,8.536440717986876e-09,1.9107042209695525e-07,0.0,1.7514170066093453e-08,8.977729067686392e-09,0.0
249,15000.0,15000,8.53595413860348e-09,8.535954418152697e-09,1.9116890593619104e-07,0.0,1.7513943822660777e-08,8.97798912386916e-09,0.0
250,15060.0,15060,8.535473323348644e-09,8.535473603114681e-09,1.912673822440624e-07,0.0,1.7513720156960582e-08,8.978246272989278e-09,0.0
251,15120.0,15120,8.534997987668594e-09,8.534998267651009e-09,1.9136585110553439e-07,0.0,1.7513499066629094e-08,8.978500517906555e-09,0.0
252,15180.0,15180,8.534528126416443e-09,8.534528406613466e-09,1.9146431260545644e-07,0.0,1.7513280549334383e-08,8.978751861434635e-09,0.0
253,15240.0,15240,8.534063734520966e-09,8.534064014931564e-09,1.9156276682863783e-07,0.0,1.7513064602774923e-08,8.979000306342765e-09,0.0
254,15300.0,15300,8.533604806988816e-09,8.533605087611366e-09,1.9166121385979587e-07,0.0,1.7512851224679266e-08,8.979245855355942e-09,0.0
255,15360.0,15360,8.533151338902903e-09,8.533151619736076e-09,1.917596537835723e-07,0.0,1.7512640412811953e-08,8.979488511153145e-09,0.0
256,15420.0,15420,8.532703325420766e-09,8.532703606463681e-09,1.918580866845333e-07,0.0,1.7512432164965844e-08,8.979728276369989e-09,0.0
257,15480.0,15480,8.532260761776947e-09,8.532261043027832e-09,1.9195651264714366e-07,0.0,1.7512226478965964e-08,8.979965153598133e-09,0.0
258,15540.0,15540,8.531823643282087e-09,8.531823924739614e-09,1.9205493175583746e-07,0.0,1.7512023352670362e-08,8.980199145384254e-09,0.0
259,15600.0,15600,8.531391965321903e-09,8.531392246985041e-09,1.92153344094952e-07,0.0,1.7511822783968364e-08,8.980430254231367e-09,0.0
260,15660.0,15660,8.53096572335572e-09,8.530966005222993e-09,1.9225174974874434e-07,0.0,1.7511624770778797e-08,8.980658482599122e-09,0.0
261,15720.0,15720,8.530544912919556e-09,8.530545194989341e-09,1.9235014880141496e-07,0.0,1.7511429311051457e-08,8.980883832902628e-09,0.0
262,15780.0,15780,8.53012952962229e-09,8.530129811894145e-09,1.9244854133710525e-07,0.0,1.7511236402771842e-08,8.98110630751702e-09,0.0
263,15840.0,15840,8.529719569149948e-09,8.52971985162166e-09,1.9254692743985286e-07,0.0,1.7511046043949627e-08,8.981325908767879e-09,0.0
264,15900.0,15900,8.529315027259642e-09,8.529315309930327e-09,1.926453071936812e-07,0.0,1.751085823263403e-08,8.98154263894449e-09,0.0
265,15960.0,15960,8.52891589978401e-09,8.528916182652192e-09,1.9274368068248862e-07,0.0,1.7510672966897266e-08,8.981756500288513e-09,0.0
266,16020.0,16020,8.52852218263017e-09,8.52852246569467e-09,1.9284204799014757e-07,0.0,1.751049024484755e-08,8.981967495000739e-09,0.0
267,16080.0,16080,8.528133871776629e-09,8.52813415503553e-09,1.92940409200462e-07,0.0,1.7510310064622882e-08,8.982175625239779e-09,0.0
268,16140.0,16140,8.52775096327712e-09,8.527751246729538e-09,1.9303876439716033e-07,0.0,1.7510132424390772e-08,8.982380893120145e-09,0.0
269,16200.0,16200,8.527373453256764e-09,8.527373736901368e-09,1.931371136639262e-07,0.0,1.750995732235087e-08,8.982583300716373e-09,0.0
270,16260.0,16260,8.527001337915901e-09,8.527001621751218e-09,1.9323545708436772e-07,0.0,1.75097847567344e-08,8.982782850057867e-09,0.0
271,16320.0,16320,8.526634613525083e-09,8.526634897549934e-09,1.9333379474203395e-07,0.0,1.7509614725798255e-08,8.982979543135979e-09,0.0
272,16380.0,16380,8.526273276429494e-09,8.5262735606427e-09,1.9343212672043624e-07,0.0,1.750944722784091e-08,8.983173381896483e-09,0.0
273,16440.0,16440,8.525917323044972e-09,8.525917607444758e-09,1.9353045310300565e-07,0.0,1.750928226117884e-08,8.983364368245473e-09,0.0
274,16500.0,16500,8.525566749860507e-09,8.525567034445844e-09,1.936287739731403e-07,0.0,1.7509119824165096e-08,8.98355250404657e-09,0.0
275,16560.0,16560,8.52522155343663e-09,8.525221838205601e-09,1.9372708941416502e-07,0.0,1.750895991518696e-08,8.98373779112401e-09,0.0
276,16620.0,16620,8.524881730404963e-09,8.524882015356978e-09,1.9382539950934814e-07,0.0,1.750880253265559e-08,8.983920231257928e-09,0.0
277,16680.0,16680,8.524547277470879e-09,8.524547562604018e-09,1.9392370434192245e-07,0.0,1.7508647675014907e-08,8.984099826190111e-09,0.0
278,16740.0,16740,8.52421819140833e-09,8.524218476721122e-09,1.9402200399505714e-07,0.0,1.7508495340742742e-08,8.984276577620159e-09,0.0
279,16800.0,16800,8.523894469063847e-09,8.52389475455555e-09,1.941202985518954e-07,0.0,1.7508345528339942e-08,8.984450487204311e-09,0.0
280,16860.0,16860,8.523576107355928e-09,8.523576393024333e-09,1.942185880954954e-07,0.0,1.7508198236344815e-08,8.984621556563703e-09,0.0
281,16920.0,16920,8.52326310327196e-09,8.52326338911677e-09,1.9431687270888713e-07,0.0,1.7508053463324584e-08,8.984789787275217e-09,0.0
282,16980.0,16980,8.522955453871306e-09,8.522955739890603e-09,1.9441515247504613e-07,0.0,1.7507911207873014e-08,8.98495518087503e-09,0.0
283,17040.0,17040,8.52265315628427e-09,8.522653442476436e-09,1.9451342747691267e-07,0.0,1.7507771468618387e-08,8.98511773886097e-09,0.0
284,17100.0,17100,8.522356207710342e-09,8.522356494074339e-09,1.9461169779738452e-07,0.0,1.7507634244216423e-08,8.985277462690448e-09,0.0
285,17160.0,17160,8.522064605419799e-09,8.522064891954156e-09,1.9470996351930036e-07,0.0,1.7507499533355877e-08,8.985434353779136e-09,0.0
286,17220.0,17220,8.521778346753284e-09,8.521778633456376e-09,1.9480822472546124e-07,0.0,1.7507367334752646e-08,8.98558841350598e-09,0.0
287,17280.0,17280,8.521497429120019e-09,8.521497715990962e-09,1.9490648149864693e-07,0.0,1.7507237647155954e-08,8.985739643206413e-09,0.0
288,17340.0,17340,8.521221850001942e-09,8.521222137038966e-09,1.9500473392157812e-07,0.0,1.7507110469341884e-08,8.985888044179138e-09,0.0
289,17400.0,17400,8.520951606948253e-09,8.520951894149883e-09,1.9510298207691894e-07,0.0,1.7506985800120426e-08,8.986033617681569e-09,0.0
290,17460.0,17460,8.520686697576295e-09,8.520686984941498e-09,1.9520122604733355e-07,0.0,1.7506863638327836e-08,8.986176364934085e-09,0.0
291,17520.0,17520,8.520427119577745e-09,8.520427407105048e-09,1.9529946591542938e-07,0.0,1.7506743982834884e-08,8.986316287115337e-09,0.0
292,17580.0,17580,8.52017287070948e-09,8.52017315839711e-09,1.9539770176378323e-07,0.0,1.7506626832537996e-08,8.986453385365467e-09,0.0
293,17640.0,17640,8.51992394879666e-09,8.519924236643587e-09,1.9549593367492235e-07,0.0,1.750651218636458e-08,8.986587660787016e-09,0.0
294,17700.0,17700,8.519680351737611e-09,8.51968063974236e-09,1.9559416173136927e-07,0.0,1.7506400043276554e-08,8.986719114441956e-09,0.0
295,17760.0,17760,8.519442077496732e-09,8.519442365657974e-09,1.956923860155804e-07,0.0,1.7506290402261506e-08,8.98684774735539e-09,0.0
296,17820.0,17820,8.519209124106568e-09,8.519209412422682e-09,1.957906066100051e-07,0.0,1.7506183262337403e-08,8.986973560511853e-09,0.0
297,17880.0,17880,8.51898148967046e-09,8.518981778140266e-09,1.958888235970668e-07,0.0,1.7506078622554952e-08,8.987096554857391e-09,0.0
298,17940.0,17940,8.518759172358717e-09,8.518759460980739e-09,1.9598703705912755e-07,0.0,1.750597648199054e-08,8.987216731301025e-09,0.0
299,18000.0,18000,8.518542170410229e-09,8.518542459182992e-09,1.9608524707854933e-07,0.0,1.7505876839755933e-08,8.987334090712982e-09,0.0
300,18060.0,18060,8.518330482132917e-09,8.518330771054798e-09,1.961834537376659e-07,0.0,1.750577969498769e-08,8.987448633923521e-09,0.0
301,18120.0,18120,8.518124105902253e-09,8.518124394972369e-09,1.9628165711877325e-07,0.0,1.750568504685777e-08,8.987560361728386e-09,0.0
302,18180.0,18180,8.51792304016156e-09,8.517923329378435e-09,1.963798573041366e-07,0.0,1.7505592894564086e-08,8.987669274881726e-09,0.0
303,18240.0,18240,8.517727283422304e-09,8.517727572784317e-09,1.964780543760142e-07,0.0,1.7505503237334637e-08,8.987775374101258e-09,0.0
304,18300.0,18300,8.517536834265274e-09,8.517537123771095e-09,1.9657624841664066e-07,0.0,1.7505416074429874e-08,8.98787866006591e-09,0.0
305,18360.0,18360,8.517351691336746e-09,8.517351980984753e-09,1.9667443950820572e-07,0.0,1.750533140514005e-08,8.987979133419653e-09,0.0
306,18420.0,18420,8.517171853352911e-09,8.517172143141631e-09,1.9677262773291567e-07,0.0,1.7505249228784026e-08,8.988076794766038e-09,0.0
307,18480.0,18480,8.516997319094269e-09,8.516997609022814e-09,1.9687081317292487e-07,0.0,1.750516954470898e-08,8.988171644670571e-09,0.0
308,18540.0,18540,8.516828087413738e-09,8.516828377480045e-09,1.9696899591038773e-07,0.0,1.750509235229749e-08,8.988263683664384e-09,0.0
309,18600.0,18600,8.516664157227367e-09,8.51666444742996e-09,1.970671760274208e-07,0.0,1.750501765095869e-08,8.988352912237905e-09,0.0
310,18660.0,18660,8.516505527520085e-09,8.516505817858375e-09,1.9716535360614307e-07,0.0,1.7504945440130316e-08,8.988439330846603e-09,0.0
311,18720.0,18720,8.51635219734467e-09,8.516352487816592e-09,1.97263528728657e-07,0.0,1.7504875719282568e-08,8.988522939907743e-09,0.0
312,18780.0,18780,8.516204165820716e-09,8.516204456424647e-09,1.9736170147704614e-07,0.0,1.7504808487916318e-08,8.988603739800098e-09,0.0
313,18840.0,18840,8.516061432133892e-09,8.516061722869391e-09,1.9745987193336337e-07,0.0,1.7504743745561045e-08,8.988681730869546e-09,0.0
314,18900.0,18900,8.515923995539345e-09,8.515924286404346e-09,1.9755804017968286e-07,0.0,1.7504681491775148e-08,8.988756913419196e-09,0.0
315,18960.0,18960,8.515791855357408e-09,8.51579214635014e-09,1.97656206298048e-07,0.0,1.7504621726150065e-08,8.988829287719847e-09,0.0
316,19020.0,19020,8.515665010976414e-09,8.515665302095403e-09,1.9775437037048343e-07,0.0,1.7504564448305545e-08,8.988898854003808e-09,0.0
317,19080.0,19080,8.515543461848708e-09,8.51554375309366e-09,1.978525324790231e-07,0.0,1.750450965788996e-08,8.988965612465184e-09,0.0
318,19140.0,19140,8.515427207498172e-09,8.515427498866726e-09,1.9795069270567982e-07,0.0,1.750445735458678e-08,8.989029563264305e-09,0.0
319,19200.0,19200,8.51531624751285e-09,8.515316539003825e-09,1.980488511324616e-07,0.0,1.7504407538103673e-08,8.98909070652256e-09,0.0
320,19260.0,19260,8.51521058154671e-09,8.515210873158485e-09,1.9814700784139304e-07,0.0,1.750436020818192e-08,8.989149042324904e-09,0.0
321,19320.0,19320,8.515110209322022e-09,8.515110501053121e-09,1.9824516291443733e-07,0.0,1.7504315364592025e-08,8.989204570721343e-09,0.0
322,19380.0,19380,8.515015130626829e-09,8.515015422475927e-09,1.9834331643361906e-07,0.0,1.750427300713457e-08,8.989257291722936e-09,0.0
323,19440.0,19440,8.514925345316294e-09,8.514925637281914e-09,1.9844146848090851e-07,0.0,1.7504233135641405e-08,8.989307205306675e-09,0.0
324,19500.0,19500,8.514840853310911e-09,8.514841145392022e-09,1.9853961913830904e-07,0.0,1.7504195749971824e-08,8.989354311412234e-09,0.0
325,19560.0,19560,8.514761654601245e-09,8.514761946795927e-09,1.986377684878074e-07,0.0,1.7504160850018742e-08,8.989398609941674e-09,0.0
326,19620.0,19620,8.514687749240687e-09,8.514688041547466e-09,1.987359166113857e-07,0.0,1.75041284357031e-08,8.989440100762397e-09,0.0
327,19680.0,19680,8.514619137349153e-09,8.514619429766407e-09,1.988340635910426e-07,0.0,1.750409850697564e-08,8.989478783704928e-09,0.0
328,19740.0,19740,8.514555819114554e-09,8.514556111641692e-09,1.9893220950875543e-07,0.0,1.750407106382072e-08,8.989514658564987e-09,0.0
329,19800.0,19800,8.514497794792646e-09,8.514498087427456e-09,1.9903035444653458e-07,0.0,1.750404610624719e-08,8.989547725098613e-09,0.0
330,19860.0,19860,8.514445064702465e-09,8.514445357443621e-09,1.9912849848636215e-07,0.0,1.750402363430137e-08,8.989577983029987e-09,0.0
331,19920.0,19920,8.51439762923075e-09,8.514397922076776e-09,1.992266417102604e-07,0.0,1.750400364805258e-08,8.989605432043172e-09,0.0
332,19980.0,19980,8.514355488830607e-09,8.514355781780174e-09,1.9932478420023025e-07,0.0,1.7503986147606428e-08,8.98963007178993e-09,0.0
333,20040.0,20040,8.514318644021076e-09,8.514318937072564e-09,1.9942292603827974e-07,0.0,1.7503971133094184e-08,8.989651901883523e-09,0.0
334,20100.0,20100,8.514287095389047e-09,8.514287388541719e-09,1.9952106730644292e-07,0.0,1.7503958604681342e-08,8.989670921901081e-09,0.0
335,20160.0,20160,8.514260843586012e-09,8.514261136837506e-09,1.9961920808676087e-07,0.0,1.750394856256141e-08,8.989687131385806e-09,0.0
336,20220.0,20220,8.514239889330573e-09,8.51424018267971e-09,1.997173484612723e-07,0.0,1.7503941006959186e-08,8.989700529843732e-09,0.0
337,20280.0,20280,8.51422423340756e-09,8.514224526852865e-09,1.998154885120372e-07,0.0,1.7503935938129532e-08,8.989711116743724e-09,0.0
338,20340.0,20340,8.514213876668763e-09,8.514214170208614e-09,1.9991362832112025e-07,0.0,1.7503933356355646e-08,8.989718891520872e-09,0.0
339,20400.0,20400,8.514208820031171e-09,8.514209113664387e-09,2.0001176797060026e-07,0.0,1.75039332619573e-08,8.989723853573242e-09,0.0
340,20460.0,20460,8.514209064478877e-09,8.514209358204426e-09,2.0010990754258447e-07,0.0,1.7503935655278755e-08,8.989726002262615e-09,0.0
341,20520.0,20520,8.514214611063092e-09,8.514214904878023e-09,2.002080471191729e-07,0.0,1.750394053669789e-08,8.989725336916705e-09,0.0
342,20580.0,20580,8.514225460898888e-09,8.514225754803053e-09,2.0030618678251054e-07,0.0,1.750394790661855e-08,8.989721856824872e-09,0.0
343,20640.0,20640,8.51424161517066e-09,8.514241909162438e-09,2.0040432661473283e-07,0.0,1.7503957765483525e-08,8.989715561241964e-09,0.0
344,20700.0,20700,8.514263075127705e-09,8.51426336920518e-09,2.0050246669798943e-07,0.0,1.7503970113757428e-08,8.989706449388314e-09,0.0
345,20760.0,20760,8.514289842085104e-09,8.514290136247388e-09,2.0060060711448663e-07,0.0,1.750398495194263e-08,8.989694520446204e-09,0.0
346,20820.0,20820,8.514321917426665e-09,8.51432221167199e-09,2.0069874794643777e-07,0.0,1.7504002280565694e-08,8.989679773562363e-09,0.0
347,20880.0,20880,8.514359302601099e-09,8.51435959692799e-09,2.007968892760421e-07,0.0,1.7504022100190352e-08,8.989662207849307e-09,0.0
348,20940.0,20940,8.514401999123493e-09,8.514402293529884e-09,2.008950311855696e-07,0.0,1.750404441140423e-08,8.98964182238061e-09,0.0
349,21000.0,21000,8.514450008577073e-09,8.514450303061932e-09,2.0099317375728552e-07,0.0,1.7504069214832713e-08,8.989618616198282e-09,0.0
350,21060.0,21060,8.514503332608488e-09,8.514503627170636e-09,2.010913170734859e-07,0.0,1.7504096511124784e-08,8.989592588304952e-09,0.0
351,21120.0,21120,8.514561972934748e-09,8.514562267572708e-09,2.01189461216502e-07,0.0,1.750412630096483e-08,8.98956373766785e-09,0.0
352,21180.0,21180,8.514625931337754e-09,8.514626226049906e-09,2.0128760626866765e-07,0.0,1.7504158585069092e-08,8.98953206322028e-09,0.0
353,21240.0,21240,8.514695209666968e-09,8.514695504451689e-09,2.0138575231238025e-07,0.0,1.7504193364180364e-08,8.989497563857495e-09,0.0
354,21300.0,21300,8.514769809836008e-09,8.514770104691969e-09,2.0148389943002776e-07,0.0,1.750423063907565e-08,8.989460238440822e-09,0.0
355,21360.0,21360,8.514849733829883e-09,8.514850028754872e-09,2.0158204770406903e-07,0.0,1.7504270410560293e-08,8.989420085793089e-09,0.0
356,21420.0,21420,8.514934983695547e-09,8.51493527868927e-09,2.0168019721696518e-07,0.0,1.7504312679473246e-08,8.989377104703205e-09,0.0
357,21480.0,21480,8.515025561551052e-09,8.51502585661159e-09,2.0177834805119156e-07,0.0,1.75043574466812e-08,8.989331293923053e-09,0.0
358,21540.0,21540,8.515121469579197e-09,8.515121764705076e-09,2.0187650028933675e-07,0.0,1.7504404713086832e-08,8.989282652169563e-09,0.0
359,21600.0,21600,8.515222710031812e-09,8.515223005221115e-09,2.0197465401390677e-07,0.0,1.7504454479619368e-08,8.989231178122197e-09,0.0
360,21660.0,21660,8.515329285224443e-09,8.51532958047599e-09,2.0207280930754446e-07,0.0,1.750450674723872e-08,8.989176870424725e-09,0.0
361,21720.0,21720,8.5154411975427e-09,8.515441492855458e-09,2.0217096625286911e-07,0.0,1.7504561516940782e-08,8.989119727686257e-09,0.0
362,21780.0,21780,8.51555844943945e-09,8.5155587448115e-09,2.022691249325661e-07,0.0,1.7504618789747117e-08,8.989059748476516e-09,0.0
363,21840.0,21840,8.515681043434079e-09,8.515681338863947e-09,2.0236728542935142e-07,0.0,1.7504678566713796e-08,8.988996931333373e-09,0.0
364,21900.0,21900,8.515808982113085e-09,8.515809277598856e-09,2.0246544782597416e-07,0.0,1.7504740848925216e-08,8.988931274753835e-09,0.0
365,21960.0,21960,8.515942268131406e-09,8.515942563672193e-09,2.0256361220521645e-07,0.0,1.7504805637502054e-08,8.988862777202172e-09,0.0
366,22020.0,22020,8.516080904211533e-09,8.516081199805862e-09,2.0266177864992407e-07,0.0,1.7504872933591243e-08,8.988791437104743e-09,0.0
367,22080.0,22080,8.516224893143065e-09,8.516225188789018e-09,2.0275994724297833e-07,0.0,1.7504942738374232e-08,8.988717252852655e-09,0.0
368,22140.0,22140,8.516374237784193e-09,8.516374533480736e-09,2.0285811806729577e-07,0.0,1.7505015053060194e-08,8.988640222796897e-09,0.0
369,22200.0,22200,8.516528941059177e-09,8.516529236804247e-09,2.029562912058379e-07,0.0,1.7505089878893114e-08,8.988560345256895e-09,0.0
370,22260.0,22260,8.516689005964117e-09,8.516689301756976e-09,2.0305446674162757e-07,0.0,1.7505167217148838e-08,8.988477618512252e-09,0.0
371,22320.0,22320,8.516854435559122e-09,8.516854731397851e-09,2.0315264475770644e-07,0.0,1.7505247069131828e-08,8.988392040808492e-09,0.0
372,22380.0,22380,8.51702523297451e-09,8.517025528857489e-09,2.032508253371894e-07,0.0,1.7505329436176925e-08,8.988303610350734e-09,0.0
373,22440.0,22440,8.517201401408595e-09,8.517201697334641e-09,2.0334900856323613e-07,0.0,1.750541431965791e-08,8.988212325310612e-09,0.0
374,22500.0,22500,8.517382944129013e-09,8.517383240096064e-09,2.034471945190441e-07,0.0,1.7505501720971278e-08,8.988118183821114e-09,0.0
375,22560.0,22560,8.51756986447007e-09,8.517570160477094e-09,2.035453832878698e-07,0.0,1.7505591641550996e-08,8.988021183980272e-09,0.0
376,22620.0,22620,8.517762165836578e-09,8.517762461881803e-09,2.0364357495300978e-07,0.0,1.7505684082860816e-08,8.987921323846737e-09,0.0
377,22680.0,22680,8.51795985170134e-09,8.517960147783439e-09,2.0374176959784322e-07,0.0,1.750577904639576e-08,8.987818601443027e-09,0.0
378,22740.0,22740,8.518162925604418e-09,8.518163221721916e-09,2.0383996730577526e-07,0.0,1.7505876533682715e-08,8.987713014756252e-09,0.0
379,22800.0,22800,8.518371391158296e-09,8.518371687309866e-09,2.039381681602677e-07,0.0,1.750597654628249e-08,8.987604561733562e-09,0.0
380,22860.0,22860,8.51858525204272e-09,8.518585548226592e-09,2.040363722448601e-07,0.0,1.7506079085783914e-08,8.987493240286106e-09,0.0
381,22920.0,22920,8.518804512006458e-09,8.518804808221008e-09,2.0413457964311586e-07,0.0,1.7506184153810923e-08,8.98737904828802e-09,0.0
382,22980.0,22980,8.519029174868046e-09,8.519029471112538e-09,2.0423279043870667e-07,0.0,1.7506291752019314e-08,8.987261983575972e-09,0.0
383,23040.0,23040,8.519259244516377e-09,8.5192595407886e-09,2.04331004715302e-07,0.0,1.750640188209409e-08,8.987142043946513e-09,0.0
384,23100.0,23100,8.519494724908637e-09,8.519495021206819e-09,2.0442922255669173e-07,0.0,1.7506514545755348e-08,8.987019227163004e-09,0.0
385,23160.0,23160,8.519735620073838e-09,8.519735916396946e-09,2.045274440466703e-07,0.0,1.7506629744754764e-08,8.98689353094766e-09,0.0
386,23220.0,23220,8.519981934107663e-09,8.519982230454076e-09,2.0462566926913613e-07,0.0,1.7506747480874386e-08,8.986764952985814e-09,0.0
387,23280.0,23280,8.520233671180723e-09,8.520233967548521e-09,2.0472389830804656e-07,0.0,1.750686775593019e-08,8.986633490926377e-09,0.0
388,23340.0,23340,8.520490835528968e-09,8.520491131917712e-09,2.0482213124740615e-07,0.0,1.75069905717709e-08,8.986499142377542e-09,0.0
389,23400.0,23400,8.520753431462986e-09,8.520753727870314e-09,2.0492036817129028e-07,0.0,1.750711593027503e-08,8.986361904910486e-09,0.0
390,23460.0,23460,8.52102146336106e-09,8.521021759785793e-09,2.050186091638663e-07,0.0,1.75072438333562e-08,8.986221776059068e-09,0.0
391,23520.0,23520,8.521294935674636e-09,8.521295232115152e-09,2.0511685430931822e-07,0.0,1.7507374282960775e-08,8.986078753317618e-09,0.0
392,23580.0,23580,8.521573852923154e-09,8.52157414937783e-09,2.0521510369196438e-07,0.0,1.7507507281061373e-08,8.985932834141523e-09,0.0
393,23640.0,23640,8.521858219701278e-09,8.521858516168932e-09,2.053133573961398e-07,0.0,1.7507642829673972e-08,8.98578401595004e-09,0.0
394,23700.0,23700,8.522148040671074e-09,8.52214833714979e-09,2.054116155062832e-07,0.0,1.7507780930836977e-08,8.985632296121124e-09,0.0
395,23760.0,23760,8.522443320567772e-09,8.522443617056371e-09,2.0550987810687594e-07,0.0,1.750792158662625e-08,8.985477671994675e-09,0.0
396,23820.0,23820,8.522744064199018e-09,8.522744360695732e-09,2.0560814528251486e-07,0.0,1.7508064799151883e-08,8.985320140871947e-09,0.0
397,23880.0,23880,8.523050276443115e-09,8.523050572946907e-09,2.0570641711780635e-07,0.0,1.7508210570552567e-08,8.985159700015263e-09,0.0
398,23940.0,23940,8.523361962251369e-09,8.523362258759881e-09,2.0580469369752902e-07,0.0,1.7508358903003586e-08,8.984996346647998e-09,0.0
399,24000.0,24000,8.523679126646185e-09,8.52367942315853e-09,2.0590297510644968e-07,0.0,1.750850979871119e-08,8.984830077953264e-09,0.0
400,24060.0,24060,8.524001774723565e-09,8.52400207123783e-09,2.0600126142944138e-07,0.0,1.7508663259914968e-08,8.984660891075383e-09,0.0
401,24120.0,24120,8.524329911652378e-09,8.524330208167232e-09,2.0609955275148802e-07,0.0,1.7508819288887247e-08,8.984488783118407e-09,0.0
402,24180.0,24180,8.524663542672437e-09,8.524663839186405e-09,2.061978491576066e-07,0.0,1.750897788793517e-08,8.984313751146862e-09,0.0
403,24240.0,24240,8.52500267309789e-09,8.525002969609794e-09,2.0629615073293213e-07,0.0,1.750913905939567e-08,8.98413579218722e-09,0.0
404,24300.0,24300,8.52534730831605e-09,8.525347604824266e-09,2.0639445756266088e-07,0.0,1.7509302805642853e-08,8.98395490322288e-09,0.0
405,24360.0,24360,8.52569745378989e-09,8.525697750292503e-09,2.0649276973206946e-07,0.0,1.75094691290815e-08,8.983771081198895e-09,0.0
406,24420.0,24420,8.526053115050973e-09,8.5260534115468e-09,2.065910873265477e-07,0.0,1.750963803215091e-08,8.983584323020495e-09,0.0
407,24480.0,24480,8.526414297709473e-09,8.526414594196598e-09,2.0668941043154212e-07,0.0,1.7509809517322823e-08,8.983394625551462e-09,0.0
408,24540.0,24540,8.526781007448285e-09,8.52678130392538e-09,2.06787739132603e-07,0.0,1.7509983587105572e-08,8.983201985615607e-09,0.0
409,24600.0,24600,8.52715325002331e-09,8.527153546489048e-09,2.0688607351535622e-07,0.0,1.7510160244037862e-08,8.98300639999544e-09,0.0
410,24660.0,24660,8.527531031266413e-09,8.527531327719317e-09,2.0698441366553145e-07,0.0,1.7510339490692034e-08,8.982807865431583e-09,0.0
411,24720.0,24720,8.52791435708468e-09,8.527914653522983e-09,2.0708275966894806e-07,0.0,1.7510521329675824e-08,8.982606378627048e-09,0.0
412,24780.0,24780,8.528303233458946e-09,8.528303529881173e-09,2.0718111161149856e-07,0.0,1.7510705763632372e-08,8.98240193624104e-09,0.0
413,24840.0,24840,8.528697666446157e-09,8.52869796285083e-09,2.07279469579184e-07,0.0,1.7510892795234314e-08,8.982194534890873e-09,0.0
414,24900.0,24900,8.529097662179214e-09,8.529097958564862e-09,2.073778336580999e-07,0.0,1.7511082427191746e-08,8.981984171153746e-09,0.0
415,24960.0,24960,8.529503226865067e-09,8.529503523230213e-09,2.0747620393443607e-07,0.0,1.7511274662249287e-08,8.981770841565702e-09,0.0
416,25020.0,25020,8.529914366788836e-09,8.529914663132003e-09,2.0757458049446977e-07,0.0,1.7511469503181346e-08,8.981554542618536e-09,0.0
417,25080.0,25080,8.530331088312484e-09,8.530331384631759e-09,2.0767296342459613e-07,0.0,1.7511666952803924e-08,8.981335270764663e-09,0.0
418,25140.0,25140,8.53075339787055e-09,8.530753694164603e-09,2.0777135281128352e-07,0.0,1.751186701395928e-08,8.981113022412989e-09,0.0
419,25200.0,25200,8.53118130197869e-09,8.531181598246194e-09,2.0786974874112297e-07,0.0,1.7512069689530973e-08,8.98088779392949e-09,0.0
420,25260.0,25260,8.531614807227048e-09,8.53161510346623e-09,2.079681513007929e-07,0.0,1.7512274982432348e-08,8.980659581638852e-09,0.0
421,25320.0,25320,8.532053920285118e-09,8.532054216494801e-09,2.0806656057708733e-07,0.0,1.7512482895614518e-08,8.980428381822687e-09,0.0
422,25380.0,25380,8.532498647899538e-09,8.532498944077805e-09,2.0816497665688282e-07,0.0,1.751269343206281e-08,8.980194190718952e-09,0.0
423,25440.0,25440,8.532948996893349e-09,8.532949293038873e-09,2.082633996271693e-07,0.0,1.751290659479648e-08,8.97995700452356e-09,0.0
424,25500.0,25500,8.53340497416924e-09,8.533405270280396e-09,2.0836182957506646e-07,0.0,1.7513122386869e-08,8.979716819388777e-09,0.0
425,25560.0,25560,8.533866586708512e-09,8.53386688278427e-09,2.0846026658777423e-07,0.0,1.7513340811371304e-08,8.9794736314229e-09,0.0
426,25620.0,25620,8.534333841569761e-09,8.534334137608054e-09,2.0855871075260104e-07,0.0,1.751356187142796e-08,8.979227436692794e-09,0.0
427,25680.0,25680,8.53480674589329e-09,8.534807041892792e-09,2.0865716215698762e-07,0.0,1.751378557019893e-08,8.978978231217969e-09,0.0
428,25740.0,25740,8.53528530689743e-09,8.53528560285637e-09,2.087556208884477e-07,0.0,1.751401191088047e-08,8.978726010975751e-09,0.0
429,25800.0,25800,8.535769531878686e-09,8.535769827796032e-09,2.088540870346674e-07,0.0,1.7514240896700386e-08,8.978470771899664e-09,0.0
430,25860.0,25860,8.536259428216306e-09,8.53625972409014e-09,2.0895256068336577e-07,0.0,1.7514472530932218e-08,8.978212509879572e-09,0.0
431,25920.0,25920,8.536755003368597e-09,8.536755299197594e-09,2.09051041922472e-07,0.0,1.75147068168731e-08,8.977951220757987e-09,0.0
432,25980.0,25980,8.537256264873077e-09,8.53725656065561e-09,2.0914953083992942e-07,0.0,1.751494375786147e-08,8.977686900334804e-09,0.0
433,26040.0,26040,8.537763220351474e-09,8.537763516086366e-09,2.0924802752387719e-07,0.0,1.7515183357274117e-08,8.97741954436448e-09,0.0
434,26100.0,26100,8.538275877505614e-09,8.5382761731908e-09,2.0934653206253475e-07,0.0,1.7515425618520562e-08,8.977149148555902e-09,0.0
435,26160.0,26160,8.53879424411653e-09,8.538794539750682e-09,2.0944504454425835e-07,0.0,1.7515670545047507e-08,8.97687570857341e-09,0.0
436,26220.0,26220,8.539318328049764e-09,8.539318623631407e-09,2.0954356505751054e-07,0.0,1.751591814033557e-08,8.976599220033555e-09,0.0
437,26280.0,26280,8.539848137253755e-09,8.539848432781416e-09,2.096420936908836e-07,0.0,1.751616840790904e-08,8.976319678510999e-09,0.0
438,26340.0,26340,8.540383679756739e-09,8.540383975228645e-09,2.097406305331161e-07,0.0,1.751642135131904e-08,8.97603707952952e-09,0.0
439,26400.0,26400,8.540924963671612e-09,8.540925259086879e-09,2.0983917567302223e-07,0.0,1.751667697416271e-08,8.975751418571597e-09,0.0
440,26460.0,26460,8.541471997195932e-09,8.541472292552496e-09,2.0993772919958127e-07,0.0,1.7516935280065812e-08,8.97546269106808e-09,0.0
441,26520.0,26520,8.542024788609712e-09,8.542025083905803e-09,2.1003629120188822e-07,0.0,1.751719627269806e-08,8.97517089240705e-09,0.0
442,26580.0,26580,8.542583346274972e-09,8.542583641509704e-09,2.1013486176917725e-07,0.0,1.7517459955763676e-08,8.974876017929389e-09,0.0
443,26640.0,26640,8.543147678641488e-09,8.543147973813386e-09,2.1023344099077694e-07,0.0,1.75177263330017e-08,8.974578062927155e-09,0.0
444,26700.0,26700,8.543717794243703e-09,8.543718089350408e-09,2.1033202895618582e-07,0.0,1.751799540819129e-08,8.974277022645357e-09,0.0
445,26760.0,26760,8.544293701697626e-09,8.544293996738251e-09,2.104306257550322e-07,0.0,1.751826718515083e-08,8.973972892281804e-09,0.0
446,26820.0,26820,8.544875409708645e-09,8.544875704681865e-09,2.105292314770624e-07,0.0,1.7518541667731748e-08,8.973665666986516e-09,0.0
447,26880.0,26880,8.54546292706711e-09,8.545463221971155e-09,2.1062784621216666e-07,0.0,1.7518818859829135e-08,8.973355341863936e-09,0.0
448,26940.0,26940,8.546056262648622e-09,8.546056557482016e-09,2.1072647005035562e-07,0.0,1.7519098765370525e-08,8.973041911965117e-09,0.0
449,27000.0,27000,8.54665542541669e-09,8.546655720177517e-09,2.1082510308180743e-07,0.0,1.751938138832446e-08,8.972725372296415e-09,0.0
450,27060.0,27060,8.54726042442126e-09,8.54726071910863e-09,2.109237453968065e-07,0.0,1.751966673270078e-08,8.97240571781596e-09,0.0
451,27120.0,27120,8.54787126879929e-09,8.547871563411292e-09,2.1102239708582123e-07,0.0,1.7519954802541777e-08,8.97208294342863e-09,0.0
452,27180.0,27180,8.54848796777802e-09,8.548488262313471e-09,2.111210582394192e-07,0.0,1.752024560193339e-08,8.971757043994469e-09,0.0
453,27240.0,27240,8.549110530670965e-09,8.549110825127652e-09,2.1121972894833557e-07,0.0,1.7520539134998153e-08,8.97142801432337e-09,0.0
454,27300.0,27300,8.549738966880732e-09,8.549739261257919e-09,2.1131840930342106e-07,0.0,1.75208354058993e-08,8.971095849174047e-09,0.0
455,27360.0,27360,8.550373285899458e-09,8.550373580195669e-09,2.114170993957412e-07,0.0,1.752113441883812e-08,8.970760543256536e-09,0.0
456,27420.0,27420,8.551013497309252e-09,8.551013791522275e-09,2.1151579931642052e-07,0.0,1.7521436178053666e-08,8.970422091228219e-09,0.0
457,27480.0,27480,8.551659610781164e-09,8.551659904909967e-09,2.1161450915680533e-07,0.0,1.7521740687830706e-08,8.970080487701346e-09,0.0
458,27540.0,27540,8.552311636079611e-09,8.552311930122129e-09,2.1171322900834113e-07,0.0,1.7522047952487055e-08,8.969735727232409e-09,0.0
459,27600.0,27600,8.55296958305367e-09,8.552969877009019e-09,2.1181195896265035e-07,0.0,1.752235797638448e-08,8.969387804329674e-09,0.0
460,27660.0,27660,8.553633461651537e-09,8.55363375551824e-09,2.1191069911152067e-07,0.0,1.7522670763923684e-08,8.969036713448745e-09,0.0
461,27720.0,27720,8.554303281910201e-09,8.554303575686931e-09,2.120094495468648e-07,0.0,1.7522986319550508e-08,8.96868244899626e-09,0.0
462,27780.0,27780,8.554979053957214e-09,8.554979347641758e-09,2.1210821036077722e-07,0.0,1.752330464774059e-08,8.96832500532473e-09,0.0
463,27840.0,27840,8.555660788014082e-09,8.555661081604966e-09,2.1220698164548453e-07,0.0,1.752362575302324e-08,8.96796437673577e-09,0.0
464,27900.0,27900,8.556348494397153e-09,8.556348787893048e-09,2.1230576349339268e-07,0.0,1.752394963995906e-08,8.967600557478939e-09,0.0
465,27960.0,27960,8.557042183513336e-09,8.557042476913064e-09,2.1240455599706575e-07,0.0,1.7524276313154953e-08,8.967233541751869e-09,0.0
466,28020.0,28020,8.557741865867626e-09,8.557742159169564e-09,2.1250335924923538e-07,0.0,1.75246057772606e-08,8.966863323698213e-09,0.0
467,28080.0,28080,8.558447552057649e-09,8.558447845260026e-09,2.1260217334275594e-07,0.0,1.7524938036964025e-08,8.96648989741059e-09,0.0
468,28140.0,28140,8.559159252775716e-09,8.559159545877354e-09,2.1270099837070594e-07,0.0,1.7525273096998098e-08,8.966113256927042e-09,0.0
469,28200.0,28200,8.5598769788112e-09,8.55987727181018e-09,2.1279983442629374e-07,0.0,1.752561096213315e-08,8.96573339623237e-09,0.0
470,28260.0,28260,8.560600741050373e-09,8.560601033945663e-09,2.128986816029094e-07,0.0,1.7525951637190254e-08,8.965350309257237e-09,0.0
471,28320.0,28320,8.561330550473167e-09,8.561330843263145e-09,2.1299753999408695e-07,0.0,1.752629512702558e-08,8.96496398988128e-09,0.0
472,28380.0,28380,8.562066418159963e-09,8.562066710842858e-09,2.1309640969357752e-07,0.0,1.752664143654398e-08,8.964574431926458e-09,0.0
473,28440.0,28440,8.562808355289078e-09,8.562808647863563e-09,2.1319529079526435e-07,0.0,1.7526990570690422e-08,8.964181629161194e-09,0.0
474,28500.0,28500,8.56355637313352e-09,8.563556665598416e-09,2.132941833932243e-07,0.0,1.7527342534455296e-08,8.963785575300365e-09,0.0
475,28560.0,28560,8.564310483069546e-09,8.56431077542264e-09,2.1339308758170407e-07,0.0,1.7527697332871487e-08,8.963386264003394e-09,0.0
476,28620.0,28620,8.565070696571648e-09,8.565070988812053e-09,2.13492003455125e-07,0.0,1.752805497101729e-08,8.962983688873505e-09,0.0
477,28680.0,28680,8.565837025211808e-09,8.565837317337904e-09,2.1359093110809018e-07,0.0,1.7528415454014967e-08,8.962577843459348e-09,0.0
478,28740.0,28740,8.566609480666145e-09,8.566609772676455e-09,2.136898706353773e-07,0.0,1.7528778787031912e-08,8.962168721253083e-09,0.0
479,28800.0,28800,8.567388074710483e-09,8.567388366603386e-09,2.1378882213195757e-07,0.0,1.7529144975280357e-08,8.961756315692148e-09,0.0
480,28860.0,28860,8.568172819221239e-09,8.568173110995409e-09,2.1388778569298397e-07,0.0,1.752951402401825e-08,8.961340620155871e-09,0.0
481,28920.0,28920,8.56896372617985e-09,8.56896401783381e-09,2.1398676141376517e-07,0.0,1.7529885938549572e-08,8.960921627969443e-09,0.0
482,28980.0,28980,8.569760807667901e-09,8.569761099199732e-09,2.1408574938985294e-07,0.0,1.7530260724222837e-08,8.960499332398321e-09,0.0
483,29040.0,29040,8.570564075872435e-09,8.570564367281256e-09,2.1418474971692178e-07,0.0,1.7530638386435238e-08,8.960073726652359e-09,0.0
484,29100.0,29100,8.571373543084631e-09,8.571373834368375e-09,2.14283762490901e-07,0.0,1.7531018930627918e-08,8.95964480388285e-09,0.0
485,29160.0,29160,8.572189221697736e-09,8.57218951285537e-09,2.1438278780784506e-07,0.0,1.753140236229129e-08,8.959212557185928e-09,0.0
486,29220.0,29220,8.573011124213845e-09,8.573011415243895e-09,2.1448182576405858e-07,0.0,1.7531788686963552e-08,8.958776979597692e-09,0.0
487,29280.0,29280,8.573839263239928e-09,8.57383955414018e-09,2.1458087645599953e-07,0.0,1.7532177910230394e-08,8.958338064096424e-09,0.0
488,29340.0,29340,8.574673651488705e-09,8.574673942259014e-09,2.1467993998034535e-07,0.0,1.753257003772294e-08,8.957895803601556e-09,0.0
489,29400.0,29400,8.575514301781164e-09,8.57551459241902e-09,2.1477901643396703e-07,0.0,1.7532965075124524e-08,8.957450190974402e-09,0.0
490,29460.0,29460,8.576361227045518e-09,8.576361517550038e-09,2.1487810591392434e-07,0.0,1.7533363028165085e-08,8.957001219017138e-09,0.0
491,29520.0,29520,8.577214440320752e-09,8.577214730690017e-09,2.149772085175107e-07,0.0,1.7533763902624134e-08,8.956548880472048e-09,0.0
492,29580.0,29580,8.578073954751756e-09,8.578074244984439e-09,2.1507632434217526e-07,0.0,1.7534167704332493e-08,8.956093168022719e-09,0.0
493,29640.0,29640,8.578939783595069e-09,8.578940073689842e-09,2.151754534856079e-07,0.0,1.7534574439169084e-08,8.955634074291225e-09,0.0
494,29700.0,29700,8.57981194021771e-09,8.579812230172804e-09,2.152745960456755e-07,0.0,1.7534984113062086e-08,8.955171591840943e-09,0.0
495,29760.0,29760,8.580690438099972e-09,8.580690727914354e-09,2.1537375212047146e-07,0.0,1.7535396731996905e-08,8.954705713174921e-09,0.0
496,29820.0,29820,8.581575290830561e-09,8.581575580502168e-09,2.1547292180831578e-07,0.0,1.7535812302001718e-08,8.954236430734406e-09,0.0
497,29880.0,29880,8.582466512114408e-09,8.582466801642352e-09,2.1557210520770545e-07,0.0,1.7536230829164598e-08,8.953763736899582e-09,0.0
498,29940.0,29940,8.583364115768688e-09,8.583364405151201e-09,2.1567130241736162e-07,0.0,1.753665231961874e-08,8.953287623990896e-09,0.0
499,30000.0,30000,8.584268115722824e-09,8.584268404958432e-09,2.1577051353624148e-07,0.0,1.7537076779553688e-08,8.95280808426552e-09,0.0
500,30060.0,30060,8.585178526024382e-09,8.58517881511205e-09,2.1586973866348627e-07,0.0,1.7537504215211787e-08,8.952325109918824e-09,0.0
501,30120.0,30120,8.58609536083568e-09,8.586095649773491e-09,2.1596897789848736e-07,0.0,1.753793463289114e-08,8.951838693085559e-09,0.0
502,30180.0,30180,8.587018634434378e-09,8.587018923221152e-09,2.1606823134083202e-07,0.0,1.7538368038939696e-08,8.95134882583764e-09,0.0
503,30240.0,30240,8.587948361216723e-09,8.58794864985084e-09,2.161674990903294e-07,0.0,1.7538804439761758e-08,8.950855500182379e-09,0.0
504,30300.0,30300,8.588884555697257e-09,8.58888484417724e-09,2.1626678124703402e-07,0.0,1.7539243841817673e-08,8.950358708065879e-09,0.0
505,30360.0,30360,8.58982723250763e-09,8.58982752083215e-09,2.1636607791119864e-07,0.0,1.7539686251621764e-08,8.949858441370817e-09,0.0
506,30420.0,30420,8.590776406401032e-09,8.590776694568764e-09,2.1646538918334037e-07,0.0,1.7540131675746483e-08,8.949354691915857e-09,0.0
507,30480.0,30480,8.591732092250713e-09,8.59173238025974e-09,2.1656471516416508e-07,0.0,1.7540580120819727e-08,8.948847451456389e-09,0.0
508,30540.0,30540,8.592694305049694e-09,8.592694592898687e-09,2.1666405595464295e-07,0.0,1.754103159352604e-08,8.948336711682164e-09,0.0
509,30600.0,30600,8.593663059916069e-09,8.593663347603995e-09,2.1676341165595193e-07,0.0,1.7541486100610137e-08,8.947822464222612e-09,0.0
510,30660.0,30660,8.594638372087997e-09,8.59463865961338e-09,2.1686278236951524e-07,0.0,1.7541943648869547e-08,8.947304700635766e-09,0.0
511,30720.0,30720,8.595620256929595e-09,8.595620544290816e-09,2.169621681970111e-07,0.0,1.7542404245168163e-08,8.946783412421556e-09,0.0
512,30780.0,30780,8.596608729928439e-09,8.596609017124022e-09,2.1706156924032303e-07,0.0,1.7542867896424753e-08,8.946258591010283e-09,0.0
513,30840.0,30840,8.597603806698507e-09,8.597604093727418e-09,2.1716098560159644e-07,0.0,1.754333460961944e-08,8.945730227768686e-09,0.0
514,30900.0,30900,8.598605502979445e-09,8.598605789839916e-09,2.1726041738322225e-07,0.0,1.7543804391792527e-08,8.945198313996093e-09,0.0
515,30960.0,30960,8.599613834640253e-09,8.599614121330955e-09,2.1735986468781788e-07,0.0,1.754427725004538e-08,8.944662840928265e-09,0.0
516,31020.0,31020,8.600628817675746e-09,8.600629104195205e-09,2.174593276182627e-07,0.0,1.7544753191542492e-08,8.94412379973237e-09,0.0
517,31080.0,31080,8.601650468211273e-09,8.601650754558014e-09,2.1755880627768396e-07,0.0,1.7545232223511488e-08,8.94358118151039e-09,0.0
518,31140.0,31140,8.602678802502423e-09,8.602679088675118e-09,2.1765830076945186e-07,0.0,1.754571435324046e-08,8.943034977295718e-09,0.0
519,31200.0,31200,8.603713836936498e-09,8.603714122933525e-09,2.1775781119720808e-07,0.0,1.7546199588084478e-08,8.942485178057733e-09,0.0
520,31260.0,31260,8.604755588031482e-09,8.604755873851661e-09,2.178573376648114e-07,0.0,1.7546687935462017e-08,8.941931774693837e-09,0.0
521,31320.0,31320,8.605804072439583e-09,8.60580435808188e-09,2.17956880276425e-07,0.0,1.7547179402857643e-08,8.94137475803727e-09,0.0
522,31380.0,31380,8.606859306947376e-09,8.60685959240958e-09,2.1805643913642216e-07,0.0,1.754767399782052e-08,8.94081411885195e-09,0.0
523,31440.0,31440,8.607921308475216e-09,8.607921593756442e-09,2.1815601434948287e-07,0.0,1.7548171727969137e-08,8.940249847834536e-09,0.0
524,31500.0,31500,8.608990094080778e-09,8.608990379179551e-09,2.182556060205279e-07,0.0,1.7548672600986878e-08,8.939681935612214e-09,0.0
525,31560.0,31560,8.610065680959202e-09,8.6100659658739e-09,2.1835521425473048e-07,0.0,1.7549176624628526e-08,8.93911037274226e-09,0.0
526,31620.0,31620,8.611148086443098e-09,8.611148371172982e-09,2.1845483915755179e-07,0.0,1.7549683806715224e-08,8.938535149715723e-09,0.0
527,31680.0,31680,8.61223732800475e-09,8.612237612548051e-09,2.1855448083471262e-07,0.0,1.7550194155138333e-08,8.937956256950491e-09,0.0
528,31740.0,31740,8.613333423255537e-09,8.613333707610632e-09,2.1865413939220748e-07,0.0,1.755070767786207e-08,8.937373684799263e-09,0.0
529,31800.0,31800,8.61443638995256e-09,8.614436674118123e-09,2.1875381493631878e-07,0.0,1.7551224382922636e-08,8.936787423541874e-09,0.0
530,31860.0,31860,8.615546245989356e-09,8.615546529964206e-09,2.188535075735626e-07,0.0,1.7551744278423196e-08,8.936197463386619e-09,0.0
531,31920.0,31920,8.616663009408583e-09,8.616663293190655e-09,2.1895321741079487e-07,0.0,1.755226737254744e-08,8.935603794477045e-09,0.0
532,31980.0,31980,8.61778669839449e-09,8.617786981983194e-09,2.1905294455510508e-07,0.0,1.755279367355016e-08,8.935006406880886e-09,0.0
533,32040.0,32040,8.618917331279566e-09,8.618917614673724e-09,2.1915268911386364e-07,0.0,1.755332318976166e-08,8.934405290595374e-09,0.0
534,32100.0,32100,8.620054926541584e-09,8.620055209739125e-09,2.1925245119475707e-07,0.0,1.7553855929584818e-08,8.933800435549596e-09,0.0
535,32160.0,32160,8.621199502809344e-09,8.62119978580939e-09,2.1935223090573639e-07,0.0,1.7554391901505992e-08,8.933191831598005e-09,0.0
536,32220.0,32220,8.622351078858419e-09,8.622351361659638e-09,2.1945202835504976e-07,0.0,1.7554931114083223e-08,8.932579468523959e-09,0.0
537,32280.0,32280,8.62350967361703e-09,8.623509956217655e-09,2.1955184365124053e-07,0.0,1.7555473575958332e-08,8.931963336041204e-09,0.0
538,32340.0,32340,8.62467530616562e-09,8.624675588564764e-09,2.1965167690313274e-07,0.0,1.755601929585013e-08,8.93134342378752e-09,0.0
539,32400.0,32400,8.625847995736255e-09,8.625848277932592e-09,2.197515282198502e-07,0.0,1.7556568282558258e-08,8.930719721331806e-09,0.0
540,32460.0,32460,8.627027761719859e-09,8.627028043711027e-09,2.198513977108306e-07,0.0,1.7557120544969376e-08,8.930092218167741e-09,0.0
541,32520.0,32520,8.628214623657649e-09,8.628214905443504e-09,2.199512854857948e-07,0.0,1.7557676092045376e-08,8.929460903717318e-09,0.0
542,32580.0,32580,8.629408601252651e-09,8.629408882831567e-09,2.200511916547681e-07,0.0,1.755823493283753e-08,8.928825767327606e-09,0.0
543,32640.0,32640,8.63060971436512e-09,8.630609995735476e-09,2.201511163281086e-07,0.0,1.7558797076478813e-08,8.928186798273982e-09,0.0
544,32700.0,32700,8.63181798301446e-09,8.631818264175076e-09,2.202510596164339e-07,0.0,1.7559362532193955e-08,8.927543985759117e-09,0.0
545,32760.0,32760,8.633033427383944e-09,8.633033708333199e-09,2.2035102163072036e-07,0.0,1.755993130929028e-08,8.926897318907798e-09,0.0
546,32820.0,32820,8.634256067816434e-09,8.634256348553441e-09,2.204510024822252e-07,0.0,1.756050341716302e-08,8.926246786772837e-09,0.0
547,32880.0,32880,8.63548592482191e-09,8.63548620534534e-09,2.2055100228254307e-07,0.0,1.7561078865304162e-08,8.925592378334031e-09,0.0
548,32940.0,32940,8.636723019074806e-09,8.636723299383482e-09,2.206510211435613e-07,0.0,1.7561657663285933e-08,8.924934082495369e-09,0.0
549,33000.0,33000,8.637967371416817e-09,8.637967651508675e-09,2.2075105917751875e-07,0.0,1.7562239820784695e-08,8.9242718880834e-09,0.0
550,33060.0,33060,8.639219002858085e-09,8.639219282732531e-09,2.2085111649693527e-07,0.0,1.7562825347560882e-08,8.923605783853285e-09,0.0
551,33120.0,33120,8.640477934580135e-09,8.640478214235403e-09,2.2095119321471996e-07,0.0,1.7563414253474632e-08,8.922935758482901e-09,0.0
552,33180.0,33180,8.641744187935152e-09,8.641744467370208e-09,2.2105128944403685e-07,0.0,1.7564006548481666e-08,8.922261800575636e-09,0.0
553,33240.0,33240,8.643017784448626e-09,8.643018063661995e-09,2.211514052984512e-07,0.0,1.7564602242633277e-08,8.921583898656852e-09,0.0
554,33300.0,33300,8.644298745822011e-09,8.644299024812807e-09,2.2125154089181137e-07,0.0,1.7565201346082237e-08,8.920902041177722e-09,0.0
555,33360.0,33360,8.64558709393228e-09,8.645587372698734e-09,2.2135169633831038e-07,0.0,1.7565803869078968e-08,8.92021621651272e-09,0.0
556,33420.0,33420,8.646882850835028e-09,8.646883129376402e-09,2.2145187175251167e-07,0.0,1.7566409821978015e-08,8.919526412959326e-09,0.0
557,33480.0,33480,8.648186038765204e-09,8.648186317079728e-09,2.2155206724927134e-07,0.0,1.7567019215235404e-08,8.918832618739353e-09,0.0
558,33540.0,33540,8.649496680139471e-09,8.649496958226113e-09,2.2165228294383256e-07,0.0,1.7567632059410412e-08,8.918134821996447e-09,0.0
559,33600.0,33600,8.65081479755857e-09,8.650815075416149e-09,2.2175251895175704e-07,0.0,1.7568248365173227e-08,8.917433010798584e-09,0.0
560,33660.0,33660,8.652140413806578e-09,8.652140691433473e-09,2.218527753889794e-07,0.0,1.7568868143296108e-08,8.916727173134236e-09,0.0
561,33720.0,33720,8.653473551857108e-09,8.65347382925199e-09,2.219530523717811e-07,0.0,1.7569491404664592e-08,8.91601729691592e-09,0.0
562,33780.0,33780,8.654814234868582e-09,8.654814512030716e-09,2.220533500167883e-07,0.0,1.75701181602713e-08,8.915303369977094e-09,0.0
563,33840.0,33840,8.65616248619176e-09,8.656162763119523e-09,2.2215366844098807e-07,0.0,1.7570748421225664e-08,8.914585380076286e-09,0.0
564,33900.0,33900,8.657518329371363e-09,8.657518606063721e-09,2.22254007761731e-07,0.0,1.7571382198747743e-08,8.913863314889277e-09,0.0
565,33960.0,33960,8.658881788143261e-09,8.658882064598593e-09,2.223543680967382e-07,0.0,1.7572019504172942e-08,8.91313716201663e-09,0.0
566,34020.0,34020,8.660252886440236e-09,8.660253162657655e-09,2.2245474956410354e-07,0.0,1.75726603489576e-08,8.912406908979697e-09,0.0
567,34080.0,34080,8.66163164839404e-09,8.661631924371924e-09,2.2255515228226324e-07,0.0,1.7573304744674596e-08,8.911672543221511e-09,0.0
568,34140.0,34140,8.663018098335253e-09,8.663018374072572e-09,2.2265557637005933e-07,0.0,1.7573952703018622e-08,8.910934052105018e-09,0.0
569,34200.0,34200,8.664412260797705e-09,8.664412536293866e-09,2.2275602194670203e-07,0.0,1.7574604235806812e-08,8.910191422914838e-09,0.0
570,34260.0,34260,8.665814160517885e-09,8.665814435770676e-09,2.2285648913174133e-07,0.0,1.7575259354981953e-08,8.909444642854914e-09,0.0
571,34320.0,34320,8.667223822438776e-09,8.667224097447313e-09,2.229569780451875e-07,0.0,1.757591807261191e-08,8.908693699051603e-09,0.0
572,34380.0,34380,8.668641271711923e-09,8.66864154647547e-09,2.2305748880736698e-07,0.0,1.7576580400894054e-08,8.907938578551177e-09,0.0
573,34440.0,34440,8.67006653369994e-09,8.670066808216723e-09,2.2315802153901216e-07,0.0,1.7577246352157622e-08,8.90717926831966e-09,0.0
574,34500.0,34500,8.671499633975027e-09,8.671499908243723e-09,2.2325857636127308e-07,0.0,1.7577915938858392e-08,8.906415755241815e-09,0.0
575,34560.0,34560,8.6729405983268e-09,8.672940872346671e-09,2.2335915339566564e-07,0.0,1.7578589173596695e-08,8.905648026125705e-09,0.0
576,34620.0,34620,8.674389452762434e-09,8.67438972653215e-09,2.2345975276413287e-07,0.0,1.7579266069101484e-08,8.904876067695313e-09,0.0
577,34680.0,34680,8.675846223506802e-09,8.675846497025477e-09,2.2356037458898354e-07,0.0,1.757994663824418e-08,8.90409986659572e-09,0.0
578,34740.0,34740,8.67731093700573e-09,8.677311210271302e-09,2.2366101899295602e-07,0.0,1.758063089403457e-08,8.903319409392505e-09,0.0
579,34800.0,34800,8.67878361993101e-09,8.678783892943034e-09,2.237616860991945e-07,0.0,1.7581318849626975e-08,8.902534682567313e-09,0.0
580,34860.0,34860,8.680264299178774e-09,8.680264571935925e-09,2.2386237603124682e-07,0.0,1.7582010518322044e-08,8.90174567252363e-09,0.0
581,34920.0,34920,8.68175300187702e-09,8.681753274377674e-09,2.239630889130902e-07,0.0,1.7582705913567916e-08,8.900952365583805e-09,0.0
582,34980.0,34980,8.683249755380446e-09,8.683250027624162e-09,2.2406382486909136e-07,0.0,1.7583405048959635e-08,8.900154747985682e-09,0.0
583,35040.0,35040,8.684754587282256e-09,8.684754859267705e-09,2.2416458402407243e-07,0.0,1.758410793824919e-08,8.89935280589158e-09,0.0
584,35100.0,35100,8.686267525409284e-09,8.68626779713514e-09,2.2426536650326622e-07,0.0,1.7584814595342247e-08,8.898546525375322e-09,0.0
585,35160.0,35160,8.687788597828049e-09,8.687788869292836e-09,2.243661724323374e-07,0.0,1.758552503429936e-08,8.897735892434331e-09,0.0
586,35220.0,35220,8.689317832847403e-09,8.689318104050826e-09,2.2446700193736117e-07,0.0,1.758623926934154e-08,8.896920892981955e-09,0.0
587,35280.0,35280,8.690855259019128e-09,8.690855529958975e-09,2.2456785514489198e-07,0.0,1.7586957314856493e-08,8.896101512849973e-09,0.0
588,35340.0,35340,8.692400905143981e-09,8.692401175819957e-09,2.2466873218189238e-07,0.0,1.75876791853912e-08,8.895277737788307e-09,0.0
589,35400.0,35400,8.69395480027095e-09,8.693955070681432e-09,2.247696331757852e-07,0.0,1.7588404895662275e-08,8.894449553462956e-09,0.0
590,35460.0,35460,8.695516973703315e-09,8.695517243847419e-09,2.2487055825442748e-07,0.0,1.758913446056096e-08,8.893616945461443e-09,0.0
591,35520.0,35520,8.69708745499819e-09,8.697087724874734e-09,2.2497150754613648e-07,0.0,1.7589867895143993e-08,8.892779899285013e-09,0.0
592,35580.0,35580,8.698666273972729e-09,8.69866654358083e-09,2.2507248117965653e-07,0.0,1.759060521465189e-08,8.891938400355113e-09,0.0
593,35640.0,35640,8.700253460705744e-09,8.70025373004378e-09,2.2517347928425594e-07,0.0,1.7591346434498335e-08,8.891092434007347e-09,0.0
594,35700.0,35700,8.701849045539921e-09,8.701849314607004e-09,2.2527450198960416e-07,0.0,1.759209157028137e-08,8.89024198549929e-09,0.0
595,35760.0,35760,8.703453059086531e-09,8.703453327882074e-09,2.2537554942584507e-07,0.0,1.759284063778431e-08,8.889387039998845e-09,0.0
596,35820.0,35820,8.705065532226328e-09,8.705065800748706e-09,2.2547662172363454e-07,0.0,1.7593593652978064e-08,8.888527582598836e-09,0.0
597,35880.0,35880,8.706686496115435e-09,8.706686764363914e-09,2.2557771901406278e-07,0.0,1.759435063202383e-08,8.887663598302705e-09,0.0
598,35940.0,35940,8.708315982187864e-09,8.70831625016082e-09,2.256788414287061e-07,0.0,1.7595111591276013e-08,8.886795072033212e-09,0.0
599,36000.0,36000,8.709954022155805e-09,8.709954289852352e-09,2.25779989099634e-07,0.0,1.759587654728933e-08,8.885921988630815e-09,0.0
600,36060.0,36060,8.711600648018029e-09,8.711600915437577e-09,2.2588116215940693e-07,0.0,1.759664551681702e-08,8.885044332851014e-09,0.0
601,36120.0,36120,8.713255892059307e-09,8.713256159200235e-09,2.2598236074104782e-07,0.0,1.7597418516816163e-08,8.884162089365828e-09,0.0
602,36180.0,36180,8.714919786855862e-09,8.714920053717284e-09,2.260835849781177e-07,0.0,1.7598195564452405e-08,8.883275242763493e-09,0.0
603,36240.0,36240,8.716592365280385e-09,8.716592631861122e-09,2.2618483500464015e-07,0.0,1.75989766771026e-08,8.88238377755098e-09,0.0
604,36300.0,36300,8.71827366049879e-09,8.718273926798397e-09,2.262861109551815e-07,0.0,1.7599761872356296e-08,8.881487678148233e-09,0.0
605,36360.0,36360,8.719963705984815e-09,8.719963972001228e-09,2.2638741296477073e-07,0.0,1.7600551168021038e-08,8.880586928893337e-09,0.0
606,36420.0,36420,8.72166253551206e-09,8.721662801245132e-09,2.2648874116897238e-07,0.0,1.7601344582130044e-08,8.879681514041633e-09,0.0
607,36480.0,36480,8.723370183168585e-09,8.723370448616401e-09,2.2659009570389859e-07,0.0,1.760214213293571e-08,8.878771417760107e-09,0.0
608,36540.0,36540,8.725086683351903e-09,8.725086948514608e-09,2.2669147670611936e-07,0.0,1.760294383892377e-08,8.877856624136397e-09,0.0
609,36600.0,36600,8.726812070779589e-09,8.726812335655265e-09,2.2679288431280637e-07,0.0,1.7603749718812706e-08,8.876937117170968e-09,0.0
610,36660.0,36660,8.728546380487813e-09,8.728546645075725e-09,2.2689431866159865e-07,0.0,1.7604559791557004e-08,8.87601288078154e-09,0.0
611,36720.0,36720,8.730289647840038e-09,8.730289912138856e-09,2.269957798907087e-07,0.0,1.7605374076351263e-08,8.875083898801614e-09,0.0
612,36780.0,36780,8.732041908528942e-09,8.732042172537928e-09,2.2709726813886812e-07,0.0,1.7606192592639357e-08,8.874150154979877e-09,0.0
613,36840.0,36840,8.733803198580835e-09,8.73380346229896e-09,2.271987835453868e-07,0.0,1.7607015360109706e-08,8.873211632980206e-09,0.0
614,36900.0,36900,8.735573554357884e-09,8.735573817783817e-09,2.2730032625007964e-07,0.0,1.7607842398705906e-08,8.872268316383443e-09,0.0
615,36960.0,36960,8.737353012569012e-09,8.737353275702017e-09,2.2740189639336796e-07,0.0,1.7608673728631136e-08,8.871320188682662e-09,0.0
616,37020.0,37020,8.739141610265489e-09,8.739141873105419e-09,2.2750349411621595e-07,0.0,1.7609509370348175e-08,8.870367233290558e-09,0.0
617,37080.0,37080,8.740939384855373e-09,8.740939647400309e-09,2.276051195601188e-07,0.0,1.7610349344589724e-08,8.86940943353088e-09,0.0
618,37140.0,37140,8.74274637409644e-09,8.742746636345498e-09,2.2770677286719935e-07,0.0,1.7611193672355738e-08,8.868446772647583e-09,0.0
619,37200.0,37200,8.744562616113288e-09,8.74456287806573e-09,2.2780845418011627e-07,0.0,1.761204237492554e-08,8.867479233794212e-09,0.0
620,37260.0,37260,8.7463881493907e-09,8.746388411045643e-09,2.2791016364213225e-07,0.0,1.761289547385751e-08,8.86650680004377e-09,0.0
621,37320.0,37320,8.748223012789137e-09,8.748223274145105e-09,2.2801190139709302e-07,0.0,1.761375299099677e-08,8.86552945438195e-09,0.0
622,37380.0,37380,8.750067245541485e-09,8.75006750659774e-09,2.2811366758943414e-07,0.0,1.7614614948479286e-08,8.864547179711253e-09,0.0
623,37440.0,37440,8.751920887259992e-09,8.751921148015354e-09,2.2821546236418604e-07,0.0,1.7615481368731028e-08,8.863559958845828e-09,0.0
624,37500.0,37500,8.753783977946593e-09,8.753784238400471e-09,2.2831728586700442e-07,0.0,1.7616352274485917e-08,8.862567774517524e-09,0.0
625,37560.0,37560,8.75565655799084e-09,8.75565681814191e-09,2.2841913824411614e-07,0.0,1.761722768878025e-08,8.861570609372496e-09,0.0
626,37620.0,37620,8.757538668178908e-09,8.757538928026871e-09,2.2852101964240408e-07,0.0,1.7618107634960663e-08,8.860568445970313e-09,0.0
627,37680.0,37680,8.759430349701846e-09,8.759430609245081e-09,2.2862293020934348e-07,0.0,1.76189921366909e-08,8.859561266786919e-09,0.0
628,37740.0,37740,8.761331644153518e-09,8.761331903391288e-09,2.2872487009305865e-07,0.0,1.7619881217956543e-08,8.858549054210789e-09,0.0
629,37800.0,37800,8.763242593543579e-09,8.763242852475441e-09,2.28826839442285e-07,0.0,1.7620774903068263e-08,8.85753179054603e-09,0.0
630,37860.0,37860,8.765163240299545e-09,8.76516349892432e-09,2.289288384064117e-07,0.0,1.7621673216675963e-08,8.856509458010617e-09,0.0
631,37920.0,37920,8.767093627273864e-09,8.767093885590224e-09,2.2903086713547689e-07,0.0,1.762257618376084e-08,8.855482038737706e-09,0.0
632,37980.0,37980,8.769033797749236e-09,8.76903405575674e-09,2.2913292578016773e-07,0.0,1.7623483829653635e-08,8.854449514772697e-09,0.0
633,38040.0,38040,8.770983795443917e-09,8.77098405314138e-09,2.2923501449182743e-07,0.0,1.7624396180032902e-08,8.853411868077064e-09,0.0
634,38100.0,38100,8.772943664519683e-09,8.772943921906666e-09,2.293371334224576e-07,0.0,1.762531326093649e-08,8.85236908052467e-09,0.0
635,38160.0,38160,8.77491344958847e-09,8.774913706663795e-09,2.2943928272472773e-07,0.0,1.7626235098761557e-08,8.851321133905153e-09,0.0
636,38220.0,38220,8.776893195716064e-09,8.7768934524784e-09,2.2954146255200583e-07,0.0,1.7627161720276645e-08,8.85026800991833e-09,0.0
637,38280.0,38280,8.778882948430056e-09,8.778883204879111e-09,2.2964367305831133e-07,0.0,1.7628093152628194e-08,8.849209690181564e-09,0.0
638,38340.0,38340,8.78088275372841e-09,8.780883009863297e-09,2.2974591439840222e-07,0.0,1.7629029423340815e-08,8.84814615622446e-09,0.0
639,38400.0,38400,8.782892658081814e-09,8.78289291390091e-09,2.2984818672771623e-07,0.0,1.7629970560326744e-08,8.847077389487977e-09,0.0
640,38460.0,38460,8.784912708445479e-09,8.784912963948787e-09,2.2995049020234476e-07,0.0,1.763091659189941e-08,8.846003371329e-09,0.0
641,38520.0,38520,8.786942952261506e-09,8.78694320744799e-09,2.3005282497916037e-07,0.0,1.7631867546769597e-08,8.84492408301636e-09,0.0
642,38580.0,38580,8.788983437470385e-09,8.788983692338866e-09,2.3015519121571999e-07,0.0,1.7632823454057533e-08,8.843839505731276e-09,0.0
643,38640.0,38640,8.791034212516009e-09,8.791034467065751e-09,2.3025758907031918e-07,0.0,1.7633784343304702e-08,8.84274962056971e-09,0.0
644,38700.0,38700,8.793095326352173e-09,8.793095580582584e-09,2.3036001870197103e-07,0.0,1.7634750244469708e-08,8.841654408537066e-09,0.0
645,38760.0,38760,8.795166828452294e-09,8.795167082362344e-09,2.3046248027045546e-07,0.0,1.763572118794568e-08,8.840553850553639e-09,0.0
646,38820.0,38820,8.797248768814589e-09,8.797249022402949e-09,2.3056497393626997e-07,0.0,1.7636697204564393e-08,8.83944792745285e-09,0.0
647,38880.0,38880,8.799341197972386e-09,8.799341451238909e-09,2.3066749986070014e-07,0.0,1.7637678325603368e-08,8.838336619977261e-09,0.0
648,38940.0,38940,8.801444167001067e-09,8.801444419944719e-09,2.3077005820577032e-07,0.0,1.7638664582792644e-08,8.83721990878433e-09,0.0
649,39000.0,39000,8.803557727525142e-09,8.803557980144744e-09,2.3087264913429774e-07,0.0,1.7639656008325977e-08,8.836097774440215e-09,0.0
650,39060.0,39060,8.805681931728722e-09,8.805682184023537e-09,2.3097527280985484e-07,0.0,1.7640652634865e-08,8.834970197424788e-09,0.0
651,39120.0,39120,8.807816832360091e-09,8.807817084329382e-09,2.3107792939681877e-07,0.0,1.7641654495549802e-08,8.833837158128979e-09,0.0
652,39180.0,39180,8.809962482745724e-09,8.809962734388458e-09,2.311806190603644e-07,0.0,1.7642661624006058e-08,8.83269863685286e-09,0.0
653,39240.0,39240,8.81211893679367e-09,8.812119188109257e-09,2.3128334196647125e-07,0.0,1.7643674054357364e-08,8.831554613810223e-09,0.0
654,39300.0,39300,8.814286249006981e-09,8.81428649999483e-09,2.3138609828192133e-07,0.0,1.7644691821227646e-08,8.830405069122078e-09,0.0
655,39360.0,39360,8.816464474487838e-09,8.816464725147212e-09,2.314888881743249e-07,0.0,1.7645714959751744e-08,8.829249982822267e-09,0.0
656,39420.0,39420,8.818653668950977e-09,8.818653919279959e-09,2.315917118121206e-07,0.0,1.7646743505585757e-08,8.828089334852891e-09,0.0
657,39480.0,39480,8.820853888730913e-09,8.820854138729946e-09,2.31694569364599e-07,0.0,1.764777749492001e-08,8.826923105067552e-09,0.0
658,39540.0,39540,8.823065190791973e-09,8.82306544045958e-09,2.3179746100188608e-07,0.0,1.7648816964477006e-08,8.825751273225748e-09,0.0
659,39600.0,39600,8.825287632737728e-09,8.825287882073617e-09,2.3190038689495747e-07,0.0,1.7649861951533233e-08,8.8245738190001e-09,0.0
660,39660.0,39660,8.8275212728203e-09,8.827521521822994e-09,2.3200334721567368e-07,0.0,1.765091249391948e-08,8.823390721969132e-09,0.0
661,39720.0,39720,8.829766169953915e-09,8.829766418622973e-09,2.3210634213677552e-07,0.0,1.7651968630036458e-08,8.822201961619621e-09,0.0
662,39780.0,39780,8.83202238371816e-09,8.832022632052547e-09,2.3220937183186993e-07,0.0,1.7653030398859525e-08,8.821007517347044e-09,0.0
663,39840.0,39840,8.834289974374497e-09,8.83429022237392e-09,2.3231243647547235e-07,0.0,1.765409783995373e-08,8.819807368454988e-09,0.0
664,39900.0,39900,8.836569002876e-09,8.836569250538687e-09,2.3241553624298566e-07,0.0,1.7655170993478826e-08,8.818601494151462e-09,0.0
665,39960.0,39960,8.838859530872808e-09,8.838859778199055e-09,2.3251867131075195e-07,0.0,1.7656249900205503e-08,8.817389873554357e-09,0.0
666,40020.0,40020,8.841161620731454e-09,8.841161867720082e-09,2.3262184185604544e-07,0.0,1.7657334601520386e-08,8.816172485686278e-09,0.0
667,40080.0,40080,8.843475335539136e-09,8.843475582189114e-09,2.3272504805703955e-07,0.0,1.7658425139439333e-08,8.81494930947381e-09,0.0
668,40140.0,40140,8.845800739117444e-09,8.84580098542818e-09,2.3282829009287763e-07,0.0,1.7659521556617732e-08,8.81372032375224e-09,0.0
669,40200.0,40200,8.848137896035469e-09,8.848138142006372e-09,2.3293156814365642e-07,0.0,1.766062389636233e-08,8.812485507258623e-09,0.0
670,40260.0,40260,8.850486871618232e-09,8.850487117247387e-09,2.3303488239044973e-07,0.0,1.7661732202639762e-08,8.811244838635021e-09,0.0
671,40320.0,40320,8.852847731959942e-09,8.852847977247493e-09,2.3313823301531304e-07,0.0,1.766284652009191e-08,8.809998296428663e-09,0.0
672,40380.0,40380,8.855220543938459e-09,8.855220788883672e-09,2.3324162020125764e-07,0.0,1.7663966894044147e-08,8.80874585908662e-09,0.0
673,40440.0,40440,8.857605375222075e-09,8.857605619824211e-09,2.3334504413233556e-07,0.0,1.766509337051715e-08,8.807487504962012e-09,0.0
674,40500.0,40500,8.86000229429002e-09,8.860002538547752e-09,2.3344850499358764e-07,0.0,1.7666225996243416e-08,8.806223212308993e-09,0.0
675,40560.0,40560,8.862411370435558e-09,8.862411614348443e-09,2.3355200297109308e-07,0.0,1.7667364818670495e-08,8.804952959280231e-09,0.0
676,40620.0,40620,8.864832673788696e-09,8.864832917355996e-09,2.3365553825195297e-07,0.0,1.7668509885984022e-08,8.803676723931199e-09,0.0
677,40680.0,40680,8.867266275320175e-09,8.86726651854071e-09,2.337591110243398e-07,0.0,1.7669661247110943e-08,8.80239448421943e-09,0.0
678,40740.0,40740,8.869712246861818e-09,8.869712489735296e-09,2.3386272147745262e-07,0.0,1.767081895173722e-08,8.801106217998034e-09,0.0
679,40800.0,40800,8.872170661115829e-09,8.872170903641214e-09,2.33966369801602e-07,0.0,1.7671983050317862e-08,8.799811903019964e-09,0.0
680,40860.0,40860,8.874641591672336e-09,8.874641833848892e-09,2.3407005618816056e-07,0.0,1.7673153594093446e-08,8.798511516937585e-09,0.0
681,40920.0,40920,8.877125113019723e-09,8.877125354846122e-09,2.3417378082960293e-07,0.0,1.7674330635101918e-08,8.797205037297802e-09,0.0
682,40980.0,40980,8.879621300558788e-09,8.879621542035177e-09,2.3427754391951532e-07,0.0,1.7675514226189497e-08,8.795892441546925e-09,0.0
683,41040.0,41040,8.88213023062206e-09,8.882130471746672e-09,2.3438134565260487e-07,0.0,1.7676704421028094e-08,8.794573707025217e-09,0.0
684,41100.0,41100,8.88465198048222e-09,8.884652221254756e-09,2.3448518622473752e-07,0.0,1.767790127412592e-08,8.79324881096615e-09,0.0
685,41160.0,41160,8.887186628372138e-09,8.887186868791717e-09,2.345890658329072e-07,0.0,1.7679104840844017e-08,8.791917730500542e-09,0.0
686,41220.0,41220,8.889734253494485e-09,8.889734493560515e-09,2.3469298467526898e-07,0.0,1.768031517740923e-08,8.790580442650208e-09,0.0
687,41280.0,41280,8.89229493604458e-09,8.892295175755436e-09,2.3479694295119326e-07,0.0,1.7681532340929834e-08,8.789236924329587e-09,0.0
688,41340.0,41340,8.89486875721732e-09,8.894868996573005e-09,2.3490094086119503e-07,0.0,1.7682756389408828e-08,8.787887152345888e-09,0.0
689,41400.0,41400,8.897455799230793e-09,8.897456038230127e-09,2.3500497860705422e-07,0.0,1.7683987381759556e-08,8.7865311033957e-09,0.0
690,41460.0,41460,8.900056145336888e-09,8.900056383978837e-09,2.351090563917095e-07,0.0,1.7685225377819577e-08,8.785168754064394e-09,0.0
691,41520.0,41520,8.902669879838696e-09,8.90267011812282e-09,2.352131744194022e-07,0.0,1.7686470438370422e-08,8.783800080828346e-09,0.0
692,41580.0,41580,8.905297088110435e-09,8.905297326035847e-09,2.353173328955725e-07,0.0,1.7687722625147637e-08,8.782425060050654e-09,0.0
693,41640.0,41640,8.907937856608058e-09,8.907938094173432e-09,2.3542153202696095e-07,0.0,1.7688982000855812e-08,8.781043667980841e-09,0.0
694,41700.0,41700,8.910592272892122e-09,8.910592510096866e-09,2.3552577202159186e-07,0.0,1.7690248629193965e-08,8.779655880755303e-09,0.0
695,41760.0,41760,8.913260425640614e-09,8.913260662484139e-09,2.3563005308876628e-07,0.0,1.769152257485966e-08,8.778261674395534e-09,0.0
696,41820.0,41820,8.915942404668278e-09,8.915942641149847e-09,2.3573437543913523e-07,0.0,1.769280390357468e-08,8.776861024807248e-09,0.0
697,41880.0,41880,8.918638300945642e-09,8.918638537063631e-09,2.3583873928464754e-07,0.0,1.7694092682097122e-08,8.77545390777712e-09,0.0
698,41940.0,41940,8.921348206612584e-09,8.921348442366553e-09,2.359431448386139e-07,0.0,1.769538897823554e-08,8.77404029897797e-09,0.0
699,42000.0,42000,8.924072214999722e-09,8.924072450388638e-09,2.3604759231573484e-07,0.0,1.769669286087582e-08,8.772620173960184e-09,0.0
700,42060.0,42060,8.926810420645818e-09,8.926810655668647e-09,2.3615208193207274e-07,0.0,1.769800439998616e-08,8.771193508155569e-09,0.0
701,42120.0,42120,8.929562919316806e-09,8.929563153973253e-09,2.3625661390507278e-07,0.0,1.769932366664306e-08,8.769760276874834e-09,0.0
702,42180.0,42180,8.932329808023339e-09,8.932330042312078e-09,2.3636118845364337e-07,0.0,1.7700650733049294e-08,8.768320455309216e-09,0.0
703,42240.0,42240,8.935111185038792e-09,8.935111418958789e-09,2.3646580579808292e-07,0.0,1.7701985672543072e-08,8.76687401852473e-09,0.0
704,42300.0,42300,8.937907149921527e-09,8.937907383471604e-09,2.3657046616017658e-07,0.0,1.7703328559626643e-08,8.76542094146452e-09,0.0
705,42360.0,42360,8.940717803529793e-09,8.940718036709506e-09,2.3667516976317504e-07,0.0,1.770467946997721e-08,8.763961198947546e-09,0.0
706,42420.0,42420,8.943543248046505e-09,8.943543480854674e-09,2.3677991683181343e-07,0.0,1.770603848047053e-08,8.762494765666803e-09,0.0
707,42480.0,42480,8.946383586993995e-09,8.946383819429734e-09,2.3688470759235366e-07,0.0,1.770740566919686e-08,8.76102161618991e-09,0.0
708,42540.0,42540,8.949238925254805e-09,8.949239157316641e-09,2.3698954227255634e-07,0.0,1.770878111547568e-08,8.759541724955432e-09,0.0
709,42600.0,42600,8.952109369093372e-09,8.952109600781305e-09,2.370944211017608e-07,0.0,1.771016489988727e-08,8.758055066276559e-09,0.0
710,42660.0,42660,8.954995026176385e-09,8.954995257488791e-09,2.3719934431086632e-07,0.0,1.7711557104279213e-08,8.756561614335506e-09,0.0
711,42720.0,42720,8.957896005590037e-09,8.957896236525591e-09,2.3730431213236744e-07,0.0,1.7712957811790256e-08,8.755061343186312e-09,0.0
712,42780.0,42780,8.960812417862594e-09,8.960812648420852e-09,2.374093248003565e-07,0.0,1.771436710687336e-08,8.753554226750563e-09,0.0
713,42840.0,42840,8.963744374985342e-09,8.963744605165122e-09,2.3751438255057766e-07,0.0,1.7715785075310707e-08,8.752040238822558e-09,0.0
714,42900.0,42900,8.966691990430575e-09,8.966692220230258e-09,2.3761948562040358e-07,0.0,1.771721180423615e-08,8.750519353061048e-09,0.0
715,42960.0,42960,8.969655379176532e-09,8.969655608595673e-09,2.377246342488824e-07,0.0,1.7718647382155552e-08,8.748991542995131e-09,0.0
716,43020.0,43020,8.972634657724494e-09,8.972634886761621e-09,2.378298286767992e-07,0.0,1.7720091898963887e-08,8.74745678201998e-09,0.0
717,43080.0,43080,8.975629944119595e-09,8.975630172773967e-09,2.3793506914659568e-07,0.0,1.7721545445971226e-08,8.745915043397429e-09,0.0
718,43140.0,43140,8.978641357977063e-09,8.978641586247206e-09,2.380403559024836e-07,0.0,1.7723008115920117e-08,8.744366300256717e-09,0.0
719,43200.0,43200,8.9816690204958e-09,8.981669248380682e-09,2.3814568919043522e-07,0.0,1.772448000300447e-08,8.742810525592857e-09,0.0
720,43260.0,43260,8.98471305448389e-09,8.984713281982332e-09,2.3825106925821153e-07,0.0,1.7725961202895533e-08,8.74124769226738e-09,0.0
721,43320.0,43320,8.98777358438162e-09,8.987773811492147e-09,2.383564963553696e-07,0.0,1.7727451812755432e-08,8.73967777300494e-09,0.0
722,43380.0,43380,8.990850736275775e-09,8.990850962997797e-09,2.384619707333071e-07,0.0,1.7728951931267883e-08,8.738100740400246e-09,0.0
723,43440.0,43440,8.993944637928555e-09,8.993944864260302e-09,2.3856749264525785e-07,0.0,1.7730461658650552e-08,8.736516566909803e-09,0.0
724,43500.0,43500,8.997055418791584e-09,8.997055644731873e-09,2.386730623463742e-07,0.0,1.7731981096680447e-08,8.734925224858843e-09,0.0
725,43560.0,43560,9.00018321003364e-09,9.00018343558159e-09,2.3877868009365887e-07,0.0,1.7733510348716322e-08,8.733326686437346e-09,0.0
726,43620.0,43620,9.00332814455688e-09,9.003328369711012e-09,2.3888434614609674e-07,0.0,1.7735049519717865e-08,8.731720923703134e-09,0.0
727,43680.0,43680,9.006490357017193e-09,9.006490581776035e-09,2.3899006076457964e-07,0.0,1.7736598716266928e-08,8.730107908581429e-09,0.0
728,43740.0,43740,9.009669983849575e-09,9.009670208211946e-09,2.390958242120053e-07,0.0,1.773815804658758e-08,8.728487612862493e-09,0.0
729,43800.0,43800,9.012867163285524e-09,9.012867387250098e-09,2.3920163675325383e-07,0.0,1.7739727620576218e-08,8.726860008210042e-09,0.0
730,43860.0,43860,9.016082035372666e-09,9.016082258937819e-09,2.393074986552726e-07,0.0,1.7741307549809515e-08,8.72522506615533e-09,0.0
731,43920.0,43920,9.019314741997906e-09,9.019314965162311e-09,2.3941341018700087e-07,0.0,1.7742897947577455e-08,8.723582758098496e-09,0.0
732,43980.0,43980,9.022565426904393e-09,9.022565649667019e-09,2.3951937161953955e-07,0.0,1.774449892889781e-08,8.721933055316367e-09,0.0
733,44040.0,44040,9.025834235714531e-09,9.025834458072868e-09,2.3962538322602853e-07,0.0,1.7746110610540013e-08,8.720275928954498e-09,0.0
734,44100.0,44100,9.029121315946198e-09,9.029121537899953e-09,2.3973144528177413e-07,0.0,1.7747733111046104e-08,8.71861135003912e-09,0.0
735,44160.0,44160,9.03242681703635e-09,9.03242703858331e-09,2.3983755806425385e-07,0.0,1.7749366550753164e-08,8.71693928946844e-09,0.0
736,44220.0,44220,9.035750890352969e-09,9.035751111491806e-09,2.3994372185308803e-07,0.0,1.775101105181071e-08,8.715259718024877e-09,0.0
737,44280.0,44280,9.039093689222198e-09,9.039093909951142e-09,2.400499369301719e-07,0.0,1.7752666738204592e-08,8.713572606368575e-09,0.0
738,44340.0,44340,9.042455368942503e-09,9.04245558926008e-09,2.4015620357962384e-07,0.0,1.775433373577881e-08,8.71187792504493e-09,0.0
739,44400.0,44400,9.045836086800311e-09,9.045836306703865e-09,2.4026252208781836e-07,0.0,1.775601217225117e-08,8.710175644485758e-09,0.0
740,44460.0,44460,9.049236002088882e-09,9.049236221578856e-09,2.403688927434757e-07,0.0,1.775770217723864e-08,8.70846573501285e-09,0.0
741,44520.0,44520,9.052655276131326e-09,9.052655495204622e-09,2.404753158376099e-07,0.0,1.7759403882273872e-08,8.706748166838255e-09,0.0
742,44580.0,44580,9.05609407228812e-09,9.056094290942968e-09,2.4058179166359985e-07,0.0,1.776111742082969e-08,8.705022910073582e-09,0.0
743,44640.0,44640,9.059552555978792e-09,9.059552774213718e-09,2.406883205172173e-07,0.0,1.776284292833235e-08,8.703289934724533e-09,0.0
744,44700.0,44700,9.063030894694756e-09,9.06303111250799e-09,2.407949026966506e-07,0.0,1.7764580542183105e-08,8.70154921070256e-09,0.0
745,44760.0,44760,9.066529258019072e-09,9.0665294754084e-09,2.4090153850254233e-07,0.0,1.7766330401783244e-08,8.699800707825899e-09,0.0
746,44820.0,44820,9.070047817634263e-09,9.070048034597769e-09,2.4100822823802276e-07,0.0,1.776809264854208e-08,8.698044395819861e-09,0.0
747,44880.0,44880,9.073586747342378e-09,9.073586963878291e-09,2.411149722086903e-07,0.0,1.7769867425902605e-08,8.69628024432731e-09,0.0
748,44940.0,44940,9.077146223075761e-09,9.077146439182311e-09,2.412217707227348e-07,0.0,1.7771654879360086e-08,8.694508222909247e-09,0.0
749,45000.0,45000,9.080726422910465e-09,9.080726638585293e-09,2.413286240908759e-07,0.0,1.77734551564706e-08,8.69272830104835e-09,0.0
750,45060.0,45060,9.084327527080714e-09,9.084327742322346e-09,2.414355326264575e-07,0.0,1.7775268406884378e-08,8.690940448157685e-09,0.0
751,45120.0,45120,9.087949717988196e-09,9.087949932793386e-09,2.4154249664541944e-07,0.0,1.7777094782342574e-08,8.689144633581136e-09,0.0
752,45180.0,45180,9.091593180216803e-09,9.091593394584519e-09,2.416495164663967e-07,0.0,1.7778934436713232e-08,8.687340826598135e-09,0.0
753,45240.0,45240,9.095258100539576e-09,9.095258314467162e-09,2.41756592410705e-07,0.0,1.7780787525991592e-08,8.685528996432949e-09,0.0
754,45300.0,45300,9.09894466793728e-09,9.098944881422375e-09,2.4186372480237883e-07,0.0,1.7782654208326046e-08,8.683709112253943e-09,0.0
755,45360.0,45360,9.102653073601063e-09,9.102653286641752e-09,2.419709139682043e-07,0.0,1.7784534644028767e-08,8.681881143181397e-09,0.0
756,45420.0,45420,9.106383510947354e-09,9.10638372354039e-09,2.420781602377618e-07,0.0,1.778642899559103e-08,8.680045058291348e-09,0.0
757,45480.0,45480,9.110136175629511e-09,9.110136387773274e-09,2.421854639434541e-07,0.0,1.7788337427700636e-08,8.678200826616756e-09,0.0
758,45540.0,45540,9.11391126554535e-09,9.113911477237036e-09,2.4229282542050174e-07,0.0,1.779026010725341e-08,8.676348417157254e-09,0.0
759,45600.0,45600,9.117708980849382e-09,9.11770919208663e-09,2.424002450070706e-07,0.0,1.7792197203368532e-08,8.674487798876626e-09,0.0
760,45660.0,45660,9.121529523966085e-09,9.12152973474639e-09,2.425077230441631e-07,0.0,1.779414888740536e-08,8.672618940709903e-09,0.0
761,45720.0,45720,9.125373099600092e-09,9.12537330992065e-09,2.4261525987575524e-07,0.0,1.779611533297435e-08,8.670741811563789e-09,0.0
762,45780.0,45780,9.129239914747092e-09,9.129240124604955e-09,2.427228558488248e-07,0.0,1.7798096715951494e-08,8.668856380318588e-09,0.0
763,45840.0,45840,9.133130178713758e-09,9.133130388106711e-09,2.4283051131335154e-07,0.0,1.7800093214498108e-08,8.666962615828206e-09,0.0
764,45900.0,45900,9.137044103127904e-09,9.137044312052409e-09,2.429382266223405e-07,0.0,1.7802105009071127e-08,8.665060486922502e-09,0.0
765,45960.0,45960,9.140981901957534e-09,9.140982110411673e-09,2.4304600213188366e-07,0.0,1.780413228243848e-08,8.663149962401249e-09,0.0
766,46020.0,46020,9.144943791537523e-09,9.144943999517754e-09,2.4315383820118806e-07,0.0,1.7806175219705008e-08,8.661231011034425e-09,0.0
767,46080.0,46080,9.148929990583335e-09,9.148930198087007e-09,2.4326173519258534e-07,0.0,1.7808234008318702e-08,8.659303601553952e-09,0.0
768,46140.0,46140,9.152940720222751e-09,9.152940927246173e-09,2.4336969347160247e-07,0.0,1.781030883809486e-08,8.657367702651343e-09,0.0
769,46200.0,46200,9.156976204027557e-09,9.156976410568223e-09,2.4347771340696177e-07,0.0,1.78123999012459e-08,8.655423282962643e-09,0.0
770,46260.0,46260,9.16103666805206e-09,9.161036874106724e-09,2.435857953706235e-07,0.0,1.781450739239462e-08,8.653470311057978e-09,0.0
771,46320.0,46320,9.165122340868918e-09,9.16512254643419e-09,2.436939397378942e-07,0.0,1.7816631508605775e-08,8.65150875543062e-09,0.0
772,46380.0,46380,9.169233453626965e-09,9.169233658699156e-09,2.4380214688730423e-07,0.0,1.7818772449417337e-08,8.649538584469707e-09,0.0
773,46440.0,46440,299.99999988075666,-1.1924331078473287e-07,2.4391041720079154e-07,300.0,5.951682663284803e-09,1.2519499346682117e-07,0.0
774,46500.0,46500,299.9999998811774,-1.1882252397568859e-07,2.419081461588424e-07,300.0,5.955055130518548e-09,1.2477757912474581e-07,0.0
775,46560.0,46560,299.9999998815987,-1.184013144059601e-07,2.3991287979676344e-07,300.0,5.95809425531421e-09,1.2435940868018927e-07,0.0
776,46620.0,46620,299.99999988201483,-1.1798513574339407e-07,2.3792462599377e-07,300.0,5.960835942753364e-09,1.239459717052457e-07,0.0
777,46680.0,46680,299.99999988242183,-1.1757810904465832e-07,2.3594330164500714e-07,300.0,5.963309321345884e-09,1.2354141838471547e-07,0.0
778,46740.0,46740,299.9999998828166,-1.1718335980342644e-07,2.3396875488862656e-07,300.0,5.96553824687085e-09,1.231488980688775e-07,0.0
779,46800.0,46800,299.9999998831967,-1.1680326401244323e-07,2.3200078171159319e-07,300.0,5.967542423085131e-09,1.227708064542239e-07,0.0
780,46860.0,46860,299.99999988356035,-1.1643962956503716e-07,2.3003913845176633e-07,300.0,5.969338245887264e-09,1.2240896782898618e-07,0.0
781,46920.0,46920,299.9999998839061,-1.1609383132412015e-07,2.280835512745163e-07,300.0,5.970939445815857e-09,1.220647707887289e-07,0.0
782,46980.0,46980,299.99999988423303,-1.1576691270476591e-07,2.261337233964016e-07,300.0,5.972357581952589e-09,1.2173927030469898e-07,0.0
783,47040.0,47040,274.9999998816048,-1.1839534672686926e-07,2.2418934061489053e-07,275.00000000000017,6.006457772162507e-09,1.2440180451845162e-07,0.0
784,47100.0,47100,9.200041739345618e-09,9.200041937597276e-09,2.222010653475892e-07,0.0,1.7835980071802482e-08,8.635937934771806e-09,0.0
785,47160.0,47160,9.201310071268555e-09,9.201310268856478e-09,2.2230980608795206e-07,0.0,1.7836740538075664e-08,8.635430070449226e-09,0.0
786,47220.0,47220,9.20259179336277e-09,9.202591990293006e-09,2.2241856606468713e-07,0.0,1.78375095437928e-08,8.6349173553887e-09,0.0
787,47280.0,47280,9.203886915506102e-09,9.203887111783077e-09,2.2252734547964508e-07,0.0,1.7838287091676668e-08,8.634399782434729e-09,0.0
788,47340.0,47340,9.205195448116967e-09,9.205195643747908e-09,2.226361445347522e-07,0.0,1.783907318537103e-08,8.633877344810882e-09,0.0
789,47400.0,47400,9.206517402151554e-09,9.206517597140737e-09,2.2274496343217071e-07,0.0,1.7839867829429687e-08,8.633350036116257e-09,0.0
790,47460.0,47460,9.207852789106622e-09,9.207852983460537e-09,2.2285380237419974e-07,0.0,1.7840671029317093e-08,8.632817850319865e-09,0.0
791,47520.0,47520,9.20920162101287e-09,9.209201814736533e-09,2.229626615633248e-07,0.0,1.7841482791394177e-08,8.632280781751796e-09,0.0
792,47580.0,47580,9.210563910438917e-09,9.210564103537933e-09,2.2307154120221551e-07,0.0,1.784230312292367e-08,8.631738825103651e-09,0.0
793,47640.0,47640,9.211939670486287e-09,9.211939862965818e-09,2.231804414937539e-07,0.0,1.7843132032047967e-08,8.631191975419696e-09,0.0
794,47700.0,47700,9.2133289147928e-09,9.213329106657861e-09,2.232893626409683e-07,0.0,1.7843969527797983e-08,8.630640228091698e-09,0.0
795,47760.0,47760,9.214731657524906e-09,9.214731848781543e-09,2.233983048471372e-07,0.0,1.7844815620081056e-08,8.630083578859365e-09,0.0
796,47820.0,47820,9.216147913382545e-09,9.216148104034594e-09,2.2350726831572553e-07,0.0,1.784567031967063e-08,8.62952202380077e-09,0.0
797,47880.0,47880,9.217577697593847e-09,9.217577887646913e-09,2.2361625325044835e-07,0.0,1.784653363821568e-08,8.62895555933204e-09,0.0
798,47940.0,47940,9.219021025915567e-09,9.219021215374958e-09,2.2372525985519066e-07,0.0,1.7847405588219775e-08,8.628384182201027e-09,0.0
799,48000.0,48000,9.220477914630136e-09,9.220478103500428e-09,2.2383428833413007e-07,0.0,1.7848286183044036e-08,8.627807889489217e-09,0.0
800,48060.0,48060,9.221948380546699e-09,9.22194856883305e-09,2.239433388916212e-07,0.0,1.78491754369027e-08,8.627226678599343e-09,0.0
801,48120.0,48120,9.22343244099506e-09,9.223432628701751e-09,2.2405241173232548e-07,0.0,1.785007336485693e-08,8.626640547263353e-09,0.0
802,48180.0,48180,9.224930113828343e-09,9.22493030096024e-09,2.241615070611049e-07,0.0,1.7850979982807434e-08,8.626049493531196e-09,0.0
803,48240.0,48240,9.2264414174193e-09,9.226441603980977e-09,2.242706250831e-07,0.0,1.7851895307500084e-08,8.625453515772445e-09,0.0
804,48300.0,48300,9.227966370659135e-09,9.22796655665531e-09,2.2437976600371077e-07,0.0,1.7852819356509672e-08,8.624852612672464e-09,0.0
805,48360.0,48360,9.2295049929547e-09,9.229505178389945e-09,2.2448893002861818e-07,0.0,1.785375214824229e-08,8.624246783231669e-09,0.0
806,48420.0,48420,9.231057304227606e-09,9.231057489106348e-09,2.2459811736376742e-07,0.0,1.7854693701931768e-08,8.623636026761104e-09,0.0
807,48480.0,48480,9.232623324910546e-09,9.232623509236765e-09,2.247073282153916e-07,0.0,1.7855644037635868e-08,8.623020342886274e-09,0.0
808,48540.0,48540,9.234203075947575e-09,9.234203259726878e-09,2.2481656279001185e-07,0.0,1.7856603176229173e-08,8.622399731537566e-09,0.0
809,48600.0,48600,9.235796578792504e-09,9.23579676202769e-09,2.2492582129445832e-07,0.0,1.7857571139404586e-08,8.62177419295554e-09,0.0
810,48660.0,48660,9.237403855401216e-09,9.237404038097598e-09,2.250351039358515e-07,0.0,1.7858547949666824e-08,8.621143727686527e-09,0.0
811,48720.0,48720,9.239024928236542e-09,9.239025110397808e-09,2.2514441092161626e-07,0.0,1.7859533630328e-08,8.62050833658276e-09,0.0
812,48780.0,48780,9.240659820263393e-09,9.240660001893228e-09,2.2525374245950323e-07,0.0,1.786052820551412e-08,8.619868020803562e-09,0.0
813,48840.0,48840,9.242308554942264e-09,9.24230873604598e-09,2.2536309875757686e-07,0.0,1.7861531700145603e-08,8.61922278180915e-09,0.0
814,48900.0,48900,9.243971156234994e-09,9.243971336815687e-09,2.254724800242461e-07,0.0,1.786254413994937e-08,8.618572621366233e-09,0.0
815,48960.0,48960,9.245647648593108e-09,9.245647828655058e-09,2.2558188646824804e-07,0.0,1.7863565551449723e-08,8.617917541545813e-09,0.0
816,49020.0,49020,9.24733805696269e-09,9.247338236509431e-09,2.2569131829863827e-07,0.0,1.7864595961964778e-08,8.617257544720075e-09,0.0
817,49080.0,49080,9.249042406778179e-09,9.249042585813847e-09,2.2580077572485949e-07,0.0,1.7865635399605007e-08,8.616592633567113e-09,0.0
818,49140.0,49140,9.250760723958841e-09,9.25076090248712e-09,2.2591025895668e-07,0.0,1.7866683893272934e-08,8.615922811069157e-09,0.0
819,49200.0,49200,9.252493034909203e-09,9.252493212934076e-09,2.260197682042316e-07,0.0,1.786774147266109e-08,8.615248080513168e-09,0.0
820,49260.0,49260,9.254239366513155e-09,9.254239544038015e-09,2.2612930367801415e-07,0.0,1.7868808168242235e-08,8.614568445490243e-09,0.0
821,49320.0,49320,9.255999746131592e-09,9.255999923160273e-09,2.2623886558888394e-07,0.0,1.7869884011277082e-08,8.613883909898713e-09,0.0
822,49380.0,49380,9.257774201599903e-09,9.257774378136095e-09,2.2634845414812675e-07,0.0,1.7870969033804518e-08,8.613194477943262e-09,0.0
823,49440.0,49440,9.259562761225764e-09,9.259562937272859e-09,2.2645806956733045e-07,0.0,1.787206326864635e-08,8.612500154136692e-09,0.0
824,49500.0,49500,9.261365453783677e-09,9.261365629345212e-09,2.2656771205855248e-07,0.0,1.787316674939815e-08,8.6118009433014e-09,0.0
825,49560.0,49560,9.263182308512016e-09,9.263182483590942e-09,2.2667738183418072e-07,0.0,1.78742795104322e-08,8.611096850571003e-09,0.0
826,49620.0,49620,9.265013355108906e-09,9.265013529709502e-09,2.2678707910705382e-07,0.0,1.787540158689191e-08,8.610387881391217e-09,0.0
827,49680.0,49680,9.266858623733695e-09,9.266858797858908e-09,2.268968040904021e-07,0.0,1.7876533014695613e-08,8.609674041520161e-09,0.0
828,49740.0,49740,9.26871814499559e-09,9.268718318648666e-09,2.2700655699782648e-07,0.0,1.787767383052717e-08,8.608955337034688e-09,0.0
829,49800.0,49800,9.270591949954696e-09,9.270592123138882e-09,2.271163380434116e-07,0.0,1.7878824071842725e-08,8.608231774328181e-09,0.0
830,49860.0,49860,9.272480070116707e-09,9.272480242835395e-09,2.2722614744163152e-07,0.0,1.787998377685921e-08,8.607503360113648e-09,0.0
831,49920.0,49920,9.274382537429514e-09,9.274382709685357e-09,2.2733598540737805e-07,0.0,1.7881152984562595e-08,8.606770101428885e-09,0.0
832,49980.0,49980,9.276299384276116e-09,9.27629955607295e-09,2.274458521560149e-07,0.0,1.7882331734695226e-08,8.60603200563308e-09,0.0
833,50040.0,50040,9.278230643475368e-09,9.27823081481585e-09,2.2755574790331176e-07,0.0,1.788352006776672e-08,8.60528908041744e-09,0.0
834,50100.0,50100,9.280176348272835e-09,9.280176519160502e-09,2.2766567286549143e-07,0.0,1.7884718025040108e-08,8.604541333799431e-09,0.0
835,50160.0,50160,9.282136532340044e-09,9.282136702776962e-09,2.2777562725923447e-07,0.0,1.7885925648540968e-08,8.603788774133696e-09,0.0
836,50220.0,50220,9.284111229766388e-09,9.284111399756097e-09,2.2788561130168878e-07,0.0,1.788714298104801e-08,8.603031410107926e-09,0.0
837,50280.0,50280,9.286100475055426e-09,9.286100644600285e-09,2.2799562521043648e-07,0.0,1.788837006609128e-08,8.602269250752005e-09,0.0
838,50340.0,50340,9.2881043031212e-09,9.288104472224453e-09,2.2810566920352223e-07,0.0,1.7889606947961615e-08,8.601502305438597e-09,0.0
839,50400.0,50400,9.290122749281889e-09,9.290122917946342e-09,2.2821574349950984e-07,0.0,1.7890853671690874e-08,8.600730583885361e-09,0.0
840,50460.0,50460,9.292155849253775e-09,9.292156017482374e-09,2.2832584831736435e-07,0.0,1.789211028306728e-08,8.599954096161293e-09,0.0
841,50520.0,50520,9.294203639149746e-09,9.294203806945001e-09,2.2843598387660775e-07,0.0,1.7893376828624798e-08,8.59917285268923e-09,0.0
842,50580.0,50580,9.296266155467519e-09,9.296266322831937e-09,2.2854615039721277e-07,0.0,1.789465335564195e-08,8.598386864249842e-09,0.0
843,50640.0,50640,9.298343435090064e-09,9.298343602026004e-09,2.2865634809959816e-07,0.0,1.789593991214625e-08,8.597596141987961e-09,0.0
844,50700.0,50700,9.300435515274994e-09,9.30043568178526e-09,2.2876657720476323e-07,0.0,1.7897236546901808e-08,8.59680069740979e-09,0.0
845,50760.0,50760,9.302542433652796e-09,9.302542599739895e-09,2.2887683793414625e-07,0.0,1.789854330942113e-08,8.59600054239735e-09,0.0
846,50820.0,50820,9.304664228217978e-09,9.304664393884563e-09,2.2898713050969517e-07,0.0,1.7899860249952736e-08,8.595195689205096e-09,0.0
847,50880.0,50880,9.306800937324492e-09,9.30680110257322e-09,2.2909745515388668e-07,0.0,1.7901187419485274e-08,8.594386150466688e-09,0.0
848,50940.0,50940,9.30895259967778e-09,9.30895276451042e-09,2.292078120896859e-07,0.0,1.7902524869743703e-08,8.593571939202526e-09,0.0
849,51000.0,51000,9.311119254330192e-09,9.311119418749547e-09,2.2931820154058657e-07,0.0,1.7903872653188096e-08,8.592753068820931e-09,0.0
850,51060.0,51060,9.313300940673323e-09,9.313301104682195e-09,2.2942862373059931e-07,0.0,1.7905230823012474e-08,8.591929553123882e-09,0.0
851,51120.0,51120,9.315497698432695e-09,9.315497862032561e-09,2.295390788842586e-07,0.0,1.7906599433145393e-08,8.591101406314116e-09,0.0
852,51180.0,51180,9.317709567659952e-09,9.317709730852874e-09,2.2964956722662762e-07,0.0,1.790797853824256e-08,8.590268642997617e-09,0.0
853,51240.0,51240,9.319936588724587e-09,9.319936751512926e-09,2.297600889832721e-07,0.0,1.7909368193694515e-08,8.589431278193364e-09,0.0
854,51300.0,51300,9.322178802313065e-09,9.32217896469933e-09,2.2987064438033604e-07,0.0,1.7910768455617768e-08,8.588589327332145e-09,0.0
855,51360.0,51360,9.324436249414514e-09,9.324436411400767e-09,2.299812336444779e-07,0.0,1.7912179380855116e-08,8.587742806268065e-09,0.0
856,51420.0,51420,9.326708971319102e-09,9.326709132907263e-09,2.3009185700290128e-07,0.0,1.791360102697827e-08,8.586891731282227e-09,0.0
857,51480.0,51480,9.328997009609926e-09,9.32899717080191e-09,2.3020251468334314e-07,0.0,1.7915033452282268e-08,8.586036119087163e-09,0.0
858,51540.0,51540,9.331300406155781e-09,9.331300566953212e-09,2.303132069140926e-07,0.0,1.7916476715786065e-08,8.585175986834652e-09,0.0
859,51600.0,51600,9.333619203102168e-09,9.333619363507702e-09,2.304239339239864e-07,0.0,1.791793087723429e-08,8.584311352119402e-09,0.0
860,51660.0,51660,9.335953442868933e-09,9.33595360288419e-09,2.3053469594243225e-07,0.0,1.7919395997090776e-08,8.583442232989675e-09,0.0
861,51720.0,51720,9.338303168141262e-09,9.338303327768014e-09,2.30645493199369e-07,0.0,1.7920872136543555e-08,8.58256864794625e-09,0.0
862,51780.0,51780,9.340668421866008e-09,9.34066858110617e-09,2.3075632592531123e-07,0.0,1.7922359357505458e-08,8.58169061595629e-09,0.0
863,51840.0,51840,9.3430492472384e-09,9.343049406093744e-09,2.3086719435132334e-07,0.0,1.792385772260468e-08,8.580808156452019e-09,0.0
864,51900.0,51900,9.345445687704859e-09,9.34544584617686e-09,2.3097809870902447e-07,0.0,1.7925367295198335e-08,8.57992128934546e-09,0.0
865,51960.0,51960,9.347857786951633e-09,9.347857945041913e-09,2.3108903923063068e-07,0.0,1.7926888139362145e-08,8.579030035025201e-09,0.0
866,52020.0,52020,199.99999990610326,-9.389674293615607e-08,2.3120001614887495e-07,200.0,6.126800660321398e-09,1.0002354361201497e-07,0.0
867,52080.0,52080,199.99999990626762,-9.373239298184016e-08,2.2961974993195317e-07,200.0,6.127768659177759e-09,9.986016165637069e-08,0.0
868,52140.0,52140,199.99999990642377,-9.357625771310019e-08,2.280422204575555e-07,200.0,6.128682584264538e-09,9.970494031233473e-08,0.0
869,52200.0,52200,199.99999990657184,-9.342814483092971e-08,2.2646729094903152e-07,200.0,6.129542670274686e-09,9.955768751656823e-08,0.0
870,52260.0,52260,199.99999990671205,-9.328799781323445e-08,2.2489482783419482e-07,200.0,6.130349074675459e-09,9.941834690290071e-08,0.0
871,52320.0,52320,199.99999990684415,-9.31558502883167e-08,2.2332469848261106e-07,200.0,6.131101897504141e-09,9.928695220092212e-08,0.0
872,52380.0,52380,199.9999999069682,-9.30317935187439e-08,2.2175676970306662e-07,200.0,6.131801196455902e-09,9.916359473004503e-08,0.0
873,52440.0,52440,199.99999990708406,-9.291595343377997e-08,2.20190906783272e-07,200.0,6.132446998400104e-09,9.904840044687802e-08,0.0
874,52500.0,52500,199.99999990719152,-9.2808474603777e-08,2.1862697291202488e-07,200.0,6.13303930817183e-09,9.894151392687304e-08,0.0
875,52560.0,52560,199.9999999072905,-9.270950922516548e-08,2.1706482886858245e-07,200.0,6.133578115289611e-09,9.884308735532281e-08,0.0
876,52620.0,52620,199.99999990738078,-9.261920970391415e-08,2.155043328956634e-07,200.0,6.134063399068464e-09,9.875327311792889e-08,0.0
877,52680.0,52680,199.9999999074623,-9.253772381437652e-08,2.1394534069592226e-07,200.0,6.134495132510854e-09,9.867221896175081e-08,0.0
878,52740.0,52740,199.99999990753483,-9.246519167663105e-08,2.1238770550915243e-07,200.0,6.134873285255658e-09,9.860006497657012e-08,0.0
879,52800.0,52800,199.99999990759827,-9.240174401036578e-08,2.1083127823988618e-07,200.0,6.135197825796004e-09,9.853694185065222e-08,0.0
880,52860.0,52860,199.9999999076525,-9.234750126730756e-08,2.092759076140499e-07,200.0,6.1354687231605796e-09,9.84829700048405e-08,0.0
881,52920.0,52920,13.333333242704862,-9.062799887607717e-08,2.0772144035008377e-07,13.33333333333286,6.655059400368515e-09,9.728305829065844e-08,0.0
882,52980.0,52980,9.373696155243505e-09,9.373696306511188e-09,2.0619433247574745e-07,0.0,1.7943280357913663e-08,8.569583898926796e-09,0.0
883,53040.0,53040,9.374365783438136e-09,9.374365934264214e-09,2.0630569896329003e-07,0.0,1.79436897915039e-08,8.569323705205465e-09,0.0
884,53100.0,53100,9.375050541491544e-09,9.375050691882656e-09,2.064170755794522e-07,0.0,1.794410992709774e-08,8.569059083615537e-09,0.0
885,53160.0,53160,9.375750469119227e-09,9.37575061908319e-09,2.0652846254963445e-07,0.0,1.794454079087404e-08,8.568790020619336e-09,0.0
886,53220.0,53220,9.376465607267687e-09,9.376465756810546e-09,2.0663986009984634e-07,0.0,1.7944982410423787e-08,8.568516502861205e-09,0.0
887,53280.0,53280,9.377195998117525e-09,9.377196147245772e-09,2.0675126845667076e-07,0.0,1.7945434814750688e-08,8.568238517166462e-09,0.0
888,53340.0,53340,9.377941685098643e-09,9.377941833819798e-09,2.068626878473538e-07,0.0,1.7945898034274425e-08,8.567956050523704e-09,0.0
889,53400.0,53400,9.378702712903363e-09,9.378702861224213e-09,2.0697411849975747e-07,0.0,1.7946372100835653e-08,8.567669090081709e-09,0.0
890,53460.0,53460,9.37947912749572e-09,9.379479275422313e-09,2.0708556064243529e-07,0.0,1.7946857047695127e-08,8.567377623136162e-09,0.0
891,53520.0,53520,9.380270976125924e-09,9.380271123665337e-09,2.0719701450461561e-07,0.0,1.7947352909537826e-08,8.567081637123015e-09,0.0
892,53580.0,53580,9.381078307341261e-09,9.381078454500135e-09,2.0730848031623256e-07,0.0,1.7947859722479156e-08,8.566781119610233e-09,0.0
893,53640.0,53640,9.381901171000417e-09,9.381901317785092e-09,2.0741995830791635e-07,0.0,1.794837752406847e-08,8.5664760582882e-09,0.0
894,53700.0,53700,9.382739618285264e-09,9.382739764702377e-09,2.0753144871105239e-07,0.0,1.794890635329028e-08,8.566166440960876e-09,0.0
895,53760.0,53760,9.383593701719301e-09,9.38359384777608e-09,2.0764295175778128e-07,0.0,1.7949446250580742e-08,8.565852255537528e-09,0.0
896,53820.0,53820,9.384463475176361e-09,9.384463620878559e-09,2.077544676810106e-07,0.0,1.7949997257815886e-08,8.56553349002507e-09,0.0
897,53880.0,53880,9.385348993895944e-09,9.385349139250198e-09,2.0786599671443616e-07,0.0,1.7950559418335194e-08,8.565210132519206e-09,0.0
898,53940.0,53940,9.386250314502547e-09,9.38625045951505e-09,2.079775390925774e-07,0.0,1.7951132776935712e-08,8.56488217119721e-09,0.0
899,54000.0,54000,9.387167495011994e-09,9.387167639690123e-09,2.0808909505077023e-07,0.0,1.7951717379887087e-08,8.564549594308478e-09,0.0
900,54060.0,54060,9.388100594859767e-09,9.388100739209127e-09,2.0820066482522621e-07,0.0,1.7952313274935114e-08,8.564212390166123e-09,0.0
901,54120.0,54120,9.38904967490351e-09,9.389049818930149e-09,2.083122486529946e-07,0.0,1.795292051130911e-08,8.563870547141083e-09,0.0
902,54180.0,54180,9.390014797449873e-09,9.39001494116072e-09,2.08423846772038e-07,0.0,1.7953539139734e-08,8.56352405365134e-09,0.0
903,54240.0,54240,9.390996026265421e-09,9.390996169667264e-09,2.085354594212181e-07,0.0,1.7954169212437118e-08,8.563172898156475e-09,0.0
904,54300.0,54300,9.39199342659641e-09,9.391993569694852e-09,2.0864708684033352e-07,0.0,1.795481078315261e-08,8.562817069147632e-09,0.0
905,54360.0,54360,9.393007065184116e-09,9.393007207985943e-09,2.0875872927014103e-07,0.0,1.7955463907141515e-08,8.562456555141766e-09,0.0
906,54420.0,54420,9.394037010285493e-09,9.394037152797047e-09,2.0887038695235081e-07,0.0,1.795612864119293e-08,8.562091344671762e-09,0.0
907,54480.0,54480,9.395083331690865e-09,9.395083473918194e-09,2.0898206012970194e-07,0.0,1.7956805043636706e-08,8.561721426279356e-09,0.0
908,54540.0,54540,9.396146100739862e-09,9.396146242689306e-09,2.090937490459011e-07,0.0,1.7957493174357896e-08,8.561346788506576e-09,0.0
909,54600.0,54600,9.397225390347372e-09,9.397225532025423e-09,2.0920545394574532e-07,0.0,1.79581930948053e-08,8.56096741988926e-09,0.0
910,54660.0,54660,9.398321275015942e-09,9.398321416428352e-09,2.0931717507505577e-07,0.0,1.7958904868000343e-08,8.560583308945833e-09,0.0
911,54720.0,54720,9.399433830860249e-09,9.39943397201395e-09,2.09428912680751e-07,0.0,1.795962855855504e-08,8.56019444417482e-09,0.0
912,54780.0,54780,9.400563135627761e-09,9.400563276528506e-09,2.0954066701085165e-07,0.0,1.79603642326847e-08,8.559800814042289e-09,0.0
913,54840.0,54840,9.401709268717019e-09,9.40170940937115e-09,2.096524383145183e-07,0.0,1.796111195821469e-08,8.55940240697463e-09,0.0
914,54900.0,54900,9.40287231120301e-09,9.402872451617312e-09,2.0976422684204657e-07,0.0,1.7961871804596104e-08,8.558999211349858e-09,0.0
915,54960.0,54960,9.40405234585767e-09,9.404052486037894e-09,2.0987603284492622e-07,0.0,1.7962643842926967e-08,8.558591215495544e-09,0.0
916,55020.0,55020,9.405249457170675e-09,9.405249597123164e-09,2.0998785657583644e-07,0.0,1.796342814595963e-08,8.558178407669786e-09,0.0
917,55080.0,55080,9.406463731373047e-09,9.406463871103702e-09,2.1009969828868127e-07,0.0,1.7964224788113153e-08,8.557760776063426e-09,0.0
918,55140.0,55140,9.407695256465767e-09,9.40769539598152e-09,2.1021155823861311e-07,0.0,1.796503384549897e-08,8.557338308785737e-09,0.0
919,55200.0,55200,9.40894412223585e-09,9.408944261542304e-09,2.1032343668208468e-07,0.0,1.796585539592355e-08,8.556910993859122e-09,0.0
920,55260.0,55260,9.410210420285253e-09,9.41021055938949e-09,2.1043533387682075e-07,0.0,1.796668951891611e-08,8.556478819206566e-09,0.0
921,55320.0,55320,9.411494244056105e-09,9.411494382963877e-09,2.1054725008186525e-07,0.0,1.7967536295739843e-08,8.556041772651792e-09,0.0
922,55380.0,55380,9.412795688856065e-09,9.412795827573861e-09,2.1065918555765456e-07,0.0,1.7968395809408143e-08,8.555599841900525e-09,0.0
923,55440.0,55440,9.414114851879126e-09,9.414114990413142e-09,2.107711405659725e-07,0.0,1.7969268144701692e-08,8.555153014537984e-09,0.0
924,55500.0,55500,9.41545183224308e-09,9.415451970599657e-09,2.1088311537002122e-07,0.0,1.7970153388195918e-08,8.554701278022248e-09,0.0
925,55560.0,55560,9.416806731003673e-09,9.416806869189154e-09,2.1099511023444254e-07,0.0,1.797105162826069e-08,8.554244619669062e-09,0.0
926,55620.0,55620,9.418179651192663e-09,9.418179789213685e-09,2.1110712542532718e-07,0.0,1.7971962955100142e-08,8.553783026647703e-09,0.0
927,55680.0,55680,9.419570697837434e-09,9.419570835700046e-09,2.112191612102597e-07,0.0,1.7972887460755038e-08,8.553316485974354e-09,0.0
928,55740.0,55740,9.420979977997431e-09,9.420980115708711e-09,2.1133121785834928e-07,0.0,1.7973825239133736e-08,8.552844984496456e-09,0.0
929,55800.0,55800,299.9999999105903,-8.940965478003357e-08,2.1144329564025548e-07,300.0,6.122228351652995e-09,9.553188314350304e-08,0.0
930,55860.0,55860,299.99999991064135,-8.93586290331282e-08,2.0993782515380444e-07,300.0,6.122760381298758e-09,9.548138942616916e-08,0.0
931,55920.0,55920,299.9999999106852,-8.931482981568065e-08,2.084332037574124e-07,300.0,6.123211172603871e-09,9.543804100048057e-08,0.0
932,55980.0,55980,299.99999991072167,-8.927828357856613e-08,2.0692931121265612e-07,300.0,6.123583242637204e-09,9.540186683333241e-08,0.0
933,56040.0,56040,299.999999910751,-8.924901892701014e-08,2.0542602683390057e-07,300.0,6.12387870405164e-09,9.537289764286341e-08,0.0
934,56100.0,56100,299.9999999107729,-8.922706351092346e-08,2.0392322945339072e-07,300.0,6.124099313965152e-09,9.535116283692897e-08,0.0
935,56160.0,56160,299.9999999107875,-8.921244184489692e-08,2.0242079743802603e-07,300.0,6.1242465119649665e-09,9.533668836875232e-08,0.0
936,56220.0,56220,299.9999999107948,-8.920517378218498e-08,2.0091860874250395e-07,300.0,6.124321449337907e-09,9.53294952434069e-08,0.0
937,56280.0,56280,299.9999999107947,-8.92052734595618e-08,1.9941654098766076e-07,300.0,6.124325011013738e-09,9.532959848250188e-08,0.0
938,56340.0,56340,299.99999991078727,-8.921274856607265e-08,1.9791447155649042e-07,300.0,6.124257831277304e-09,9.533700640922423e-08,0.0
939,56400.0,56400,164.99999991136954,-8.863046387985577e-08,1.9641227770221363e-07,165.0,6.143776840004141e-09,9.477424073422725e-08,0.0
940,56460.0,56460,9.426601622409972e-09,9.426601758332563e-09,1.9491973978930994e-07,0.0,1.7977569164855943e-08,8.550967269382323e-09,0.0
941,56520.0,56520,9.426244176039992e-09,9.426244311795911e-09,1.950319018188315e-07,0.0,1.797731990072088e-08,8.551075451950283e-09,0.0
942,56580.0,56580,9.425900658933744e-09,9.425900794530367e-09,1.9514405850748146e-07,0.0,1.797708101376467e-08,8.551180082418772e-09,0.0
943,56640.0,56640,9.425571071602891e-09,9.425571207047003e-09,1.95256210061467e-07,0.0,1.797685249430772e-08,8.551281150597548e-09,0.0
944,56700.0,56700,9.42525541532682e-09,9.425255550625944e-09,1.9536835668704012e-07,0.0,1.797663433372738e-08,8.551378646583698e-09,0.0
945,56760.0,56760,9.424953692156765e-09,9.424953827318272e-09,1.954804985904765e-07,0.0,1.797642652445826e-08,8.551472560759568e-09,0.0
946,56820.0,56820,9.424665904921557e-09,9.424666039952385e-09,1.955926359781201e-07,0.0,1.797622905998721e-08,8.551562883785087e-09,0.0
947,56880.0,56880,9.424392057224836e-09,9.42439219213265e-09,1.957047690563764e-07,0.0,1.797604193485627e-08,8.551649606596302e-09,0.0
948,56940.0,56940,299.9999999105854,-8.941454904706835e-08,1.958168980317027e-07,300.0,6.1226161454673155e-09,9.553716520467928e-08,0.0
949,57000.0,57000,299.99999991056,-8.944001400155966e-08,1.9431134487513136e-07,300.0,6.122399611954265e-09,9.556241362580606e-08,0.0
950,57060.0,57060,299.9999999105272,-8.947273406824637e-08,1.9280536783749956e-07,300.0,6.122112456148151e-09,9.559484653636571e-08,0.0
951,57120.0,57120,299.9999999104873,-8.95126776780483e-08,1.9129884617692061e-07,300.0,6.12175437818639e-09,9.563443206827194e-08,0.0
952,57180.0,57180,299.9999999104402,-8.955980421985936e-08,1.8979165967840083e-07,300.0,6.121324826478342e-09,9.568112905810453e-08,0.0
953,57240.0,57240,299.99999991038595,-8.961406392023769e-08,1.8828368880518957e-07,300.0,6.12082298138135e-09,9.57348869136945e-08,0.0
954,57300.0,57300,299.99999991032456,-8.967539794820251e-08,1.867748148521356e-07,300.0,6.120247731403073e-09,9.579564569135346e-08,0.0
955,57360.0,57360,299.99999991025624,-8.974373883995547e-08,1.852649200974008e-07,300.0,6.119597640223405e-09,9.586333649212564e-08,0.0
956,57420.0,57420,299.999999910181,-8.981901143115893e-08,1.8375388794716485e-07,300.0,6.118870902051193e-09,9.593788234551751e-08,0.0
957,57480.0,57480,194.99999991009688,-8.990314118110874e-08,1.8224160306489814e-07,195.0,6.14213063938758e-09,9.604527183419638e-08,0.0
958,57540.0,57540,9.412998217919636e-09,9.412998351377856e-09,1.807278578653068e-07,0.0,1.7968237406177152e-08,8.555238920124528e-09,0.0
959,57600.0,57600,9.411250851509498e-09,9.411250984837476e-09,1.8083981638711387e-07,0.0,1.7967040673868335e-08,8.555789554486916e-09,0.0
960,57660.0,57660,9.409516477249581e-09,9.409516610447469e-09,1.8095174877159617e-07,0.0,1.7965854614200987e-08,8.55633786933967e-09,0.0
961,57720.0,57720,9.407795077348861e-09,9.407795210417542e-09,1.8106365520858047e-07,0.0,1.7964679168603962e-08,8.556883823902517e-09,0.0
962,57780.0,57780,9.406086633623823e-09,9.406086766563592e-09,1.8117553588776373e-07,0.0,1.7963514278941223e-08,8.55742737822249e-09,0.0
963,57840.0,57840,9.404391127531944e-09,9.40439126034413e-09,1.812873909986637e-07,0.0,1.796235988752394e-08,8.557968493152402e-09,0.0
964,57900.0,57900,9.402708540205327e-09,9.402708672889632e-09,1.8139922073065398e-07,0.0,1.7961215937116096e-08,8.558507130327526e-09,0.0
965,57960.0,57960,9.401038852476505e-09,9.401038985034405e-09,1.8151102527292423e-07,0.0,1.796008237094954e-08,8.55904325214319e-09,0.0
966,58020.0,58020,9.39938204491444e-09,9.399382177346231e-09,1.8162280481448474e-07,0.0,1.795895913272545e-08,8.559576821733384e-09,0.0
967,58080.0,58080,9.397738097843246e-09,9.39773823014937e-09,1.8173455954416877e-07,0.0,1.7957846166623188e-08,8.56010780295365e-09,0.0
968,58140.0,58140,9.396106991375677e-09,9.396107123556724e-09,1.8184628965062783e-07,0.0,1.7956743417310036e-08,8.560636160358811e-09,0.0
969,58200.0,58200,9.394488705434805e-09,9.394488837491513e-09,1.8195799532230821e-07,0.0,1.7955650829946797e-08,8.56116185918527e-09,0.0
970,58260.0,58260,9.392883219775557e-09,9.39288335170881e-09,1.8206967674747913e-07,0.0,1.7954568350188092e-08,8.5616848653342e-09,0.0
971,58320.0,58320,9.391290514013179e-09,9.391290645823714e-09,1.8218133411416676e-07,0.0,1.7953495924200065e-08,8.562205145353393e-09,0.0
972,58380.0,58380,9.389710567637841e-09,9.38971069932625e-09,1.8229296761023916e-07,0.0,1.7952433498649454e-08,8.562722666422523e-09,0.0
973,58440.0,58440,9.388143360040009e-09,9.388143491606437e-09,1.824045774233331e-07,0.0,1.7951381020721015e-08,8.56323739633617e-09,0.0
974,58500.0,58500,9.386588870525478e-09,9.386589001971107e-09,1.8251616374087531e-07,0.0,1.7950338438119276e-08,8.563749303491003e-09,0.0
975,58560.0,58560,9.385047078339723e-09,9.385047209665143e-09,1.8262772675007073e-07,0.0,1.7949305699067063e-08,8.564258356865259e-09,0.0
976,58620.0,58620,9.383517962679103e-09,9.383518093885493e-09,1.8273926663793783e-07,0.0,1.7948282752314954e-08,8.564764526013158e-09,0.0
977,58680.0,58680,9.382001502712687e-09,9.382001633800047e-09,1.8285078359124489e-07,0.0,1.794726954714038e-08,8.565267781043208e-09,0.0
978,58740.0,58740,9.380497677595386e-09,9.380497808564602e-09,1.8296227779655968e-07,0.0,1.7946266033357365e-08,8.565768092613635e-09,0.0
979,58800.0,58800,9.379006466482553e-09,9.379006597334362e-09,1.8307374944020446e-07,0.0,1.7945272161310033e-08,8.566265431914098e-09,0.0
980,58860.0,58860,9.377527848547093e-09,9.377527979282232e-09,1.8318519870830328e-07,0.0,1.794428788187999e-08,8.566759770652705e-09,0.0
981,58920.0,58920,9.376061802993476e-09,9.376061933613125e-09,1.832966257867513e-07,0.0,1.7943313146491623e-08,8.567251081049524e-09,0.0
982,58980.0,58980,9.374608309067028e-09,9.374608439571188e-09,1.8340803086121238e-07,0.0,1.794234790710621e-08,8.567739335821686e-09,0.0
983,59040.0,59040,9.373167346071485e-09,9.373167476460891e-09,1.8351941411712855e-07,0.0,1.794139211623283e-08,8.568224508173797e-09,0.0
984,59100.0,59100,9.371738893375918e-09,9.3717390236519e-09,1.836307757397082e-07,0.0,1.794044572692099e-08,8.568706571784816e-09,0.0
985,59160.0,59160,9.370322930430531e-09,9.370323060592941e-09,1.8374211591393553e-07,0.0,1.7939508692768295e-08,8.569185500805093e-09,0.0
986,59220.0,59220,9.36891943677815e-09,9.368919566828018e-09,1.8385343482458706e-07,0.0,1.7938580967921917e-08,8.569661269836475e-09,0.0
987,59280.0,59280,9.367528392056732e-09,9.367528521995684e-09,1.83964732656201e-07,0.0,1.793766250707182e-08,8.570133853930369e-09,0.0
988,59340.0,59340,9.36614977602165e-09,9.366149905849241e-09,1.8407600959305824e-07,0.0,1.7936753265459313e-08,8.570603228576252e-09,0.0
989,59400.0,59400,9.364783568544204e-09,9.364783698261174e-09,1.8418726581927688e-07,0.0,1.793585319887733e-08,8.571069369692222e-09,0.0
990,59460.0,59460,9.363429749628589e-09,9.363429879236412e-09,1.842985015186895e-07,0.0,1.7934962263667797e-08,8.57153225361719e-09,0.0
991,59520.0,59520,9.362088299414846e-09,9.362088428913817e-09,1.844097168749611e-07,0.0,1.7934080416718967e-08,8.57199185709951e-09,0.0
992,59580.0,59580,9.360759198190807e-09,9.360759327581366e-09,1.8452091207146874e-07,0.0,1.793320761547515e-08,8.572448157296403e-09,0.0
993,59640.0,59640,9.359442426399319e-09,9.359442555682207e-09,1.8463208729143374e-07,0.0,1.7932343817927275e-08,8.572901131755806e-09,0.0
994,59700.0,59700,9.358137964644153e-09,9.35813809382099e-09,1.847432427178084e-07,0.0,1.793148898261969e-08,8.57335075841652e-09,0.0
995,59760.0,59760,9.356845793702827e-09,9.356845922772877e-09,1.8485437853335146e-07,0.0,1.79306430686466e-08,8.573797015597592e-09,0.0
996,59820.0,59820,9.355565894523959e-09,9.355566023489288e-09,1.8496549492059282e-07,0.0,1.7929806035651193e-08,8.574239881991385e-09,0.0
997,59880.0,59880,9.354298248243926e-09,9.35429837710453e-09,1.8507659206184522e-07,0.0,1.7928977843827414e-08,8.574679336657822e-09,0.0
998,59940.0,59940,9.353042836186574e-09,9.353042964943194e-09,1.851876701392137e-07,0.0,1.792815845392025e-08,8.575115359014947e-09,0.0
999,60000.0,60000,9.351799639872217e-09,9.351799768526475e-09,1.852987293345839e-07,0.0,1.7927347827216886e-08,8.57554792883214e-09,0.0
1000,60060.0,60060,9.350568641027217e-09,9.350568769578817e-09,1.8540976982964315e-07,0.0,1.792654592556411e-08,8.575977026229237e-09,0.0
1001,60120.0,60120,9.349349821577798e-09,9.349349950028217e-09,1.8552079180584043e-07,0.0,1.7925752711346777e-08,8.576402631664128e-09,0.0
1002,60180.0,60180,9.348143163669953e-09,9.348143292019335e-09,1.856317954444549e-07,0.0,1.7924968147499015e-08,8.576824725926875e-09,0.0
1003,60240.0,60240,9.3469486496659e-09,9.346948777915281e-09,1.8574278092652722e-07,0.0,1.7924192197504532e-08,8.577243290136595e-09,0.0
1004,60300.0,60300,9.345766262151027e-09,9.345766390300847e-09,1.8585374843292826e-07,0.0,1.792342482538834e-08,8.577658305734101e-09,0.0
1005,60360.0,60360,9.344595983939042e-09,9.344596111990334e-09,1.8596469814429283e-07,0.0,1.7922665995721488e-08,8.578069754476734e-09,0.0
1006,60420.0,60420,9.343437798077583e-09,9.343437926030937e-09,1.8607563024109055e-07,0.0,1.7921915673619878e-08,8.57847761843231e-09,0.0
1007,60480.0,60480,9.34229168785146e-09,9.342291815707763e-09,1.8618654490358575e-07,0.0,1.7921173824739243e-08,8.578881879972049e-09,0.0
1008,60540.0,60540,9.34115763678591e-09,9.34115776454619e-09,1.8629744231184212e-07,0.0,1.792044041527722e-08,8.579282521768506e-09,0.0
1009,60600.0,60600,9.340035628655132e-09,9.340035756319688e-09,1.8640832264572518e-07,0.0,1.7919715411975126e-08,8.579679526788638e-09,0.0
1010,60660.0,60660,9.338925647480984e-09,9.338925775050553e-09,1.865191860849352e-07,0.0,1.7918998782109092e-08,8.580072878286578e-09,0.0
1011,60720.0,60720,9.3378276775396e-09,9.337827805015066e-09,1.8663003280898598e-07,0.0,1.7918290493495085e-08,8.580462559802604e-09,0.0
1012,60780.0,60780,9.33674170336627e-09,9.336741830748517e-09,1.867408629971885e-07,0.0,1.7917590514489507e-08,8.58084855515694e-09,0.0
1013,60840.0,60840,9.335667709756461e-09,9.335667837045934e-09,1.8685167682870022e-07,0.0,1.791689881397856e-08,8.581230848441351e-09,0.0
1014,60900.0,60900,9.33460568177129e-09,9.334605808968725e-09,1.869624744824875e-07,0.0,1.7916215361388287e-08,8.581609424020766e-09,0.0
1015,60960.0,60960,9.33355560473928e-09,9.333555731845562e-09,1.8707325613735145e-07,0.0,1.7915540126675715e-08,8.581984266522069e-09,0.0
1016,61020.0,61020,9.332517464262264e-09,9.332517591278573e-09,1.871840219719139e-07,0.0,1.7914873080332996e-08,8.582355360836606e-09,0.0
1017,61080.0,61080,9.331491246215834e-09,9.331491373142612e-09,1.8729477216465032e-07,0.0,1.791421419337972e-08,8.582722692108526e-09,0.0
1018,61140.0,61140,9.330476936753605e-09,9.330477063592181e-09,1.87405506893845e-07,0.0,1.7913563437367352e-08,8.58308624573627e-09,0.0
1019,61200.0,61200,9.329474522311949e-09,9.329474649062027e-09,1.8751622633765488e-07,0.0,1.791292078437865e-08,8.583446007365625e-09,0.0
1020,61260.0,61260,9.328483989607923e-09,9.328484116270831e-09,1.8762693067405744e-07,0.0,1.7912286207017897e-08,8.583801962883833e-09,0.0
1021,61320.0,61320,9.32750532564974e-09,9.327505452226361e-09,1.8773762008088154e-07,0.0,1.7911659678422746e-08,8.584154098420026e-09,0.0
1022,61380.0,61380,9.32653851773146e-09,9.326538644222683e-09,1.8784829473580972e-07,0.0,1.7911041172253865e-08,8.584502400339633e-09,0.0
1023,61440.0,61440,9.325583553443027e-09,9.325583679849438e-09,1.879589548163853e-07,0.0,1.7910430662692278e-08,8.584846855237136e-09,0.0
1024,61500.0,61500,9.324640420666717e-09,9.324640546989055e-09,1.880696004999958e-07,0.0,1.7909828124446773e-08,8.585187449935493e-09,0.0
1025,61560.0,61560,9.323709107585553e-09,9.323709233824704e-09,1.8818023196389186e-07,0.0,1.7909233532745895e-08,8.585524171482156e-09,0.0
1026,61620.0,61620,9.322789602680946e-09,9.322789728837646e-09,1.882908493852109e-07,0.0,1.7908646863340047e-08,8.585857007145225e-09,0.0
1027,61680.0,61680,9.321881894738146e-09,9.321882020813133e-09,1.8840145294093692e-07,0.0,1.7908068092497036e-08,8.586185944408887e-09,0.0
1028,61740.0,61740,9.320985972847133e-09,9.320986098841292e-09,1.8851204280791936e-07,0.0,1.7907497197005053e-08,8.586510970970014e-09,0.0
1029,61800.0,61800,9.320101826407186e-09,9.32010195232096e-09,1.886226191629039e-07,0.0,1.7906934154169104e-08,8.586832074735519e-09,0.0
1030,61860.0,61860,9.319229445124672e-09,9.319229570959978e-09,1.8873318218249926e-07,0.0,1.790637894181102e-08,8.587149243817773e-09,0.0
1031,61920.0,61920,9.318368819022783e-09,9.31836894477962e-09,1.8884373204323397e-07,0.0,1.7905831538268594e-08,8.587462466533432e-09,0.0
1032,61980.0,61980,9.317519938438137e-09,9.317520064116505e-09,1.8895426892147847e-07,0.0,1.790529192239111e-08,8.58777173139709e-09,0.0
1033,62040.0,62040,9.316682794022258e-09,9.316682919624372e-09,1.890647929935158e-07,0.0,1.7904760073545e-08,8.588077027119811e-09,0.0
1034,62100.0,62100,9.315857376750133e-09,9.315857502276285e-09,1.891753044355158e-07,0.0,1.7904235971605836e-08,8.588378342605433e-09,0.0
1035,62160.0,62160,9.315043677914893e-09,9.315043803366119e-09,1.8928580342357748e-07,0.0,1.7903719596962784e-08,8.588675666948064e-09,0.0
1036,62220.0,62220,9.31424168913771e-09,9.314241814514301e-09,1.8939629013365826e-07,0.0,1.790321093051681e-08,8.588968989427954e-09,0.0
1037,62280.0,62280,9.313451402362173e-09,9.313451527665752e-09,1.895067647416707e-07,0.0,1.7902709953676286e-08,8.58925829951002e-09,0.0
1038,62340.0,62340,9.312672809861533e-09,9.312672935092102e-09,1.8961722742339993e-07,0.0,1.7902216648358434e-08,8.589543586838383e-09,0.0
1039,62400.0,62400,9.311905904240464e-09,9.311906029399055e-09,1.8972767835457213e-07,0.0,1.7901730996990516e-08,8.589824841235347e-09,0.0
1040,62460.0,62460,9.311150678436094e-09,9.31115080352374e-09,1.8983811771081428e-07,0.0,1.7901252982508376e-08,8.590102052699171e-09,0.0
1041,62520.0,62520,9.310407125720375e-09,9.310407250737663e-09,1.8994854566770863e-07,0.0,1.7900782588350808e-08,8.59037521139833e-09,0.0
1042,62580.0,62580,9.309675239701984e-09,9.309675364650393e-09,1.900589624007311e-07,0.0,1.790031979846636e-08,8.590644307670919e-09,0.0
1043,62640.0,62640,9.308955014329436e-09,9.308955139209259e-09,1.90169368085327e-07,0.0,1.7899864597309196e-08,8.590909332022883e-09,0.0
1044,62700.0,62700,9.30824644389108e-09,9.308246568703202e-09,1.9027976289684493e-07,0.0,1.7899416969834084e-08,8.591170275121973e-09,0.0
1045,62760.0,62760,9.307549523021285e-09,9.307549647766739e-09,1.9039014701060745e-07,0.0,1.7898976901507015e-08,8.59142712779774e-09,0.0
1046,62820.0,62820,9.306864246697945e-09,9.306864371377617e-09,1.9050052060185455e-07,0.0,1.7898544378292518e-08,8.591679881038887e-09,0.0
1047,62880.0,62880,9.306190610246601e-09,9.30619073486093e-09,1.906108838457932e-07,0.0,1.789811938666074e-08,8.591928525988103e-09,0.0
1048,62940.0,62940,9.305528609345014e-09,9.305528733895331e-09,1.9072123691758077e-07,0.0,1.789770191358656e-08,8.592173053944568e-09,0.0
1049,63000.0,63000,9.304878240019927e-09,9.304878364507115e-09,1.9083157999236051e-07,0.0,1.7897291946545165e-08,8.59241345635452e-09,0.0
1050,63060.0,63060,9.304239498655165e-09,9.30423962307937e-09,1.909419132451978e-07,0.0,1.7896889473514412e-08,8.592649724814196e-09,0.0
1051,63120.0,63120,9.303612381988254e-09,9.303612506351102e-09,1.9105223685115322e-07,0.0,1.789649448297984e-08,8.592881851068515e-09,0.0
1052,63180.0,63180,9.302996887117054e-09,9.302997011419428e-09,1.9116255098525915e-07,0.0,1.7896106963920216e-08,8.593109827001923e-09,0.0
1053,63240.0,63240,9.302393011500198e-09,9.302393135742541e-09,1.9127285582253606e-07,0.0,1.7895726905824054e-08,8.593333644642825e-09,0.0
1054,63300.0,63300,9.301800752957397e-09,9.301800877141478e-09,1.91383151537962e-07,0.0,1.7895354298678408e-08,8.593553296156948e-09,0.0
1055,63360.0,63360,9.301220109676505e-09,9.301220233802032e-09,1.914934383065363e-07,0.0,1.7894989132971526e-08,8.593768773848068e-09,0.0
1056,63420.0,63420,9.300651080208815e-09,9.300651204277554e-09,1.916037163032204e-07,0.0,1.7894631399695205e-08,8.59398007015345e-09,0.0
1057,63480.0,63480,9.300093663478779e-09,9.300093787491323e-09,1.9171398570298768e-07,0.0,1.78942810903445e-08,8.594187177644732e-09,0.0
1058,63540.0,63540,9.299547858781809e-09,9.299547982738893e-09,1.9182424668083265e-07,0.0,1.7893938196912715e-08,8.594390089021425e-09,0.0
1059,63600.0,63600,9.299013665785742e-09,9.299013789688106e-09,1.9193449941171922e-07,0.0,1.7893602711898472e-08,8.594588797112398e-09,0.0
1060,63660.0,63660,9.298491084536745e-09,9.29849120838601e-09,1.920447440706632e-07,0.0,1.7893274628304243e-08,8.594783294873069e-09,0.0
1061,63720.0,63720,9.297980115460194e-09,9.297980239256804e-09,1.9215498083269215e-07,0.0,1.789295393963045e-08,8.59497357538143e-09,0.0
1062,63780.0,63780,9.297480759360099e-09,9.297480883105084e-09,1.922652098728148e-07,0.0,1.7892640639884305e-08,8.595159631838483e-09,0.0
1063,63840.0,63840,9.296993017426899e-09,9.296993141121145e-09,1.9237543136613193e-07,0.0,1.7892334723576287e-08,8.595341457565583e-09,0.0
1064,63900.0,63900,9.296516891234975e-09,9.296517014879072e-09,1.9248564548772065e-07,0.0,1.7892036185721014e-08,8.595519046001943e-09,0.0
1065,63960.0,63960,9.296052382747796e-09,9.296052506343515e-09,1.9259585241272425e-07,0.0,1.789174502183636e-08,8.595692390701963e-09,0.0
1066,64020.0,64020,9.295599494322213e-09,9.295599617869405e-09,1.9270605231635437e-07,0.0,1.7891461227947593e-08,8.595861485335833e-09,0.0
1067,64080.0,64080,9.295158228702839e-09,9.295158352203275e-09,1.9281624537381328e-07,0.0,1.789118480058471e-08,8.596026323685986e-09,0.0
1068,64140.0,64140,9.294728589035479e-09,9.294728712489748e-09,1.9292643176040227e-07,0.0,1.789091573678274e-08,8.596186899644e-09,0.0
1069,64200.0,64200,9.29431057886285e-09,9.294310702272133e-09,1.930366116514723e-07,0.0,1.789065403408969e-08,8.596343207212818e-09,0.0
1070,64260.0,64260,9.293904202126798e-09,9.293904325491832e-09,1.9314678522242854e-07,0.0,1.789039969055331e-08,8.596495240501132e-09,0.0
1071,64320.0,64320,9.293509463176698e-09,9.293509586498073e-09,1.9325695264876115e-07,0.0,1.7890152704736682e-08,8.596642993722658e-09,0.0
1072,64380.0,64380,9.293126366765921e-09,9.293126490045407e-09,1.9336711410603106e-07,0.0,1.7889913075714117e-08,8.596786461194207e-09,0.0
1073,64440.0,64440,9.29275491805522e-09,9.292755041293113e-09,1.9347726976987944e-07,0.0,1.7889680803064662e-08,8.596925637338197e-09,0.0
1074,64500.0,64500,9.292395122623798e-09,9.292395245821276e-09,1.9358741981601832e-07,0.0,1.7889455886885664e-08,8.597060516671892e-09,0.0
1075,64560.0,64560,9.292046986457803e-09,9.292047109616046e-09,1.9369756442029415e-07,0.0,1.7889238327786284e-08,8.597191093816683e-09,0.0
1076,64620.0,64620,9.2917105159661e-09,9.291710639085847e-09,1.93807703758603e-07,0.0,1.7889028126887793e-08,8.597317363486738e-09,0.0
1077,64680.0,64680,9.291385717976009e-09,9.291385841058292e-09,1.939178380069731e-07,0.0,1.7888825285830348e-08,8.597439320494755e-09,0.0
1078,64740.0,64740,9.291072599739639e-09,9.291072722785195e-09,1.9402796734155064e-07,0.0,1.788862980677153e-08,8.59755695974635e-09,0.0
1079,64800.0,64800,9.290771168933737e-09,9.290771291944189e-09,1.9413809193856444e-07,0.0,1.7888441692386922e-08,8.597670276239033e-09,0.0
1080,64860.0,64860,9.290481433666187e-09,9.290481556642124e-09,1.942482119743967e-07,0.0,1.788826094587484e-08,8.597779265061909e-09,0.0
1081,64920.0,64920,9.290203402476299e-09,9.290203525418312e-09,1.943583276255264e-07,0.0,1.788808757094925e-08,8.597883921393759e-09,0.0
1082,64980.0,64980,9.289937084340266e-09,9.289937207249683e-09,1.944684390685906e-07,0.0,1.7887921571855096e-08,8.597984240501125e-09,0.0
1083,65040.0,65040,9.289682488672052e-09,9.2896826115502e-09,1.9457854648037507e-07,0.0,1.788776295335858e-08,8.598080217736247e-09,0.0
1084,65100.0,65100,9.289439625328256e-09,9.289439748175577e-09,1.946886500377576e-07,0.0,1.7887611720756302e-08,8.598171848538681e-09,0.0
1085,65160.0,65160,9.289208504610478e-09,9.289208627428596e-09,1.947987499178331e-07,0.0,1.7887467879869946e-08,8.598259128428366e-09,0.0
1086,65220.0,65220,9.288989137269e-09,9.288989260058649e-09,1.9490884629779086e-07,0.0,1.788733143705455e-08,8.598342053011827e-09,0.0
1087,65280.0,65280,9.288781534509424e-09,9.288781657271196e-09,1.9501893935503261e-07,0.0,1.7887202399200267e-08,8.598420617972428e-09,0.0
1088,65340.0,65340,9.288585707986627e-09,9.288585830721409e-09,1.9512902926711343e-07,0.0,1.7887080773727343e-08,8.598494819076286e-09,0.0
1089,65400.0,65400,9.288401669820692e-09,9.288401792530547e-09,1.9523911621174182e-07,0.0,1.788696656860089e-08,8.598564652166063e-09,0.0
1090,65460.0,65460,9.28822943259145e-09,9.288229555276376e-09,1.953492003668528e-07,0.0,1.788685979231847e-08,8.5986301131623e-09,0.0
1091,65520.0,65520,9.288069009346435e-09,9.28806913200791e-09,1.9545928191053248e-07,0.0,1.7886760453925757e-08,8.598691198061207e-09,0.0
1092,65580.0,65580,9.287920413601787e-09,9.287920536241138e-09,1.9556936102106048e-07,0.0,1.788666856300618e-08,8.598747902931411e-09,0.0
1093,65640.0,65640,9.287783659351088e-09,9.287783781968463e-09,1.9567943787695003e-07,0.0,1.7886584129700126e-08,8.598800223918682e-09,0.0
1094,65700.0,65700,9.287658761060941e-09,9.287658883658402e-09,1.9578951265690548e-07,0.0,1.7886507164687225e-08,8.598848157236636e-09,0.0
1095,65760.0,65760,9.28754573368336e-09,9.287545856261352e-09,1.9589958553982006e-07,0.0,1.7886437679207298e-08,8.598891699172493e-09,0.0
1096,65820.0,65820,9.287444592655477e-09,9.287444715215475e-09,1.9600965670483707e-07,0.0,1.788637568504945e-08,8.598930846079402e-09,0.0
1097,65880.0,65880,9.287355353902927e-09,9.28735547644552e-09,1.961197263313406e-07,0.0,1.788632119456739e-08,8.598965594383523e-09,0.0
1098,65940.0,65940,9.287278033846204e-09,9.28727815637272e-09,1.9622979459890348e-07,0.0,1.7886274220669427e-08,8.598995940575029e-09,0.0
1099,66000.0,66000,9.287212649406102e-09,9.287212771917575e-09,1.9633986168737703e-07,0.0,1.7886234776832022e-08,8.599021881208695e-09,0.0
1100,66060.0,66060,9.287159218001813e-09,9.28715934049942e-09,1.9644992777685803e-07,0.0,1.7886202877098604e-08,8.59904341290715e-09,0.0
1101,66120.0,66120,9.287117757562123e-09,9.287117880046898e-09,1.9655999304766033e-07,0.0,1.788617853607959e-08,8.599060532353344e-09,0.0
1102,66180.0,66180,9.287088286526896e-09,9.287088408999577e-09,1.9667005768042585e-07,0.0,1.7886161768962692e-08,8.599073236295863e-09,0.0
1103,66240.0,66240,9.287070823851497e-09,9.287070946314e-09,1.9678012185599708e-07,0.0,1.788615259151057e-08,8.599081521539787e-09,0.0
1104,66300.0,66300,9.287065389013723e-09,9.287065511466049e-09,1.9689018575554692e-07,0.0,1.7886151020067892e-08,8.599085384954798e-09,0.0
1105,66360.0,66360,9.287072002013656e-09,9.287072124457868e-09,1.9700024956049132e-07,0.0,1.7886157071563722e-08,8.599084823466919e-09,0.0
1106,66420.0,66420,9.287090683382807e-09,9.287090805819055e-09,1.9711031345255779e-07,0.0,1.7886170763510612e-08,8.599079834059556e-09,0.0
1107,66480.0,66480,9.287121454189427e-09,9.287121576619333e-09,1.9722037761378292e-07,0.0,1.7886192114018182e-08,8.599070413773926e-09,0.0
1108,66540.0,66540,9.287164336039689e-09,9.287164458464284e-09,1.9733044222647945e-07,0.0,1.788622114178869e-08,8.599056559704938e-09,0.0
1109,66600.0,66600,9.287219351084762e-09,9.287219473505524e-09,1.9744050747330474e-07,0.0,1.788625786612441e-08,8.5990382690037e-09,0.0
1110,66660.0,66660,9.28728652202775e-09,9.28728664444556e-09,1.9755057353719688e-07,0.0,1.788630230693059e-08,8.599015538872201e-09,0.0
1111,66720.0,66720,9.287365872126635e-09,9.28736599454194e-09,1.976606406014645e-07,0.0,1.78863544847175e-08,8.598988366565238e-09,0.0
1112,66780.0,66780,9.287457425198712e-09,9.287457547613721e-09,1.9777070884972538e-07,0.0,1.7886414420613713e-08,8.59895674938982e-09,0.0
1113,66840.0,66840,9.287561205630016e-09,9.287561328045763e-09,1.97880778465949e-07,0.0,1.7886482136356383e-08,8.598920684699858e-09,0.0
1114,66900.0,66900,9.287677238379609e-09,9.287677360796683e-09,1.9799084963447053e-07,0.0,1.788655765430981e-08,8.598880169900006e-09,0.0
1115,66960.0,66960,9.287805548980019e-09,9.287805671400043e-09,1.9810092253996033e-07,0.0,1.78866409974569e-08,8.598835202441523e-09,0.0
1116,67020.0,67020,9.287946163550956e-09,9.28794628597452e-09,1.9821099736746393e-07,0.0,1.7886732189415083e-08,8.598785779820951e-09,0.0
1117,67080.0,67080,9.288099108800645e-09,9.288099231229667e-09,1.9832107430242101e-07,0.0,1.7886831254435147e-08,8.598731899581442e-09,0.0
1118,67140.0,67140,9.288264412032012e-09,9.288264534466934e-09,1.9843115353063e-07,0.0,1.788693821740535e-08,8.598673559307889e-09,0.0
1119,67200.0,67200,9.288442101150362e-09,9.288442223592953e-09,1.9854123523829274e-07,0.0,1.788705310386176e-08,8.598610756630758e-09,0.0
1120,67260.0,67260,9.288632204669127e-09,9.288632327119831e-09,1.986513196120195e-07,0.0,1.7887175939985303e-08,8.598543489218721e-09,0.0
1121,67320.0,67320,9.288834751714438e-09,9.288834874175171e-09,1.987614068388122e-07,0.0,1.788730675261503e-08,8.598471754783077e-09,0.0
1122,67380.0,67380,9.289049772036192e-09,9.28904989450725e-09,1.9887149710611648e-07,0.0,1.7887445569249005e-08,8.598395551074059e-09,0.0
1123,67440.0,67440,9.289277296006571e-09,9.289277418490462e-09,1.9898159060178152e-07,0.0,1.788759241804962e-08,8.598314875878187e-09,0.0
1124,67500.0,67500,9.28951735463804e-09,9.2895174771355e-09,1.9909168751411432e-07,0.0,1.7887747327849783e-08,8.59822972702063e-09,0.0
1125,67560.0,67560,9.289769979579512e-09,9.28977010209113e-09,1.9920178803180888e-07,0.0,1.78879103281603e-08,8.59814010236106e-09,0.0
1126,67620.0,67620,9.290035203130062e-09,9.29003532565761e-09,1.9931189234410442e-07,0.0,1.78880814491737e-08,8.598045999792197e-09,0.0
1127,67680.0,67680,9.29031305824203e-09,9.290313180786687e-09,1.994220006406342e-07,0.0,1.7888260721769852e-08,8.597947417242012e-09,0.0
1128,67740.0,67740,9.290603578531783e-09,9.290603701094879e-09,1.9953211311153423e-07,0.0,1.788844817752244e-08,8.597844352667826e-09,0.0
1129,67800.0,67800,9.290906798284441e-09,9.290906920867153e-09,1.996422299473817e-07,0.0,1.788864384870488e-08,8.597736804058817e-09,0.0
1130,67860.0,67860,9.291222752463161e-09,9.291222875066965e-09,1.9975235133930144e-07,0.0,1.7888847768299157e-08,8.59762476943234e-09,0.0
1131,67920.0,67920,9.291551476716369e-09,9.291551599342003e-09,1.998624774788902e-07,0.0,1.7889059969999372e-08,8.59750824683421e-09,0.0
1132,67980.0,67980,9.291893007384253e-09,9.291893130032897e-09,1.9997260855823327e-07,0.0,1.7889280488213795e-08,8.59738723433547e-09,0.0
1133,68040.0,68040,9.292247381506573e-09,9.29224750418029e-09,2.0008274476996574e-07,0.0,1.7889509358084064e-08,8.597261730032974e-09,0.0
1134,68100.0,68100,9.292614636835501e-09,9.292614759535473e-09,2.0019288630724906e-07,0.0,1.7889746615477488e-08,8.597131732045256e-09,0.0
1135,68160.0,68160,9.292994811837086e-09,9.292994934564198e-09,2.0030303336377326e-07,0.0,1.788999229700476e-08,8.596997238515481e-09,0.0
1136,68220.0,68220,9.293387945705428e-09,9.293388068461301e-09,2.0041318613376643e-07,0.0,1.7890246440021724e-08,8.596858247606435e-09,0.0
1137,68280.0,68280,9.29379407836635e-09,9.293794201152312e-09,2.0052334481204194e-07,0.0,1.7890509082635284e-08,8.59671475749919e-09,0.0
1138,68340.0,68340,9.294213250491123e-09,9.294213373308503e-09,2.0063350959397954e-07,0.0,1.789078026371519e-08,8.59656676639193e-09,0.0
1139,68400.0,68400,9.294645503500305e-09,9.294645626350283e-09,2.007436806755254e-07,0.0,1.7891060022899053e-08,8.596414272500683e-09,0.0
1140,68460.0,68460,9.295090879576271e-09,9.295091002460613e-09,2.008538582532203e-07,0.0,1.7891348400598266e-08,8.596257274055787e-09,0.0
1141,68520.0,68520,9.2955494216728e-09,9.295549544592246e-09,2.0096404252420693e-07,0.0,1.7891645438008597e-08,8.596095769299232e-09,0.0
1142,68580.0,68580,9.296021173520242e-09,9.29602129647671e-09,2.0107423368625565e-07,0.0,1.7891951177116098e-08,8.595929756484216e-09,0.0
1143,68640.0,68640,9.296506179642036e-09,9.296506302636559e-09,2.011844319377221e-07,0.0,1.7892265660704788e-08,8.595759233875148e-09,0.0
1144,68700.0,68700,9.297004485354858e-09,9.29700460838891e-09,2.0129463747764634e-07,0.0,1.789258893236371e-08,8.595584199741747e-09,0.0
1145,68760.0,68760,9.297516136787794e-09,9.297516259863145e-09,2.014048505056772e-07,0.0,1.7892921036499928e-08,8.595404652362728e-09,0.0
1146,68820.0,68820,9.298041180889418e-09,9.298041304007247e-09,2.0151507122213855e-07,0.0,1.789326201834236e-08,8.595220590018285e-09,0.0
1147,68880.0,68880,9.298579665434582e-09,9.29857978859607e-09,2.016252998280103e-07,0.0,1.789361192395062e-08,8.595032010993325e-09,0.0
1148,68940.0,68940,9.299131639037687e-09,9.299131762244605e-09,2.0173553652496144e-07,0.0,1.7893970800222692e-08,8.594838913571728e-09,0.0
1149,69000.0,69000,9.299697151164928e-09,9.299697274419044e-09,2.0184578151537367e-07,0.0,1.789433869491027e-08,8.59464129603811e-09,0.0
1150,69060.0,69060,9.300276252142845e-09,9.300276375445341e-09,2.0195603500228244e-07,0.0,1.7894715656618168e-08,8.594439156671186e-09,0.0
1151,69120.0,69120,9.300868993167766e-09,9.300869116519968e-09,2.0206629718949482e-07,0.0,1.7895101734819662e-08,8.59423249374746e-09,0.0
1152,69180.0,69180,9.301475426322326e-09,9.30147554972615e-09,2.0217656828150702e-07,0.0,1.7895496979864444e-08,8.594021305535029e-09,0.0
1153,69240.0,69240,9.30209560458092e-09,9.302095728037548e-09,2.022868484835705e-07,0.0,1.7895901442986904e-08,8.593805590292399e-09,0.0
1154,69300.0,69300,9.302729581824607e-09,9.302729705336105e-09,2.0239713800171067e-07,0.0,1.7896315176315246e-08,8.59358534626702e-09,0.0
1155,69360.0,69360,9.303377412853057e-09,9.303377536420308e-09,2.025074370426964e-07,0.0,1.789673823288154e-08,8.593360571693064e-09,0.0
1156,69420.0,69420,9.304039153393835e-09,9.304039277019053e-09,2.0261774581407055e-07,0.0,1.7897170666633514e-08,8.593131264789213e-09,0.0
1157,69480.0,69480,9.304714860119075e-09,9.304714983803587e-09,2.0272806452418553e-07,0.0,1.7897612532444584e-08,8.592897423755865e-09,0.0
1158,69540.0,69540,9.305404590651234e-09,9.305404714396218e-09,2.0283839338220787e-07,0.0,1.7898063886115623e-08,8.592659046772911e-09,0.0
1159,69600.0,69600,9.306108403582702e-09,9.306108527389931e-09,2.0294873259811123e-07,0.0,1.7898524784398852e-08,8.592416131999893e-09,0.0
1160,69660.0,69660,9.306826358483182e-09,9.30682648235472e-09,2.0305908238268813e-07,0.0,1.7898995284997853e-08,8.592168677569501e-09,0.0
1161,69720.0,69720,9.307558515917391e-09,9.307558639854711e-09,2.031694429476232e-07,0.0,1.7899475446581716e-08,8.591916681587147e-09,0.0
1162,69780.0,69780,9.308304937454347e-09,9.308305061459368e-09,2.032798145054223e-07,0.0,1.7899965328795072e-08,8.591660142128882e-09,0.0
1163,69840.0,69840,9.309065685680202e-09,9.309065809754546e-09,2.0339019726947628e-07,0.0,1.7900464992271073e-08,8.591399057239498e-09,0.0
1164,69900.0,69900,9.309840824218013e-09,9.309840948363744e-09,2.0350059145409163e-07,0.0,1.7900974498639658e-08,8.591133424928378e-09,0.0
1165,69960.0,69960,9.310630417734959e-09,9.310630541952966e-09,2.036109972744551e-07,0.0,1.7901493910540514e-08,8.590863243166857e-09,0.0
1166,70020.0,70020,9.31143453195725e-09,9.311434656249742e-09,2.0372141494667626e-07,0.0,1.7902023291631956e-08,8.590588509886886e-09,0.0
1167,70080.0,70080,9.312253233687965e-09,9.312253358056712e-09,2.0383184468780614e-07,0.0,1.790256270660653e-08,8.590309222977496e-09,0.0
1168,70140.0,70140,9.31308659081959e-09,9.313086715266068e-09,2.0394228671586113e-07,0.0,1.7903112221199882e-08,8.59002538028332e-09,0.0
1169,70200.0,70200,9.313934672347004e-09,9.31393479687372e-09,2.040527412497921e-07,0.0,1.7903671902202854e-08,8.58973697959914e-09,0.0
1170,70260.0,70260,9.314797548383253e-09,9.314797672991828e-09,2.041632085095576e-07,0.0,1.7904241817473562e-08,8.58944401866929e-09,0.0
1171,70320.0,70320,9.315675290178876e-09,9.31567541487079e-09,2.0427368871610738e-07,0.0,1.7904822035952165e-08,8.589146495185449e-09,0.0
1172,70380.0,70380,9.316567970129138e-09,9.316568094906304e-09,2.043841820913989e-07,0.0,1.790541262766793e-08,8.588844406779859e-09,0.0
1173,70440.0,70440,9.317475661795553e-09,9.31747578666048e-09,2.044946888584421e-07,0.0,1.790601366375724e-08,8.588537751027526e-09,0.0
1174,70500.0,70500,9.318398439921673e-09,9.31839856487554e-09,2.0460520924126885e-07,0.0,1.7906625216472722e-08,8.588226525438123e-09,0.0
1175,70560.0,70560,9.319336380444298e-09,9.319336505489465e-09,2.0471574346498002e-07,0.0,1.790724735919949e-08,8.58791072745878e-09,0.0
1176,70620.0,70620,9.320289560515302e-09,9.320289685653834e-09,2.0482629175577625e-07,0.0,1.7907880166463092e-08,8.587590354465827e-09,0.0
1177,70680.0,70680,9.321258058513292e-09,9.3212581837474e-09,2.0493685434095784e-07,0.0,1.7908523713949588e-08,8.587265403762882e-09,0.0
1178,70740.0,70740,9.32224195406336e-09,9.322242079394817e-09,2.0504743144890136e-07,0.0,1.7909178078511724e-08,8.586935872580111e-09,0.0
1179,70800.0,70800,9.323241328052437e-09,9.323241453482717e-09,2.0515802330916792e-07,0.0,1.7909843338189312e-08,8.586601758069205e-09,0.0
1180,70860.0,70860,9.324256262646395e-09,9.324256388178448e-09,2.0526863015243736e-07,0.0,1.79105195722154e-08,8.58626305729882e-09,0.0
1181,70920.0,70920,9.325286841306271e-09,9.325286966941718e-09,2.053792522105765e-07,0.0,1.791120686103988e-08,8.585919767256342e-09,0.0
1182,70980.0,70980,9.326333148807885e-09,9.32633327454894e-09,2.054898897166298e-07,0.0,1.791190528633629e-08,8.585571884839181e-09,0.0
1183,71040.0,71040,9.327395271258218e-09,9.327395397107388e-09,2.0560054290486184e-07,0.0,1.7912614931018003e-08,8.585219406854481e-09,0.0
1184,71100.0,71100,299.9999999098959,-9.010405223583152e-08,2.057112120107761e-07,300.0,6.070403312319308e-09,9.617445556009177e-08,0.0
1185,71160.0,71160,299.9999999098724,-9.012759567475395e-08,2.04194295839225e-07,300.0,6.070885388455876e-09,9.61984810752288e-08,0.0
1186,71220.0,71220,299.9999999098656,-9.013432295853227e-08,2.0267698606186854e-07,300.0,6.071268801246113e-09,9.620559177187973e-08,0.0
1187,71280.0,71280,299.9999999098769,-9.012305656450464e-08,2.0115956319484732e-07,300.0,6.0715552744725315e-09,9.619461185112586e-08,0.0
1188,71340.0,71340,299.9999999099073,-9.00926753269972e-08,1.996423273752789e-07,300.0,6.0717460977965255e-09,9.616442143691418e-08,0.0
1189,71400.0,71400,299.9999999099579,-9.004207622360351e-08,1.9812559742305977e-07,300.0,6.071842156162683e-09,9.611391839168973e-08,0.0
1190,71460.0,71460,299.9999999100298,-8.997014409214866e-08,1.9660971053948631e-07,300.0,6.07184394815362e-09,9.604198805256034e-08,0.0
1191,71520.0,71520,299.99999991012425,-8.987572846477458e-08,1.9509502251061832e-07,300.0,6.071751594492707e-09,9.594748007132772e-08,0.0
1192,71580.0,71580,299.9999999102423,-8.975762710327828e-08,1.9358190829659235e-07,300.0,6.0715648372783435e-09,9.582919195258327e-08,0.0
1193,71640.0,71640,299.9999999103854,-8.961457625580612e-08,1.9207076289547443e-07,300.0,6.0712830299773566e-09,9.568585929775318e-08,0.0
1194,71700.0,71700,299.9999999105547,-8.944524807753916e-08,1.9056200236942505e-07,300.0,6.070905117683399e-09,9.551615320703156e-08,0.0
1195,71760.0,71760,79.99999990083796,-9.916216638303115e-08,1.8905606491395905e-07,80.00000000000014,6.180512736096427e-09,1.0534267913705326e-07,0.0
1196,71820.0,71820,9.326838478018866e-09,9.326838603970546e-09,1.8738790479014042e-07,0.0,1.7912554719479162e-08,8.585715988348793e-09,0.0
1197,71880.0,71880,9.325796790757413e-09,9.325796916595963e-09,1.87498564634521e-07,0.0,1.7911905606060304e-08,8.586108562418091e-09,0.0
1198,71940.0,71940,9.324769153170961e-09,9.324769278901691e-09,1.8760920872785262e-07,0.0,1.791126612545802e-08,8.586496719618045e-09,0.0
1199,72000.0,72000,9.323755542592396e-09,9.323755668221353e-09,1.8771983728020332e-07,0.0,1.7910636252547162e-08,8.586880457489151e-09,0.0
1200,72060.0,72060,9.322755937242237e-09,9.322756062775028e-09,1.8783045050136505e-07,0.0,1.7910015963163088e-08,8.58725977364816e-09,0.0
1201,72120.0,72120,9.32177031622097e-09,9.321770441663787e-09,1.8794104860078045e-07,0.0,1.7909405234106664e-08,8.58763466579339e-09,0.0
1202,72180.0,72180,9.320798659509193e-09,9.32079878486779e-09,1.8805163178761608e-07,0.0,1.790880404313601e-08,8.588005131701775e-09,0.0
1203,72240.0,72240,9.319840947967167e-09,9.319841073247885e-09,1.8816220027078598e-07,0.0,1.7908212368965903e-08,8.588371169229746e-09,0.0
1204,72300.0,72300,9.318897163332173e-09,9.31889728854106e-09,1.8827275425890678e-07,0.0,1.790763019126956e-08,8.588732776313977e-09,0.0
1205,72360.0,72360,9.317967288216144e-09,9.317967413358364e-09,1.8838329396033798e-07,0.0,1.790705749067361e-08,8.58908995096636e-09,0.0
1206,72420.0,72420,9.317051306106111e-09,9.31705143118771e-09,1.8849381958323602e-07,0.0,1.790649424875781e-08,8.589442691281095e-09,0.0
1207,72480.0,72480,9.316149201363318e-09,9.316149326390931e-09,1.8860433133550257e-07,0.0,1.7905940448052966e-08,8.589790995428782e-09,0.0
1208,72540.0,72540,9.315260959222034e-09,9.31526108420068e-09,1.8871482942481267e-07,0.0,1.7905396072044484e-08,8.59013486165864e-09,0.0
1209,72600.0,72600,9.314386565789568e-09,9.314386690725144e-09,1.8882531405866436e-07,0.0,1.790486110516264e-08,8.590474288295841e-09,0.0
1210,72660.0,72660,9.313526008046255e-09,9.313526132944957e-09,1.8893578544434335e-07,0.0,1.790433553279525e-08,8.590809273744774e-09,0.0
1211,72720.0,72720,9.312679273845906e-09,9.312679398714077e-09,1.890462437889465e-07,0.0,1.7903819341276464e-08,8.591139816487844e-09,0.0
1212,72780.0,72780,9.311846351917285e-09,9.311846476759939e-09,1.8915668929943378e-07,0.0,1.7903312517888552e-08,8.591465915080029e-09,0.0
1213,72840.0,72840,9.311027231859968e-09,9.311027356683743e-09,1.8926712218258353e-07,0.0,1.7902815050869843e-08,8.5917875681561e-09,0.0
1214,72900.0,72900,9.310221904152911e-09,9.310222028964e-09,1.893775426450371e-07,0.0,1.7902326929407962e-08,8.592104774427235e-09,0.0
1215,72960.0,72960,9.309430360150902e-09,9.309430484954469e-09,1.8948795089331323e-07,0.0,1.7901848143640702e-08,8.592417532677324e-09,0.0
1216,73020.0,73020,9.308652592084562e-09,9.308652716887244e-09,1.895983471337937e-07,0.0,1.7901378684662224e-08,8.592725841767104e-09,0.0
1217,73080.0,73080,9.307888593067575e-09,9.307888717874684e-09,1.897087315727612e-07,0.0,1.790091854452011e-08,8.593029700633274e-09,0.0
1218,73140.0,73140,9.307138357093296e-09,9.307138481911466e-09,1.8981910441640404e-07,0.0,1.790046771622037e-08,8.593329108285541e-09,0.0
1219,73200.0,73200,9.306401879039612e-09,9.306402003874153e-09,1.89929465870835e-07,0.0,1.790002619372184e-08,8.593624063807657e-09,0.0
1220,73260.0,73260,9.305679154674259e-09,9.305679279531958e-09,1.9003981614209604e-07,0.0,1.789959397195212e-08,8.593914566357712e-09,0.0
1221,73320.0,73320,9.30497018064833e-09,9.304970305534642e-09,1.9015015543615367e-07,0.0,1.789917104679222e-08,8.594200615165778e-09,0.0
1222,73380.0,73380,9.304274954512202e-09,9.304275079433471e-09,1.9026048395894126e-07,0.0,1.7898757415098696e-08,8.594482209538468e-09,0.0
1223,73440.0,73440,9.303593474707723e-09,9.303593599669849e-09,1.9037080191636394e-07,0.0,1.7898353074688602e-08,8.594759348851432e-09,0.0
1224,73500.0,73500,9.302925740580303e-09,9.30292586558948e-09,1.9048110951430556e-07,0.0,1.789795802435659e-08,8.595032032552003e-09,0.0
1225,73560.0,73560,9.302271752373755e-09,9.302271877436326e-09,1.905914069586264e-07,0.0,1.789757226386579e-08,8.59530026016155e-09,0.0
1226,73620.0,73620,9.301631511244597e-09,9.30163163636661e-09,1.907016944552056e-07,0.0,1.7897195793965474e-08,8.59556403127225e-09,0.0
1227,73680.0,73680,9.301005019258962e-09,9.30100514444661e-09,1.9081197220994355e-07,0.0,1.7896828616385194e-08,8.595823345546185e-09,0.0
1228,73740.0,73740,9.300392279399226e-09,9.300392404658853e-09,1.9092224042876185e-07,0.0,1.7896470733838585e-08,8.596078202715798e-09,0.0
1229,73800.0,73800,9.299793295572427e-09,9.299793420909783e-09,1.910324993176199e-07,0.0,1.7896122150037844e-08,8.596328602585509e-09,0.0
1230,73860.0,73860,9.299208072610402e-09,9.299208198032421e-09,1.9114274908254082e-07,0.0,1.7895782869686334e-08,8.596574545027437e-09,0.0
1231,73920.0,73920,9.298636616279081e-09,9.298636741792107e-09,1.9125298992962555e-07,0.0,1.7895452898494534e-08,8.596816029985094e-09,0.0
1232,73980.0,73980,9.298078933281592e-09,9.298079058891228e-09,1.9136322206503644e-07,0.0,1.7895132243176186e-08,8.597053057470275e-09,0.0
1233,74040.0,74040,9.297535031267841e-09,9.297535156980724e-09,1.9147344569504674e-07,0.0,1.7894820911461285e-08,8.59728562756337e-09,0.0
1234,74100.0,74100,9.297004918838347e-09,9.297005044661263e-09,1.9158366102602648e-07,0.0,1.78945189121008e-08,8.597513740412757e-09,0.0
1235,74160.0,74160,9.296488605551032e-09,9.296488731490028e-09,1.9169386826448256e-07,0.0,1.789422625487139e-08,8.597737396237912e-09,0.0
1236,74220.0,74220,9.295986101929179e-09,9.295986227990745e-09,1.9180406761703512e-07,0.0,1.7893942950579237e-08,8.597956595322472e-09,0.0
1237,74280.0,74280,9.295497419470435e-09,9.295497545661355e-09,1.9191425929048131e-07,0.0,1.7893669011078044e-08,8.598171338021018e-09,0.0
1238,74340.0,74340,9.295022570649318e-09,9.295022696975932e-09,1.9202444349174812e-07,0.0,1.7893404449263132e-08,8.598381624755833e-09,0.0
1239,74400.0,74400,9.29456156893078e-09,9.294561695399434e-09,1.921346204279631e-07,0.0,1.789314927908679e-08,8.598587456013652e-09,0.0
1240,74460.0,74460,9.29411442877567e-09,9.29411455539374e-09,1.9224479030642843e-07,0.0,1.7892903515569462e-08,8.598788832353344e-09,0.0
1241,74520.0,74520,9.293681165650623e-09,9.293681292424597e-09,1.9235495333464926e-07,0.0,1.789266717480007e-08,8.598985754397785e-09,0.0
1242,74580.0,74580,9.293261796034241e-09,9.293261922970754e-09,1.9246510972036435e-07,0.0,1.7892440273950162e-08,8.599178222838877e-09,0.0
1243,74640.0,74640,9.292856337430372e-09,9.292856464536065e-09,1.9257525967152963e-07,0.0,1.789222283128215e-08,8.599366238435792e-09,0.0
1244,74700.0,74700,9.292464808374462e-09,9.29246493565597e-09,1.9268540339636294e-07,0.0,1.7892014866159683e-08,8.5995498020176e-09,0.0
1245,74760.0,74760,9.29208722844534e-09,9.292087355910039e-09,1.9279554110329686e-07,0.0,1.7891816399057034e-08,8.599728914477989e-09,0.0
1246,74820.0,74820,9.291723618273046e-09,9.291723745927573e-09,1.9290567300110387e-07,0.0,1.78916274515674e-08,8.599903576780992e-09,0.0
1247,74880.0,74880,9.291373999552838e-09,9.291374127404421e-09,1.9301579929880413e-07,0.0,1.7891448046418807e-08,8.60007378995938e-09,0.0
1248,74940.0,74940,9.291038395053163e-09,9.291038523108732e-09,1.931259202057389e-07,0.0,1.789127820748268e-08,8.600239555114511e-09,0.0
1249,75000.0,75000,9.290716828627594e-09,9.29071695689423e-09,1.9323603593155375e-07,0.0,1.7891117959783566e-08,8.600400873417947e-09,0.0
1250,75060.0,75060,9.29040932522752e-09,9.290409453712453e-09,1.933461466862294e-07,0.0,1.789096732951183e-08,8.60055774611043e-09,0.0
1251,75120.0,75120,9.290115910912773e-09,9.290116039623228e-09,1.9345625268013598e-07,0.0,1.789082634404341e-08,8.600710174506008e-09,0.0
1252,75180.0,75180,9.289836612863416e-09,9.28983674180662e-09,1.9356635412395985e-07,0.0,1.7890695031942476e-08,8.600858159988637e-09,0.0
1253,75240.0,75240,9.289571459392728e-09,9.289571588575908e-09,1.9367645122879325e-07,0.0,1.7890573422978837e-08,8.601001704015142e-09,0.0
1254,75300.0,75300,9.289320479962247e-09,9.289320609392926e-09,1.9378654420611552e-07,0.0,1.789046154814593e-08,8.601140808117569e-09,0.0
1255,75360.0,75360,9.28908370519077e-09,9.289083834877356e-09,1.9389663326783065e-07,0.0,1.789035943967085e-08,8.601275473903336e-09,0.0
1256,75420.0,75420,9.288861166873084e-09,9.288861296821625e-09,1.9400671862625816e-07,0.0,1.789026713103029e-08,8.601405703055816e-09,0.0
1257,75480.0,75480,9.288652897987637e-09,9.288653028206389e-09,1.9411680049419177e-07,0.0,1.7890184656965572e-08,8.601531497336122e-09,0.0
1258,75540.0,75540,9.28845893271718e-09,9.288459063213668e-09,1.9422687908484067e-07,0.0,1.789011205350036e-08,8.601652858585303e-09,0.0
1259,75600.0,75600,9.288279306458512e-09,9.288279437240849e-09,1.9433695461193074e-07,0.0,1.7890049357954505e-08,8.601769788726861e-09,0.0
1260,75660.0,75660,9.288114055839438e-09,9.288114186915293e-09,1.944470272896836e-07,0.0,1.7889996608965892e-08,8.601882289769699e-09,0.0
1261,75720.0,75720,9.287963218734698e-09,9.287963350112185e-09,1.9455709733281163e-07,0.0,1.7889953846500473e-08,8.601990363806494e-09,0.0
1262,75780.0,75780,9.287826834282338e-09,9.287826965969566e-09,1.946671649565889e-07,0.0,1.7889921111878796e-08,8.602094013017396e-09,0.0
1263,75840.0,75840,9.287704942896101e-09,9.2877050749003e-09,1.9477723037680632e-07,0.0,1.7889898447788114e-08,8.60219323967798e-09,0.0
1264,75900.0,75900,9.28759758628313e-09,9.287597718612999e-09,1.9488729380983065e-07,0.0,1.788988589830451e-08,8.6022880461563e-09,0.0
1265,75960.0,75960,9.28750480746446e-09,9.287504940129001e-09,1.9499735547263276e-07,0.0,1.78898835089162e-08,8.602378434917318e-09,0.0
1266,76020.0,76020,9.287426650787572e-09,9.287426783794156e-09,1.9510741558278294e-07,0.0,1.7889891326534148e-08,8.60246440852777e-09,0.0
1267,76080.0,76080,9.287363161945844e-09,9.287363295303322e-09,1.9521747435842498e-07,0.0,1.788990939952717e-08,8.602545969660585e-09,0.0
1268,76140.0,76140,9.287314387994049e-09,9.287314521711125e-09,1.9532753201842007e-07,0.0,1.7889937777730204e-08,8.602623121096664e-09,0.0
1269,76200.0,76200,9.287280377372839e-09,9.287280511457918e-09,1.9543758878222648e-07,0.0,1.7889976512478814e-08,8.602695865730476e-09,0.0
1270,76260.0,76260,9.28726117991715e-09,9.287261314378935e-09,1.95547644870001e-07,0.0,1.789002565662247e-08,8.60276420657626e-09,0.0
1271,76320.0,76320,9.287256846884663e-09,9.28725698173171e-09,1.956577005026226e-07,0.0,1.7890085264555512e-08,8.60282814677112e-09,0.0
1272,76380.0,76380,9.287267430966735e-09,9.287267566208777e-09,1.9576775590164274e-07,0.0,1.7890155392236936e-08,8.602887689581071e-09,0.0
1273,76440.0,76440,9.287292986314637e-09,9.287293121959346e-09,1.958778112893942e-07,0.0,1.7890236097220164e-08,8.602942838410478e-09,0.0
1274,76500.0,76500,9.28733356855328e-09,9.287333704610681e-09,1.959878668889459e-07,0.0,1.7890327438676075e-08,8.602993596802797e-09,0.0
1275,76560.0,76560,9.28738923480702e-09,9.287389371286262e-09,1.9609792292414087e-07,0.0,1.789042947742366e-08,8.603039968451489e-09,0.0
1276,76620.0,76620,9.287460043715892e-09,9.28746018062656e-09,1.9620797961963632e-07,0.0,1.7890542275952175e-08,8.603081957208718e-09,0.0
1277,76680.0,76680,9.287546055455956e-09,9.287546192806901e-09,1.9631803720090134e-07,0.0,1.7890665898452678e-08,8.603119567088897e-09,0.0
1278,76740.0,76740,9.287647331763198e-09,9.28764746956445e-09,1.964280958942545e-07,0.0,1.7890800410853153e-08,8.603152802281075e-09,0.0
1279,76800.0,76800,9.287763935951371e-09,9.287764074213256e-09,1.9653815592686635e-07,0.0,1.789094588083974e-08,8.603181667158079e-09,0.0
1280,76860.0,76860,9.287895932936191e-09,9.287896071667263e-09,1.9664821752679956e-07,0.0,1.7891102377889486e-08,8.60320616628463e-09,0.0
1281,76920.0,76920,9.288043389254063e-09,9.288043528465087e-09,1.9675828092303235e-07,0.0,1.789126997331281e-08,8.60322630442988e-09,0.0
1282,76980.0,76980,9.288206373085238e-09,9.288206512786098e-09,1.9686834634546106e-07,0.0,1.7891448740271513e-08,8.603242086577885e-09,0.0
1283,77040.0,77040,9.288384954276092e-09,9.288385094476818e-09,1.96978414024933e-07,0.0,1.789163875382538e-08,8.603253517940873e-09,0.0
1284,77100.0,77100,9.28857920435962e-09,9.28857934507039e-09,1.9708848419328673e-07,0.0,1.789184009096021e-08,8.603260603971792e-09,0.0
1285,77160.0,77160,9.288789196581109e-09,9.288789337812982e-09,1.9719855708335193e-07,0.0,1.7892052830628512e-08,8.603263350376691e-09,0.0
1286,77220.0,77220,9.289015005912873e-09,9.289015147675883e-09,1.9730863292898015e-07,0.0,1.7892277053780194e-08,8.603261763133305e-09,0.0
1287,77280.0,77280,9.28925670908746e-09,9.289256851392666e-09,1.9741871196506372e-07,0.0,1.7892512843411534e-08,8.60325584850596e-09,0.0
1288,77340.0,77340,9.289514384609874e-09,9.28951452746834e-09,1.9752879442757576e-07,0.0,1.7892760284592906e-08,8.603245613059283e-09,0.0
1289,77400.0,77400,9.289788112786354e-09,9.289788256208552e-09,1.9763888055357738e-07,0.0,1.7893019464520987e-08,8.603231063681505e-09,0.0
1290,77460.0,77460,9.290077975743535e-09,9.290078119740969e-09,1.9774897058126713e-07,0.0,1.7893290472549156e-08,8.603212207602464e-09,0.0
1291,77520.0,77520,9.29038405745176e-09,9.290384202035787e-09,1.9785906474997165e-07,0.0,1.7893573400240876e-08,8.603189052412033e-09,0.0
1292,77580.0,77580,9.290706443749416e-09,9.290706588931836e-09,1.9796916330017156e-07,0.0,1.7893868341409225e-08,8.603161606086234e-09,0.0
1293,77640.0,77640,9.291045222358419e-09,9.291045368150294e-09,1.9807926647357469e-07,0.0,1.7894175392158196e-08,8.603129877007144e-09,0.0
1294,77700.0,77700,9.29140048291401e-09,9.291400629327436e-09,1.981893745131066e-07,0.0,1.789449465094347e-08,8.603093873992988e-09,0.0
1295,77760.0,77760,9.291772316978767e-09,9.29177246402628e-09,1.9829948766291762e-07,0.0,1.7894826218602792e-08,8.603053606320411e-09,0.0
1296,77820.0,77820,9.292160818069448e-09,9.29216096576211e-09,1.9840960616844662e-07,0.0,1.7895170198422352e-08,8.603009083757811e-09,0.0
1297,77880.0,77880,9.292566081673661e-09,9.292566230024453e-09,1.985197302764376e-07,0.0,1.7895526696176308e-08,8.602960316591297e-09,0.0
1298,77940.0,77940,9.292988205272574e-09,9.292988354293737e-09,1.9862986023492765e-07,0.0,1.789589582018904e-08,8.602907315664225e-09,0.0
1299,78000.0,78000,9.293427288357734e-09,9.293427438062396e-09,1.9873999629336526e-07,0.0,1.7896277681380854e-08,8.602850092403141e-09,0.0
1300,78060.0,78060,9.293883432450978e-09,9.293883582851972e-09,1.988501387025346e-07,0.0,1.7896672393327885e-08,8.602788658865153e-09,0.0
1301,78120.0,78120,9.294356741123309e-09,9.29435689223317e-09,1.9896028771462863e-07,0.0,1.7897080072325808e-08,8.602723027772126e-09,0.0
1302,78180.0,78180,299.99999994028445,-5.971554721352384e-08,1.99070443583306e-07,300.0,6.0509073006747e-09,6.576645452021308e-08,0.0
1303,78240.0,78240,299.9999999406308,-5.936918664695546e-08,1.9806004980008345e-07,300.0,6.0509803023295576e-09,6.542016695510029e-08,0.0
1304,78300.0,78300,299.99999994109345,-5.89065564530933e-08,1.9705542849723153e-07,300.0,6.050954649025326e-09,6.495751110782984e-08,0.0
1305,78360.0,78360,299.99999994167837,-5.8321634168626664e-08,1.9605851774793085e-07,300.0,6.050830298857589e-09,6.437246447312178e-08,0.0
1306,78420.0,78420,299.99999994239096,-5.7609001548949176e-08,1.9507135599984963e-07,300.0,6.050606895176064e-09,6.365960844959699e-08,0.0
1307,78480.0,78480,599.9999997898999,-2.101001328733805e-07,1.9409607200557257e-07,600.0,6.3431707246146045e-09,2.1644330376843055e-07,0.0
1308,78540.0,78540,599.9999997954317,-2.0456824718421493e-07,1.9057853772783952e-07,600.0,6.334920043674277e-09,2.109031673964892e-07,0.0
1309,78600.0,78600,599.9999997985719,-2.014279760475108e-07,1.8715322215905677e-07,600.0,6.330536465669618e-09,2.077585126803109e-07,0.0
1310,78660.0,78660,599.9999997991896,-2.0081048633768043e-07,1.8378025539192232e-07,600.0,6.330382921747376e-09,2.0714086942631795e-07,0.0
1311,78720.0,78720,599.9999997972853,-2.0271458057667984e-07,1.8041758049717997e-07,600.0,6.334536042687276e-09,2.0904911678783244e-07,0.0
1312,78780.0,78780,449.99999988967716,-1.1032281638880306e-07,1.7702316031190875e-07,450.0,6.025014308461801e-09,1.1634783070781219e-07,0.0
1313,78840.0,78840,599.99999978728,-2.1271998630671681e-07,1.7516937666929337e-07,600.0,6.353438592426779e-09,2.1907342506787524e-07,0.0
1314,78900.0,78900,599.9999997797595,-2.2024040175681784e-07,1.7160815246336165e-07,600.0,6.367156460541202e-09,2.2660755838458252e-07,0.0
1315,78960.0,78960,599.9999997709349,-2.2906503896726403e-07,1.6792155370691263e-07,600.0,6.383116121281443e-09,2.3544815525929797e-07,0.0
1316,79020.0,79020,599.9999997614104,-2.385895640870721e-07,1.640878377691271e-07,600.0,6.400430281254249e-09,2.449899945369861e-07,0.0
1317,79080.0,79080,349.99999998945555,-1.0544542955972345e-08,1.6009533646849202e-07,350.0000000000001,6.05196396774225e-09,1.659650691931935e-08,0.0
1318,79140.0,79140,299.99999995045164,-4.9548346906270884e-08,1.5990445669980106e-07,300.0,6.0342213875193044e-09,5.558256829785018e-08,0.0
1319,79200.0,79200,299.99999995068816,-4.931181415737588e-08,1.5906355789897815e-07,300.0,6.031543618259168e-09,5.5343357779708233e-08,0.0
1320,79260.0,79260,299.9999999507582,-4.92417666609194e-08,1.5822660801513697e-07,300.0,6.028648074418487e-09,5.5270414739433714e-08,0.0
1321,79320.0,79320,299.9999999505771,-4.942288695744966e-08,1.573908328379251e-07,300.0,6.025503734747347e-09,5.544839069636976e-08,0.0
1322,79380.0,79380,299.9999999500371,-4.996290311419458e-08,1.5655204685890924e-07,300.0,6.02206995382094e-09,5.598497307226563e-08,0.0
1323,79440.0,79440,9.999999890259565,-1.0974029300997047e-07,1.5570426920360602e-07,9.999999999999858,6.626830934875096e-09,1.163671239604664e-07,0.0
1324,79500.0,79500,9.247413312019549e-09,9.247413473068756e-09,1.5385868982235108e-07,0.0,1.786912824822367e-08,8.62171461290243e-09,0.0
1325,79560.0,79560,9.242496756136669e-09,9.242496917482345e-09,1.5396813314787456e-07,0.0,1.7866290599016763e-08,8.623793518987382e-09,0.0
1326,79620.0,79620,9.23762420307887e-09,9.23762436471998e-09,1.5407750163058384e-07,0.0,1.7863485102373793e-08,8.625860574811784e-09,0.0
1327,79680.0,79680,9.232794913607889e-09,9.232795075545616e-09,1.541867959233999e-07,0.0,1.7860711177152978e-08,8.627915938470489e-09,0.0
1328,79740.0,79740,9.22800816703079e-09,9.228008329264543e-09,1.5429601666840683e-07,0.0,1.785796825593413e-08,8.62995976323728e-09,0.0
1329,79800.0,79800,9.223263260445516e-09,9.223263422974998e-09,1.5440516449708308e-07,0.0,1.7855255784524548e-08,8.631992197822397e-09,0.0
1330,79860.0,79860,9.218559508040869e-09,9.218559670866672e-09,1.5451424003057537e-07,0.0,1.7852573221483787e-08,8.634013386594672e-09,0.0
1331,79920.0,79920,9.213896240443106e-09,9.213896403564345e-09,1.546232438799723e-07,0.0,1.784992003768056e-08,8.63602346979775e-09,0.0
1332,79980.0,79980,9.209272804108986e-09,9.209272967526986e-09,1.5473217664653322e-07,0.0,1.7847295715880962e-08,8.638022583741988e-09,0.0
1333,80040.0,80040,9.204688560768085e-09,9.20468872448226e-09,1.548410389218985e-07,0.0,1.784469975037379e-08,8.640010860982931e-09,0.0
1334,80100.0,80100,9.20014288688621e-09,9.200143050896852e-09,1.549498312883677e-07,0.0,1.7842131646590333e-08,8.641988430490182e-09,0.0
1335,80160.0,80160,9.195635173176738e-09,9.195635337484142e-09,1.5505855431906033e-07,0.0,1.783959092078339e-08,8.643955417799481e-09,0.0
1336,80220.0,80220,9.19116482413836e-09,9.191164988742824e-09,1.5516720857817523e-07,0.0,1.783707709969483e-08,8.645911945155626e-09,0.0
1337,80280.0,80280,9.186731257614369e-09,9.186731422516037e-09,1.5527579462114645e-07,0.0,1.783458972025322e-08,8.647858131645219e-09,0.0
1338,80340.0,80340,9.182333904385415e-09,9.182334069584732e-09,1.5538431299490275e-07,0.0,1.7832128329294175e-08,8.649794093320861e-09,0.0
1339,80400.0,80400,9.177972207783365e-09,9.177972373279888e-09,1.55492764237981e-07,0.0,1.782969248328128e-08,8.65171994331546e-09,0.0
1340,80460.0,80460,9.173645623320196e-09,9.173645789114662e-09,1.5560114888077855e-07,0.0,1.7827281748049767e-08,8.653635791951674e-09,0.0
1341,80520.0,80520,9.169353618343595e-09,9.169353784436739e-09,1.5570946744569262e-07,0.0,1.7824895698559287e-08,8.655541746842202e-09,0.0
1342,80580.0,80580,9.16509567170612e-09,9.165095838097799e-09,1.5581772044731838e-07,0.0,1.782253391866028e-08,8.657437912984785e-09,0.0
1343,80640.0,80640,9.160871273446763e-09,9.160871440137563e-09,1.5592590839259773e-07,0.0,1.7820196000863603e-08,8.659324392849957e-09,0.0
1344,80700.0,80700,9.156679924496244e-09,9.156680091486905e-09,1.5603403178099629e-07,0.0,1.781788154613254e-08,8.661201286470575e-09,0.0
1345,80760.0,80760,9.1525211363891e-09,9.152521303678441e-09,1.5614209110465913e-07,0.0,1.7815590163665983e-08,8.663068691513064e-09,0.0
1346,80820.0,80820,9.148394430984772e-09,9.148394598575006e-09,1.562500868485901e-07,0.0,1.7813321470709062e-08,8.664926703360161e-09,0.0
1347,80880.0,80880,9.14429934021435e-09,9.144299508105035e-09,1.5635801949073682e-07,0.0,1.7811075092356377e-08,8.666775415178028e-09,0.0
1348,80940.0,80940,9.14023540581715e-09,9.140235574008874e-09,1.5646588950222906e-07,0.0,1.7808850661366435e-08,8.668614917985272e-09,0.0
1349,81000.0,81000,9.136202179107065e-09,9.136202347600421e-09,1.5657369734746133e-07,0.0,1.7806647817989096e-08,8.670445300714757e-09,0.0
1350,81060.0,81060,9.132199220733793e-09,9.132199389528483e-09,1.5668144348424852e-07,0.0,1.780446620978533e-08,8.672266650281593e-09,0.0
1351,81120.0,81120,9.128226100459499e-09,9.128226269557e-09,1.5678912836396297e-07,0.0,1.7802305491466437e-08,8.67407905163329e-09,0.0
1352,81180.0,81180,9.12428239694187e-09,9.124282566342036e-09,1.5689675243169482e-07,0.0,1.780016532473269e-08,8.675882587811846e-09,0.0
1353,81240.0,81240,9.120367697522448e-09,9.120367867225865e-09,1.5700431612632282e-07,0.0,1.7798045378111093e-08,8.677677340003166e-09,0.0
1354,81300.0,81300,9.116481598025738e-09,9.116481768032997e-09,1.571118198807079e-07,0.0,1.779594532681142e-08,8.679463387593991e-09,0.0
1355,81360.0,81360,9.112623702560828e-09,9.112623872872373e-09,1.5721926412175916e-07,0.0,1.7793864852573995e-08,8.681240808213348e-09,0.0
1356,81420.0,81420,9.108793623330088e-09,9.10879379394592e-09,1.5732664927061804e-07,0.0,1.779180364352722e-08,8.683009677788156e-09,0.0
1357,81480.0,81480,9.104990980446421e-09,9.104991151367569e-09,1.5743397574272668e-07,0.0,1.778976139404893e-08,8.684770070583782e-09,0.0
1358,81540.0,81540,9.101215401750657e-09,9.101215572978156e-09,1.575412439479531e-07,0.0,1.778773780462891e-08,8.68652205924933e-09,0.0
1359,81600.0,81600,9.097466522638843e-09,9.097466694172839e-09,1.576484542907279e-07,0.0,1.7785732581739692e-08,8.688265714859817e-09,0.0
1360,81660.0,81660,9.09374398589291e-09,9.093744157733109e-09,1.577556071701153e-07,0.0,1.778374543770737e-08,8.690001106960135e-09,0.0
1361,81720.0,81720,9.09004744151386e-09,9.090047613661885e-09,1.5786270297998278e-07,0.0,1.7781776090583544e-08,8.691728303600891e-09,0.0
1362,81780.0,81780,9.086376546560695e-09,9.08637671901684e-09,1.5796974210904148e-07,0.0,1.777982426402292e-08,8.69344737137837e-09,0.0
1363,81840.0,81840,9.082730964996581e-09,9.082731137760993e-09,1.5807672494100172e-07,0.0,1.777788968717149e-08,8.695158375475407e-09,0.0
1364,81900.0,81900,9.079110367532205e-09,9.079110540605474e-09,1.5818365185461091e-07,0.0,1.7775972094538814e-08,8.696861379689391e-09,0.0
1365,81960.0,81960,9.075514431479315e-09,9.07551460486203e-09,1.582905232238399e-07,0.0,1.7774071225892113e-08,8.698556446477275e-09,0.0
1366,82020.0,82020,9.071942840604248e-09,9.071943014297741e-09,1.583973394179043e-07,0.0,1.7772186826142982e-08,8.700243636982547e-09,0.0
1367,82080.0,82080,9.068395284990769e-09,9.06839545899489e-09,1.5850410080140124e-07,0.0,1.7770318645239443e-08,8.70192301107123e-09,0.0
1368,82140.0,82140,9.064871460893304e-09,9.064871635208935e-09,1.586108077343803e-07,0.0,1.77684664380553e-08,8.703594627363005e-09,0.0
1369,82200.0,82200,9.06137107060788e-09,9.061371245235173e-09,1.5871746057244253e-07,0.0,1.776662996429606e-08,8.705258543266751e-09,0.0
1370,82260.0,82260,9.057893822340712e-09,9.05789399728055e-09,1.5882405966683492e-07,0.0,1.7764808988391234e-08,8.706914815003264e-09,0.0
1371,82320.0,82320,9.054439430074125e-09,9.05443960532754e-09,1.589306053645164e-07,0.0,1.7763003279392877e-08,8.708563497645814e-09,0.0
1372,82380.0,82380,9.051007613446638e-09,9.051007789013925e-09,1.5903709800828772e-07,0.0,1.7761212610883848e-08,8.710204645136527e-09,0.0
1373,82440.0,82440,9.047598097629067e-09,9.047598273510375e-09,1.5914353793679372e-07,0.0,1.7759436760883397e-08,8.711838310326492e-09,0.0
1374,82500.0,82500,9.044210613196504e-09,9.044210789392718e-09,1.5924992548471221e-07,0.0,1.7757675511749538e-08,8.71346454499627e-09,0.0
1375,82560.0,82560,9.040844896021375e-09,9.040845072533526e-09,1.593562609827327e-07,0.0,1.775592865009585e-08,8.71508339988672e-09,0.0
1376,82620.0,82620,9.037500687152789e-09,9.03750086398132e-09,1.5946254475768854e-07,0.0,1.775419596669472e-08,8.71669492472186e-09,0.0
1377,82680.0,82680,9.03417773270695e-09,9.034177909851713e-09,1.5956877713263477e-07,0.0,1.7752477256396227e-08,8.718299168237332e-09,0.0
1378,82740.0,82740,9.030875783751671e-09,9.030875961214289e-09,1.59674958426886e-07,0.0,1.7750772318044068e-08,8.719896178205038e-09,0.0
1379,82800.0,82800,9.02759459620636e-09,9.027594773986832e-09,1.5978108895612719e-07,0.0,1.7749080954384988e-08,8.721486001456589e-09,0.0
1380,82860.0,82860,9.024333930731264e-09,9.024334108830771e-09,1.5988716903245855e-07,0.0,1.7747402972000048e-08,8.723068683908677e-09,0.0
1381,82920.0,82920,9.02109355262834e-09,9.021093731046587e-09,1.5999319896448756e-07,0.0,1.7745738181211418e-08,8.72464427058608e-09,0.0
1382,82980.0,82980,9.017873231737571e-09,9.017873410476032e-09,1.6009917905737155e-07,0.0,1.774408639601687e-08,8.72621280564276e-09,0.0
1383,83040.0,83040,9.014672742341092e-09,9.014672921399917e-09,1.6020510961291423e-07,0.0,1.774244743400514e-08,8.727774332387077e-09,0.0
1384,83100.0,83100,9.011491863065401e-09,9.01149204244562e-09,1.603109909295801e-07,0.0,1.7740821116287756e-08,8.729328893302595e-09,0.0
1385,83160.0,83160,9.008330376787992e-09,9.008330556490195e-09,1.6041682330263827e-07,0.0,1.773920726741971e-08,8.73087653006843e-09,0.0
1386,83220.0,83220,9.005188070546493e-09,9.005188250570683e-09,1.605226070241412e-07,0.0,1.7737605715333654e-08,8.732417283580934e-09,0.0
1387,83280.0,83280,9.002064735443838e-09,9.002064915791782e-09,1.6062834238304045e-07,0.0,1.7736016291269705e-08,8.73395119397346e-09,0.0
1388,83340.0,83340,8.998960166566983e-09,8.998960347238239e-09,1.607340296652196e-07,0.0,1.7734438829704945e-08,8.735478300638486e-09,0.0
1389,83400.0,83400,8.99587416289414e-09,8.995874343890034e-09,1.6083966915357456e-07,0.0,1.7732873168285554e-08,8.736998642243103e-09,0.0
1390,83460.0,83460,8.992806527216152e-09,8.992806708536983e-09,1.6094526112802772e-07,0.0,1.7731319147766063e-08,8.738512256752468e-09,0.0
1391,83520.0,83520,8.98975706605037e-09,8.989757247696872e-09,1.610508058656483e-07,0.0,1.7729776611943557e-08,8.740019181445136e-09,0.0
1392,83580.0,83580,8.98672558955907e-09,8.986725771531982e-09,1.6115630364065708e-07,0.0,1.772824540759248e-08,8.74151945293254e-09,0.0
1393,83640.0,83640,8.983711911473652e-09,8.983712093773565e-09,1.612617547244806e-07,0.0,1.772672538440447e-08,8.743013107176685e-09,0.0
1394,83700.0,83700,8.980715849018677e-09,8.980716031646033e-09,1.613671593858457e-07,0.0,1.7725216394933775e-08,8.744500179506964e-09,0.0
1395,83760.0,83760,8.977737222828231e-09,8.97773740578406e-09,1.614725178907723e-07,0.0,1.7723718294531464e-08,8.745980704637856e-09,0.0
1396,83820.0,83820,8.974775856882508e-09,8.974776040167107e-09,1.6157783050266793e-07,0.0,1.7722230941290574e-08,8.747454716685889e-09,0.0
1397,83880.0,83880,8.971831578427568e-09,8.971831762042263e-09,1.616830974823654e-07,0.0,1.772075419599182e-08,8.748922249182767e-09,0.0
1398,83940.0,83940,8.968904217909703e-09,8.968904401853905e-09,1.6178831908815107e-07,0.0,1.7719287922046672e-08,8.750383335096321e-09,0.0
1399,84000.0,84000,8.965993608901099e-09,8.965993793176283e-09,1.6189349557584055e-07,0.0,1.7717831985443348e-08,8.751838006840818e-09,0.0
1400,84060.0,84060,8.963099588038622e-09,8.96309977264538e-09,1.6199862719881628e-07,0.0,1.771638625469817e-08,8.753286296294822e-09,0.0
1401,84120.0,84120,8.960221994952139e-09,8.960222179891058e-09,1.6210371420803468e-07,0.0,1.771495060079536e-08,8.754728234815796e-09,0.0
1402,84180.0,84180,8.957360672204041e-09,8.95736085747586e-09,1.6220875685215126e-07,0.0,1.7713524897149898e-08,8.756163853252334e-09,0.0
1403,84240.0,84240,8.954515465222428e-09,8.954515650827148e-09,1.6231375537747567e-07,0.0,1.7712109019543176e-08,8.757593181961872e-09,0.0
1404,84300.0,84300,8.951686222240492e-09,8.951686408179437e-09,1.624187100280592e-07,0.0,1.7710702846087936e-08,8.759016250820999e-09,0.0
1405,84360.0,84360,8.948872794236623e-09,8.948872980510386e-09,1.6252362104573476e-07,0.0,1.7709306257172783e-08,8.76043308923993e-09,0.0
1406,84420.0,84420,8.946075034876603e-09,8.946075221485183e-09,1.6262848867015223e-07,0.0,1.770791913541587e-08,8.761843726173848e-09,0.0
1407,84480.0,84480,8.943292800452092e-09,8.94329298739726e-09,1.6273331313881166e-07,0.0,1.7706541365631294e-08,8.763248190141789e-09,0.0
1408,84540.0,84540,8.940525949825466e-09,8.940526137106629e-09,1.6283809468711275e-07,0.0,1.7705172834766534e-08,8.764646509230774e-09,0.0
1409,84600.0,84600,8.937774344379373e-09,8.93777453199801e-09,1.629428335483737e-07,0.0,1.7703813431875902e-08,8.766038711112471e-09,0.0
1410,84660.0,84660,8.935037847952574e-09,8.935038035909124e-09,1.6304752995389495e-07,0.0,1.7702463048063625e-08,8.767424823052493e-09,0.0
1411,84720.0,84720,8.932316326796724e-09,8.932316515091925e-09,1.6315218413295218e-07,0.0,1.7701121576459644e-08,8.768804871926469e-09,0.0
1412,84780.0,84780,8.92960964952062e-09,8.929609838154327e-09,1.6325679631290704e-07,0.0,1.7699788912158854e-08,8.770178884226098e-09,0.0
1413,84840.0,84840,8.926917687035777e-09,8.92691787600961e-09,1.6336136671913423e-07,0.0,1.769846495220014e-08,8.771546886072272e-09,0.0
1414,84900.0,84900,8.924240312518953e-09,8.924240501832915e-09,1.6346589557516995e-07,0.0,1.7697149595517436e-08,8.772908903224956e-09,0.0
1415,84960.0,84960,8.921577401348006e-09,8.921577591002832e-09,1.6357038310265308e-07,0.0,1.7695842742897226e-08,8.77426496109588e-09,0.0
1416,85020.0,85020,8.918928831066628e-09,8.918929021062906e-09,1.6367482952140527e-07,0.0,1.7694544296955832e-08,8.775615084752959e-09,0.0
1417,85080.0,85080,8.91629448133405e-09,8.916294671672669e-09,1.6377923504945236e-07,0.0,1.769325416209134e-08,8.776959298936367e-09,0.0
1418,85140.0,85140,8.913674233879179e-09,8.913674424560284e-09,1.6388359990305956e-07,0.0,1.7691972244451146e-08,8.778297628066362e-09,0.0
1419,85200.0,85200,8.91106797245767e-09,8.91106816348259e-09,1.6398792429673868e-07,0.0,1.769069845189802e-08,8.779630096248295e-09,0.0
1420,85260.0,85260,8.908475582809151e-09,8.908475774177885e-09,1.6409220844330006e-07,0.0,1.7689432693975903e-08,8.780956727286479e-09,0.0
1421,85320.0,85320,8.905896952612094e-09,8.905897144325528e-09,1.6419645255388548e-07,0.0,1.7688174881875094e-08,8.782277544694361e-09,0.0
1422,85380.0,85380,8.903331971449445e-09,8.903332163507872e-09,1.6430065683798484e-07,0.0,1.7686924928401566e-08,8.783592571693349e-09,0.0
1423,85440.0,85440,8.900780530758475e-09,8.900780723163224e-09,1.6440482150345723e-07,0.0,1.768568274794216e-08,8.784901831234187e-09,0.0
1424,85500.0,85500,8.898242523801134e-09,8.89824271655191e-09,1.6450894675655942e-07,0.0,1.7684448256437152e-08,8.786205345994171e-09,0.0
1425,85560.0,85560,8.895717845618035e-09,8.895718038715428e-09,1.6461303280200002e-07,0.0,1.7683221371345145e-08,8.787503138391437e-09,0.0
1426,85620.0,85620,8.893206392996292e-09,8.893206586441777e-09,1.6471707984294421e-07,0.0,1.7682002011615925e-08,8.78879523058999e-09,0.0
1427,85680.0,85680,8.890708064429117e-09,8.890708258222399e-09,1.6482108808102327e-07,0.0,1.7680790097662456e-08,8.790081644508103e-09,0.0
1428,85740.0,85740,8.888222760082328e-09,8.888222954224439e-09,1.6492505771637224e-07,0.0,1.7679585551329292e-08,8.791362401823777e-09,0.0
1429,85800.0,85800,8.885750381758068e-09,8.885750576249303e-09,1.6502898894768185e-07,0.0,1.767838829586251e-08,8.792637523983298e-09,0.0
1430,85860.0,85860,8.883290832859708e-09,8.883291027700951e-09,1.6513288197217732e-07,0.0,1.7677198255886675e-08,8.793907032206839e-09,0.0
1431,85920.0,85920,8.880844018360415e-09,8.880844213551965e-09,1.6523673698567975e-07,0.0,1.7676015357378907e-08,8.795170947497163e-09,0.0
1432,85980.0,85980,8.878409844768658e-09,8.878410040310953e-09,1.6534055418258478e-07,0.0,1.7674839527633756e-08,8.796429290643458e-09,0.0
1433,86040.0,86040,8.87598822009515e-09,8.875988415989074e-09,1.654443337559429e-07,0.0,1.767367069524965e-08,8.79768208222886e-09,0.0
1434,86100.0,86100,8.87357905382837e-09,8.873579250074223e-09,1.655480758974264e-07,0.0,1.7672508790091413e-08,8.79892934263517e-09,0.0
1435,86160.0,86160,8.871182256891503e-09,8.87118245349002e-09,1.6565178079738125e-07,0.0,1.7671353743274938e-08,8.800171092049793e-09,0.0
1436,86220.0,86220,8.86879774162517e-09,8.86879793857694e-09,1.6575544864485315e-07,0.0,1.7670205487136802e-08,8.801407350471924e-09,0.0
1437,86280.0,86280,8.866425421751442e-09,8.866425619057205e-09,1.6585907962757796e-07,0.0,1.7669063955213608e-08,8.802638137716096e-09,0.0
1438,86340.0,86340,8.864065212346564e-09,8.864065410005876e-09,1.659626739320243e-07,0.0,1.7667929082219573e-08,8.803863473419694e-09,0.0
1439,86400.0,86400,8.861717029811289e-09,8.861717227825184e-09,1.6606623174341238e-07,0.0,1.7666800804019093e-08,8.805083377044737e-09,0.0
1440,,86460,,,,,,,
