,time,time_x,P_Grid,P_BTMS,E_BTMS,P_Charge,P_BTMS_Ch,P_BTMS_DCh,"param: btms size, a,b_sys,b_cap,b_loan,c,d_wait_cost",E_Shift,P_Shift
0,60.0,60,1.2766259843292318e-06,1.8120051425167835e-06,8.10964051012132e-06,0.0,1.953734956096195e-06,1.417298128627595e-07,3.4677612306312865e-05,-6.801906304834337e-14,5.353791575814483e-07
1,120.0,120,1.4434428000516432e-06,1.5119150974467801e-06,8.134956291428183e-06,0.0,1.6555893197923038e-06,1.4367422174887472e-07,0.06575342465753424,8.922877386330244e-09,6.847229686963117e-08
2,180.0,180,1.4673979287270395e-06,1.4775519172845326e-06,8.156015933608e-06,0.0,1.6215065294985792e-06,1.439546116531489e-07,0.04323985936321764,1.0064046360099909e-08,1.0153988061427672e-08
3,240.0,240,1.4696735773006392e-06,1.471209818840863e-06,8.176588060643408e-06,0.0,1.6152215495434256e-06,1.4401173015144688e-07,0.023148148148148147,1.023324533170585e-08,1.5362410770980923e-09
4,300.0,300,1.4686832545678814e-06,1.4689173168416206e-06,8.197070196052875e-06,0.0,1.6129522006087555e-06,1.4403488323574542e-07,0.009341992564003648,1.0258816447920418e-08,2.3406182824851697e-10
5,360.0,360,1.4672086201591582e-06,1.4672444329887e-06,8.217519794048015e-06,0.0,1.6112970759919285e-06,1.4405264249069481e-07,0.12,1.0262685724662277e-08,3.581240273926075e-11
6,420.0,420,1.4656696466544598e-06,1.465675129394837e-06,8.237945646052706e-06,0.0,1.6097445851324976e-06,1.440694552495273e-07,3.0,1.0263251965641417e-08,5.482327648701648e-12
7,480.0,480,1.4641296931642726e-06,1.4641305335086056e-06,8.258349221836019e-06,0.0,1.6082165709653453e-06,1.4408603699350872e-07,0.0,1.0263313815669413e-08,8.399426204628365e-13
8,540.0,540,1.4625981372019275e-06,1.4625982786947647e-06,8.278730872016285e-06,0.0,1.606700791867418e-06,1.441025127199589e-07,0.0,1.0263299394589807e-08,1.4111932876535874e-13
9,600.0,600,1.461076181778238e-06,1.461076225613901e-06,8.299090771706933e-06,0.0,1.6051951357927213e-06,1.4411890974512663e-07,0.0,1.0263274420634137e-08,4.3478731949184883e-14
10,660.0,660,1.4595638071464159e-06,1.4595638406021636e-06,8.31942906564443e-06,0.0,1.6036990783576902e-06,1.4413523733854774e-07,0.0,1.0263248905910133e-08,3.311873961806913e-14
11,720.0,720,1.4580608272209381e-06,1.4580608605871486e-06,8.339745890982284e-06,0.0,1.6022123614068148e-06,1.4415150042590126e-07,0.0,1.0263224297637529e-08,3.304297330353481e-14
12,780.0,780,1.4565670516505113e-06,1.4565670849156307e-06,8.360041381134425e-06,0.0,1.6007347875678675e-06,1.441677022766462e-07,0.0,1.0263200759903105e-08,3.296013319330304e-14
13,840.0,840,1.4550823126988516e-06,1.4550823446024494e-06,8.380315666664343e-06,0.0,1.5992661901371088e-06,1.4418384517307285e-07,0.0,1.0263178285401921e-08,3.16212782574152e-14
14,900.0,900,1.4536064706700644e-06,1.4536064990219224e-06,8.400568875735668e-06,0.0,1.597806430012436e-06,1.4419993065171056e-07,0.0,1.026315684612962e-08,2.8080581660230005e-14
15,960.0,960,1.4521394141174927e-06,1.4521394351686058e-06,8.420801134515778e-06,0.0,1.596355395134772e-06,1.4421595964318521e-07,0.0,1.0263136398416193e-08,2.080124445352096e-14
16,1020.0,1020,1.4506810572005418e-06,1.4506810654858674e-06,8.441012567568133e-06,0.0,1.5949129983768425e-06,1.4423193258927908e-07,0.0,1.026311687306351e-08,8.049389179940647e-15
17,1080.0,1080,1.4492313351817365e-06,1.4492313238243425e-06,8.461203298216227e-06,0.0,1.5934791736694512e-06,1.4424784955598416e-07,0.0,1.0263098172044734e-08,-1.1572669065623205e-14
18,1140.0,1140,1.4477901990314961e-06,1.447790160474563e-06,8.481373448843934e-06,0.0,1.5920538710860065e-06,1.4426371034217307e-07,0.0,1.0263080174097195e-08,-3.8756794408494745e-14
19,1200.0,1200,1.446357610034326e-06,1.4463575368420115e-06,8.501523141133574e-06,0.0,1.590637051673405e-06,1.442795145786776e-07,0.0,1.026306274648141e-08,-7.337467785033087e-14
20,1260.0,1260,1.4449335350222104e-06,1.4449334205895532e-06,8.521652496219651e-06,0.0,1.5892286826382773e-06,1.4429526181304573e-07,0.0,1.026304575864392e-08,-1.1459841482085358e-13
21,1320.0,1320,1.4435179425283932e-06,1.4435177815087592e-06,8.541761634780518e-06,0.0,1.587828733300909e-06,1.4431095157669953e-07,0.0,1.0263029093877396e-08,-1.6117104892307954e-13
22,1380.0,1380,1.442110799939863e-06,1.4421105883634906e-06,8.561850677067431e-06,0.0,1.5864371719980162e-06,1.4432658343437812e-07,0.0,1.0263012656471511e-08,-2.1171015340775355e-13
23,1440.0,1440,1.4407120715919436e-06,1.4407118067585151e-06,8.581919742890358e-06,0.0,1.5850539639601022e-06,1.4434215701677495e-07,0.0,1.0262996373806131e-08,-2.64948888675788e-13
24,1500.0,1500,1.4393217176697297e-06,1.439321397892954e-06,8.601968951572189e-06,0.0,1.583679070100687e-06,1.4435767203884896e-07,0.0,1.026298019442532e-08,-3.198748968095344e-13
25,1560.0,1560,1.4379396937733761e-06,1.4379393180950582e-06,8.621998421887671e-06,0.0,1.5823124465510296e-06,1.4437312830702526e-07,0.0,1.0262964083799205e-08,-3.7576281022723596e-13
26,1620.0,1620,1.4365659509795556e-06,1.4365655189113926e-06,8.642008271991942e-06,0.0,1.5809540447618754e-06,1.4438852571784312e-07,0.0,1.0262948019542118e-08,-4.321360042119727e-13
27,1680.0,1680,1.4352004362371634e-06,1.4351999475979785e-06,8.661998619354874e-06,0.0,1.5796038119643612e-06,1.444038642514773e-07,0.0,1.0262931987268352e-08,-4.886944831573667e-13
28,1740.0,1740,1.4338430929559484e-06,1.4338425477489097e-06,8.681969580699344e-06,0.0,1.5782616918154874e-06,1.4441914396216083e-07,0.0,1.0262915977648495e-08,-5.45240224216184e-13
29,1800.0,1800,1.4324938616544946e-06,1.4324932600526128e-06,8.701921271947796e-06,0.0,1.5769276251033777e-06,1.4443436496736685e-07,0.0,1.0262899984711325e-08,-6.01623420627529e-13
30,1860.0,1860,1.4311526805989182e-06,1.4311520228913175e-06,8.721853808182157e-06,0.0,1.575601550400973e-06,1.4444952743725138e-07,0.0,1.0262884005040281e-08,-6.577069236055614e-13
31,1920.0,1920,1.4298194863697536e-06,1.4298187730057588e-06,8.741767303612143e-06,0.0,1.5742834046408105e-06,1.4446463158482532e-07,0.0,1.0262868037560496e-08,-7.133547045538099e-13
32,1980.0,1980,1.4284942143424175e-06,1.4284934458848178e-06,8.761661871549475e-06,0.0,1.5729731235787167e-06,1.4447967765740837e-07,0.0,1.0262852083522567e-08,-7.68431065575065e-13
33,2040.0,2040,1.427176799069966e-06,1.427175976212251e-06,8.781537624391386e-06,0.0,1.5716706421679335e-06,1.444946659291619e-07,0.0,1.0262836146492755e-08,-8.2280936640495e-13
34,2100.0,2100,1.4258671745844041e-06,1.425866298142159e-06,8.801394673609689e-06,0.0,1.570375894844639e-06,1.4450959669496703e-07,0.0,1.02628202322053e-08,-8.763829238626045e-13
35,2160.0,2160,1.4245652746341013e-06,1.4245643454932737e-06,8.821233129741492e-06,0.0,1.569088815744633e-06,1.445244702652094e-07,0.0,1.0262804348224738e-08,-9.29071058736541e-13
36,2220.0,2220,1.4232710328591525e-06,1.4232700519486833e-06,8.841053102386031e-06,0.0,1.5678093388792147e-06,1.4453928696143258e-07,0.0,1.0262788503514619e-08,-9.808272323459012e-13
37,2280.0,2280,1.4219843829369641e-06,1.4219833511929236e-06,8.860854700202377e-06,0.0,1.566537398267578e-06,1.4455404711271557e-07,0.0,1.0262772707865931e-08,-1.0316385947825185e-12
38,2340.0,2340,1.420705258695938e-06,1.4207041770568817e-06,8.880638030909106e-06,0.0,1.5652729280480358e-06,1.4456875105262208e-07,0.0,1.02627569713347e-08,-1.0815234436675879e-12
39,2400.0,2400,1.4194335942034779e-06,1.4194324635431438e-06,8.900403201285606e-06,0.0,1.5640158625829341e-06,1.4458339911661419e-07,0.0,1.0262741303723013e-08,-1.1305290234773803e-12
40,2460.0,2460,1.4181693238536972e-06,1.4181681449914403e-06,8.920150317176347e-06,0.0,1.5627661365351072e-06,1.4459799163997808e-07,0.0,1.0262725714093117e-08,-1.1787225876903605e-12
41,2520.0,2520,1.4169123824402392e-06,1.416911156103064e-06,8.939879483495132e-06,0.0,1.5615236849456684e-06,1.446125289562075e-07,0.0,1.0262710210436334e-08,-1.2261836134416215e-12
42,2580.0,2580,1.4156627052140206e-06,1.4156614320372088e-06,8.959590804228168e-06,0.0,1.5602884433128675e-06,1.446270113955918e-07,0.0,1.0262694799465854e-08,-1.272999958186095e-12
43,2640.0,2640,1.414420227948977e-06,1.4144189084855393e-06,8.979284382442906e-06,0.0,1.5590603476488506e-06,1.4464143928432663e-07,0.0,1.0262679486476225e-08,-1.3192584203613994e-12
44,2700.0,2700,1.413184886993633e-06,1.4131835217327188e-06,8.998960320295253e-06,0.0,1.5578393345411171e-06,1.446558129439043e-07,0.0,1.0262664275362117e-08,-1.3650412759474705e-12
45,2760.0,2760,1.4119566193185209e-06,1.411955208667035e-06,9.018618719037337e-06,0.0,1.556625341203272e-06,1.4467013269069064e-07,0.0,1.0262649168691741e-08,-1.4104228082481129e-12
46,2820.0,2820,1.4107353625601014e-06,1.410733906861934e-06,9.038259679026567e-06,0.0,1.5554183055167326e-06,1.446843988358326e-07,0.0,1.0262634167838824e-08,-1.4554660689804072e-12
47,2880.0,2880,1.4095210550529409e-06,1.4095195545802273e-06,9.05788329973383e-06,0.0,1.5542181660715933e-06,1.44698611685313e-07,0.0,1.026261927316902e-08,-1.5002235666170123e-12
48,2940.0,2940,1.4083136358596486e-06,1.4083120908580282e-06,9.077489679756169e-06,0.0,1.5530248621927646e-06,1.4471277154008027e-07,0.0,1.026260448421702e-08,-1.5447368293378136e-12
49,3000.0,3000,1.4071130447968784e-06,1.4071114554900579e-06,9.097078916825407e-06,0.0,1.551838333958301e-06,1.4472687869636599e-07,0.0,1.0262589799866772e-08,-1.5890358462061673e-12
50,3060.0,3060,1.4059192224454921e-06,1.4059175890138292e-06,9.116651107819626e-06,0.0,1.5506585222217457e-06,1.4474093344590835e-07,0.0,1.0262575218542669e-08,-1.6331431985270176e-12
51,3120.0,3120,1.4047321101663726e-06,1.4047304327896246e-06,9.136206348773653e-06,0.0,1.5494853686149694e-06,1.4475493607630923e-07,0.0,1.0262560738335682e-08,-1.6770728762820672e-12
52,3180.0,3180,1.4035516501028016e-06,1.4035499289372896e-06,9.155744734891296e-06,0.0,1.5483188155567753e-06,1.4476888687129353e-07,0.0,1.0262546357141417e-08,-1.7208335999926732e-12
53,3240.0,3240,1.402377785182753e-06,1.4023760204167016e-06,9.175266360555065e-06,0.0,1.5471588062530361e-06,1.4478278611092592e-07,0.0,1.0262532072750486e-08,-1.7644299196482442e-12
54,3300.0,3300,1.4012104591186479e-06,1.4012086508975348e-06,9.194771319338529e-06,0.0,1.5460052846907386e-06,1.4479663407186198e-07,0.0,1.026251788291787e-08,-1.8078629855691977e-12
55,3360.0,3360,1.4000496164026288e-06,1.4000477649188302e-06,9.21425970401701e-06,0.0,1.5448581956330405e-06,1.4481043102750333e-07,0.0,1.0262503785415935e-08,-1.8511312503310487e-12
56,3420.0,3420,1.3988952022955245e-06,1.3988933076837557e-06,9.23373160657841e-06,0.0,1.5437174846167023e-06,1.448241772480303e-07,0.0,1.026248977808182e-08,-1.894233277641745e-12
57,3480.0,3480,1.397747162822753e-06,1.397745225260149e-06,9.25318711823468e-06,0.0,1.5425830979372285e-06,1.4483787300056048e-07,0.0,1.0262475858812622e-08,-1.9371662945139494e-12
58,3540.0,3540,1.39660544476386e-06,1.3966034644370887e-06,9.272626329432302e-06,0.0,1.5414549826397163e-06,1.4485151854917273e-07,0.0,1.0262462025590369e-08,-1.979927035113354e-12
59,3600.0,3600,1.395469995640118e-06,1.395467972733006e-06,9.292049329863445e-06,0.0,1.5403330865098167e-06,1.448651141548867e-07,0.0,1.0262448276485547e-08,-2.0225128305285097e-12
60,3660.0,3660,1.3943407637042834e-06,1.394338698361817e-06,9.31145620847546e-06,0.0,1.5392173580604295e-06,1.4487866007568334e-07,0.0,1.0262434609650472e-08,-2.0649209706694456e-12
61,3720.0,3720,1.3932176979282507e-06,1.3932155903385176e-06,9.330847053483013e-06,0.0,1.5381077465200696e-06,1.4489215656654572e-07,0.0,1.0262421023316957e-08,-2.1071488145274638e-12
62,3780.0,3780,1.3921007479896405e-06,1.3920985983456178e-06,9.350221952376392e-06,0.0,1.5370042018218851e-06,1.449056038793568e-07,0.0,1.0262407515795658e-08,-2.1491946885255448e-12
63,3840.0,3840,1.3909898642610646e-06,1.3909876727628866e-06,9.369580991931443e-06,0.0,1.535906674588799e-06,1.4491900226300684e-07,0.0,1.0262394085459757e-08,-2.1910565106332183e-12
64,3900.0,3900,1.3898849977961423e-06,1.389882764581638e-06,9.388924258223117e-06,0.0,1.534815116123129e-06,1.4493235196330984e-07,0.0,1.0262380730750512e-08,-2.232733270104651e-12
65,3960.0,3960,1.3887861003191192e-06,1.38878382559984e-06,9.408251836629084e-06,0.0,1.5337294783894346e-06,1.4494565322305805e-07,0.0,1.0262367450159434e-08,-2.2742230275635314e-12
66,4020.0,4020,1.3876931242072507e-06,1.3876908081880555e-06,9.427563811844037e-06,0.0,1.532649714009245e-06,1.449589062820204e-07,0.0,1.026235424224376e-08,-2.315525286696122e-12
67,4080.0,4080,1.386606022483617e-06,1.386603665337544e-06,9.446860267887346e-06,0.0,1.5315757762411472e-06,1.4497211137698857e-07,0.0,1.0262341105601375e-08,-2.356638861934351e-12
68,4140.0,4140,1.3855247488008179e-06,1.3855223507168286e-06,9.466141288111687e-06,0.0,1.5305076189722904e-06,1.4498526874179735e-07,0.0,1.0262328038881385e-08,-2.397562728741848e-12
69,4200.0,4200,1.3844492574285975e-06,1.3844468185937424e-06,9.485406955213202e-06,0.0,1.5294451967061768e-06,1.449983786073794e-07,0.0,1.0262315040782505e-08,-2.4382966305925183e-12
70,4260.0,4260,1.3833795032437935e-06,1.3833770238404794e-06,9.50465735123904e-06,0.0,1.5283884645480218e-06,1.4501144120179934e-07,0.0,1.0262302110038877e-08,-2.4788397724909195e-12
71,4320.0,4320,1.3823154417169807e-06,1.3823129219682034e-06,9.523892557597082e-06,0.0,1.5273373781933895e-06,1.4502445675034427e-07,0.0,1.0262289245428282e-08,-2.519191430908158e-12
72,4380.0,4380,1.3812570289005063e-06,1.3812544689735403e-06,9.543112655062379e-06,0.0,1.5262918939172137e-06,1.450374254755391e-07,0.0,1.026227644577107e-08,-2.5593510227604886e-12
73,4440.0,4440,1.3802042214157071e-06,1.380201621525955e-06,9.562317723788198e-06,0.0,1.5252519685627347e-06,1.4505034759720967e-07,0.0,1.0262263709929101e-08,-2.5993183267664556e-12
74,4500.0,4500,1.3791569764445105e-06,1.3791543367434724e-06,9.58150784331203e-06,0.0,1.5242175595275148e-06,1.450632233326399e-07,0.0,1.0262251036795709e-08,-2.6390924150897203e-12
75,4560.0,4560,1.3781152517142336e-06,1.3781125724309558e-06,9.6006830925641e-06,0.0,1.5231886247563904e-06,1.450760528964642e-07,0.0,1.0262238425310424e-08,-2.6786733241454383e-12
76,4620.0,4620,1.37707900549029e-06,1.3770762868011018e-06,9.619843549875578e-06,0.0,1.522165122726149e-06,1.4508883650089108e-07,0.0,1.0262225874440952e-08,-2.7180603822505713e-12
77,4680.0,4680,1.3760481965640633e-06,1.3760454386818542e-06,9.63898929298534e-06,0.0,1.5211470124383186e-06,1.451015743556691e-07,0.0,1.0262213383194896e-08,-2.757253271662744e-12
78,4740.0,4740,1.375022784242485e-06,1.3750199873418908e-06,9.658120399048825e-06,0.0,1.520134253407094e-06,1.4511426666822154e-07,0.0,1.0262200950613581e-08,-2.7962516229493555e-12
79,4800.0,4800,1.374002728338066e-06,1.3739998926396377e-06,9.677236944642842e-06,0.0,1.5191268056503224e-06,1.4512691364359888e-07,0.0,1.0262188575773112e-08,-2.8350551016832833e-12
80,4860.0,4860,1.3729879891589938e-06,1.372985114835674e-06,9.696339005775835e-06,0.0,1.518124629679754e-06,1.4513951548468337e-07,0.0,1.0262176257782354e-08,-2.8736635273959118e-12
81,4920.0,4920,1.3719785274997243e-06,1.3719756147387677e-06,9.71542665789204e-06,0.0,1.5171276864914806e-06,1.4515207239209028e-07,0.0,1.0262163995781535e-08,-2.9120767970236143e-12
82,4980.0,4980,1.3709743046324853e-06,1.3709713536500868e-06,9.734499975880662e-06,0.0,1.5161359375555827e-06,1.451645845643452e-07,0.0,1.026215178893863e-08,-2.9502944780283148e-12
83,5040.0,5040,1.369975282297171e-06,1.3699722932470846e-06,9.753559034081882e-06,0.0,1.5151493448085105e-06,1.451770521978586e-07,0.0,1.0262139636456503e-08,-2.9883166458650994e-12
84,5100.0,5100,1.3689814226932028e-06,1.3689783958098414e-06,9.772603906292104e-06,0.0,1.51416787064426e-06,1.4518947548702139e-07,0.0,1.0262127537563409e-08,-3.026143168759471e-12
85,5160.0,5160,1.3679926884709505e-06,1.3679896239344404e-06,9.791634665773022e-06,0.0,1.5131914779052231e-06,1.4520185462421855e-07,0.0,1.0262115491514919e-08,-3.063773939135161e-12
86,5220.0,5220,1.3670090427228306e-06,1.3670059407410216e-06,9.810651385255772e-06,0.0,1.5122201298753316e-06,1.4521418979986842e-07,0.0,1.0262103497596694e-08,-3.1012092240620796e-12
87,5280.0,5280,1.3660304489771165e-06,1.3660273097668047e-06,9.829654136948467e-06,0.0,1.51125379026894e-06,1.4522648120253707e-07,0.0,1.0262091555113068e-08,-3.1384485735607738e-12
88,5340.0,5340,1.365056871186524e-06,1.3650536949518035e-06,9.848642992542109e-06,0.0,1.5102924232285864e-06,1.4523872901885976e-07,0.0,1.0262079663403688e-08,-3.175492818140224e-12
89,5400.0,5400,1.3640882737253134e-06,1.3640850605880893e-06,9.867618023216581e-06,0.0,1.509335993310924e-06,1.452509334336895e-07,0.0,1.0262067821817914e-08,-3.2123414553529968e-12
90,5460.0,5460,1.3631246213775052e-06,1.3631213716199365e-06,9.886579299645798e-06,0.0,1.5083844654846745e-06,1.4526309463006969e-07,0.0,1.0262056029738393e-08,-3.248995228745115e-12
91,5520.0,5520,1.3621658793338467e-06,1.3621625930681146e-06,9.905526892005014e-06,0.0,1.507437805118799e-06,1.45275212789299e-07,0.0,1.026204428656026e-08,-3.2854538599387028e-12
92,5580.0,5580,1.3612120131802453e-06,1.3612086906675862e-06,9.924460869975097e-06,0.0,1.5064959779804504e-06,1.4528728809094337e-07,0.0,1.0262032591708623e-08,-3.3217180947292983e-12
93,5640.0,5640,1.360262988894736e-06,1.360259630287019e-06,9.94338130275071e-06,0.0,1.5055589502242666e-06,1.452993207128974e-07,0.0,1.026202094461895e-08,-3.3577879006475564e-12
94,5700.0,5700,1.3593187728376626e-06,1.3593153783489928e-06,9.962288259041412e-06,0.0,1.5046266883883538e-06,1.4531131083135025e-07,0.0,1.0262009344751565e-08,-3.3936641404624547e-12
95,5760.0,5760,1.3583793317491772e-06,1.358375901543592e-06,9.981181807081266e-06,0.0,1.5036991593846187e-06,1.4532325862091538e-07,0.0,1.0261997791575326e-08,-3.4293465801411732e-12
96,5820.0,5820,1.357444632737851e-06,1.3574411670192402e-06,1.0000062014632893e-05,0.0,1.502776330497374e-06,1.453351642545742e-07,0.0,1.0261986284587688e-08,-3.4648365303548385e-12
97,5880.0,5880,1.3565146432804555e-06,1.3565111423108884e-06,1.0018928948991065e-05,0.0,1.5018581693704746e-06,1.4534702790373577e-07,0.0,1.0261974823286001e-08,-3.5001336623147023e-12
98,5940.0,5940,1.3555893312100122e-06,1.3555857950815528e-06,1.0037782676991232e-05,0.0,1.5009446440081358e-06,1.453588497382489e-07,0.0,1.0261963407197166e-08,-3.5352389327303186e-12
99,6000.0,6000,1.3546686647139492e-06,1.3546650936769214e-06,1.0056623265011384e-05,0.0,1.5000357227646095e-06,1.4537062992643616e-07,0.0,1.0261952035852996e-08,-3.570152771367211e-12
100,6060.0,6060,1.3537526123257836e-06,1.3537490065627718e-06,1.0075450778977614e-05,0.0,1.499131374341889e-06,1.4538236863510756e-07,0.0,1.0261940708802266e-08,-3.6048761628595026e-12
101,6120.0,6120,1.3528411429234145e-06,1.3528375025943728e-06,1.0094265284372212e-05,0.0,1.4982315677786195e-06,1.4539406602961176e-07,0.0,1.0261929425598234e-08,-3.639408915486821e-12
102,6180.0,6180,1.3519342257173777e-06,1.3519305510577851e-06,1.011306684623344e-05,0.0,1.497336272453021e-06,1.4540572227376277e-07,0.0,1.0261918185819871e-08,-3.673752723566349e-12
103,6240.0,6240,1.3510318302526487e-06,1.3510281214332073e-06,1.0131855529165149e-05,0.0,1.4964454580686845e-06,1.4541733752999168e-07,0.0,1.026190698903879e-08,-3.707907503178408e-12
104,6300.0,6300,1.350133926398167e-06,1.3501301835917507e-06,1.0150631397336781e-05,0.0,1.4955590946561293e-06,1.4542891195925641e-07,0.0,1.0261895834850708e-08,-3.741874311299623e-12
105,6360.0,6360,1.3492404843437228e-06,1.349236707745699e-06,1.016939451449309e-05,0.0,1.4946771525648803e-06,1.4544044572108255e-07,0.0,1.02618847228537e-08,-3.7756541181591104e-12
106,6420.0,6420,1.348351474597157e-06,1.3483476643935925e-06,1.0188144943954911e-05,0.0,1.4937996024571062e-06,1.4545193897362817e-07,0.0,1.0261873652650639e-08,-3.809247252185583e-12
107,6480.0,6480,1.347466867975443e-06,1.3474630243396623e-06,1.020688274862396e-05,0.0,1.4929264153064431e-06,1.4546339187359182e-07,0.0,1.0261862623861464e-08,-3.842654577237846e-12
108,6540.0,6540,1.346586635602201e-06,1.3465827587807182e-06,1.0225607990989722e-05,0.0,1.4920575623921497e-06,1.4547480457634726e-07,0.0,1.0261851636109643e-08,-3.875877197625834e-12
109,6600.0,6600,1.3457107489024542e-06,1.3457068390062482e-06,1.0244320733131093e-05,0.0,1.4911930152942721e-06,1.4548617723581203e-07,0.0,1.026184068902216e-08,-3.908916310136571e-12
110,6660.0,6660,1.3448391796019448e-06,1.3448352368245255e-06,1.0263021036721618e-05,0.0,1.490332745885943e-06,1.4549751000461476e-07,0.0,1.026182978222632e-08,-3.94177202249607e-12
111,6720.0,6720,1.3439718997163186e-06,1.3439679242487379e-06,1.0281708963034411e-05,0.0,1.489476726335728e-06,1.4550880303394668e-07,0.0,1.026181891536725e-08,-3.974445875619333e-12
112,6780.0,6780,1.3431088815520256e-06,1.3431048735538686e-06,1.0300384572945435e-05,0.0,1.4886249290986414e-06,1.4552005647367426e-07,0.0,1.0261808088083457e-08,-4.006938845612654e-12
113,6840.0,6840,1.3422500977010623e-06,1.3422460574363244e-06,1.0319047926938193e-05,0.0,1.4877773269131673e-06,1.4553127047231866e-07,0.0,1.0261797300017504e-08,-4.0392516840568635e-12
114,6900.0,6900,1.3413955210349485e-06,1.341391448664922e-06,1.0337699085106686e-05,0.0,1.4869338927998132e-06,1.455424451770303e-07,0.0,1.026178655081857e-08,-4.071386337062733e-12
115,6960.0,6960,1.3405451247065035e-06,1.3405410203086663e-06,1.0356338107161416e-05,0.0,1.4860946000512213e-06,1.4555358073365356e-07,0.0,1.0261775840122388e-08,-4.103343112513083e-12
116,7020.0,7020,1.3396988821392199e-06,1.3396947459925356e-06,1.0374965052430375e-05,0.0,1.4852594222370038e-06,1.4556467728668072e-07,0.0,1.0261765167578248e-08,-4.135123995949597e-12
117,7080.0,7080,1.338856767028739e-06,1.3388525991972466e-06,1.0393579979866684e-05,0.0,1.4844283331939086e-06,1.4557573497924867e-07,0.0,1.0261754532821879e-08,-4.166730492116541e-12
118,7140.0,7140,1.3380187533386305e-06,1.3380145541277887e-06,1.0412182948048607e-05,0.0,1.483601307025001e-06,1.4558675395327187e-07,0.0,1.0261743935482085e-08,-4.198164027195734e-12
119,7200.0,7200,1.3371848152957631e-06,1.337180584816032e-06,1.0430774015186094e-05,0.0,1.482778318096905e-06,1.455977343493025e-07,0.0,1.0261733375182116e-08,-4.229426911564918e-12
120,7260.0,7260,1.3363549273901263e-06,1.3363506657926237e-06,1.044935323912395e-05,0.0,1.4819593410351035e-06,1.4560867630666196e-07,0.0,1.026172285152516e-08,-4.2605209292485235e-12
121,7320.0,7320,1.3355290643691907e-06,1.3355247718298087e-06,1.0467920677344253e-05,0.0,1.481144350724159e-06,1.4561957996341677e-07,0.0,1.0261712364102145e-08,-4.291448851692631e-12
122,7380.0,7380,1.334707201237702e-06,1.334702877899296e-06,1.0486476386970595e-05,0.0,1.4803333223023859e-06,1.4563044545643846e-07,0.0,1.0261701912476994e-08,-4.322213254979684e-12
123,7440.0,7440,1.3338893132539548e-06,1.3338849593690474e-06,1.0505020424773342e-05,0.0,1.4795262311618508e-06,1.4564127292142069e-07,0.0,1.0261691496186536e-08,-4.352817759989714e-12
124,7500.0,7500,1.3330753759299532e-06,1.3330709915706824e-06,1.0523552847171372e-05,0.0,1.4787230529440298e-06,1.4565206249301058e-07,0.0,1.0261681114726302e-08,-4.383265843935038e-12
125,7560.0,7560,1.3322653650283133e-06,1.3322609502973955e-06,1.054207371023558e-05,0.0,1.4779237635392616e-06,1.45662814304749e-07,0.0,1.0261670767550643e-08,-4.4135615154483985e-12
126,7620.0,7620,1.3314592565598452e-06,1.3314548117284186e-06,1.0560583069694003e-05,0.0,1.4771283390878136e-06,1.456735284892652e-07,0.0,1.0261660454064294e-08,-4.443709757240493e-12
127,7680.0,7680,1.3306570267831974e-06,1.330652551852163e-06,1.057908098093347e-05,0.0,1.4763367559769036e-06,1.456842051782649e-07,0.0,1.0261650173604983e-08,-4.47371661203266e-12
128,7740.0,7740,1.3298586522075607e-06,1.3298541474131077e-06,1.0597567499005166e-05,0.0,1.4755489908369587e-06,1.4569484450273676e-07,0.0,1.0261639925428494e-08,-4.5035875799300575e-12
129,7800.0,7800,1.3290641095883538e-06,1.3290595751179694e-06,1.0616042678626165e-05,0.0,1.4747650205464491e-06,1.4570544659299516e-07,0.0,1.0261629708714858e-08,-4.5333296099102334e-12
130,7860.0,7860,1.328273375926662e-06,1.3282688117831869e-06,1.0634506574184454e-05,0.0,1.4739848222331183e-06,1.457160115787996e-07,0.0,1.0261619522544022e-08,-4.562951587675432e-12
131,7920.0,7920,1.327486428477733e-06,1.3274818348787685e-06,1.0652959239740139e-05,0.0,1.4732083732667435e-06,1.4572653958953232e-07,0.0,1.0261609365864484e-08,-4.592460865413139e-12
132,7980.0,7980,1.3267032447432323e-06,1.3266986216654108e-06,1.0671400729033085e-05,0.0,1.4724356512717285e-06,1.4573703075427342e-07,0.0,1.0261599237519424e-08,-4.621867865093747e-12
133,8040.0,8040,1.325923802479302e-06,1.3259191500827143e-06,1.0689831095481833e-05,0.0,1.471666634124126e-06,1.4574748520191177e-07,0.0,1.0261589136193055e-08,-4.651183214693691e-12
134,8100.0,8100,1.325148079701231e-06,1.3251433981065253e-06,1.070825039219015e-05,0.0,1.4709012999544241e-06,1.4575790306118941e-07,0.0,1.026157906040932e-08,-4.680418309936821e-12
135,8160.0,8160,1.3243760546875247e-06,1.3243713439342937e-06,1.0726658671950306e-05,0.0,1.4701396271551396e-06,1.4576828446071354e-07,0.0,1.0261569008517397e-08,-4.709585171312038e-12
136,8220.0,8220,1.3236077059854093e-06,1.3236029659950005e-06,1.0745055987244825e-05,0.0,1.4693815943919613e-06,1.4577862952880627e-07,0.0,1.0261558978681982e-08,-4.738697901291655e-12
137,8280.0,8280,1.3228430124262916e-06,1.3228382433869435e-06,1.0763442390253697e-05,0.0,1.4686271806079587e-06,1.457889383933151e-07,0.0,1.0261548968847759e-08,-4.767770356887019e-12
138,8340.0,8340,1.3220819531377914e-06,1.3220771550889461e-06,1.0781817932855248e-05,0.0,1.467876365042208e-06,1.457992111810018e-07,0.0,1.0261538976744315e-08,-4.79681676659126e-12
139,8400.0,8400,1.3213245075621237e-06,1.321319680405722e-06,1.0800182666631494e-05,0.0,1.4671291272494603e-06,1.4580944801687995e-07,0.0,1.026152899987834e-08,-4.825852219797216e-12
140,8460.0,8460,1.3205706554844106e-06,1.3205657993356652e-06,1.0818536642873062e-05,0.0,1.4663854471248337e-06,1.4581964902298592e-07,0.0,1.0261519035521473e-08,-4.854890481848557e-12
141,8520.0,8520,1.3198203770676436e-06,1.3198154918680606e-06,1.083687991258432e-05,0.0,1.4656453049337765e-06,1.458298143169584e-07,0.0,1.0261509080729078e-08,-4.883940879442953e-12
142,8580.0,8580,1.3190736528886713e-06,1.3190687386045442e-06,1.0855212526485787e-05,0.0,1.4649086813653316e-06,1.4583994400979008e-07,0.0,1.0261499132417382e-08,-4.91300864206236e-12
143,8640.0,8640,1.3183304639980994e-06,1.3183255205874868e-06,1.087353453502516e-05,0.0,1.464175557574228e-06,1.458500382034121e-07,0.0,1.0261489187428352e-08,-4.942084205405246e-12
144,8700.0,8700,1.3175907919672988e-06,1.3175858195643973e-06,1.0891845988380487e-05,0.0,1.4634459152580167e-06,1.458600969876757e-07,0.0,1.0261479242779903e-08,-4.97113933224047e-12
145,8760.0,8760,1.3168546189602581e-06,1.316849617521419e-06,1.0910146936468474e-05,0.0,1.4627197367149776e-06,1.4587012043730154e-07,0.0,1.0261469295972748e-08,-5.0001070567848214e-12
146,8820.0,8820,1.316121927774827e-06,1.3161168975863477e-06,1.092843742895442e-05,0.0,1.4619970049271835e-06,1.458801086091688e-07,0.0,1.0261459345640095e-08,-5.028865598420147e-12
147,8880.0,8880,1.315392701874825e-06,1.3153876433938831e-06,1.0946717515261183e-05,0.0,1.4612777036054875e-06,1.4589006154100405e-07,0.0,1.0261449392457017e-08,-5.057204355935704e-12
148,8940.0,8940,1.3146669253553662e-06,1.314661839236883e-06,1.0964987244580428e-05,0.0,1.4605618172011849e-06,1.4589997925275366e-07,0.0,1.0261439440624198e-08,-5.084785880013388e-12
149,9000.0,9000,1.3139445828084847e-06,1.3139394703681886e-06,1.0983246665882354e-05,0.0,1.4598493308275126e-06,1.4590986175289544e-07,0.0,1.026142949997893e-08,-5.111096763992118e-12
150,9060.0,9060,1.3132256590230158e-06,1.3132205223397636e-06,1.1001495827927603e-05,0.0,1.4591402300268465e-06,1.4591970905268812e-07,0.0,1.0261419588929309e-08,-5.135395514840367e-12
151,9120.0,9120,1.312510138438947e-06,1.3125049803843319e-06,1.1019734779270866e-05,0.0,1.4584345002952917e-06,1.459295211923626e-07,0.0,1.0261409738252016e-08,-5.156666171177809e-12
152,9180.0,9180,1.3117980042531663e-06,1.3117928292600141e-06,1.1037963568260991e-05,0.0,1.4577321262539584e-06,1.4593929828500289e-07,0.0,1.0261399995668148e-08,-5.173600335199969e-12
153,9240.0,9240,1.311089237073306e-06,1.3110840510534432e-06,1.1056182243025904e-05,0.0,1.4570330903254628e-06,1.4594904058613157e-07,0.0,1.0261390430712146e-08,-5.1846339709273825e-12
154,9300.0,9300,1.3103838129911358e-06,1.3103786235041676e-06,1.1074390851442023e-05,0.0,1.4563373707700095e-06,1.459587486020889e-07,0.0,1.0261381138989667e-08,-5.188108151886618e-12
155,9360.0,9360,1.3096817009859877e-06,1.3096765169037652e-06,1.1092589441068366e-05,0.0,1.455644938808049e-06,1.4596842326345462e-07,0.0,1.0261372243753716e-08,-5.1827107782912195e-12
156,9420.0,9420,1.3089828596611294e-06,1.3089776893499658e-06,1.1110778059040687e-05,0.0,1.45495575418483e-06,1.4597806622020915e-07,0.0,1.0261363890114605e-08,-5.1689493157689795e-12
157,9480.0,9480,1.3082872343693166e-06,1.3082820773120109e-06,1.1128956751896224e-05,0.0,1.4542697564372784e-06,1.4598768040321677e-07,0.0,1.0261356214704243e-08,-5.1555728877157015e-12
158,9540.0,9540,1.30759476290523e-06,1.3075895683916179e-06,1.1147125565268864e-05,0.0,1.4535868382456671e-06,1.459972712682383e-07,0.0,1.0261349208292552e-08,-5.1931502636898194e-12
159,9600.0,9600,1.306905443366875e-06,1.3068998772693154e-06,1.1165284543179192e-05,0.0,1.4529067260601636e-06,1.460068501904019e-07,0.0,1.026134201875594e-08,-5.564704955875718e-12
160,9660.0,9660,1.3062197990471325e-06,1.3062118878712635e-06,1.118343372558382e-05,0.0,1.4522283329167928e-06,1.4601644640430402e-07,0.0,1.0261329076712833e-08,-7.909727725871739e-12
161,9720.0,9720,1.3055418037960695e-06,1.3055198174145875e-06,1.1201573136552778e-05,0.0,1.4515459761840286e-06,1.460261601925996e-07,0.0,1.0261277487246985e-08,-2.198498201262745e-11
162,9780.0,9780,1.30489696315066e-06,1.3047901588270788e-06,1.1219702717981438e-05,0.0,1.4508265980771696e-06,1.4603644061783002e-07,0.0,1.026099173964769e-08,-1.0680285497676885e-10
163,9840.0,9840,1.304443870776986e-06,1.3038210617914083e-06,1.123782193596192e-05,0.0,1.44987072485729e-06,1.4604966443987248e-07,0.0,1.0259292768099864e-08,-6.228075118411187e-10
164,9900.0,9900,1.3051661940105204e-06,1.301378611152701e-06,1.1255927391095353e-05,0.0,1.4474581207360551e-06,1.4607951099914648e-07,0.0,1.0248994025924965e-08,-3.787581423269361e-09
165,9960.0,9960,1.3132774952772087e-06,1.2898765549695933e-06,1.1273998169320775e-05,0.0,1.43608512157858e-06,1.4620856802905548e-07,0.0,1.0185948868966188e-08,-2.3400938927654406e-08
166,10020.0,10020,1.372761316486588e-06,1.2227916861355071e-06,1.129190567820603e-05,0.0,1.3697694680981554e-06,1.4697778321964214e-07,0.0,9.796011889732048e-09,-1.4996962914043617e-07
167,10080.0,10080,150.0000003601846,5.204947093538344e-07,1.130886089418398e-05,150.0,6.856991723456761e-07,1.6520446244658328e-07,0.0,7.296583131031037e-09,1.6031011105766808e-07
168,10140.0,10140,150.00000050440534,5.200838488983456e-07,1.1315821335426607e-05,150.0,6.853831461012422e-07,1.6529929666083236e-07,0.0,9.968388969045886e-09,1.5678497179574376e-08
169,10200.0,10200,150.00000051813447,5.19709393376885e-07,1.132277571817103e-05,150.0,6.850526696174121e-07,1.6534327570639085e-07,0.0,1.0229662253261962e-08,1.5749123229515048e-09
170,10260.0,10260,150.00000051919082,5.193499481530523e-07,1.1329724685293615e-05,150.0,6.847232906246163e-07,1.6537334194363835e-07,0.0,1.0255875162010578e-08,1.5910218377245377e-10
171,10320.0,10320,150.000000518979,5.189961182390402e-07,1.1336668484223854e-05,150.0,6.843952196576545e-07,1.6539910086447177e-07,0.0,1.025849115502845e-08,1.7104233278808158e-11
172,10380.0,10380,150.0000005186414,5.186444801832668e-07,1.1343607205282695e-05,150.0,6.840680416589435e-07,1.6542356094020205e-07,0.0,1.0258740500809384e-08,3.048706767717155e-12
173,10440.0,10440,150.00000051829213,5.1829387118064e-07,1.1350540882769796e-05,150.0,6.837415649643846e-07,1.6544769324073795e-07,0.0,1.0258755582486405e-08,1.7358733774447065e-12
174,10500.0,10500,150.00000051794234,5.179439897429571e-07,1.1357469532085326e-05,150.0,6.834157420564552e-07,1.6547175177246155e-07,0.0,1.0258748780683177e-08,1.678766026971064e-12
175,10560.0,10560,150.00000051759304,5.175948037598014e-07,1.1364393163722226e-05,150.0,6.830905772509585e-07,1.6549577294215658e-07,0.0,1.0258741025487305e-08,1.7484946491538268e-12
176,10620.0,10620,150.0000005172445,5.172463231024707e-07,1.1371311787628024e-05,150.0,6.827660831939827e-07,1.6551975954368095e-07,0.0,1.0258734431848344e-08,1.8188777258764406e-12
177,10680.0,10680,150.00000051689665,5.168985440924037e-07,1.13782254138831e-05,150.0,6.824422688407908e-07,1.6554372421408696e-07,0.0,1.0258729011499174e-08,1.8610793603180405e-12
178,10740.0,10740,150.0000005165496,5.165514572527864e-07,1.1385134052484369e-05,150.0,6.821191394093311e-07,1.6556768161046337e-07,0.0,1.0258724295421057e-08,1.8689751494301037e-12
179,10800.0,10800,150.0000005162032,5.162050618507966e-07,1.1392037713256985e-05,150.0,6.817966976231042e-07,1.6559163522283252e-07,0.0,1.025871971242161e-08,1.8542281833499073e-12
180,10860.0,10860,150.0000005158575,5.158593666077413e-07,1.1398936406008625e-05,150.0,6.814749431623455e-07,1.656155760094279e-07,0.0,1.0258714885663186e-08,1.8368346165896874e-12
181,10920.0,10920,150.00000051551254,5.15514382381957e-07,1.1405830140690967e-05,150.0,6.811538723928665e-07,1.6563948946410274e-07,0.0,1.0258709771610536e-08,1.8266838679618545e-12
182,10980.0,10980,150.00000051516832,5.151701247543246e-07,1.1412718927447542e-05,150.0,6.808334827412392e-07,1.6566335744752723e-07,0.0,1.0258704491634201e-08,1.8069190732916618e-12
183,11040.0,11040,150.00000051482488,5.148266335303461e-07,1.1419602776686514e-05,150.0,6.805137824737854e-07,1.6568714840248806e-07,0.0,1.0258698886271885e-08,1.736753564453869e-12
184,11100.0,11100,150.0000005144824,5.144839823590494e-07,1.1426481699460663e-05,150.0,6.801947968926515e-07,1.6571081399797383e-07,0.0,1.0258692116421999e-08,1.5770800437238123e-12
185,11160.0,11160,150.0000005141409,5.141422453200897e-07,1.1433355707985277e-05,150.0,6.79876562078296e-07,1.6573431621776373e-07,0.0,1.0258682691359972e-08,1.3309251809139132e-12
186,11220.0,11220,150.00000051380036,5.138014804997168e-07,1.1440224815621113e-05,150.0,6.795591272735584e-07,1.6575764622665758e-07,0.0,1.0258669171001149e-08,1.1307304955821552e-12
187,11280.0,11280,150.00000051346044,5.134620046338788e-07,1.144708903657305e-05,150.0,6.792426363029904e-07,1.657806311205261e-07,0.0,1.0258652322839118e-08,1.5452316960187884e-12
188,11340.0,11340,150.00000051312,5.131255618405604e-07,1.1453948389966309e-05,150.0,6.789275662227509e-07,1.6580200384433946e-07,0.0,1.0258642393497917e-08,5.562545068049864e-12
189,11400.0,11400,150.00000051276132,5.12798355992668e-07,1.1460802922801599e-05,150.0,6.786151732322115e-07,1.6581681669506349e-07,0.0,1.0258699432135022e-08,3.700500228988452e-11
190,11460.0,11460,150.0000005121626,5.124935431304829e-07,1.1467652782336741e-05,150.0,6.783071477330545e-07,1.658136040543206e-07,0.0,1.0259280532866034e-08,3.3094079640924085e-10
191,11520.0,11520,150.00000050895414,5.122261545759981e-07,1.147449833087141e-05,150.0,6.780003992610517e-07,1.6577424413627503e-07,0.0,1.026476063439586e-08,3.271986665560703e-09
192,11580.0,11580,150.00000047969374,5.119809289759566e-07,1.148134018895352e-05,150.0,6.77671258430327e-07,1.656903289029952e-07,0.0,1.0319258610852195e-08,3.228715533359029e-08
193,11640.0,11640,20.000000233780654,5.138950308768019e-07,1.1488178781947916e-05,19.99999999999972,6.792136976002363e-07,1.6531866654621926e-07,0.0,1.085734639707052e-08,2.801140968194038e-07
194,11700.0,11700,1.412348505159711e-06,1.1512767409832051e-06,1.149504541969216e-05,0.0,1.2992492383844059e-06,1.4797249854461545e-07,0.0,1.5525912949270623e-08,-2.610717629484056e-07
195,11760.0,11760,1.3040582163664986e-06,1.2584116620570295e-06,1.151098499622144e-05,0.0,1.4050524529121734e-06,1.466407924570098e-07,0.0,1.117477197470329e-08,-4.564655280865275e-08
196,11820.0,11820,1.286262636688856e-06,1.278624891006005e-06,1.1528445645886084e-05,0.0,1.425029975398153e-06,1.4640508598426429e-07,0.0,1.0414081417494017e-08,-7.6377440009151e-09
197,11880.0,11880,1.2828500350409743e-06,1.2815662031542399e-06,1.1546193238060308e-05,0.0,1.4279350509708973e-06,1.463688494739239e-07,0.0,1.0286878907491025e-08,-1.283830226544857e-09
198,11940.0,11940,1.2817854223957603e-06,1.2815609988346185e-06,1.156398258858546e-05,0.0,1.427929224308984e-06,1.463682271102531e-07,0.0,1.026557692185539e-08,-2.2442185951111527e-10
199,12000.0,12000,1.2811075744041845e-06,1.2810625541960333e-06,1.158177186611518e-05,0.0,1.4274370483150046e-06,1.463744957687452e-07,0.0,1.0261932452802571e-08,-4.5018507236037217e-11
200,12060.0,12060,1.2804945326261074e-06,1.2804809563388998e-06,1.1599554065854708e-05,0.0,1.4268633141576607e-06,1.4638235945467604e-07,0.0,1.0261278499965895e-08,-1.3574560024269628e-11
201,12120.0,12120,1.2798934496240855e-06,1.2798857532944288e-06,1.1617328005818665e-05,0.0,1.4262764530353607e-06,1.463907013674507e-07,0.0,1.0261149021580482e-08,-7.694579000548579e-12
202,12180.0,12180,1.2792958393683012e-06,1.2792893464276012e-06,1.1635093492075204e-05,0.0,1.4256885671269945e-06,1.4639922236716422e-07,0.0,1.0261117938523745e-08,-6.491217137361161e-12
203,12240.0,12240,1.2787005066454828e-06,1.2786942630095282e-06,1.1652850507127927e-05,0.0,1.4251020768245172e-06,1.4640781555244935e-07,0.0,1.026110730188438e-08,-6.241970803307632e-12
204,12300.0,12300,1.2781074115869836e-06,1.2781011885778926e-06,1.167059906954877e-05,0.0,1.424517619888634e-06,1.4641643301516672e-07,0.0,1.0261101206242668e-08,-6.2212971404634676e-12
205,12360.0,12360,1.2775166606142646e-06,1.277510395352089e-06,1.1688339207743561e-05,0.0,1.4239354438401772e-06,1.4642505025135249e-07,0.0,1.026109583908946e-08,-6.263596530907663e-12
206,12420.0,12420,1.2769283497667677e-06,1.2769220254186773e-06,1.1706070954033516e-05,0.0,1.4233556774488341e-06,1.4643365378708396e-07,0.0,1.0261090148148386e-08,-6.322663467222147e-12
207,12480.0,12480,1.2763425482483902e-06,1.2763361631254436e-06,1.1723794342789524e-05,0.0,1.4227783972857578e-06,1.4644223588293755e-07,0.0,1.026108385137751e-08,-6.383390654927393e-12
208,12540.0,12540,1.2757593030426886e-06,1.2757528606435536e-06,1.174150940959394e-05,0.0,1.422203650965089e-06,1.4645079196729741e-07,0.0,1.0261076918626145e-08,-6.4405775000125884e-12
209,12600.0,12600,1.2751786449475265e-06,1.2751721505116412e-06,1.175921619078168e-05,0.0,1.4216314681758977e-06,1.4645931930124896e-07,0.0,1.0261069406496571e-08,-6.492592511624647e-12
210,12660.0,12660,1.274600593199716e-06,1.274594052332287e-06,1.1776914723153764e-05,0.0,1.4210618668165685e-06,1.464678162506013e-07,0.0,1.0261061398843742e-08,-6.53914215270087e-12
211,12720.0,12720,1.2740251586933411e-06,1.2740185765039537e-06,1.179460504379091e-05,0.0,1.4204948566299318e-06,1.4647628187303112e-07,0.0,1.0261052984459075e-08,-6.5804312336016524e-12
212,12780.0,12780,1.2734523461536028e-06,1.2734457275747063e-06,1.1812287189927887e-05,0.0,1.4199304414528369e-06,1.4648471567382734e-07,0.0,1.026104424875851e-08,-6.616856634762127e-12
213,12840.0,12840,1.272882155629503e-06,1.2728755049079655e-06,1.1829961198863057e-05,0.0,1.4193686206589334e-06,1.4649311745482455e-07,0.0,1.0261035270569519e-08,-6.648896674523122e-12
214,12900.0,12900,1.2723145835452929e-06,1.2723079046991678e-06,1.1847627107888003e-05,0.0,1.4188093901499992e-06,1.4650148721592883e-07,0.0,1.0261026120770935e-08,-6.677069966796246e-12
215,12960.0,12960,1.2717496234764647e-06,1.2717429197441667e-06,1.1865284954236626e-05,0.0,1.4182527430931878e-06,1.465098250878523e-07,0.0,1.0261016861615521e-08,-6.701916598171433e-12
216,13020.0,13020,1.2711872667617492e-06,1.2711805410316837e-06,1.1882934775044055e-05,0.0,1.4176986705002609e-06,1.4651813128430924e-07,0.0,1.0261007546367737e-08,-6.7239786780904355e-12
217,13080.0,13080,1.2706275030059209e-06,1.270620757402464e-06,1.1900576607313868e-05,0.0,1.4171471617117658e-06,1.4652640606699188e-07,0.0,1.0260998219271195e-08,-6.7437826609037495e-12
218,13140.0,13140,1.270070320506357e-06,1.2700635568528242e-06,1.1918210487895812e-05,0.0,1.4165982048121898e-06,1.465346497197856e-07,0.0,1.0260988915803563e-08,-6.761822114378175e-12
219,13200.0,13200,1.269515706613671e-06,1.2695089263218696e-06,1.1935836453463508e-05,0.0,1.4160517869949373e-06,1.465428625298842e-07,0.0,1.0260979663227757e-08,-6.7785462375037355e-12
220,13260.0,13260,1.2689636480480015e-06,1.2689568518670472e-06,1.1953454540506807e-05,0.0,1.41550789486137e-06,1.4655104477455435e-07,0.0,1.026097048132859e-08,-6.7943466197262956e-12
221,13320.0,13320,1.2684141311540758e-06,1.2684073198272661e-06,1.1971064785319764e-05,0.0,1.4149665146858937e-06,1.46559196712115e-07,0.0,1.0260961383373148e-08,-6.809555970362071e-12
222,13380.0,13380,1.267867142120205e-06,1.2678603158460209e-06,1.1988667223998028e-05,0.0,1.414427632616011e-06,1.465673185766639e-07,0.0,1.0260952377092733e-08,-6.82444226838223e-12
223,13440.0,13440,1.2673226671370206e-06,1.2673158260688065e-06,1.2006261892437299e-05,0.0,1.4138912348466974e-06,1.4657541057556633e-07,0.0,1.0260943465760826e-08,-6.83921655748004e-12
224,13500.0,13500,1.2667806925333673e-06,1.266773836597633e-06,1.2023848826333339e-05,0.0,1.4133573077292495e-06,1.4658347288915815e-07,0.0,1.0260934649142369e-08,-6.854032077917661e-12
225,13560.0,13560,1.2662412048589954e-06,1.266234333990268e-06,1.2041428061186988e-05,0.0,1.4128258378642909e-06,1.4659150567208072e-07,0.0,1.0260925924457786e-08,-6.868995356243206e-12
226,13620.0,13620,1.2657041909465112e-06,1.265697304900817e-06,1.205899963230505e-05,0.0,1.4122968121489727e-06,1.4659950905564712e-07,0.0,1.0260917287160805e-08,-6.884171078068496e-12
227,13680.0,13680,1.2651696379408906e-06,1.2651627364856462e-06,1.2076563574807931e-05,0.0,1.4117702178066359e-06,1.466074831509508e-07,0.0,1.0260908731637217e-08,-6.899591022332443e-12
228,13740.0,13740,1.2646375333096122e-06,1.2646306161270537e-06,1.2094119923632263e-05,0.0,1.4112460423945694e-06,1.4661542805216377e-07,0.0,1.0260900251751809e-08,-6.915262291793484e-12
229,13800.0,13800,1.2641078648422754e-06,1.2641009318111126e-06,1.2111668713537684e-05,0.0,1.410724273793385e-06,1.4662334384000742e-07,0.0,1.0260891841260853e-08,-6.931172823806546e-12
230,13860.0,13860,1.2635806206332421e-06,1.2635736714622057e-06,1.212920997910967e-05,0.0,1.4102049001913378e-06,1.4663123058485258e-07,0.0,1.0260883494131143e-08,-6.947298229784806e-12
231,13920.0,13920,1.2630557890593743e-06,1.2630488235652113e-06,1.2146743754765443e-05,0.0,1.409687910063186e-06,1.4663908834966618e-07,0.0,1.02608752047458e-08,-6.963607733655363e-12
232,13980.0,13980,1.2625333587603828e-06,1.2625263768152473e-06,1.2164270074758551e-05,0.0,1.409173292137849e-06,1.4664691719245236e-07,0.0,1.0260866968009912e-08,-6.9800656873215666e-12
233,14040.0,14040,1.262013318608725e-06,1.2620063200742143e-06,1.2181788973181066e-05,0.0,1.4086610353788789e-06,1.466547171682841e-07,0.0,1.0260858779431729e-08,-6.996636777114713e-12
234,14100.0,14100,1.2614956576854467e-06,1.261488642480614e-06,1.2199300483968812e-05,0.0,1.408151128958019e-06,1.4666248833093012e-07,0.0,1.0260850635118392e-08,-7.013288232762611e-12
235,14160.0,14160,1.2609803652626038e-06,1.2609733333586185e-06,1.2216804640902037e-05,0.0,1.4076435622281629e-06,1.466702307340055e-07,0.0,1.0260842531731227e-08,-7.029988320032464e-12
236,14220.0,14220,1.2604674307785303e-06,1.2604603821749963e-06,1.2234301477610427e-05,0.0,1.407138324709069e-06,1.4667794443183888e-07,0.0,1.0260834466470495e-08,-7.046710281606269e-12
237,14280.0,14280,1.2599568438229637e-06,1.2599497785085456e-06,1.2251791027573547e-05,0.0,1.4066354060693052e-06,1.466856294799949e-07,0.0,1.026082643699045e-08,-7.063430964165507e-12
238,14340.0,14340,1.2594485941216147e-06,1.2594415120377772e-06,1.2269273324123246e-05,0.0,1.406134796113903e-06,1.466932859355269e-07,0.0,1.0260818441340874e-08,-7.080131792400606e-12
239,14400.0,14400,1.2589426715296504e-06,1.2589355728220347e-06,1.2286748400446498e-05,0.0,1.4056364847678321e-06,1.4670091385714577e-07,0.0,1.026081047788887e-08,-7.096796309860328e-12
240,14460.0,14460,1.2584390660164675e-06,1.2584319506914656e-06,1.23042162895878e-05,0.0,1.4051404620750996e-06,1.4670851330505963e-07,0.0,1.026080254528557e-08,-7.11341270650824e-12
241,14520.0,14520,1.257937767662087e-06,1.2579306357881353e-06,1.2321677024447432e-05,0.0,1.4046467181873308e-06,1.4671608434089356e-07,0.0,1.0260794642386532e-08,-7.129971282350363e-12
242,14580.0,14580,1.2574387666509264e-06,1.2574316182170034e-06,1.2339130637786042e-05,0.0,1.4041552433595375e-06,1.4672362702749152e-07,0.0,1.0260786768217506e-08,-7.146465048143542e-12
243,14640.0,14640,1.2569420532678926e-06,1.2569348883374364e-06,1.2356577162225517e-05,0.0,1.4036660279448181e-06,1.4673114142858353e-07,0.0,1.026077892192896e-08,-7.16288862815053e-12
244,14700.0,14700,1.2564476178944774e-06,1.2564404366529814e-06,1.237401663025008e-05,0.0,1.4031790623910523e-06,1.467386276086473e-07,0.0,1.026077110276943e-08,-7.179237669980596e-12
245,14760.0,14760,1.2559554510034032e-06,1.25594825349554e-06,1.2391449074206292e-05,0.0,1.402694337241311e-06,1.4674608563254123e-07,0.0,1.0260763310066827e-08,-7.195510140135714e-12
246,14820.0,14820,1.2554655431600159e-06,1.255458329550629e-06,1.2408874526306539e-05,0.0,1.4022118431264813e-06,1.4675351556536962e-07,0.0,1.0260755543193126e-08,-7.2117036964425795e-12
247,14880.0,14880,1.25497788501603e-06,1.2549706552742542e-06,1.2426293018629696e-05,0.0,1.4017315707677797e-06,1.4676091747223327e-07,0.0,1.0260747801564909e-08,-7.227818005652089e-12
248,14940.0,14940,1.2544924673135033e-06,1.254485221506614e-06,1.244370458312222e-05,0.0,1.4012535109666185e-06,1.467682914181084e-07,0.0,1.0260740084613368e-08,-7.243850596273918e-12
249,15000.0,15000,1.2540092808732547e-06,1.2540020191121766e-06,1.2461109251597704e-05,0.0,1.4007776546152852e-06,1.4677563746762815e-07,0.0,1.0260732391818036e-08,-7.259802716176963e-12
250,15060.0,15060,1.2535283166030728e-06,1.2535210389037575e-06,1.247850705574126e-05,0.0,1.4003039926818927e-06,1.467829556850175e-07,0.0,1.026072472264564e-08,-7.275672720984401e-12
251,15120.0,15120,1.25304956548806e-06,1.253042272000123e-06,1.2495898027107539e-05,0.0,1.399832516218464e-06,1.4679024613399113e-07,0.0,1.0260717076598323e-08,-7.29146112736237e-12
252,15180.0,15180,1.252573018593979e-06,1.2525657094560007e-06,1.2513282197124459e-05,0.0,1.3993632163520005e-06,1.4679750887771397e-07,0.0,1.0260709453175893e-08,-7.307167154937544e-12
253,15240.0,15240,1.252098667061857e-06,1.2520913422742745e-06,1.2530659597092537e-05,0.0,1.3988960842877606e-06,1.4680474397874656e-07,0.0,1.0260701851899596e-08,-7.322790926904997e-12
254,15300.0,15300,1.2516265021086155e-06,1.2516191617965705e-06,1.254803025818752e-05,0.0,1.3984311113046146e-06,1.4681195149899054e-07,0.0,1.0260694272296123e-08,-7.338332016574761e-12
255,15360.0,15360,1.2511565150243512e-06,1.2511491592158684e-06,1.2565394211459072e-05,0.0,1.3979682887541445e-06,1.4681913149974323e-07,0.0,1.0260686713905713e-08,-7.35379026154345e-12
256,15420.0,15420,1.2506886971719955e-06,1.2506813259950298e-06,1.258275148783514e-05,0.0,1.3975076080579667e-06,1.4682628404165485e-07,0.0,1.0260679176278957e-08,-7.369164821604866e-12
257,15480.0,15480,1.250223039981755e-06,1.2502156534916868e-06,1.2600102118118902e-05,0.0,1.3970490607106274e-06,1.468334091847287e-07,0.0,1.0260671658988745e-08,-7.384456111270496e-12
258,15540.0,15540,1.2497595349558513e-06,1.2497521333547948e-06,1.261744613299466e-05,0.0,1.3965926382714907e-06,1.4684050698839956e-07,0.0,1.02606641616069e-08,-7.399662958252394e-12
259,15600.0,15600,1.2492981736614197e-06,1.2492907568623913e-06,1.2634783563023913e-05,0.0,1.3961383323693267e-06,1.4684757751147224e-07,0.0,1.0260656683732133e-08,-7.414785550325612e-12
260,15660.0,15660,1.248838947733567e-06,1.2488315158940764e-06,1.2652114438649063e-05,0.0,1.3956861346965208e-06,1.468546208122258e-07,0.0,1.0260649224967528e-08,-7.42982310420569e-12
261,15720.0,15720,1.2483818488722449e-06,1.2483744021395176e-06,1.2669438790195392e-05,0.0,1.3952360370103856e-06,1.4686163694835708e-07,0.0,1.0260641784936229e-08,-7.44477515673791e-12
262,15780.0,15780,1.247926868840666e-06,1.2479194072288371e-06,1.2686756647868433e-05,0.0,1.394788031131931e-06,1.4686862597709182e-07,0.0,1.0260634363276e-08,-7.459641174329748e-12
263,15840.0,15840,1.24747399946518e-06,1.247466523077335e-06,1.270406804175747e-05,0.0,1.394342108944772e-06,1.4687558795513675e-07,0.0,1.026062695963954e-08,-7.474420686094298e-12
264,15900.0,15900,1.2470232326330488e-06,1.2470157414870648e-06,1.2721373001836189e-05,0.0,1.393898262395238e-06,1.4688252293872915e-07,0.0,1.0260619573696515e-08,-7.489113601268703e-12
265,15960.0,15960,1.2465745602944662e-06,1.2465670545399314e-06,1.2738671557962903e-05,0.0,1.3934564834877833e-06,1.468894309836624e-07,0.0,1.026061220512288e-08,-7.503719188680897e-12
266,16020.0,16020,1.246127974459336e-06,1.246120454159716e-06,1.2755963739882292e-05,0.0,1.3930167642878284e-06,1.4689631214533046e-07,0.0,1.0260604853614444e-08,-7.518236925097936e-12
267,16080.0,16080,1.245683467197108e-06,1.2456759324951485e-06,1.2773249577225192e-05,0.0,1.3925790969204495e-06,1.4690316647866456e-07,0.0,1.0260597518882698e-08,-7.532666460189917e-12
268,16140.0,16140,1.2452410306357257e-06,1.2452334816113492e-06,1.2790529099509902e-05,0.0,1.3921434735693387e-06,1.469099940382461e-07,0.0,1.0260590200650652e-08,-7.547007637685536e-12
269,16200.0,16200,1.2448006569620915e-06,1.2447930936690118e-06,1.2807802336143277e-05,0.0,1.3917098864753039e-06,1.469167948782654e-07,0.0,1.0260582898651778e-08,-7.561260096691129e-12
270,16260.0,16260,1.2443623384216014e-06,1.2443547608983459e-06,1.2825069316420949e-05,0.0,1.3912783279360487e-06,1.469235690525424e-07,0.0,1.0260575612631708e-08,-7.57542276626889e-12
271,16320.0,16320,1.2439260673137894e-06,1.2439184757240953e-06,1.284233006952929e-05,0.0,1.3908487903099967e-06,1.4693031661453001e-07,0.0,1.0260568342360404e-08,-7.5894969186777e-12
272,16380.0,16380,1.2434918359996469e-06,1.2434842304767135e-06,1.2859584624544977e-05,0.0,1.3904212660055852e-06,1.4693703761735844e-07,0.0,1.0260561087593099e-08,-7.6034806672111e-12
273,16440.0,16440,1.243059636892623e-06,1.2430520174488922e-06,1.2876833010436305e-05,0.0,1.389995747492026e-06,1.4694373211380454e-07,0.0,1.0260553848123442e-08,-7.61737465482277e-12
274,16500.0,16500,1.2426294624627626e-06,1.2426218291441365e-06,1.2894075256063619e-05,0.0,1.3895722272936788e-06,1.46950400156285e-07,0.0,1.0260546623740172e-08,-7.631178902826582e-12
275,16560.0,16560,1.2422013052376896e-06,1.2421936582173427e-06,1.2911311390181283e-05,0.0,1.3891506979861183e-06,1.469570417969603e-07,0.0,1.0260539414238963e-08,-7.644892319883162e-12
276,16620.0,16620,1.2417751577967212e-06,1.2417674971772057e-06,1.2928541441437465e-05,0.0,1.3887311522043286e-06,1.4696365708758137e-07,0.0,1.0260532219439282e-08,-7.658515635066141e-12
277,16680.0,16680,1.2413510127755102e-06,1.2413433386139136e-06,1.294576543837304e-05,0.0,1.3883135826347814e-06,1.4697024607963612e-07,0.0,1.0260525039154516e-08,-7.672048547919902e-12
278,16740.0,16740,1.2409288628642569e-06,1.2409211751833868e-06,1.2962983409428365e-05,0.0,1.3878979820178126e-06,1.4697680882429668e-07,0.0,1.0260517873210214e-08,-7.685490694962004e-12
279,16800.0,16800,1.2405087008060423e-06,1.2405009997726407e-06,1.2980195382937161e-05,0.0,1.3874843431480329e-06,1.4698334537239202e-07,0.0,1.0260510721444197e-08,-7.698842309566814e-12
280,16860.0,16860,1.240090519397662e-06,1.2400828051608937e-06,1.2997401387130884e-05,0.0,1.3870726588727418e-06,1.4698985577444556e-07,0.0,1.0260503583695457e-08,-7.712103289370082e-12
281,16920.0,16920,1.2396743114889155e-06,1.2396665840566742e-06,1.3014601450138506e-05,0.0,1.3866629220921476e-06,1.4699634008070582e-07,0.0,1.026049645981259e-08,-7.725273594333759e-12
282,16980.0,16980,1.2392600699827556e-06,1.2392523295045067e-06,1.3031795599987824e-05,0.0,1.3862551257582744e-06,1.4700279834107313e-07,0.0,1.026048934964921e-08,-7.738353123718086e-12
283,17040.0,17040,1.238847787833064e-06,1.2388400343634503e-06,1.304898386460743e-05,0.0,1.3858492628767648e-06,1.4700923060515068e-07,0.0,1.0260482253067247e-08,-7.751342343903083e-12
284,17100.0,17100,1.2384374580474362e-06,1.2384296916427253e-06,1.3066166271822994e-05,0.0,1.3854453265028369e-06,1.4701563692223619e-07,0.0,1.0260475169928421e-08,-7.764241009319726e-12
285,17160.0,17160,1.2380290736847505e-06,1.2380212946115739e-06,1.3083342849363821e-05,0.0,1.3850433097431426e-06,1.4702201734136776e-07,0.0,1.026046810010203e-08,-7.777049096002804e-12
286,17220.0,17220,1.2376226278544996e-06,1.2376148359573007e-06,1.3100513624858919e-05,0.0,1.384643205756832e-06,1.4702837191120806e-07,0.0,1.0260461043465797e-08,-7.789766785075753e-12
287,17280.0,17280,1.237218113717117e-06,1.237210309226513e-06,1.3117678625840488e-05,0.0,1.3842450077529046e-06,1.4703470068014307e-07,0.0,1.0260453999899262e-08,-7.80239426890178e-12
288,17340.0,17340,1.2368155244834603e-06,1.236807707488619e-06,1.3134837879742835e-05,0.0,1.3838487089911104e-06,1.4704100369625842e-07,0.0,1.0260446969284523e-08,-7.814931843391304e-12
289,17400.0,17400,1.2364148534159418e-06,1.2364070239059378e-06,1.315199141390456e-05,0.0,1.3834543027797093e-06,1.4704728100734769e-07,0.0,1.02604399515056e-08,-7.827379293265245e-12
290,17460.0,17460,1.2360160938258952e-06,1.236008251963086e-06,1.3169139255569202e-05,0.0,1.3830617824771938e-06,1.4705353266090927e-07,0.0,1.026043294645505e-08,-7.839736723171149e-12
291,17520.0,17520,1.2356192390734103e-06,1.2356113849656202e-06,1.3186281431884379e-05,0.0,1.3826711414929973e-06,1.4705975870408975e-07,0.0,1.0260425954029374e-08,-7.852004753183755e-12
292,17580.0,17580,1.2352242825686444e-06,1.2352164162606832e-06,1.3203417969903302e-05,0.0,1.382282373283398e-06,1.470659591837831e-07,0.0,1.0260418974120915e-08,-7.86418349909691e-12
293,17640.0,17640,1.2348312177725056e-06,1.2348233393458932e-06,1.322054889658741e-05,0.0,1.3818954713519551e-06,1.4707213414659826e-07,0.0,1.0260412006626391e-08,-7.876272297865135e-12
294,17700.0,17700,1.2344400381903151e-06,1.2344321477960056e-06,1.3237674238803525e-05,0.0,1.3815104292547274e-06,1.4707828363877532e-07,0.0,1.0260405051457135e-08,-7.888272367455916e-12
295,17760.0,17760,1.2340507373779672e-06,1.23404283500539e-06,1.325479402332778e-05,0.0,1.3811272405930327e-06,1.4708440770630688e-07,0.0,1.0260398108512105e-08,-7.900183758335422e-12
296,17820.0,17820,1.2336633089406045e-06,1.233655394840903e-06,1.327190827684388e-05,0.0,1.3807458990139417e-06,1.4709050639491922e-07,0.0,1.0260391177693994e-08,-7.91200611684072e-12
297,17880.0,17880,1.233277746528329e-06,1.233269820625091e-06,1.3289017025944407e-05,0.0,1.3803663982146738e-06,1.4709657974995113e-07,0.0,1.0260384258917015e-08,-7.92373988666011e-12
298,17940.0,17940,1.2328940438387157e-06,1.232886106273458e-06,1.330612029713388e-05,0.0,1.3799887319388566e-06,1.471026278165433e-07,0.0,1.0260377352093145e-08,-7.935385576910797e-12
299,18000.0,18000,1.2325121946172492e-06,1.2325042455420864e-06,1.3323218116825041e-05,0.0,1.3796128939757461e-06,1.4710865063945577e-07,0.0,1.0260370457131902e-08,-7.946943228626468e-12
300,18060.0,18060,1.232132192655521e-06,1.2321242320514558e-06,1.3340310511343666e-05,0.0,1.3792388781607741e-06,1.471146482632147e-07,0.0,1.0260363573947183e-08,-7.958412809951517e-12
301,18120.0,18120,1.2317540317900418e-06,1.2317460598583553e-06,1.335739750692659e-05,0.0,1.3788666783766123e-06,1.4712062073201332e-07,0.0,1.0260356702459284e-08,-7.96979531077431e-12
302,18180.0,18180,1.2313777059063107e-06,1.2313697226084892e-06,1.3374479129723245e-05,0.0,1.3784962885483387e-06,1.4712656808981613e-07,0.0,1.0260349842577085e-08,-7.981089908097674e-12
303,18240.0,18240,1.2310032089316722e-06,1.2309952144473092e-06,1.3391555405796527e-05,0.0,1.3781277026497741e-06,1.4713249038020524e-07,0.0,1.0260342994228034e-08,-7.992297738451405e-12
304,18300.0,18300,1.2306305348408627e-06,1.2306225292069691e-06,1.3408626361122584e-05,0.0,1.3777609146971994e-06,1.4713838764655786e-07,0.0,1.026033615732677e-08,-8.003418497633831e-12
305,18360.0,18360,1.2302596776523889e-06,1.2302516609747542e-06,1.3425692021593654e-05,0.0,1.37739591875273e-06,1.471442599319217e-07,0.0,1.0260329331797966e-08,-8.01445256367752e-12
306,18420.0,18420,1.2298906314290218e-06,1.2298826037126992e-06,1.3442752413015001e-05,0.0,1.3770327089232218e-06,1.4715010727904241e-07,0.0,1.026032251756512e-08,-8.02540068830296e-12
307,18480.0,18480,1.2295233902792564e-06,1.2295153517981017e-06,1.3459807561109734e-05,0.0,1.3766712793567493e-06,1.471559297304231e-07,0.0,1.0260315714545009e-08,-8.036262279568301e-12
308,18540.0,18540,1.229157948354062e-06,1.2291498991329997e-06,1.3476857491515513e-05,0.0,1.3763116242474792e-06,1.4716172732825967e-07,0.0,1.0260308922668276e-08,-8.04703822353161e-12
309,18600.0,18600,1.2287942998488487e-06,1.2287862398855435e-06,1.3493902229788282e-05,0.0,1.3759537378311926e-06,1.471675001144663e-07,0.0,1.0260302141856716e-08,-8.057728405774683e-12
310,18660.0,18660,1.2284324390010501e-06,1.2284243683927144e-06,1.3510941801400725e-05,0.0,1.3755976143878522e-06,1.471732481306619e-07,0.0,1.0260295372038839e-08,-8.068333214395667e-12
311,18720.0,18720,1.2280723600915709e-06,1.2280642789872874e-06,1.3527976231744454e-05,0.0,1.3752432482399623e-06,1.4717897141821256e-07,0.0,1.0260288613143051e-08,-8.078853064407017e-12
312,18780.0,18780,1.2277140574441036e-06,1.2277059658488575e-06,1.3545005546130238e-05,0.0,1.374890633751628e-06,1.4718467001817897e-07,0.0,1.0260281865093492e-08,-8.089287995756065e-12
313,18840.0,18840,1.2273575254245563e-06,1.2273494236204249e-06,1.356202976978755e-05,0.0,1.3745397653290728e-06,1.4719034397136906e-07,0.0,1.0260275127820487e-08,-8.09963845271014e-12
314,18900.0,18900,1.2270027584412012e-06,1.2269946463194042e-06,1.3579048927866328e-05,0.0,1.3741906374195885e-06,1.4719599331830057e-07,0.0,1.0260268401251375e-08,-8.109904258744444e-12
315,18960.0,18960,1.2266497509421216e-06,1.2266416286508818e-06,1.3596063045436312e-05,0.0,1.3738432445140463e-06,1.472016180991993e-07,0.0,1.0260261685321926e-08,-8.120086415035214e-12
316,19020.0,19020,1.2262984974195278e-06,1.2262903650029306e-06,1.3613072147490542e-05,0.0,1.3734975811414902e-06,1.4720721835407597e-07,0.0,1.0260254979954461e-08,-8.130184449839715e-12
317,19080.0,19080,1.22594899240428e-06,1.2259408499632391e-06,1.3630076258941209e-05,0.0,1.3731536418737658e-06,1.472127941225862e-07,0.0,1.0260248285086457e-08,-8.140199000664723e-12
318,19140.0,19140,1.2256012304690296e-06,1.2255930780959638e-06,1.3647075404625117e-05,0.0,1.3728114213228852e-06,1.4721834544417566e-07,0.0,1.0260241600648028e-08,-8.150130272248436e-12
319,19200.0,19200,1.225255206226362e-06,1.2252470439860751e-06,1.3664069609300617e-05,0.0,1.3724709141408346e-06,1.4722387235800653e-07,0.0,1.0260234926570673e-08,-8.159978675970566e-12
320,19260.0,19260,1.2249109143300255e-06,1.2249027423604014e-06,1.3681058897650896e-05,0.0,1.3721321150186742e-06,1.4722937490295772e-07,0.0,1.0260228262785145e-08,-8.169744106483363e-12
321,19320.0,19320,1.2245683494729787e-06,1.2245601677533404e-06,1.3698043294282003e-05,0.0,1.3717950186875348e-06,1.4723485311766058e-07,0.0,1.0260221609226786e-08,-8.179426996603664e-12
322,19380.0,19380,1.2242275063871168e-06,1.224219315127677e-06,1.3715022823725472e-05,0.0,1.3714596199189995e-06,1.4724030704048348e-07,0.0,1.0260214965830298e-08,-8.189027907019063e-12
323,19440.0,19440,1.2238883798454436e-06,1.2238801790283661e-06,1.373199751043854e-05,0.0,1.3711259135211986e-06,1.4724573670951317e-07,0.0,1.0260208332525153e-08,-8.198546419127893e-12
324,19500.0,19500,1.2235509646575784e-06,1.2235427543692863e-06,1.3748967378803717e-05,0.0,1.3707938943439447e-06,1.4725114216258544e-07,0.0,1.0260201709251493e-08,-8.20798352133911e-12
325,19560.0,19560,1.2232152556739885e-06,1.2232070361042635e-06,1.3765932453129866e-05,0.0,1.3704635572726545e-06,1.4725652343728515e-07,0.0,1.0260195095939431e-08,-8.217338741304174e-12
326,19620.0,19620,1.222881247781211e-06,1.2228730188466208e-06,1.3782892757651559e-05,0.0,1.3701348972342492e-06,1.4726188057090005e-07,0.0,1.0260188492530712e-08,-8.226613085001833e-12
327,19680.0,19680,1.2225489359063448e-06,1.222540697861092e-06,1.3799848316533005e-05,0.0,1.3698079091902989e-06,1.4726721360050628e-07,0.0,1.0260181898953849e-08,-8.235806357446527e-12
328,19740.0,19740,1.222218315013418e-06,1.2222100678861696e-06,1.3816799153865426e-05,0.0,1.3694825881411736e-06,1.4727252256290677e-07,0.0,1.0260175315147168e-08,-8.244918736284665e-12
329,19800.0,19800,1.2218893801034972e-06,1.2218811239139332e-06,1.383374529366859e-05,0.0,1.3691589291254974e-06,1.4727780749463303e-07,0.0,1.0260168741049213e-08,-8.253950746784902e-12
330,19860.0,19860,1.2215621262153843e-06,1.2215538610717385e-06,1.3850686759890815e-05,0.0,1.3688369272182778e-06,1.472830684319725e-07,0.0,1.0260162176595005e-08,-8.26290257291814e-12
331,19920.0,19920,1.221236548425616e-06,1.2212282743869972e-06,1.3867623576412235e-05,0.0,1.3685165775307273e-06,1.4728830541097865e-07,0.0,1.0260155621720311e-08,-8.27177434696736e-12
332,19980.0,19980,1.2209126418469892e-06,1.2209043589997252e-06,1.3884555767040438e-05,0.0,1.3681978752110972e-06,1.4729351846743356e-07,0.0,1.0260149076363996e-08,-8.280566333982433e-12
333,20040.0,20040,1.2205904016284106e-06,1.22058211002388e-06,1.3901483355514621e-05,0.0,1.3678808154447182e-06,1.4729870763688373e-07,0.0,1.02601425404646e-08,-8.289279050556303e-12
334,20100.0,20100,1.220269822956604e-06,1.22026152272675e-06,1.3918406365505581e-05,0.0,1.3675653934508455e-06,1.4730387295461954e-07,0.0,1.0260136013955759e-08,-8.297912069104455e-12
335,20160.0,20160,1.2199509010516993e-06,1.2199425922453055e-06,1.39353248206155e-05,0.0,1.367251604487904e-06,1.4730901445567028e-07,0.0,1.0260129496784015e-08,-8.30646649946012e-12
336,20220.0,20220,1.2196336311718063e-06,1.2196253139129355e-06,1.3952238744379043e-05,0.0,1.3669394438472864e-06,1.473141321748551e-07,0.0,1.0260122988880549e-08,-8.314942156069828e-12
337,20280.0,20280,1.2193180086102851e-06,1.219309682964697e-06,1.3969148160262912e-05,0.0,1.3666289068555945e-06,1.4731922614670134e-07,0.0,1.0260116490184972e-08,-8.32333914892474e-12
338,20340.0,20340,1.2190040286954853e-06,1.2189956947400567e-06,1.3986053091667601e-05,0.0,1.3663199888753078e-06,1.4732429640554513e-07,0.0,1.0260110000638492e-08,-8.33165782661445e-12
339,20400.0,20400,1.2186916867903234e-06,1.218683344666421e-06,1.4002953561926954e-05,0.0,1.3660126853040866e-06,1.473293429854682e-07,0.0,1.0260103520181571e-08,-8.339898481734351e-12
340,20460.0,20460,1.2183809782922686e-06,1.218372627828903e-06,1.4019849594310139e-05,0.0,1.3657069915742125e-06,1.4733436592025867e-07,0.0,1.0260097048753501e-08,-8.34806169210596e-12
341,20520.0,20520,1.2180718986358286e-06,1.2180635402578916e-06,1.4036741212018795e-05,0.0,1.3654029031497477e-06,1.4733936524354928e-07,0.0,1.0260090586288234e-08,-8.35614677513404e-12
342,20580.0,20580,1.217764443286336e-06,1.217756076771282e-06,1.405362843819229e-05,0.0,1.3651004155327763e-06,1.47344340988686e-07,0.0,1.0260084132736155e-08,-8.364154881317851e-12
343,20640.0,20640,1.2174586077450685e-06,1.217450233397783e-06,1.4070511295903781e-05,0.0,1.364799524256835e-06,1.4734929318876384e-07,0.0,1.0260077688031114e-08,-8.372085966813758e-12
344,20700.0,20700,1.2171543875477485e-06,1.2171460052524176e-06,1.408738980816349e-05,0.0,1.3645002248886203e-06,1.4735422187670535e-07,0.0,1.026007125211336e-08,-8.379940101283953e-12
345,20760.0,20760,1.2168517782627112e-06,1.216843388200881e-06,1.4104263997918267e-05,0.0,1.3642025130293e-06,1.4735912708514465e-07,0.0,1.026006482492538e-08,-8.38771745704836e-12
346,20820.0,20820,1.2165507754911516e-06,1.2165423777373092e-06,1.4121133888052035e-05,0.0,1.3639063843139801e-06,1.473640088464853e-07,0.0,1.0260058406411375e-08,-8.395418702504189e-12
347,20880.0,20880,1.2162513748693776e-06,1.2162429694560269e-06,1.4137999501386001e-05,0.0,1.3636118344079214e-06,1.4736886719293803e-07,0.0,1.0260051996507538e-08,-8.40304339834465e-12
348,20940.0,20940,1.2159535720636745e-06,1.2159451590445161e-06,1.4154860860679745e-05,0.0,1.3633188590132053e-06,1.4737370215644718e-07,0.0,1.0260045595162547e-08,-8.41059258105563e-12
349,21000.0,21000,1.215657362775673e-06,1.2156489423660958e-06,1.4171717988631016e-05,0.0,1.3630274538607848e-06,1.4737851376873525e-07,0.0,1.0260039202311745e-08,-8.41806602673257e-12
350,21060.0,21060,1.2153627427394121e-06,1.2153543148874778e-06,1.4188570907877463e-05,0.0,1.3627376147142258e-06,1.4738330206133172e-07,0.0,1.0260032817897728e-08,-8.425463855157383e-12
351,21120.0,21120,1.2150697077200425e-06,1.2150612726034732e-06,1.42054196409949e-05,0.0,1.3624493373701591e-06,1.4738806706550328e-07,0.0,1.02600264418648e-08,-8.432786041261453e-12
352,21180.0,21180,1.2147782535134165e-06,1.2147698111775543e-06,1.4222264210500357e-05,0.0,1.3621626176596592e-06,1.4739280881227582e-07,0.0,1.0260020074163024e-08,-8.440034016065801e-12
353,21240.0,21240,1.2144883759510453e-06,1.2144799264343354e-06,1.4239104638849897e-05,0.0,1.3618774514396256e-06,1.4739752733250626e-07,0.0,1.0260013714721237e-08,-8.447206481021176e-12
354,21300.0,21300,1.214200070892424e-06,1.2141916143335286e-06,1.4255940948442118e-05,0.0,1.361593834603424e-06,1.4740222265678694e-07,0.0,1.026000736349441e-08,-8.454304744912905e-12
355,21360.0,21360,1.2139133342307123e-06,1.2139048706151823e-06,1.4272773161615304e-05,0.0,1.3613117630729494e-06,1.4740689481549672e-07,0.0,1.0260001020419912e-08,-8.461328701853046e-12
356,21420.0,21420,1.2136281618898821e-06,1.2136196912923406e-06,1.4289601300649614e-05,0.0,1.3610312328014403e-06,1.474115438388131e-07,0.0,1.0259994685440662e-08,-8.468278260814576e-12
357,21480.0,21480,1.213344549824346e-06,1.2133360723360238e-06,1.4306425387769046e-05,0.0,1.3607522397735198e-06,1.4741616975666603e-07,0.0,1.0259988358504055e-08,-8.475153948601105e-12
358,21540.0,21540,1.213062494019246e-06,1.213054009728779e-06,1.432324544513773e-05,0.0,1.3604747800047857e-06,1.4742077259880955e-07,0.0,1.0259982039554397e-08,-8.481956089328888e-12
359,21600.0,21600,1.212781990491546e-06,1.2127734994990008e-06,1.4340061494865164e-05,0.0,1.360198849539598e-06,1.4742535239472976e-07,0.0,1.0259975728532362e-08,-8.488684415856942e-12
360,21660.0,21660,1.2125030352865071e-06,1.212494537698233e-06,1.43568735590025e-05,0.0,1.3599244444551077e-06,1.4742990917371812e-07,0.0,1.0259969425388338e-08,-8.49533988401845e-12
361,21720.0,21720,1.2122256244820725e-06,1.2122171203353675e-06,1.4373681659545825e-05,0.0,1.3596515608555072e-06,1.474344429648629e-07,0.0,1.0259963130060333e-08,-8.501922052596214e-12
362,21780.0,21780,1.211949754184852e-06,1.2119412434004767e-06,1.4390485818435725e-05,0.0,1.3593801948763604e-06,1.4743895379703904e-07,0.0,1.0259956842496811e-08,-8.508431196490793e-12
363,21840.0,21840,1.2116754205304092e-06,1.2116669034233141e-06,1.440728605755619e-05,0.0,1.3591103426840819e-06,1.4744344169886533e-07,0.0,1.0259950562645704e-08,-8.514868059662315e-12
364,21900.0,21900,1.2114026196859375e-06,1.2113940960464696e-06,1.4424082398737889e-05,0.0,1.3588420004719097e-06,1.4744790669883774e-07,0.0,1.025994429044737e-08,-8.521232370389571e-12
365,21960.0,21960,1.2111313478474472e-06,1.2111228179169718e-06,1.4440874863757082e-05,0.0,1.3585751644633329e-06,1.474523488251602e-07,0.0,1.0259938025849205e-08,-8.527524278985156e-12
366,22020.0,22020,1.2108616012389601e-06,1.210853065146989e-06,1.4457663474334091e-05,0.0,1.358309830912296e-06,1.4745676810584725e-07,0.0,1.0259931768799676e-08,-8.533744534073736e-12
367,22080.0,22080,1.2105933761158409e-06,1.2105848338810985e-06,1.4474448252138755e-05,0.0,1.358045996098638e-06,1.4746116456873753e-07,0.0,1.025992551923903e-08,-8.539892382381646e-12
368,22140.0,22140,1.2103266687592808e-06,1.2103181204738442e-06,1.449122921878498e-05,0.0,1.3577836563352888e-06,1.4746553824141362e-07,0.0,1.0259919277124055e-08,-8.54596927480854e-12
369,22200.0,22200,1.2100614754823465e-06,1.2100529211596546e-06,1.4508006395834878e-05,0.0,1.357522807959189e-06,1.4746988915130277e-07,0.0,1.0259913042390521e-08,-8.5519743886431e-12
370,22260.0,22260,1.2097977926247366e-06,1.2097892323566483e-06,1.4524779804799648e-05,0.0,1.357263447338239e-06,1.474742173255727e-07,0.0,1.025990681499052e-08,-8.557908384635175e-12
371,22320.0,22320,1.2095356165549534e-06,1.2095270504990325e-06,1.4541549467135645e-05,0.0,1.357005570867914e-06,1.4747852279123754e-07,0.0,1.0259900594870595e-08,-8.563771495158102e-12
372,22380.0,22380,1.209274943670165e-06,1.209266371786068e-06,1.455831540425049e-05,0.0,1.356749174971195e-06,1.4748280557508093e-07,0.0,1.025989438197612e-08,-8.569563658674807e-12
373,22440.0,22440,1.2090157703951278e-06,1.2090071927783602e-06,1.4575077637499797e-05,0.0,1.3564942560993874e-06,1.474870657037055e-07,0.0,1.0259888176256945e-08,-8.57528518638177e-12
374,22500.0,22500,1.208758093181489e-06,1.2087495098842625e-06,1.4591836188187615e-05,0.0,1.3562408107322458e-06,1.47491303203463e-07,0.0,1.0259881977661641e-08,-8.580936684837644e-12
375,22560.0,22560,1.208501908511188e-06,1.2084933195863428e-06,1.460859107756926e-05,0.0,1.3559888353743941e-06,1.4749551810056855e-07,0.0,1.0259875786131418e-08,-8.586517550940106e-12
376,22620.0,22620,1.2082472128911162e-06,1.2082386184391286e-06,1.4625342326847385e-05,0.0,1.355738326560516e-06,1.4749971042100518e-07,0.0,1.0259869601622105e-08,-8.592028733237233e-12
377,22680.0,22680,1.2079940028570495e-06,1.2079854030451392e-06,1.4642089957177666e-05,0.0,1.3554892808506289e-06,1.4750388019055098e-07,0.0,1.0259863424076405e-08,-8.59746984201961e-12
378,22740.0,22740,1.2077422749704534e-06,1.2077336696688083e-06,1.4658833989666607e-05,0.0,1.3552416948335137e-06,1.4750802743481676e-07,0.0,1.0259857253447904e-08,-8.602841598051386e-12
379,22800.0,22800,1.207492025821556e-06,1.207483415301628e-06,1.467557444537024e-05,0.0,1.354995565123011e-06,1.4751215217917603e-07,0.0,1.0259851089680478e-08,-8.608143638240583e-12
380,22860.0,22860,1.207243252025373e-06,1.207234636299399e-06,1.4692311345296738e-05,0.0,1.3547508883614108e-06,1.47516254448835e-07,0.0,1.0259844932728356e-08,-8.613376920163675e-12
381,22920.0,22920,1.2069959502263378e-06,1.206987329226045e-06,1.4709044710407735e-05,0.0,1.354507661214998e-06,1.475203342687968e-07,0.0,1.0259838782532747e-08,-8.618540766290334e-12
382,22980.0,22980,1.20675011709303e-06,1.20674149106735e-06,1.4725774561615037e-05,0.0,1.3542658803784785e-06,1.4752439166388688e-07,0.0,1.0259832639049263e-08,-8.623635965779168e-12
383,23040.0,23040,1.206505749321672e-06,1.2064971182287312e-06,1.4742500919785439e-05,0.0,1.3540255425720702e-06,1.4752842665871056e-07,0.0,1.0259826502225091e-08,-8.628662510977771e-12
384,23100.0,23100,1.206262843634284e-06,1.2062542075683043e-06,1.475922380573657e-05,0.0,1.3537866445419536e-06,1.4753243927770757e-07,0.0,1.0259820372009334e-08,-8.63362038920885e-12
385,23160.0,23160,1.2060213967783986e-06,1.206012755871582e-06,1.4775943240240824e-05,0.0,1.3535491830610222e-06,1.4753642954508198e-07,0.0,1.0259814248356008e-08,-8.638510255798901e-12
386,23220.0,23220,1.2057814055283573e-06,1.2057727597594808e-06,1.4792659244025365e-05,0.0,1.3533131549269722e-06,1.4754039748489795e-07,0.0,1.0259808131209844e-08,-8.643332143732467e-12
387,23280.0,23280,1.2055428666850925e-06,1.2055342162415337e-06,1.48093718377695e-05,0.0,1.3530785569619725e-06,1.4754434312102837e-07,0.0,1.0259802020520477e-08,-8.648085711239472e-12
388,23340.0,23340,1.2053057770725626e-06,1.205297121861575e-06,1.4826081042107958e-05,0.0,1.352845386016791e-06,1.4754826647712257e-07,0.0,1.0259795916244912e-08,-8.652771884393706e-12
389,23400.0,23400,1.205070133542273e-06,1.2050614736865672e-06,1.4842786877631331e-05,0.0,1.3526136389647846e-06,1.475521675766574e-07,0.0,1.0259789818328196e-08,-8.657390451241752e-12
390,23460.0,23460,1.204835932970462e-06,1.2048272686427346e-06,1.4859489364884318e-05,0.0,1.3523833127057235e-06,1.4755604644292537e-07,0.0,1.0259783726722959e-08,-8.661941749419106e-12
391,23520.0,23520,1.2046031722586618e-06,1.204594503354175e-06,1.4876188524368137e-05,0.0,1.3521544041637286e-06,1.4755990309904308e-07,0.0,1.0259777641379372e-08,-8.666425946287218e-12
392,23580.0,23580,1.2043718483340251e-06,1.2043631751684532e-06,1.4892884376540081e-05,0.0,1.3519269102874768e-06,1.4756373756792409e-07,0.0,1.0259771562246965e-08,-8.670842856058479e-12
393,23640.0,23640,1.2041419581470316e-06,1.2041332805725484e-06,1.4909576941812214e-05,0.0,1.3517008280518803e-06,1.4756754987230772e-07,0.0,1.0259765489282102e-08,-8.675193271129555e-12
394,23700.0,23700,1.20391349867426e-06,1.203904816783284e-06,1.4926266240555732e-05,0.0,1.351476154455151e-06,1.4757134003474046e-07,0.0,1.0259759422431965e-08,-8.679476944627597e-12
395,23760.0,23760,1.2036864669163665e-06,1.2036777808032834e-06,1.4942952293097262e-05,0.0,1.351252886520439e-06,1.4757510807759978e-07,0.0,1.0259753361650462e-08,-8.68369433674865e-12
396,23820.0,23820,1.2034608598993965e-06,1.2034521695712532e-06,1.4959635119721245e-05,0.0,1.3510310212943025e-06,1.475788540230958e-07,0.0,1.0259747306886698e-08,-8.687845141256295e-12
397,23880.0,23880,1.2032366746715748e-06,1.2032279802903877e-06,1.4976314740670618e-05,0.0,1.3508105558500824e-06,1.4758257789318092e-07,0.0,1.0259741258097994e-08,-8.691930245600922e-12
398,23940.0,23940,1.2030139083077711e-06,1.2030052099456372e-06,1.4992991176146131e-05,0.0,1.3505914872819186e-06,1.4758627970972042e-07,0.0,1.0259735215230469e-08,-8.695949301503214e-12
399,24000.0,24000,1.2027925579064694e-06,1.2027838555476417e-06,1.500966444630659e-05,0.0,1.3503738127090133e-06,1.475899594943628e-07,0.0,1.0259729178239094e-08,-8.699902600251206e-12
400,24060.0,24060,1.2025726205887283e-06,1.2025639143209002e-06,1.5026334571268622e-05,0.0,1.3501575292752599e-06,1.475936172685705e-07,0.0,1.0259723147077244e-08,-8.703790380200161e-12
401,24120.0,24120,1.2023540935006955e-06,1.2023453833787282e-06,1.504300157111061e-05,0.0,1.34994263414762e-06,1.4759725305360788e-07,0.0,1.0259717121696798e-08,-8.70761278866886e-12
402,24180.0,24180,1.2021369738118858e-06,1.202128259959774e-06,1.505966546586899e-05,0.0,1.349729124516422e-06,1.4760086687060788e-07,0.0,1.025971110205049e-08,-8.711370059007258e-12
403,24240.0,24240,1.201921258715578e-06,1.2019125412171227e-06,1.5076326275539548e-05,0.0,1.3495169975952531e-06,1.4760445874051736e-07,0.0,1.0259705088090838e-08,-8.71506216981698e-12
404,24300.0,24300,1.201706945428077e-06,1.2016982243149766e-06,1.5092984020078957e-05,0.0,1.3493062506214913e-06,1.4760802868406635e-07,0.0,1.025969907977271e-08,-8.718689471406944e-12
405,24360.0,24360,1.2014940311889734e-06,1.2014853064718394e-06,1.5109638719404341e-05,0.0,1.349096880855773e-06,1.4761157672184832e-07,0.0,1.0259693077049906e-08,-8.722252210977038e-12
406,24420.0,24420,1.201282513261853e-06,1.2012737851105826e-06,1.5126290393393489e-05,0.0,1.348888885580873e-06,1.4761510287428434e-07,0.0,1.0259687079872598e-08,-8.72575034265858e-12
407,24480.0,24480,1.201072388932865e-06,1.201063657355447e-06,1.5142939061886164e-05,0.0,1.3486822621029614e-06,1.4761860716158548e-07,0.0,1.0259681088196718e-08,-8.729184135037953e-12
408,24540.0,24540,1.2008636555113466e-06,1.200854920396461e-06,1.515958474468062e-05,0.0,1.3484770077508786e-06,1.4762208960383986e-07,0.0,1.0259675101976177e-08,-8.732553494658243e-12
409,24600.0,24600,1.2006563103275323e-06,1.200647572006723e-06,1.5176227461542325e-05,0.0,1.3482731198786085e-06,1.476255502208779e-07,0.0,1.0259669121169146e-08,-8.735859617637356e-12
410,24660.0,24660,1.2004503507390251e-06,1.2004416092155837e-06,1.5192867232193921e-05,0.0,1.348070595856565e-06,1.4762898903249577e-07,0.0,1.0259663145717049e-08,-8.739100997967598e-12
411,24720.0,24720,1.200245774120691e-06,1.2002370293308379e-06,1.5209504076322436e-05,0.0,1.3478694330847298e-06,1.476324060581688e-07,0.0,1.0259657175589585e-08,-8.74227940482662e-12
412,24780.0,24780,1.2000425778744507e-06,1.2000338300213925e-06,1.5226138013577742e-05,0.0,1.3476696289795686e-06,1.4763580131732271e-07,0.0,1.0259651210729348e-08,-8.745393621716896e-12
413,24840.0,24840,1.199840759420157e-06,1.1998320085373816e-06,1.5242769063573881e-05,0.0,1.3474711809850257e-06,1.476391748291136e-07,0.0,1.025964525110252e-08,-8.748445296034494e-12
414,24900.0,24900,1.1996403162044317e-06,1.1996315623689522e-06,1.5259397245885557e-05,0.0,1.3472740865621038e-06,1.47642526612607e-07,0.0,1.0259639296650092e-08,-8.751433155506867e-12
415,24960.0,24960,1.1994412456927975e-06,1.1994324888827077e-06,1.5276022580053174e-05,0.0,1.3470783431973713e-06,1.4764585668666534e-07,0.0,1.0259633347338669e-08,-8.7543583028949e-12
416,25020.0,25020,1.1992435453741992e-06,1.1992347856800332e-06,1.5292645085580417e-05,0.0,1.3468839483979515e-06,1.4764916506997516e-07,0.0,1.0259627403117678e-08,-8.757220415185505e-12
417,25080.0,25080,1.19904721275871e-06,1.1990384503232003e-06,1.530926478193754e-05,0.0,1.3466908996932015e-06,1.4765245178104384e-07,0.0,1.0259621463945719e-08,-8.760020128676067e-12
418,25140.0,25140,1.1988522453795931e-06,1.198843480261534e-06,1.532588168855613e-05,0.0,1.3464991946330868e-06,1.476557168382745e-07,0.0,1.0259615529773179e-08,-8.762757270822047e-12
419,25200.0,25200,1.1986586407916761e-06,1.1986498729949737e-06,1.534249582483454e-05,0.0,1.346308830789043e-06,1.47658960259845e-07,0.0,1.0259609600556632e-08,-8.765431550166745e-12
420,25260.0,25260,1.1984663965687025e-06,1.1984576262179793e-06,1.5359107210135958e-05,0.0,1.3461198057573746e-06,1.4766218206376592e-07,0.0,1.0259603676260012e-08,-8.768044348036617e-12
421,25320.0,25320,1.1982755103097222e-06,1.1982667373331819e-06,1.5375715863789695e-05,0.0,1.345932117150844e-06,1.476653822679368e-07,0.0,1.0259597756827518e-08,-8.770594757267388e-12
422,25380.0,25380,1.1980859796333014e-06,1.1980772041362829e-06,1.539232180509098e-05,0.0,1.3457457626062635e-06,1.4766856089003357e-07,0.0,1.0259591842220205e-08,-8.773083352123777e-12
423,25440.0,25440,1.1978978021798313e-06,1.1978890243349897e-06,1.5408925053300066e-05,0.0,1.3455607397803173e-06,1.4767171794761266e-07,0.0,1.025958593239358e-08,-8.775509798766928e-12
424,25500.0,25500,1.1977109756086996e-06,1.1977021953452083e-06,1.5425525627645097e-05,0.0,1.3453770463541216e-06,1.476748534580154e-07,0.0,1.0259580027310727e-08,-8.777875330433481e-12
425,25560.0,25560,1.1975254976039457e-06,1.1975167150393804e-06,1.5442123547321e-05,0.0,1.3451946800250733e-06,1.4767796743846366e-07,0.0,1.0259574126916694e-08,-8.78017921348437e-12
426,25620.0,25620,1.1973413658690844e-06,1.1973325810755143e-06,1.5458718831489043e-05,0.0,1.3450136385131708e-06,1.476810599060273e-07,0.0,1.0259568231172326e-08,-8.782421639453712e-12
427,25680.0,25680,1.1971585781273241e-06,1.197149791116877e-06,1.5475311499278384e-05,0.0,1.344833919560825e-06,1.476841308775611e-07,0.0,1.025956234003793e-08,-8.784603314059446e-12
428,25740.0,25740,1.1969771321250498e-06,1.1969683430461802e-06,1.5491901569785392e-05,0.0,1.3446555209282558e-06,1.4768718036979869e-07,0.0,1.0259556453463786e-08,-8.78672379085182e-12
429,25800.0,25800,1.1967970256275206e-06,1.196788234489775e-06,1.5508489062074758e-05,0.0,1.344478440398381e-06,1.4769020839931482e-07,0.0,1.0259550571411695e-08,-8.788783421767783e-12
430,25860.0,25860,1.196618256420823e-06,1.196609463181181e-06,1.5525073995180356e-05,0.0,1.3443026757745499e-06,1.476932149825e-07,0.0,1.0259544693839191e-08,-8.79078273105519e-12
431,25920.0,25920,1.1964408223127588e-06,1.1964320272544315e-06,1.554165638810242e-05,0.0,1.3441282248785903e-06,1.4769620013560123e-07,0.0,1.0259538820698048e-08,-8.79272113765748e-12
432,25980.0,25980,1.1962647211297446e-06,1.1962559241341595e-06,1.555823625981211e-05,0.0,1.343955085555411e-06,1.4769916387470166e-07,0.0,1.0259532951952842e-08,-8.794599489843337e-12
433,26040.0,26040,1.1960899507198847e-06,1.196081151865134e-06,1.5574813629249343e-05,0.0,1.3437832556680706e-06,1.4770210621571716e-07,0.0,1.0259527087556307e-08,-8.796417675282433e-12
434,26100.0,26100,1.1959165089513048e-06,1.1959077084396392e-06,1.5591388515323005e-05,0.0,1.343612733100128e-06,1.4770502717442532e-07,0.0,1.0259521227465763e-08,-8.798175978424068e-12
435,26160.0,26160,1.1957443937134226e-06,1.195735591432197e-06,1.560796093691183e-05,0.0,1.3434435157538793e-06,1.4770792676645514e-07,0.0,1.025951537163629e-08,-8.799873999757157e-12
436,26220.0,26220,1.195573602913301e-06,1.1955647989234402e-06,1.5624530912865047e-05,0.0,1.3432756015544837e-06,1.4771080500722744e-07,0.0,1.0259509520032251e-08,-8.801512575498252e-12
437,26280.0,26280,1.1954041344797177e-06,1.1953953290013772e-06,1.564109846200217e-05,0.0,1.3431089884445395e-06,1.4771366191205375e-07,0.0,1.0259503672607447e-08,-8.803091343326172e-12
438,26340.0,26340,1.195235986360202e-06,1.1952271793467832e-06,1.5657663603111903e-05,0.0,1.342943674388252e-06,1.4771649749608165e-07,0.0,1.0259497829322399e-08,-8.804610917394431e-12
439,26400.0,26400,1.1950691565233289e-06,1.1950603480835985e-06,1.5674226354956073e-05,0.0,1.3427796573676624e-06,1.4771931177428467e-07,0.0,1.0259491990132828e-08,-8.806070973036962e-12
440,26460.0,26460,1.194903642955879e-06,1.1948948330181635e-06,1.5690786736266344e-05,0.0,1.3426169353864041e-06,1.4772210476148607e-07,0.0,1.025948615500011e-08,-8.807472284490565e-12
441,26520.0,26520,1.1947394436665935e-06,1.1947306324051462e-06,1.5707344765745765e-05,0.0,1.3424555064648407e-06,1.4772487647237088e-07,0.0,1.025948032387591e-08,-8.808814174482932e-12
442,26580.0,26580,1.1945765566811215e-06,1.1945677442504059e-06,1.572390046206963e-05,0.0,1.3422953686458565e-06,1.4772762692145501e-07,0.0,1.0259474496726512e-08,-8.810097789643527e-12
443,26640.0,26640,1.1944149800481922e-06,1.1944061663336788e-06,1.574045384388438e-05,0.0,1.342136519987359e-06,1.4773035612312477e-07,0.0,1.0259468673500702e-08,-8.81132190841777e-12
444,26700.0,26700,1.1942547118312448e-06,1.194245896962213e-06,1.575700492981047e-05,0.0,1.3419789585721256e-06,1.4773306409158029e-07,0.0,1.0259462854170096e-08,-8.812487945622153e-12
445,26760.0,26760,1.1940957501157057e-06,1.1940869341874564e-06,1.577355373843884e-05,0.0,1.3418226824989671e-06,1.4773575084084928e-07,0.0,1.0259457038686469e-08,-8.813595891137113e-12
446,26820.0,26820,1.1939380930078024e-06,1.1939292760350168e-06,1.5790100288335087e-05,0.0,1.3416676898838348e-06,1.4773841638490826e-07,0.0,1.0259451227002233e-08,-8.814644874716805e-12
447,26880.0,26880,1.193781738629303e-06,1.1937729205787534e-06,1.5806644598037278e-05,0.0,1.341513978866402e-06,1.4774106073748113e-07,0.0,1.0259445419089541e-08,-8.815636214675525e-12
448,26940.0,26940,1.1936266851234328e-06,1.1936178660757924e-06,1.582318668605507e-05,0.0,1.341361547601802e-06,1.477436839121466e-07,0.0,1.0259439614898779e-08,-8.816569507832902e-12
449,27000.0,27000,1.1934729306524948e-06,1.1934641107102616e-06,1.5839726570875827e-05,0.0,1.3412103942645487e-06,1.477462859223947e-07,0.0,1.025943381439004e-08,-8.817444820211989e-12
450,27060.0,27060,1.1933204733962608e-06,1.1933116526213296e-06,1.585626427095524e-05,0.0,1.3410605170493816e-06,1.4774886678151392e-07,0.0,1.0259428017525554e-08,-8.818262522366714e-12
451,27120.0,27120,1.1931693115545781e-06,1.1931604900737292e-06,1.5872799804728224e-05,0.0,1.3409119141683988e-06,1.4775142650266818e-07,0.0,1.0259422224263069e-08,-8.819022818506578e-12
452,27180.0,27180,1.19301944334636e-06,1.1930106212627743e-06,1.588933319060218e-05,0.0,1.3407645838519854e-06,1.4775396509886772e-07,0.0,1.0259416434559586e-08,-8.819725416441531e-12
453,27240.0,27240,1.1928708670073179e-06,1.1928620442053729e-06,1.590586444695871e-05,0.0,1.3406185243514772e-06,1.4775648258293167e-07,0.0,1.025941064838e-08,-8.820370920819124e-12
454,27300.0,27300,1.1927235807939907e-06,1.1927147573445132e-06,1.5922393592155823e-05,0.0,1.3404737339338606e-06,1.4775897896759368e-07,0.0,1.0259404865680463e-08,-8.820959291961647e-12
455,27360.0,27360,1.192577582980344e-06,1.1925687590537223e-06,1.5938920644524644e-05,0.0,1.340330210886308e-06,1.4776145426542188e-07,0.0,1.025939908642149e-08,-8.82149062198253e-12
456,27420.0,27420,1.1924328718588905e-06,1.1924240474739714e-06,1.5955445622373365e-05,0.0,1.3401879535138417e-06,1.4776390848878635e-07,0.0,1.0259393310563289e-08,-8.821965210846988e-12
457,27480.0,27480,1.1922894457412073e-06,1.192280620873558e-06,1.5971968543986563e-05,0.0,1.3400469601394159e-06,1.4776634164998206e-07,0.0,1.0259387538064245e-08,-8.822382988722112e-12
458,27540.0,27540,1.1921473029567636e-06,1.192138477822251e-06,1.598848942762348e-05,0.0,1.3399072291046134e-06,1.4776875376111618e-07,0.0,1.0259381768884986e-08,-8.822744114792641e-12
459,27600.0,27600,1.1920064418528507e-06,1.1919976163463001e-06,1.6005008291519754e-05,0.0,1.3397687587694272e-06,1.4777114483413886e-07,0.0,1.025937600298849e-08,-8.823049127036732e-12
460,27660.0,27660,1.1918668607969596e-06,1.1918580351053117e-06,1.602152515388786e-05,0.0,1.3396315475101292e-06,1.4777351488090118e-07,0.0,1.0259370240328342e-08,-8.823297279519223e-12
461,27720.0,27720,1.191728558171699e-06,1.1917197324069987e-06,1.603804003291798e-05,0.0,1.3394955937245434e-06,1.4777586391304425e-07,0.0,1.0259364480874668e-08,-8.823489625991551e-12
462,27780.0,27780,1.1915915323796458e-06,1.1915827064126127e-06,1.6054552946775613e-05,0.0,1.339360895825789e-06,1.4777819194209656e-07,0.0,1.0259358724581587e-08,-8.823626063314347e-12
463,27840.0,27840,1.1914557818420591e-06,1.1914469557007863e-06,1.60710639136044e-05,0.0,1.3392274522444398e-06,1.4778049897947555e-07,0.0,1.0259352971407487e-08,-8.823706313260882e-12
464,27900.0,27900,1.1913213049966686e-06,1.19131247879346e-06,1.6087572951527656e-05,0.0,1.3390952614307907e-06,1.4778278503638706e-07,0.0,1.025934722131812e-08,-8.823730824683604e-12
465,27960.0,27960,1.1911881002992599e-06,1.1911792741785413e-06,1.6104080078643576e-05,0.0,1.3389643218522624e-06,1.4778505012392592e-07,0.0,1.025934147427315e-08,-8.82369981961893e-12
466,28020.0,28020,1.1910561662241642e-06,1.191047340167867e-06,1.612058531302894e-05,0.0,1.3388346319939762e-06,1.4778729425304353e-07,0.0,1.0259335730232037e-08,-8.823613499506091e-12
467,28080.0,28080,1.1909255012642598e-06,1.1909166753554476e-06,1.613708867273932e-05,0.0,1.3387061903567855e-06,1.4778951743455987e-07,0.0,1.0259329989152312e-08,-8.823471434281601e-12
468,28140.0,28140,1.1907961039284312e-06,1.190787278268154e-06,1.615359017580932e-05,0.0,1.3385789954618804e-06,1.477917196791106e-07,0.0,1.0259324251001115e-08,-8.823274153578561e-12
469,28200.0,28200,1.1906679727429347e-06,1.1906591473603238e-06,1.617008984025148e-05,0.0,1.3384530458479592e-06,1.4779390099723398e-07,0.0,1.0259318515739285e-08,-8.823022146745209e-12
470,28260.0,28260,1.190541106253994e-06,1.1905322811298334e-06,1.6186587684059312e-05,0.0,1.3383283400684835e-06,1.477960613992788e-07,0.0,1.0259312783321478e-08,-8.822714931016123e-12
471,28320.0,28320,1.1904155030239754e-06,1.1904066782111053e-06,1.620308372520296e-05,0.0,1.3382048766962815e-06,1.477982008954983e-07,0.0,1.0259307053712695e-08,-8.82235279984716e-12
472,28380.0,28380,1.1902911616321941e-06,1.190282337257518e-06,1.6219577981634865e-05,0.0,1.3380826543216622e-06,1.478003194959681e-07,0.0,1.025930132687634e-08,-8.821935981097244e-12
473,28440.0,28440,1.1901680806757744e-06,1.1901592568448218e-06,1.6236070471285178e-05,0.0,1.337961671552184e-06,1.4780241721062903e-07,0.0,1.0259295602772614e-08,-8.821464876206887e-12
474,28500.0,28500,1.190046258770414e-06,1.1900374354430736e-06,1.6252561212065473e-05,0.0,1.3378419270109882e-06,1.4780449404930747e-07,0.0,1.02592898813582e-08,-8.820939007250961e-12
475,28560.0,28560,1.1899256945476128e-06,1.1899168717625485e-06,1.6269050221866792e-05,0.0,1.3377234193402407e-06,1.4780655002165572e-07,0.0,1.0259284162599913e-08,-8.820358761754188e-12
476,28620.0,28620,1.1898063866559829e-06,1.1897975645133431e-06,1.628553751856094e-05,0.0,1.3376061471996296e-06,1.4780858513717754e-07,0.0,1.0259278446460089e-08,-8.819724717925564e-12
477,28680.0,28680,1.1896883337634612e-06,1.1896795121839385e-06,1.6302023120002465e-05,0.0,1.3374901092631423e-06,1.4781059940528451e-07,0.0,1.0259272732893597e-08,-8.819036122211742e-12
478,28740.0,28740,1.189571534552407e-06,1.189562713815839e-06,1.6318507044022744e-05,0.0,1.3373753042252249e-06,1.4781259283517822e-07,0.0,1.0259267021870558e-08,-8.818294001493997e-12
479,28800.0,28800,1.1894559877244231e-06,1.1894471677723703e-06,1.633498930843896e-05,0.0,1.3372617307945404e-06,1.4781456543598513e-07,0.0,1.0259261313345735e-08,-8.817497754184419e-12
480,28860.0,28860,1.1893416919967354e-06,1.189332872852251e-06,1.63514699310484e-05,0.0,1.3371493876986126e-06,1.4781651721666272e-07,0.0,1.025925560728637e-08,-8.816648191863002e-12
481,28920.0,28920,1.189228646105226e-06,1.1892198280577083e-06,1.636794892962739e-05,0.0,1.3370382736797836e-06,1.4781844818601653e-07,0.0,1.0259249903647868e-08,-8.815744743686682e-12
482,28980.0,28980,1.1891168488009231e-06,1.1891080315952128e-06,1.6384426321938033e-05,0.0,1.3369283874993384e-06,1.4782035835274794e-07,0.0,1.0259244202398107e-08,-8.814788027335185e-12
483,29040.0,29040,1.1890062988531284e-06,1.1889974826231214e-06,1.6400902125724964e-05,0.0,1.3368197279338438e-06,1.4782224772538595e-07,0.0,1.0259238503496012e-08,-8.813777760379693e-12
484,29100.0,29100,1.1888969950464938e-06,1.1888881799605982e-06,1.641737635871031e-05,0.0,1.3367122937782772e-06,1.4782411631232803e-07,0.0,1.0259232806908079e-08,-8.812714711308074e-12
485,29160.0,29160,1.1887889361842869e-06,1.188780122158005e-06,1.6433849038605044e-05,0.0,1.3366060838421197e-06,1.4782596412184028e-07,0.0,1.0259227112589387e-08,-8.81159823203579e-12
486,29220.0,29220,1.1886821210849752e-06,1.1886733082715417e-06,1.6450320183100048e-05,0.0,1.3365010969532763e-06,1.4782779116204707e-07,0.0,1.025922142050889e-08,-8.810429167226731e-12
487,29280.0,29280,1.1885765485850264e-06,1.1885677368918041e-06,1.6466789809868055e-05,0.0,1.3363973319548662e-06,1.4782959744093964e-07,0.0,1.0259215730622735e-08,-8.80920706426426e-12
488,29340.0,29340,1.1884722175367653e-06,1.1884634072048594e-06,1.6483257936569355e-05,0.0,1.3362947877075167e-06,1.4783138296634527e-07,0.0,1.0259210042897095e-08,-8.807932275757149e-12
489,29400.0,29400,1.1883691268091773e-06,1.1883603178047866e-06,1.6499724580843685e-05,0.0,1.3361934630881767e-06,1.4783314774600767e-07,0.0,1.0259204357294736e-08,-8.806605154779886e-12
490,29460.0,29460,1.1882672752890713e-06,1.1882584676650902e-06,1.6516189760318118e-05,0.0,1.336093356988885e-06,1.4783489178749127e-07,0.0,1.0259198673773833e-08,-8.8052252046825e-12
491,29520.0,29520,1.1881666618774325e-06,1.1881578556943218e-06,1.6532653492603117e-05,0.0,1.3359944683208015e-06,1.4783661509821536e-07,0.0,1.0259192992303655e-08,-8.80379329456538e-12
492,29580.0,29580,1.1880672854939152e-06,1.1880584807536006e-06,1.6549115795291223e-05,0.0,1.335896796009003e-06,1.4783831768550029e-07,0.0,1.025918731284035e-08,-8.802308819137626e-12
493,29640.0,29640,1.1879691450725826e-06,1.1879603418481302e-06,1.656557668596274e-05,0.0,1.3358003389972758e-06,1.478399995564751e-07,0.0,1.0259181635353404e-08,-8.800772895707915e-12
494,29700.0,29700,1.1878722395670543e-06,1.1878634379024822e-06,1.6582036182181157e-05,0.0,1.335705096241658e-06,1.4784166071820577e-07,0.0,1.0259175959794376e-08,-8.799184292628802e-12
495,29760.0,29760,1.187776567943557e-06,1.1877677680027792e-06,1.6598494301495307e-05,0.0,1.335611066719369e-06,1.4784330117755165e-07,0.0,1.0259170286138937e-08,-8.79754450717332e-12
496,29820.0,29820,1.187682129188501e-06,1.187673330924496e-06,1.6614951061439608e-05,0.0,1.3355182494189103e-06,1.4784492094129018e-07,0.0,1.0259164614337686e-08,-8.795852315426661e-12
497,29880.0,29880,1.187588922299989e-06,1.1875801258084803e-06,1.6631406479534064e-05,0.0,1.335426643350388e-06,1.4784652001602122e-07,0.0,1.025915894436587e-08,-8.794109134405682e-12
498,29940.0,29940,1.1874969462966496e-06,1.1874881514971003e-06,1.664786057328446e-05,0.0,1.3353362475355176e-06,1.4784809840822517e-07,0.0,1.0259153276176545e-08,-8.792314289781017e-12
499,30000.0,30000,1.1874062002117793e-06,1.1873974073827844e-06,1.6664313360182822e-05,0.0,1.335247061013018e-06,1.4784965612425948e-07,0.0,1.0259147609735031e-08,-8.79046784271026e-12
500,30060.0,30060,1.1873166830935888e-06,1.1873078921238278e-06,1.6680764857706538e-05,0.0,1.335159082839881e-06,1.4785119317033992e-07,0.0,1.0259141945008571e-08,-8.788570436266228e-12
501,30120.0,30120,1.1872283940077973e-06,1.1872196049390614e-06,1.6697215083321195e-05,0.0,1.3350723120870977e-06,1.4785270955252007e-07,0.0,1.0259136281955985e-08,-8.786622121700022e-12
502,30180.0,30180,1.187141332037564e-06,1.187132544947372e-06,1.6713664054477077e-05,0.0,1.3349867478402584e-06,1.478542052767733e-07,0.0,1.0259130620536401e-08,-8.784622107089311e-12
503,30240.0,30240,1.1870554962781626e-06,1.1870467112731914e-06,1.6730111788613116e-05,0.0,1.3349023892054123e-06,1.4785568034887323e-07,0.0,1.0259124960725069e-08,-8.782571919552702e-12
504,30300.0,30300,1.18697088584497e-06,1.1869621030534206e-06,1.674655830315491e-05,0.0,1.3348192352998345e-06,1.4785713477452177e-07,0.0,1.0259119302472588e-08,-8.780470450476706e-12
505,30360.0,30360,1.1868874998664057e-06,1.1868787192004345e-06,1.6763003615515153e-05,0.0,1.334737285260153e-06,1.4785856855922793e-07,0.0,1.0259113645751536e-08,-8.778318801135399e-12
506,30420.0,30420,1.186805337489573e-06,1.1867965589588083e-06,1.6779447743094326e-05,0.0,1.3346565382353553e-06,1.478599817084136e-07,0.0,1.0259107990516354e-08,-8.776116195342579e-12
507,30480.0,30480,1.1867243978751361e-06,1.186715621673566e-06,1.6795890703281304e-05,0.0,1.334576993393344e-06,1.478613742273591e-07,0.0,1.0259102336737272e-08,-8.77386324113354e-12
508,30540.0,30540,1.1866446801997114e-06,1.1866359063649886e-06,1.6812332513452307e-05,0.0,1.3344986499176329e-06,1.4786274612116881e-07,0.0,1.0259096684377586e-08,-8.771560456264202e-12
509,30600.0,30600,1.1865661836588165e-06,1.1865574120291437e-06,1.6828773190971964e-05,0.0,1.334421507003821e-06,1.47864097394872e-07,0.0,1.0259091033391953e-08,-8.769206800008652e-12
510,30660.0,30660,1.1864889074599335e-06,1.18648013832281e-06,1.6845212753193977e-05,0.0,1.334345563867872e-06,1.4786542805333584e-07,0.0,1.0259085383755295e-08,-8.766803406303642e-12
511,30720.0,30720,1.186412850828189e-06,1.186404083991566e-06,1.6861651217460474e-05,0.0,1.3342708197391322e-06,1.4786673810128226e-07,0.0,1.0259079735425575e-08,-8.764350139205952e-12
512,30780.0,30780,1.186338013004689e-06,1.1863292487753502e-06,1.687808860110396e-05,0.0,1.3341972738624227e-06,1.4786802754332063e-07,0.0,1.0259074088365021e-08,-8.761846891898054e-12
513,30840.0,30840,1.1862643932458495e-06,1.186255631604852e-06,1.6894524921443177e-05,0.0,1.334124925498775e-06,1.478692963839254e-07,0.0,1.0259068442538424e-08,-8.759294102642805e-12
514,30900.0,30900,1.186191990824693e-06,1.1861832318326478e-06,1.691096019578835e-05,0.0,1.334053773923589e-06,1.4787054462743794e-07,0.0,1.0259062797907266e-08,-8.756691156713598e-12
515,30960.0,30960,1.1861208050272716e-06,1.1861120485605396e-06,1.692739444143921e-05,0.0,1.3339838184311245e-06,1.4787177227804585e-07,0.0,1.0259057154443591e-08,-8.754039333249957e-12
516,31020.0,31020,1.1860508351585805e-06,1.1860420814316215e-06,1.6943827675686086e-05,0.0,1.3339150583271544e-06,1.4787297933982924e-07,0.0,1.0259051512100456e-08,-8.751337852402592e-12
517,31080.0,31080,1.1859820805373392e-06,1.185973329483547e-06,1.696025991580708e-05,0.0,1.3338474929352886e-06,1.4787416581673512e-07,0.0,1.0259045870846273e-08,-8.748587101203768e-12
518,31140.0,31140,1.1859145404985068e-06,1.1859057922934732e-06,1.6976691179072863e-05,0.0,1.333781121593927e-06,1.4787533171256356e-07,0.0,1.0259040230644021e-08,-8.745787186727028e-12
519,31200.0,31200,1.1858482143922835e-06,1.1858394690526976e-06,1.6993121482744706e-05,0.0,1.3337159436571628e-06,1.478764770309884e-07,0.0,1.0259034591457958e-08,-8.742938330865645e-12
520,31260.0,31260,1.1857831015853814e-06,1.1857743591513409e-06,1.7009550844073394e-05,0.0,1.3336519584934147e-06,1.4787760177556224e-07,0.0,1.0259028953249243e-08,-8.74004029762443e-12
521,31320.0,31320,1.18571920145847e-06,1.1857104619325834e-06,1.7025979280299874e-05,0.0,1.3335891654885695e-06,1.478787059496909e-07,0.0,1.02590233159864e-08,-8.737093529721042e-12
522,31380.0,31380,1.185656513408553e-06,1.1856477769157023e-06,1.704240680865898e-05,0.0,1.3335275640427447e-06,1.4787978955664864e-07,0.0,1.02590176796307e-08,-8.734098089371399e-12
523,31440.0,31440,1.1855950368482445e-06,1.1855863033587529e-06,1.7058833446375274e-05,0.0,1.3334671535712316e-06,1.478808525995835e-07,0.0,1.0259012044145011e-08,-8.731053996873483e-12
524,31500.0,31500,1.1855347712053728e-06,1.1855260409224192e-06,1.707525921066567e-05,0.0,1.333407933505163e-06,1.478818950815257e-07,0.0,1.0259006409494764e-08,-8.72796156418843e-12
525,31560.0,31560,1.1854757159240319e-06,1.1854669887621084e-06,1.7091684118738777e-05,0.0,1.333349903289589e-06,1.4788291700535178e-07,0.0,1.0259000775640374e-08,-8.724820343282628e-12
526,31620.0,31620,1.1854178704615634e-06,1.1854091464393804e-06,1.710810818779512e-05,0.0,1.3332930623878062e-06,1.478839183738052e-07,0.0,1.0258995142552392e-08,-8.721631452677836e-12
527,31680.0,31680,1.1853612342941562e-06,1.1853525135620529e-06,1.712453143502605e-05,0.0,1.3332374102742413e-06,1.478848991895388e-07,0.0,1.0258989510184725e-08,-8.718393782428936e-12
528,31740.0,31740,1.1853058069100444e-06,1.185297089478414e-06,1.714095387761963e-05,0.0,1.3331829464425232e-06,1.4788585945501437e-07,0.0,1.0258983878511232e-08,-8.7151081855894e-12
529,31800.0,31800,1.185251587813701e-06,1.185242873574214e-06,1.7157375532752574e-05,0.0,1.3331296704001704e-06,1.4788679917258777e-07,0.0,1.0258978247493289e-08,-8.71177490881357e-12
530,31860.0,31860,1.185198576526261e-06,1.1851898657433085e-06,1.71737964175959e-05,0.0,1.333077581668714e-06,1.47887718344521e-07,0.0,1.0258972617090669e-08,-8.708393768609875e-12
531,31920.0,31920,1.1851467725842504e-06,1.1851380651494761e-06,1.719021654931452e-05,0.0,1.3330266797844617e-06,1.4788861697291387e-07,0.0,1.0258966987266883e-08,-8.70496442037828e-12
532,31980.0,31980,1.185096175536611e-06,1.185087471566429e-06,1.720663594506591e-05,0.0,1.3329769643026642e-06,1.4788949505969883e-07,0.0,1.025896135799515e-08,-8.701487867263036e-12
533,32040.0,32040,1.1850467849505018e-06,1.185038084480435e-06,1.7223054622001425e-05,0.0,1.3329284347900992e-06,1.4789035260673334e-07,0.0,1.0258955729231192e-08,-8.697963759433779e-12
534,32100.0,32100,1.1849986004075189e-06,1.1849899035328676e-06,1.7239472597267624e-05,0.0,1.3328810908294682e-06,1.478911896157245e-07,0.0,1.0258950100939475e-08,-8.694391980358126e-12
535,32160.0,32160,1.184951621503666e-06,1.1849429283042436e-06,1.7255889888001873e-05,0.0,1.33283493201993e-06,1.4789200608824297e-07,0.0,1.0258944473088847e-08,-8.690773321036016e-12
536,32220.0,32220,1.1849058478521145e-06,1.1848971581999111e-06,1.727230651133871e-05,0.0,1.3327899579732085e-06,1.4789280202576027e-07,0.0,1.025893884563556e-08,-8.687106980641335e-12
537,32280.0,32280,1.18486127907901e-06,1.1848525932713309e-06,1.7288722484406985e-05,0.0,1.3327461683189318e-06,1.478935774295653e-07,0.0,1.0258933218552514e-08,-8.683393841451687e-12
538,32340.0,32340,1.184817914827037e-06,1.1848092327222562e-06,1.730513782432812e-05,0.0,1.33270356270018e-06,1.4789433230084286e-07,0.0,1.0258927591797988e-08,-8.679633542794741e-12
539,32400.0,32400,1.184775754753548e-06,1.1847670764718089e-06,1.7321552548220478e-05,0.0,1.332662140775713e-06,1.4789506664066503e-07,0.0,1.0258921965339122e-08,-8.675826435493101e-12
540,32460.0,32460,1.184734798531055e-06,1.1847261240840479e-06,1.733796667319652e-05,0.0,1.3326219022193265e-06,1.478957804499366e-07,0.0,1.0258916339138677e-08,-8.671972740043683e-12
541,32520.0,32520,1.184695045848541e-06,1.184686375271215e-06,1.7354380216365218e-05,0.0,1.332582846718323e-06,1.4789647372948726e-07,0.0,1.0258910713157496e-08,-8.66807185249363e-12
542,32580.0,32580,1.1846564964072937e-06,1.1846478298901815e-06,1.7370793194830067e-05,0.0,1.332544973978375e-06,1.4789714647993672e-07,0.0,1.025890508736805e-08,-8.664125021447632e-12
543,32640.0,32640,1.1846191499271478e-06,1.1846104873425675e-06,1.738720562569021e-05,0.0,1.332508283716285e-06,1.4789779870185685e-07,0.0,1.0258899461724673e-08,-8.660131425013627e-12
544,32700.0,32700,1.1845830061412402e-06,1.1845743475637604e-06,1.7403617526041494e-05,0.0,1.332472775665845e-06,1.4789843039564543e-07,0.0,1.0258893836195781e-08,-8.656091434139723e-12
545,32760.0,32760,1.1845480647981262e-06,1.184539410398395e-06,1.7420028912975847e-05,0.0,1.3324384495755426e-06,1.4789904156156877e-07,0.0,1.025888821074638e-08,-8.65200495804212e-12
546,32820.0,32820,1.1845143256599922e-06,1.1845056753519136e-06,1.7436439803581473e-05,0.0,1.3324053052105684e-06,1.478996321997703e-07,0.0,1.0258882585344459e-08,-8.647872790416368e-12
547,32880.0,32880,1.1844817885066825e-06,1.1844731423940247e-06,1.7452850214943084e-05,0.0,1.332373342348418e-06,1.4790020231027903e-07,0.0,1.0258876959946166e-08,-8.643694325331893e-12
548,32940.0,32940,1.1844504531315078e-06,1.1844418112518422e-06,1.7469260164142774e-05,0.0,1.3323425607826203e-06,1.4790075189296349e-07,0.0,1.0258871334519812e-08,-8.63946988726243e-12
549,33000.0,33000,1.1844203193432116e-06,1.184411681747029e-06,1.7485669668260002e-05,0.0,1.3323129603222468e-06,1.4790128094758638e-07,0.0,1.0258865709029865e-08,-8.635199746179631e-12
550,33060.0,33060,1.1843913869661202e-06,1.1843827537661206e-06,1.7502078744368996e-05,0.0,1.332284540790026e-06,1.4790178947377557e-07,0.0,1.0258860083438022e-08,-8.630883782109986e-12
551,33120.0,33120,1.1843636558390234e-06,1.1843550269186144e-06,1.7518487409544414e-05,0.0,1.3322573020246652e-06,1.4790227747102573e-07,0.0,1.0258854457710673e-08,-8.626522177712257e-12
552,33180.0,33180,1.1843371258162115e-06,1.184328501312758e-06,1.7534895680857636e-05,0.0,1.332231243878912e-06,1.4790274493870862e-07,0.0,1.0258848831810796e-08,-8.62211506016249e-12
553,33240.0,33240,1.184311796766943e-06,1.1843031767209802e-06,1.7551303575378298e-05,0.0,1.3322063662210827e-06,1.479031918760748e-07,0.0,1.0258843205702538e-08,-8.617662233713548e-12
554,33300.0,33300,1.1842876685739163e-06,1.1842790529858126e-06,1.7567711110172537e-05,0.0,1.3321826689362102e-06,1.4790361828219214e-07,0.0,1.025883757935453e-08,-8.61316470400305e-12
555,33360.0,33360,1.1842647411384568e-06,1.184256130090866e-06,1.75841183023078e-05,0.0,1.3321601519194885e-06,1.4790402415607565e-07,0.0,1.0258831952720787e-08,-8.608621263113855e-12
556,33420.0,33420,1.1842430143729943e-06,1.1842344079274564e-06,1.760052516884607e-05,0.0,1.3321388150860651e-06,1.4790440949653712e-07,0.0,1.0258826325776447e-08,-8.604033226457567e-12
557,33480.0,33480,1.1842224882084096e-06,1.1842138863794693e-06,1.761693172685218e-05,0.0,1.3321186583622045e-06,1.479047743023286e-07,0.0,1.0258820698476697e-08,-8.599399681340732e-12
558,33540.0,33540,1.1842031625877922e-06,1.1841945654422748e-06,1.7633337993387237e-05,0.0,1.3320996816920616e-06,1.4790511857202123e-07,0.0,1.025881507079369e-08,-8.594721481952395e-12
559,33600.0,33600,1.1841850374703484e-06,1.1841764450916179e-06,1.7649743985513885e-05,0.0,1.3320818850333267e-06,1.4790544230407685e-07,0.0,1.0258809442687095e-08,-8.589998645443697e-12
560,33660.0,33660,1.1841681128318634e-06,1.184159525171259e-06,1.766614972029236e-05,0.0,1.3320652683569366e-06,1.4790574549682585e-07,0.0,1.0258803814117432e-08,-8.58523047146149e-12
561,33720.0,33720,1.1841523886598138e-06,1.184143805869969e-06,1.7682555214782242e-05,0.0,1.3320498316529217e-06,1.4790602814845012e-07,0.0,1.0258798185059308e-08,-8.580418394890509e-12
562,33780.0,33780,1.1841378649603176e-06,1.1841292870715108e-06,1.769896048604486e-05,0.0,1.3320355749213366e-06,1.4790629025705125e-07,0.0,1.0258792555464494e-08,-8.575561348536853e-12
563,33840.0,33840,1.1841245417525913e-06,1.1841159686936678e-06,1.7715365551138488e-05,0.0,1.3320224981800042e-06,1.4790653182053804e-07,0.0,1.0258786925304399e-08,-8.570659693775106e-12
564,33900.0,33900,1.184112419069439e-06,1.1841038510026748e-06,1.7731770427126863e-05,0.0,1.3320106014631086e-06,1.479067528367304e-07,0.0,1.0258781294546263e-08,-8.565714408918914e-12
565,33960.0,33960,1.1841014969626906e-06,1.1840929337938369e-06,1.7748175131068247e-05,0.0,1.331999884814667e-06,1.4790695330331513e-07,0.0,1.0258775663142608e-08,-8.560724204114802e-12
566,34020.0,34020,1.1840917754954287e-06,1.1840832174427424e-06,1.776457968002616e-05,0.0,1.3319903482986094e-06,1.4790713321783907e-07,0.0,1.0258770031068466e-08,-8.55569015316967e-12
567,34080.0,34080,1.1840832547476578e-06,1.1840747017398342e-06,1.7780984091061935e-05,0.0,1.331981991991157e-06,1.4790729257771414e-07,0.0,1.0258764398283505e-08,-8.55061201858676e-12
568,34140.0,34140,1.1840759348136679e-06,1.1840673869487117e-06,1.7797388381239735e-05,0.0,1.3319748159846194e-06,1.4790743138022084e-07,0.0,1.0258758764752514e-08,-8.54548989838592e-12
569,34200.0,34200,1.184069815802922e-06,1.1840612730728572e-06,1.7813792567624832e-05,0.0,1.3319688203860148e-06,1.4790754962254405e-07,0.0,1.0258753130440179e-08,-8.54032415537278e-12
570,34260.0,34260,1.1840648978403294e-06,1.1840563603780004e-06,1.783019666728423e-05,0.0,1.3319640053164154e-06,1.4790764730169455e-07,0.0,1.0258747495307019e-08,-8.535114720246764e-12
571,34320.0,34320,1.1840611810667787e-06,1.184052648748642e-06,1.7846600697286473e-05,0.0,1.3319603709106592e-06,1.4790772441457896e-07,0.0,1.0258741859316865e-08,-8.529861150385562e-12
572,34380.0,34380,1.184058665635409e-06,1.1840501387846504e-06,1.7863004674700105e-05,0.0,1.3319579173225135e-06,1.4790778095797076e-07,0.0,1.0258736222440482e-08,-8.524564447416401e-12
573,34440.0,34440,1.1840573517165679e-06,1.184048830147885e-06,1.787940861660131e-05,0.0,1.3319566447174775e-06,1.4790781692849658e-07,0.0,1.025873058463583e-08,-8.519224188436978e-12
574,34500.0,34500,1.1840572394950514e-06,1.1840487233297351e-06,1.789581254006169e-05,0.0,1.3319565532771246e-06,1.4790783232267043e-07,0.0,1.0258724945869193e-08,-8.513840652720883e-12
575,34560.0,34560,1.1840583291709528e-06,1.1840498183261715e-06,1.791221646216093e-05,0.0,1.3319576431971635e-06,1.479078271368748e-07,0.0,1.0258719306102906e-08,-8.50841384191132e-12
576,34620.0,34620,1.1840606209596747e-06,1.1840521156773668e-06,1.7928620399978063e-05,0.0,1.3319599146883945e-06,1.4790780136735567e-07,0.0,1.0258713665300482e-08,-8.502943567681426e-12
577,34680.0,34680,1.1840641150898397e-06,1.184055615279526e-06,1.794502437059758e-05,0.0,1.331963367978771e-06,1.479077550102173e-07,0.0,1.0258708023431829e-08,-8.497430824052194e-12
578,34740.0,34740,1.1840688118080028e-06,1.1840603176231502e-06,1.7961428391106158e-05,0.0,1.3319680033073641e-06,1.4790768806146493e-07,0.0,1.0258702380450535e-08,-8.491874802559427e-12
579,34800.0,34800,1.1840747113743626e-06,1.1840662227796124e-06,1.7977832478594405e-05,0.0,1.331973820930425e-06,1.4790760051694842e-07,0.0,1.0258696736325336e-08,-8.486275761571275e-12
580,34860.0,34860,1.1840818140636898e-06,1.1840733311239276e-06,1.7994236650155998e-05,0.0,1.3319808211196793e-06,1.479074923723914e-07,0.0,1.0258691091023585e-08,-8.480634057489483e-12
581,34920.0,34920,1.1840901201659422e-06,1.1840816429130716e-06,1.8010640922888318e-05,0.0,1.3319890041616836e-06,1.47907363623374e-07,0.0,1.025868544450676e-08,-8.474949994690734e-12
582,34980.0,34980,1.184099629988231e-06,1.1840911583757353e-06,1.8027045313893997e-05,0.0,1.3319983703556828e-06,1.4790721426539274e-07,0.0,1.025867979673315e-08,-8.4692228398455e-12
583,35040.0,35040,1.1841103438497817e-06,1.1841018781012986e-06,1.8043449840279375e-05,0.0,1.3320089200190312e-06,1.4790704429373073e-07,0.0,1.0258674147675112e-08,-8.46345373358517e-12
584,35100.0,35100,1.1841222620878605e-06,1.1841138021651089e-06,1.8059854519155174e-05,0.0,1.3320206534813336e-06,1.4790685370364546e-07,0.0,1.0258668497287942e-08,-8.457641788656198e-12
585,35160.0,35160,1.1841353850524218e-06,1.1841269309118073e-06,1.8076259367637127e-05,0.0,1.3320335710899355e-06,1.4790664249017254e-07,0.0,1.0258662845541876e-08,-8.45178784944292e-12
586,35220.0,35220,1.1841497131102452e-06,1.1841412648720069e-06,1.8092664402845348e-05,0.0,1.332047673204952e-06,1.4790641064825534e-07,0.0,1.0258657192396577e-08,-8.445891434689837e-12
587,35280.0,35280,1.1841652466420412e-06,1.1841568042940922e-06,1.8109069641906942e-05,0.0,1.3320629602033377e-06,1.479061581727007e-07,0.0,1.0258651537819825e-08,-8.439953315643931e-12
588,35340.0,35340,1.1841819860454007e-06,1.184173549745824e-06,1.8125475101951416e-05,0.0,1.3320794324751311e-06,1.4790588505820274e-07,0.0,1.0258645881768406e-08,-8.43397265452775e-12
589,35400.0,35400,1.1841999317305882e-06,1.1841915014969883e-06,1.814188080011767e-05,0.0,1.3320970904282613e-06,1.479055912992576e-07,0.0,1.0258640224214793e-08,-8.427950706732575e-12
590,35460.0,35460,1.184219084126142e-06,1.1842106599742383e-06,1.8158286753547016e-05,0.0,1.3321159344819932e-06,1.4790527689033237e-07,0.0,1.0258634565112254e-08,-8.421886411871296e-12
591,35520.0,35520,1.1842394436731649e-06,1.1842310255951317e-06,1.8174692979387966e-05,0.0,1.3321359650746162e-06,1.479049418256688e-07,0.0,1.0258628904432937e-08,-8.415780827032066e-12
592,35580.0,35580,1.1842610108302137e-06,1.1842525988805708e-06,1.819109949479713e-05,0.0,1.3321571826560559e-06,1.4790458609945057e-07,0.0,1.0258623242133207e-08,-8.409633286839556e-12
593,35640.0,35640,1.1842837860692567e-06,1.1842753802782275e-06,1.8207506316933946e-05,0.0,1.332179587693869e-06,1.4790420970565313e-07,0.0,1.0258617578181373e-08,-8.40344435578181e-12
594,35700.0,35700,1.1843077698787738e-06,1.1842993703531313e-06,1.822391346296835e-05,0.0,1.3322031806696797e-06,1.4790381263818366e-07,0.0,1.0258611912538488e-08,-8.397213961043314e-12
595,35760.0,35760,1.1843329627619946e-06,1.1843245695399927e-06,1.82403209500753e-05,0.0,1.332227962080285e-06,1.4790339489080586e-07,0.0,1.0258606245168812e-08,-8.390942116209445e-12
596,35820.0,35820,1.184359365237309e-06,1.184350978396125e-06,1.82567287954374e-05,0.0,1.332253932438721e-06,1.4790295645711787e-07,0.0,1.0258600576036494e-08,-8.384629152168901e-12
597,35880.0,35880,1.1843869778388255e-06,1.1843785973055021e-06,1.8273137016243375e-05,0.0,1.3322810922718855e-06,1.479024973306001e-07,0.0,1.0258594905102802e-08,-8.378275159880103e-12
598,35940.0,35940,1.1844158011166596e-06,1.184407426971406e-06,1.8289545629690478e-05,0.0,1.3323094421216033e-06,1.479020175046202e-07,0.0,1.0258589232328898e-08,-8.371879592236996e-12
599,36000.0,36000,1.184445835634051e-06,1.1844374679500841e-06,1.830595465298382e-05,0.0,1.3323389825478917e-06,1.479015169723905e-07,0.0,1.0258583557685758e-08,-8.3654437655024e-12
600,36060.0,36060,1.1844770819728953e-06,1.1844687206384167e-06,1.8322364103337255e-05,0.0,1.3323697141215158e-06,1.4790099572701407e-07,0.0,1.0258577881125268e-08,-8.358966548328404e-12
601,36120.0,36120,1.1845095407280358e-06,1.1845011859150995e-06,1.8338773997971844e-05,0.0,1.3324016374320462e-06,1.47900453761425e-07,0.0,1.0258572202618078e-08,-8.352448592980846e-12
602,36180.0,36180,1.1845432125100893e-06,1.1845348642473483e-06,1.8355184354116967e-05,0.0,1.332434753083408e-06,1.4789989106844463e-07,0.0,1.0258566522126958e-08,-8.345889929375907e-12
603,36240.0,36240,1.1845780979451053e-06,1.1845697562610353e-06,1.8371595189011596e-05,0.0,1.3324690616956695e-06,1.4789930764076126e-07,0.0,1.0258560839614558e-08,-8.339291137956018e-12
604,36300.0,36300,1.1846141976769837e-06,1.184605862657926e-06,1.8388006519903026e-05,0.0,1.3325045639005888e-06,1.4789870347093846e-07,0.0,1.0258555155036603e-08,-8.332651373811443e-12
605,36360.0,36360,1.1846515123624214e-06,1.1846431840410714e-06,1.8404418364045754e-05,0.0,1.3325412603492494e-06,1.4789807855139813e-07,0.0,1.0258549468362682e-08,-8.325970973377472e-12
606,36420.0,36420,1.1846900426732607e-06,1.184681721075458e-06,1.8420830738707168e-05,0.0,1.3325791517080173e-06,1.4789743287440177e-07,0.0,1.0258543779559291e-08,-8.31925086143196e-12
607,36480.0,36480,1.1847297892994264e-06,1.1847214745212228e-06,1.8437243661163406e-05,0.0,1.3326182386561512e-06,1.478967664321169e-07,0.0,1.0258538088578845e-08,-8.31249001161667e-12
608,36540.0,36540,1.1847707529446375e-06,1.1847624448633087e-06,1.845365714869824e-05,0.0,1.332658521890336e-06,1.4789607921656595e-07,0.0,1.0258532395392749e-08,-8.305689299908845e-12
609,36600.0,36600,1.1848129343286187e-06,1.1848046332158626e-06,1.847007121860813e-05,0.0,1.3327000021220617e-06,1.4789537121960577e-07,0.0,1.0258526699958642e-08,-8.298848345493498e-12
610,36660.0,36660,1.1848563341865006e-06,1.1848480398563458e-06,1.8486485888195427e-05,0.0,1.3327426800789742e-06,1.4789464243299592e-07,0.0,1.025852100224281e-08,-8.291967787581272e-12
611,36720.0,36720,1.1849009532705398e-06,1.1848926659436608e-06,1.8502901174778874e-05,0.0,1.3327865565021039e-06,1.4789389284836276e-07,0.0,1.0258515302200971e-08,-8.285046825508038e-12
612,36780.0,36780,1.1849467923460902e-06,1.1849385119176947e-06,1.8519317095683112e-05,0.0,1.3328316321513558e-06,1.478931224571517e-07,0.0,1.0258509599804533e-08,-8.278086549775236e-12
613,36840.0,36840,1.1849938521968477e-06,1.184985578736888e-06,1.8535733668245678e-05,0.0,1.3328779077992128e-06,1.4789233125072286e-07,0.0,1.0258503895008574e-08,-8.271086184075803e-12
614,36900.0,36900,1.1850421336197555e-06,1.1850338672853589e-06,1.8552150909816122e-05,0.0,1.3329253842365815e-06,1.4789151922027747e-07,0.0,1.0258498187781834e-08,-8.264046711224772e-12
615,36960.0,36960,1.185091637429962e-06,1.1850833781464638e-06,1.8568568837752305e-05,0.0,1.3329740622668792e-06,1.4789068635688368e-07,0.0,1.025849247807811e-08,-8.256967544242425e-12
616,37020.0,37020,1.1851423644578158e-06,1.185134112235678e-06,1.8584987469426503e-05,0.0,1.3330239427103206e-06,1.4788983265147653e-07,0.0,1.0258486765863581e-08,-8.24984839890589e-12
617,37080.0,37080,1.185194315546832e-06,1.1851860706033009e-06,1.8601406822221703e-05,0.0,1.3330750264059001e-06,1.4788895809484412e-07,0.0,1.0258481051109117e-08,-8.242690836029783e-12
618,37140.0,37140,1.1852474915604376e-06,1.1852392537640888e-06,1.8617826913532038e-05,0.0,1.3331273142036195e-06,1.4788806267765512e-07,0.0,1.0258475333761479e-08,-8.235493542384707e-12
619,37200.0,37200,1.1853018933755252e-06,1.1852936628031947e-06,1.8634247760766054e-05,0.0,1.3331808069716993e-06,1.4788714639042626e-07,0.0,1.0258469613791535e-08,-8.228257152493435e-12
620,37260.0,37260,1.1853575218852948e-06,1.1853492986004617e-06,1.86506693813428e-05,0.0,1.3332355055941889e-06,1.4788620922353773e-07,0.0,1.0258463891160447e-08,-8.220981837067583e-12
621,37320.0,37320,1.1854143779996216e-06,1.1854061620342303e-06,1.866709179269486e-05,0.0,1.3332914109700653e-06,1.4788525116726382e-07,0.0,1.0258458165827354e-08,-8.213667267779757e-12
622,37380.0,37380,1.1854724626429532e-06,1.1854642539778563e-06,1.8683515012265538e-05,0.0,1.3333485240155952e-06,1.478842722116825e-07,0.0,1.0258452437759604e-08,-8.206314014579853e-12
623,37440.0,37440,1.1855317767565224e-06,1.1855235755815967e-06,1.8699939057516038e-05,0.0,1.3334068456621095e-06,1.4788327234678297e-07,0.0,1.0258446706915157e-08,-8.198922339921957e-12
624,37500.0,37500,1.185592321299698e-06,1.1855841275329866e-06,1.871636394591698e-05,0.0,1.3334663768548833e-06,1.478822515624162e-07,0.0,1.0258440973250056e-08,-8.191491345294991e-12
625,37560.0,37560,1.1856540972443597e-06,1.185645910941434e-06,1.873278969495318e-05,0.0,1.3335271185586395e-06,1.4788120984825044e-07,0.0,1.0258435236735384e-08,-8.184022059053433e-12
626,37620.0,37620,1.185717105580428e-06,1.1857089267873674e-06,1.8749216322124743e-05,0.0,1.3335890717526736e-06,1.478801471938652e-07,0.0,1.0258429497329103e-08,-8.176514371785068e-12
627,37680.0,37680,1.18578134731439e-06,1.1857731761102977e-06,1.8765643844944455e-05,0.0,1.3336522374310442e-06,1.4787906358867264e-07,0.0,1.0258423754989707e-08,-8.16896781244447e-12
628,37740.0,37740,1.1858468234669088e-06,1.1858386598241968e-06,1.8782072280939088e-05,0.0,1.3337166166070803e-06,1.478779590219433e-07,0.0,1.0258418009685723e-08,-8.16138358707454e-12
629,37800.0,37800,1.1859135350781092e-06,1.185905379173503e-06,1.8798501647651802e-05,0.0,1.3337822103058294e-06,1.4787683348284695e-07,0.0,1.025841226136892e-08,-8.153760533577696e-12
630,37860.0,37860,1.1859814832014998e-06,1.1859733348986314e-06,1.8814931962637556e-05,0.0,1.3338490195721554e-06,1.478756869603536e-07,0.0,1.0258406510008037e-08,-8.146099580762068e-12
631,37920.0,37920,1.1860506689081398e-06,1.1860425282142884e-06,1.8831363243469442e-05,0.0,1.3339170454657128e-06,1.4787451944334794e-07,0.0,1.0258400755561356e-08,-8.138400572549237e-12
632,37980.0,37980,1.1861210932855714e-06,1.1861129604152795e-06,1.8847795507734106e-05,0.0,1.3339862890621764e-06,1.4787333092054394e-07,0.0,1.0258394997989506e-08,-8.130663597890052e-12
633,38040.0,38040,1.1861927574376721e-06,1.1861846322888513e-06,1.8864228773033924e-05,0.0,1.3340567514536096e-06,1.478721213805378e-07,0.0,1.0258389237253328e-08,-8.122888629890427e-12
634,38100.0,38100,1.1862656624844888e-06,1.1862575451623684e-06,1.888066305698613e-05,0.0,1.3341284337488061e-06,1.478708908117481e-07,0.0,1.0258383473315372e-08,-8.115076036848337e-12
635,38160.0,38160,1.1863398095629356e-06,1.1863317001323197e-06,1.889709837722501e-05,0.0,1.3342013370722516e-06,1.4786963920250303e-07,0.0,1.0258377706133704e-08,-8.107225483192659e-12
636,38220.0,38220,1.1864151998256462e-06,1.1864070982995224e-06,1.8913534751401227e-05,0.0,1.3342754625661047e-06,1.4786836654093606e-07,0.0,1.0258371935672795e-08,-8.099337468271779e-12
637,38280.0,38280,1.1864918344425436e-06,1.1864837408518732e-06,1.8929972197179438e-05,0.0,1.334350811387601e-06,1.4786707281508006e-07,0.0,1.0258366161890926e-08,-8.091412014248771e-12
638,38340.0,38340,1.1865697146007327e-06,1.1865616289006926e-06,1.8946410732243963e-05,0.0,1.334427384710625e-06,1.4786575801280735e-07,0.0,1.0258360384746913e-08,-8.083448843470687e-12
639,38400.0,38400,1.186648841502423e-06,1.1866407638155732e-06,1.8962850374293764e-05,0.0,1.3345051837265967e-06,1.4786442212184e-07,0.0,1.0258354604206398e-08,-8.075448617528741e-12
640,38460.0,38460,1.1867292163680558e-06,1.1867211467130938e-06,1.897929114104528e-05,0.0,1.3345842096422052e-06,1.478630651297926e-07,0.0,1.0258348820224675e-08,-8.067410973211686e-12
641,38520.0,38520,1.1868108404341346e-06,1.1868027789442185e-06,1.899573305023331e-05,0.0,1.3346644636815115e-06,1.4786168702410217e-07,0.0,1.025834303276344e-08,-8.059336060040748e-12
642,38580.0,38580,1.1868937149533456e-06,1.1868856615498368e-06,1.90121761196097e-05,0.0,1.3347459470858394e-06,1.47860287792064e-07,0.0,1.025833724178599e-08,-8.051224315297697e-12
643,38640.0,38640,1.186977841196745e-06,1.186969795921148e-06,1.9028620366944428e-05,0.0,1.3348286611113855e-06,1.478588674208795e-07,0.0,1.0258331447246761e-08,-8.043075245367047e-12
644,38700.0,38700,1.187063220450616e-06,1.1870551834245625e-06,1.9045065810024295e-05,0.0,1.3349126070334258e-06,1.4785742589751625e-07,0.0,1.0258325649112255e-08,-8.034889660051085e-12
645,38760.0,38760,1.1871498540197617e-06,1.1871418251910127e-06,1.9061512466654025e-05,0.0,1.3349977861418496e-06,1.478559632088871e-07,0.0,1.0258319847334884e-08,-8.026667014298388e-12
646,38820.0,38820,1.1872377432254694e-06,1.1872297226533793e-06,1.9077960354660193e-05,0.0,1.335084199744218e-06,1.4785447934171383e-07,0.0,1.0258314041879007e-08,-8.018407654219132e-12
647,38880.0,38880,1.1873268894056744e-06,1.1873188770625737e-06,1.909440949188314e-05,0.0,1.335171849165083e-06,1.47852974282573e-07,0.0,1.0258308232703764e-08,-8.010111452272657e-12
648,38940.0,38940,1.187417293914742e-06,1.187409289897529e-06,1.911085989618703e-05,0.0,1.3352607357474053e-06,1.4785144801790977e-07,0.0,1.0258302419772236e-08,-8.001779093786354e-12
649,39000.0,39000,1.1875089581262394e-06,1.1875009624499782e-06,1.912731158545153e-05,0.0,1.3353508608482137e-06,1.478499005340276e-07,0.0,1.0258296603037153e-08,-7.99340989349763e-12
650,39060.0,39060,1.187601883428798e-06,1.1875938961948527e-06,1.9143764577578607e-05,0.0,1.3354422258442711e-06,1.4784833181706942e-07,0.0,1.0258290782463736e-08,-7.985004515337012e-12
651,39120.0,39120,1.1876960712294863e-06,1.187688092478706e-06,1.916021889048683e-05,0.0,1.3355348321281695e-06,1.4784674185302806e-07,0.0,1.025828495800813e-08,-7.97656305954074e-12
652,39180.0,39180,1.1877915229535508e-06,1.187783552568592e-06,1.9176674542119028e-05,0.0,1.335628681108384e-06,1.4784513062780066e-07,0.0,1.0258279129626375e-08,-7.968084662573025e-12
653,39240.0,39240,1.1878882400401544e-06,1.1878802781827197e-06,1.9193131550433538e-05,0.0,1.3357237742149003e-06,1.4784349812704702e-07,0.0,1.0258273297289024e-08,-7.959571100160711e-12
654,39300.0,39300,1.1879862239507223e-06,1.187978270715784e-06,1.9209589933412737e-05,0.0,1.3358201128891352e-06,1.478418443363673e-07,0.0,1.0258267460939955e-08,-7.9510208821593e-12
655,39360.0,39360,1.188085476160691e-06,1.1880775314918174e-06,1.9226049709057354e-05,0.0,1.3359176985940424e-06,1.4784016924116694e-07,0.0,1.0258261620547903e-08,-7.942434813216128e-12
656,39420.0,39420,1.1881859981638803e-06,1.1881780621390953e-06,1.9242510895390856e-05,0.0,1.3360165328088562e-06,1.478384728267132e-07,0.0,1.0258255776070403e-08,-7.933812754672151e-12
657,39480.0,39480,1.188287791471195e-06,1.1882798641390095e-06,1.9258973510457012e-05,0.0,1.336116617031138e-06,1.4783675507812303e-07,0.0,1.0258249927468086e-08,-7.92515532475359e-12
658,39540.0,39540,1.1883908576126468e-06,1.1883829390285636e-06,1.9275437572321246e-05,0.0,1.3362179527735544e-06,1.4783501598035464e-07,0.0,1.0258244074693683e-08,-7.916462061092675e-12
659,39600.0,39600,1.1884951981351681e-06,1.188487288170386e-06,1.9291903099069504e-05,0.0,1.3363205415679336e-06,1.4783325551826041e-07,0.0,1.0258238217707182e-08,-7.907733139343245e-12
660,39660.0,39660,1.1886008146034876e-06,1.1885929134667712e-06,1.9308370108812435e-05,0.0,1.3364243849633113e-06,1.4783147367649297e-07,0.0,1.0258232356468679e-08,-7.898968590607597e-12
661,39720.0,39720,1.1887077085993912e-06,1.1886998162187532e-06,1.9324838619679915e-05,0.0,1.3365294845276527e-06,1.47829670439594e-07,0.0,1.0258226490938163e-08,-7.890168791184898e-12
662,39780.0,39780,1.188815881723444e-06,1.1888079981686048e-06,1.9341308649826075e-05,0.0,1.336635841845175e-06,1.478278457919071e-07,0.0,1.0258220621071353e-08,-7.88133381153034e-12
663,39840.0,39840,1.1889253355949075e-06,1.1889174609622603e-06,1.935778021742711e-05,0.0,1.336743458517126e-06,1.4782599971767692e-07,0.0,1.025821474682301e-08,-7.872463216908936e-12
664,39900.0,39900,1.1890360718492277e-06,1.1890282060596695e-06,1.9374253340681523e-05,0.0,1.3368523361651028e-06,1.4782413220096883e-07,0.0,1.0258208868158138e-08,-7.863557612513825e-12
665,39960.0,39960,1.1891480921404105e-06,1.1891402354121297e-06,1.9390728037813357e-05,0.0,1.3369624764277331e-06,1.478222432256928e-07,0.0,1.025820298503139e-08,-7.854617193576348e-12
666,40020.0,40020,1.1892613981422235e-06,1.1892535503044224e-06,1.940720432706787e-05,0.0,1.3370738809600201e-06,1.4782033277565136e-07,0.0,1.0258197097396884e-08,-7.845641389651386e-12
667,40080.0,40080,1.1893759915442365e-06,1.1893681527584397e-06,1.94236822267137e-05,0.0,1.3371865514371792e-06,1.4781840083441306e-07,0.0,1.025819120521824e-08,-7.836631163367484e-12
668,40140.0,40140,1.1894918740569418e-06,1.1894840443026226e-06,1.944016175504635e-05,0.0,1.337300489550132e-06,1.4781644738546967e-07,0.0,1.0258185308444987e-08,-7.827585500628526e-12
669,40200.0,40200,1.1896090474059229e-06,1.1896012267132774e-06,1.9456642930381654e-05,0.0,1.337415697011638e-06,1.478144724121132e-07,0.0,1.0258179407045331e-08,-7.81850567376539e-12
670,40260.0,40260,1.1897275133378916e-06,1.1897197018387399e-06,1.947312577106473e-05,0.0,1.337532175549425e-06,1.4781247589751278e-07,0.0,1.0258173500967205e-08,-7.809391124167483e-12
671,40320.0,40320,1.1898472736176688e-06,1.1898394712965098e-06,1.948961029546036e-05,0.0,1.3376499269098222e-06,1.4781045782466e-07,0.0,1.0258167590168886e-08,-7.800241674498284e-12
672,40380.0,40380,1.1899683300265188e-06,1.1899605368297342e-06,1.9506096521962385e-05,0.0,1.337768952860109e-06,1.478084181764149e-07,0.0,1.0258161674613458e-08,-7.7910582639046e-12
673,40440.0,40440,1.1900906843675445e-06,1.1900829004160283e-06,1.9522584468987372e-05,0.0,1.3378892551824238e-06,1.478063569354652e-07,0.0,1.0258155754249282e-08,-7.781839893878692e-12
674,40500.0,40500,1.1902143384586798e-06,1.1902065637765783e-06,1.953907415497899e-05,0.0,1.338010835681822e-06,1.4780427408431938e-07,0.0,1.0258149829042852e-08,-7.77258799213324e-12
675,40560.0,40560,1.1903392941407892e-06,1.1903315286790454e-06,1.9555565598405813e-05,0.0,1.33813369617688e-06,1.4780216960539366e-07,0.0,1.0258143898938475e-08,-7.763301352650143e-12
676,40620.0,40620,1.1904655532706352e-06,1.1904577971826065e-06,1.9572058817763294e-05,0.0,1.3382578385086263e-06,1.4780004348090966e-07,0.0,1.0258137963901578e-08,-7.753980935705377e-12
677,40680.0,40680,1.1905931177258886e-06,1.1905853710108787e-06,1.9588553831572457e-05,0.0,1.3383832645339044e-06,1.477978956929337e-07,0.0,1.0258132023882654e-08,-7.744625878820729e-12
678,40740.0,40740,1.19072198939979e-06,1.1907142520462718e-06,1.9605050658381193e-05,0.0,1.3385099761332675e-06,1.4779572622335618e-07,0.0,1.0258126078848096e-08,-7.735237658917557e-12
679,40800.0,40800,1.1908521702087013e-06,1.1908444423370096e-06,1.9621549316764067e-05,0.0,1.3386379752006252e-06,1.4779353505393102e-07,0.0,1.0258120128741137e-08,-7.725815274794889e-12
680,40860.0,40860,1.1909836620862207e-06,1.1909759436580465e-06,1.9638049825323162e-05,0.0,1.3387672636511516e-06,1.477913221662738e-07,0.0,1.025811417352326e-08,-7.716358845645452e-12
681,40920.0,40920,1.1911164669839869e-06,1.1911087580782558e-06,1.9654552202689633e-05,0.0,1.3388978434208074e-06,1.4778908754179695e-07,0.0,1.025810821315435e-08,-7.706869380714149e-12
682,40980.0,40980,1.1912505868758867e-06,1.191242887362363e-06,1.9671056467518885e-05,0.0,1.3390297164608486e-06,1.4778683116180192e-07,0.0,1.0258102247579987e-08,-7.697345709704872e-12
683,41040.0,41040,1.1913860237521273e-06,1.19137833384045e-06,1.9687562638497143e-05,0.0,1.3391628847454763e-06,1.4778455300738368e-07,0.0,1.0258096276765818e-08,-7.687788912669374e-12
684,41100.0,41100,1.1915227796242077e-06,1.1915150993969349e-06,1.9704070734337278e-05,0.0,1.3392973502657445e-06,1.47782253059492e-07,0.0,1.0258090300660733e-08,-7.678198604161182e-12
685,41160.0,41160,1.1916608565222685e-06,1.1916531858957088e-06,1.9720580773781017e-05,0.0,1.3394331150334252e-06,1.4777993129894183e-07,0.0,1.0258084319221946e-08,-7.668575113340406e-12
686,41220.0,41220,1.1918002564973604e-06,1.1917925955155857e-06,1.9737092775599575e-05,0.0,1.3395701810779082e-06,1.4777758770635176e-07,0.0,1.0258078332401444e-08,-7.658918201116503e-12
687,41280.0,41280,1.1919409816186569e-06,1.1919333302407498e-06,1.975360675859346e-05,0.0,1.3397085504499845e-06,1.4777522226220725e-07,0.0,1.0258072340158042e-08,-7.649228171793057e-12
688,41340.0,41340,1.1920830339755852e-06,1.1920753922561886e-06,1.9770122741590928e-05,0.0,1.3398482252194967e-06,1.4777283494680257e-07,0.0,1.0258066342445325e-08,-7.639505067859717e-12
689,41400.0,41400,1.192226415677362e-06,1.1922187837979813e-06,1.9786640743451257e-05,0.0,1.33998920747635e-06,1.4777042574029196e-07,0.0,1.0258060339218695e-08,-7.629749023065436e-12
690,41460.0,41460,1.1923711288531166e-06,1.192363506760297e-06,1.9803160783063668e-05,0.0,1.3401314993297342e-06,1.477679946226419e-07,0.0,1.0258054330431418e-08,-7.619960250748849e-12
691,41520.0,41520,1.1925171756528324e-06,1.1925095633684802e-06,1.981968287934579e-05,0.0,1.3402751029078082e-06,1.4776554157369087e-07,0.0,1.0258048316035694e-08,-7.610138495945775e-12
692,41580.0,41580,1.1926645582453948e-06,1.1926569558245623e-06,1.983620705124825e-05,0.0,1.3404200203601733e-06,1.477630665730758e-07,0.0,1.0258042295988096e-08,-7.600284229444925e-12
693,41640.0,41640,1.1928132788213358e-06,1.192805686271016e-06,1.9852733317751167e-05,0.0,1.3405662538551007e-06,1.477605696003074e-07,0.0,1.0258036270239651e-08,-7.590396952580223e-12
694,41700.0,41700,1.1929633395889968e-06,1.1929557570138725e-06,1.986926169786591e-05,0.0,1.3407138055830267e-06,1.4775805063469318e-07,0.0,1.0258030238750453e-08,-7.580477561290294e-12
695,41760.0,41760,1.1931147427799092e-06,1.1931071700836147e-06,1.9885792210634448e-05,0.0,1.3408626777522105e-06,1.4775550965537163e-07,0.0,1.025802420146726e-08,-7.570525489885172e-12
696,41820.0,41820,1.193267490643864e-06,1.1932599280481659e-06,1.990232487513239e-05,0.0,1.3410128725930635e-06,1.4775294664134982e-07,0.0,1.0258018158347288e-08,-7.560541279995524e-12
697,41880.0,41880,1.1934215854528998e-06,1.1934140328609547e-06,1.9918859710465078e-05,0.0,1.3411643923547761e-06,1.477503615714641e-07,0.0,1.025801210934028e-08,-7.550524544125827e-12
698,41940.0,41940,1.1935770294981484e-06,1.1935694868625929e-06,1.9935396735771925e-05,0.0,1.3413172393086357e-06,1.4774775442434245e-07,0.0,1.0258006054403562e-08,-7.540476019474807e-12
699,42000.0,42000,1.1937338250937268e-06,1.193726292545698e-06,1.995193597022273e-05,0.0,1.3414714157441624e-06,1.477451251784867e-07,0.0,1.0257999993483565e-08,-7.530394994633828e-12
700,42060.0,42060,1.1938919745723667e-06,1.1938844521604433e-06,1.9968477433022688e-05,0.0,1.3416269239735885e-06,1.4774247381221076e-07,0.0,1.0257993926539747e-08,-7.520281875206625e-12
701,42120.0,42120,1.1940514802873404e-06,1.1940439680280615e-06,1.998502114340802e-05,0.0,1.3417837663310251e-06,1.4773980030365272e-07,0.0,1.0257987853526122e-08,-7.510137237857808e-12
702,42180.0,42180,1.1942123446147823e-06,1.1942048425372244e-06,2.0001567120649484e-05,0.0,1.3419419451686246e-06,1.4773710463078173e-07,0.0,1.0257981774388275e-08,-7.499960636461383e-12
703,42240.0,42240,1.194374569951313e-06,1.1943670781494109e-06,2.0018115384050385e-05,0.0,1.3421014628607871e-06,1.477343867714166e-07,0.0,1.0257975689080965e-08,-7.489752312572593e-12
704,42300.0,42300,1.1945381587149268e-06,1.194530677186263e-06,2.0034665952948773e-05,0.0,1.3422623218023442e-06,1.477316467031748e-07,0.0,1.025796959755607e-08,-7.479512345556337e-12
705,42360.0,42360,1.194703113344718e-06,1.1946956420718248e-06,2.005121884671898e-05,0.0,1.342424524409719e-06,1.4772888440353204e-07,0.0,1.0257963499765152e-08,-7.469240643867324e-12
706,42420.0,42420,1.1948694363005818e-06,1.1948619753256738e-06,2.006777408476636e-05,0.0,1.342588073121624e-06,1.477260998497592e-07,0.0,1.0257957395663075e-08,-7.458937836121695e-12
707,42480.0,42480,1.1950371300657526e-06,1.1950296794143283e-06,2.008433168653167e-05,0.0,1.3427529703950587e-06,1.4772329301899398e-07,0.0,1.0257951285194467e-08,-7.448603002127003e-12
708,42540.0,42540,1.1952061971418758e-06,1.1951987568223616e-06,2.0100891671495216e-05,0.0,1.342919218713326e-06,1.4772046388813513e-07,0.0,1.0257945168321873e-08,-7.438237629596948e-12
709,42600.0,42600,1.195376640055985e-06,1.1953692102095699e-06,2.0117454059167023e-05,0.0,1.3430868205762684e-06,1.4771761243398228e-07,0.0,1.0257939044983199e-08,-7.42784063542631e-12
710,42660.0,42660,1.1955484613549584e-06,1.195541041946338e-06,2.0134018869096668e-05,0.0,1.3432557785079424e-06,1.4771473863311324e-07,0.0,1.025793291513683e-08,-7.417412513859267e-12
711,42720.0,42720,1.1957216636075528e-06,1.1957142546441295e-06,2.0150586120868042e-05,0.0,1.3434260950541333e-06,1.4771184246193506e-07,0.0,1.0257926778733472e-08,-7.406953475473005e-12
712,42780.0,42780,1.1958962494051275e-06,1.1958888509295393e-06,2.0167155834102385e-05,0.0,1.343597772782082e-06,1.4770892389669597e-07,0.0,1.0257920635721698e-08,-7.396463334361332e-12
713,42840.0,42840,1.196072221360662e-06,1.1960648334163528e-06,2.0183728028457665e-05,0.0,1.3437708142813864e-06,1.4770598291341558e-07,0.0,1.0257914486054561e-08,-7.385942465482223e-12
714,42900.0,42900,1.196249582109301e-06,1.1962422046869156e-06,2.0200302723628774e-05,0.0,1.3439452221641515e-06,1.4770301948800408e-07,0.0,1.025790832968042e-08,-7.375391074927225e-12
715,42960.0,42960,1.1964283343103084e-06,1.1964209675029485e-06,2.0216879939349275e-05,0.0,1.3441209990619442e-06,1.477000335961618e-07,0.0,1.025790216654507e-08,-7.364808643495575e-12
716,43020.0,43020,1.1966084806433378e-06,1.1966011244427545e-06,2.0233459695387483e-05,0.0,1.3442981476317472e-06,1.4769702521340975e-07,0.0,1.0257895996604127e-08,-7.354195740336939e-12
717,43080.0,43080,1.1967900238117663e-06,1.1967826782954917e-06,2.0250042011550388e-05,0.0,1.344476670551685e-06,1.476939943150658e-07,0.0,1.0257889819805524e-08,-7.343552363813843e-12
718,43140.0,43140,1.196972966541054e-06,1.1969656317309262e-06,2.0266626907686498e-05,0.0,1.3446565705224434e-06,1.4769094087630957e-07,0.0,1.0257883636098042e-08,-7.33287868009703e-12
719,43200.0,43200,1.1971573115804937e-06,1.197149987438081e-06,2.028321440368081e-05,0.0,1.3448378502669296e-06,1.476878648721175e-07,0.0,1.025787744542919e-08,-7.3221742823191e-12
720,43260.0,43260,1.1973430616997953e-06,1.197335748275548e-06,2.0299804519456347e-05,0.0,1.3450205125333566e-06,1.4768476627726121e-07,0.0,1.0257871247754365e-08,-7.311440282214544e-12
721,43320.0,43320,1.1975302196953143e-06,1.1975229170349157e-06,2.0316397274976994e-05,0.0,1.3452045600884712e-06,1.4768164506636886e-07,0.0,1.0257865043012538e-08,-7.30067569600275e-12
722,43380.0,43380,1.1977187883843835e-06,1.1977114964857444e-06,2.0332992690245534e-05,0.0,1.3453899957252689e-06,1.4767850121386716e-07,0.0,1.0257858831159109e-08,-7.289881148596406e-12
723,43440.0,43440,1.1979087706075537e-06,1.197901489558968e-06,2.034959078530451e-05,0.0,1.3455768222590344e-06,1.4767533469400196e-07,0.0,1.025785261214105e-08,-7.279056677702092e-12
724,43500.0,43500,1.1981001692294526e-06,1.1980928990825177e-06,2.0366191580238437e-05,0.0,1.3457650425282145e-06,1.4767214548080218e-07,0.0,1.0257846385905973e-08,-7.268202312791399e-12
725,43560.0,43560,1.1982929871380082e-06,1.1982857277970138e-06,2.0382795095170495e-05,0.0,1.3459546593947746e-06,1.4766893354817732e-07,0.0,1.0257840152402235e-08,-7.257318200259484e-12
726,43620.0,43620,1.198487227244925e-06,1.1984799788467308e-06,2.039940135026669e-05,0.0,1.3461456757438284e-06,1.4766569886977224e-07,0.0,1.0257833911576806e-08,-7.24640456507224e-12
727,43680.0,43680,1.1986828924864091e-06,1.198675655029581e-06,2.04160103657315e-05,0.0,1.3463380944830795e-06,1.476624414191106e-07,0.0,1.0257827663374419e-08,-7.23546092261635e-12
728,43740.0,43740,1.1988799858204226e-06,1.1988727593193827e-06,2.0432622161813313e-05,0.0,1.3465319185469856e-06,1.476591611694651e-07,0.0,1.0257821407749302e-08,-7.224488083685064e-12
729,43800.0,43800,1.1990785102309034e-06,1.1990712947430943e-06,2.04492367588027e-05,0.0,1.3467271508912417e-06,1.476558580939787e-07,0.0,1.0257815144643514e-08,-7.213485823106644e-12
730,43860.0,43860,1.1992784687257037e-06,1.199271264233972e-06,2.046585417703109e-05,0.0,1.3469237944960438e-06,1.4765253216557753e-07,0.0,1.025780887400339e-08,-7.202454201147255e-12
731,43920.0,43920,1.1994798643366854e-06,1.1994726709758415e-06,2.0482474436874483e-05,0.0,1.3471218523657614e-06,1.4764918335696923e-07,0.0,1.0257802595776113e-08,-7.1913932464850345e-12
732,43980.0,43980,1.1996827001196371e-06,1.1996755178189506e-06,2.0499097558748882e-05,0.0,1.3473213275297293e-06,1.4764581164072145e-07,0.0,1.025779630991015e-08,-7.180303410549612e-12
733,44040.0,44040,1.1998869791564337e-06,1.199879808042289e-06,2.051572356311682e-05,0.0,1.347522223040036e-06,1.4764241698919016e-07,0.0,1.0257790016346387e-08,-7.169184072809076e-12
734,44100.0,44100,1.2000927045515251e-06,1.2000855445586538e-06,2.053235247048389e-05,0.0,1.3477245419754963e-06,1.4763899937451963e-07,0.0,1.0257783715038733e-08,-7.158036208970001e-12
735,44160.0,44160,1.200299879435638e-06,1.20029273057162e-06,2.0548984301397632e-05,0.0,1.3479282874380885e-06,1.4763555876865267e-07,0.0,1.025777740592573e-08,-7.146859462825398e-12
736,44220.0,44220,1.2005085069651747e-06,1.2005013693803902e-06,2.0565619076453218e-05,0.0,1.3481334625534857e-06,1.476320951434092e-07,0.0,1.0257771088952536e-08,-7.135653589821545e-12
737,44280.0,44280,1.2007185903195772e-06,1.2007114638889394e-06,2.0582256816287353e-05,0.0,1.3483400704750453e-06,1.4762860847030865e-07,0.0,1.0257764764070177e-08,-7.124419284667876e-12
738,44340.0,44340,1.2009301327046055e-06,1.2009230176209687e-06,2.0598897541583057e-05,0.0,1.348548114379532e-06,1.4762509872074416e-07,0.0,1.0257758431219327e-08,-7.113156071365355e-12
739,44400.0,44400,1.2011431373503562e-06,1.201136033544246e-06,2.0615541273069675e-05,0.0,1.3487575974704115e-06,1.476215658658869e-07,0.0,1.0257752090349948e-08,-7.101865090398462e-12
740,44460.0,44460,1.2013576075157574e-06,1.2013505150239115e-06,2.06321880315231e-05,0.0,1.3489685229726728e-06,1.4761800987671518e-07,0.0,1.025774574139407e-08,-7.090544909065095e-12
741,44520.0,44520,1.2015735464813144e-06,1.2015664653757344e-06,2.0648837837762052e-05,0.0,1.3491808941411871e-06,1.4761443072401262e-07,0.0,1.0257739384308911e-08,-7.079196947686891e-12
742,44580.0,44580,1.201790957556501e-06,1.2017838877770945e-06,2.066549071265617e-05,0.0,1.3493947142531147e-06,1.4761082837835635e-07,0.0,1.025773301902917e-08,-7.067820488903733e-12
743,44640.0,44640,1.2020098440749222e-06,1.2020027856921063e-06,2.068214667711835e-05,0.0,1.3496099866132575e-06,1.4760720281012372e-07,0.0,1.0257726645503418e-08,-7.056415758587315e-12
744,44700.0,44700,1.2022302093959687e-06,1.2022231624861015e-06,2.069880575211001e-05,0.0,1.3498267145531454e-06,1.4760355398947702e-07,0.0,1.0257720263677136e-08,-7.044983225517331e-12
745,44760.0,44760,1.2024520569064003e-06,1.2024450214209435e-06,2.0715467958641506e-05,0.0,1.3500449014286592e-06,1.475998818863838e-07,0.0,1.0257713873489822e-08,-7.0335229092252305e-12
746,44820.0,44820,1.202675390019772e-06,1.2026683660731872e-06,2.0732133317769524e-05,0.0,1.3502645506214911e-06,1.4759618647064452e-07,0.0,1.0257707474880983e-08,-7.022034588689896e-12
747,44880.0,44880,1.2029002121759703e-06,1.2028931997709892e-06,2.0748801850599044e-05,0.0,1.3504856655401436e-06,1.4759246771178287e-07,0.0,1.0257701067796308e-08,-7.010518020092723e-12
748,44940.0,44940,1.2031265268386592e-06,1.203119525910273e-06,2.0765473578287048e-05,0.0,1.3507082496230417e-06,1.4758872557914853e-07,0.0,1.0257694652186074e-08,-6.998974717997302e-12
749,45000.0,45000,1.2033543375038974e-06,1.2033473481056155e-06,2.078214852203575e-05,0.0,1.3509323063286593e-06,1.475849600419392e-07,0.0,1.025768822797645e-08,-6.987403111473434e-12
750,45060.0,45060,1.2035836476902237e-06,1.2035766700207594e-06,2.0798826703097417e-05,0.0,1.3511578391478248e-06,1.4758117106905895e-07,0.0,1.0257681795121126e-08,-6.975804288175627e-12
751,45120.0,45120,1.2038144609449118e-06,1.2038074948381104e-06,2.081550814277827e-05,0.0,1.3513848515963043e-06,1.4757735862923267e-07,0.0,1.0257675353558006e-08,-6.964178209897089e-12
752,45180.0,45180,1.2040467808435467e-06,1.2040398264863086e-06,2.0832192862430216e-05,0.0,1.3516133472161547e-06,1.4757352269099903e-07,0.0,1.0257668903225525e-08,-6.952524540422969e-12
753,45240.0,45240,1.2042806109874852e-06,1.2042736682176572e-06,2.0848880883458035e-05,0.0,1.3518433295785767e-06,1.4756966322266806e-07,0.0,1.0257662444069908e-08,-6.940843736407309e-12
754,45300.0,45300,1.204515955006054e-06,1.2045090239567126e-06,2.086557222731546e-05,0.0,1.3520748022820184e-06,1.4756578019234147e-07,0.0,1.025765597603055e-08,-6.929136082782982e-12
755,45360.0,45360,1.2047528165577786e-06,1.2047458973045852e-06,2.0882266915511064e-05,0.0,1.3523077689509988e-06,1.475618735678871e-07,0.0,1.0257649499043752e-08,-6.917401204262769e-12
756,45420.0,45420,1.2049911993280216e-06,1.204984291848715e-06,2.089896496960259e-05,0.0,1.352542233238895e-06,1.4755794331700034e-07,0.0,1.0257643013053286e-08,-6.905639515565719e-12
757,45480.0,45480,1.205231107030812e-06,1.20522421127176e-06,2.09156664112022e-05,0.0,1.3527781988268082e-06,1.4755398940711883e-07,0.0,1.0257636517996947e-08,-6.893850892817782e-12
758,45540.0,45540,1.2054725434081631e-06,1.2054656594314512e-06,2.0932371261973393e-05,0.0,1.3530156694242608e-06,1.4755001180550267e-07,0.0,1.0257630013816157e-08,-6.882035508828659e-12
759,45600.0,45600,1.2057155122301527e-06,1.2057086401065946e-06,2.094907954363343e-05,0.0,1.3532546487697692e-06,1.4754601047915415e-07,0.0,1.0257623500450847e-08,-6.870193842885671e-12
760,45660.0,45660,1.205960017297302e-06,1.205953157102627e-06,2.0965791277950925e-05,0.0,1.3534951406279491e-06,1.4754198539490485e-07,0.0,1.0257616977834223e-08,-6.858325310905769e-12
761,45720.0,45720,1.2062060624372957e-06,1.2061992140633516e-06,2.0982506486752614e-05,0.0,1.3537371487943224e-06,1.4753793651932176e-07,0.0,1.025761044591059e-08,-6.846430481812253e-12
762,45780.0,45780,1.2064536515077009e-06,1.2064468150901867e-06,2.0999225191916807e-05,0.0,1.3539806770922315e-06,1.4753386381879259e-07,0.0,1.0257603904616142e-08,-6.834509316469948e-12
763,45840.0,45840,1.206702788395038e-06,1.2066959639901808e-06,2.101594741537469e-05,0.0,1.3542257293742307e-06,1.4752976725946096e-07,0.0,1.0257597353888035e-08,-6.822561674391165e-12
764,45900.0,45900,1.2069534770140573e-06,1.2069466645474794e-06,2.103267317911645e-05,0.0,1.3544723095234267e-06,1.4752564680722296e-07,0.0,1.0257590793668543e-08,-6.810588431721639e-12
765,45960.0,45960,1.2072057213124776e-06,1.2071989208488735e-06,2.104940250518516e-05,0.0,1.354720421448519e-06,1.47521502427809e-07,0.0,1.0257584223885328e-08,-6.798588480623445e-12
766,46020.0,46020,1.2074595252637342e-06,1.207452736821992e-06,2.1066135415682006e-05,0.0,1.3549700690922143e-06,1.4751733408668326e-07,0.0,1.0257577644486641e-08,-6.786563164519212e-12
767,46080.0,46080,1.2077148928744636e-06,1.2077081165090347e-06,2.1082871932762817e-05,0.0,1.3552212564234004e-06,1.4751314174910505e-07,0.0,1.0257571055399927e-08,-6.774511605202895e-12
768,46140.0,46140,1.2079718281792584e-06,1.2079650638902796e-06,2.1099612078640453e-05,0.0,1.3554739874432777e-06,1.4750892538009806e-07,0.0,1.0257564456567358e-08,-6.7624344449544584e-12
769,46200.0,46200,1.208230335244082e-06,1.2082235831333683e-06,2.1116355875585452e-05,0.0,1.3557282661820687e-06,1.4750468494444527e-07,0.0,1.0257557847923099e-08,-6.750331610607482e-12
770,46260.0,46260,1.208490418165108e-06,1.208483678173455e-06,2.1133103345926264e-05,0.0,1.3559840967004926e-06,1.4750042040673167e-07,0.0,1.0257551229402814e-08,-6.7382031573716574e-12
771,46320.0,46320,1.2087520810691705e-06,1.208745353154063e-06,2.114985451204947e-05,0.0,1.3562414830901201e-06,1.474961317312708e-07,0.0,1.0257544600942695e-08,-6.726049419619123e-12
772,46380.0,46380,1.20901532811472e-06,1.2090086124136732e-06,2.1166609396399557e-05,0.0,1.3565004294718994e-06,1.4749181888221566e-07,0.0,1.0257537962474991e-08,-6.713869860269449e-12
773,46440.0,46440,1.209280163489256e-06,1.2092734599377258e-06,2.1183368021479346e-05,0.0,1.3567609400007435e-06,1.4748748182338133e-07,0.0,1.0257531313942618e-08,-6.701665758240454e-12
774,46500.0,46500,1.2095465914147083e-06,1.2095399001471916e-06,2.120013040985307e-05,0.0,1.357023018858252e-06,1.4748312051842578e-07,0.0,1.0257524655266727e-08,-6.6894360113229805e-12
775,46560.0,46560,1.209814616142725e-06,1.209807937150235e-06,2.1216896584144392e-05,0.0,1.3572866702599225e-06,1.4747873493077992e-07,0.0,1.0257517986390449e-08,-6.6771812309289305e-12
776,46620.0,46620,1.2100842419563518e-06,1.2100775751952537e-06,2.123366656703664e-05,0.0,1.3575518984528682e-06,1.4747432502357936e-07,0.0,1.0257511307246348e-08,-6.664901470425579e-12
777,46680.0,46680,1.2103554731705107e-06,1.2103488186988891e-06,2.125044038127213e-05,0.0,1.3578187077160653e-06,1.4746989075978213e-07,0.0,1.0257504617768489e-08,-6.65259710852522e-12
778,46740.0,46740,1.2106283141341172e-06,1.2106216720404983e-06,2.1267218049657874e-05,0.0,1.3580871023581539e-06,1.4746543210205604e-07,0.0,1.0257497917885384e-08,-6.640267696101946e-12
779,46800.0,46800,1.210902769226132e-06,1.2108961395725335e-06,2.1283999595062264e-05,0.0,1.3583570867224079e-06,1.474609490128675e-07,0.0,1.0257491207533972e-08,-6.627913818787318e-12
780,46860.0,46860,1.2111788428597415e-06,1.2111722255379704e-06,2.1300785040412498e-05,0.0,1.358628665182613e-06,1.4745644145443874e-07,0.0,1.0257484486643727e-08,-6.615534989449398e-12
781,46920.0,46920,1.2114565394785738e-06,1.2114499345321015e-06,2.131757440870022e-05,0.0,1.3589018421479806e-06,1.4745190938871033e-07,0.0,1.0257477755152662e-08,-6.603132467634813e-12
782,46980.0,46980,1.2117358635631593e-06,1.2117292710791325e-06,2.1334367722981977e-05,0.0,1.3591766220552697e-06,1.4744735277744362e-07,0.0,1.0257471012979893e-08,-6.590704837997015e-12
783,47040.0,47040,1.2120168196236781e-06,1.2120102395786476e-06,2.135116500637594e-05,0.0,1.3594530093788782e-06,1.4744277158209946e-07,0.0,1.0257464260068555e-08,-6.578253196461629e-12
784,47100.0,47100,1.2122994122047268e-06,1.2122928446433928e-06,2.1367966282062994e-05,0.0,1.3597310086250806e-06,1.4743816576390142e-07,0.0,1.0257457496345346e-08,-6.565777606476822e-12
785,47160.0,47160,1.2125836458857418e-06,1.212577090844774e-06,2.1384771573291763e-05,0.0,1.3600106243319451e-06,1.474335352838665e-07,0.0,1.0257450721737605e-08,-6.5532775152103525e-12
786,47220.0,47220,1.2128695252776667e-06,1.2128629827257218e-06,2.140158090337315e-05,0.0,1.3602918610740734e-06,1.4742888010270098e-07,0.0,1.0257443936182488e-08,-6.5407537936768655e-12
787,47280.0,47280,1.213157055027227e-06,1.213150525016708e-06,2.141839429568492e-05,0.0,1.3605747234582298e-06,1.4742420018091826e-07,0.0,1.025743713960445e-08,-6.52820634292379e-12
788,47340.0,47340,1.2134462398161387e-06,1.213439722380137e-06,2.1435211773670395e-05,0.0,1.360859216123656e-06,1.4741949547873813e-07,0.0,1.0257430331930406e-08,-6.515634866484984e-12
789,47400.0,47400,1.2137370843591678e-06,1.213730579541974e-06,2.145203336083998e-05,0.0,1.361145343746318e-06,1.4741476595615323e-07,0.0,1.0257423513094097e-08,-6.503039799974262e-12
790,47460.0,47460,1.2140295934062618e-06,1.2140231012282387e-06,2.1468859080767676e-05,0.0,1.3614331110362292e-06,1.4741001157289852e-07,0.0,1.025741668302286e-08,-6.490421328580171e-12
791,47520.0,47520,1.2143237717426996e-06,1.2143172921959261e-06,2.1485688957099587e-05,0.0,1.3617225227373962e-06,1.474052322884358e-07,0.0,1.0257409841643075e-08,-6.4777792197524185e-12
792,47580.0,47580,1.2146196241883808e-06,1.2146131572976454e-06,2.1502523013547153e-05,0.0,1.3620135836299897e-06,1.4740042806198267e-07,0.0,1.0257402988885602e-08,-6.465113982314938e-12
793,47640.0,47640,1.2149171555994798e-06,1.2149107014088539e-06,2.151936127389043e-05,0.0,1.3623062985281605e-06,1.4739559885250248e-07,0.0,1.0257396124674153e-08,-6.4524254837127116e-12
794,47700.0,47700,1.2152163708679793e-06,1.2152099294336355e-06,2.1536203761978748e-05,0.0,1.362600672281745e-06,1.4739074461869727e-07,0.0,1.0257389248936067e-08,-6.439713680822647e-12
795,47760.0,47760,1.215517274920866e-06,1.2155108462389806e-06,2.1553050501729824e-05,0.0,1.3628967097773318e-06,1.4738586531898748e-07,0.0,1.0257382361600921e-08,-6.4269791692553826e-12
796,47820.0,47820,1.2158198727226573e-06,1.2158134567677727e-06,2.1569901517133053e-05,0.0,1.3631944159361443e-06,1.4738096091157498e-07,0.0,1.0257375462589654e-08,-6.414221424459629e-12
797,47880.0,47880,1.2161241692726413e-06,1.2161177661126752e-06,2.1586756832246667e-05,0.0,1.3634937957171546e-06,1.4737603135433904e-07,0.0,1.025736855183366e-08,-6.40144104660019e-12
798,47940.0,47940,1.216430169608415e-06,1.2164237792267739e-06,2.1603616471200347e-05,0.0,1.363794854114721e-06,1.4737107660494036e-07,0.0,1.0257361629254624e-08,-6.388638031600161e-12
799,48000.0,48000,1.2167378788041226e-06,1.216731501275976e-06,2.1620480458196106e-05,0.0,1.3640975961598164e-06,1.4736609662075458e-07,0.0,1.0257354694776787e-08,-6.37581243197727e-12
800,48060.0,48060,1.2170473019714652e-06,1.2170409372417334e-06,2.1637348817506312e-05,0.0,1.3644020269200704e-06,1.473610913588927e-07,0.0,1.0257347748323758e-08,-6.362964124097628e-12
801,48120.0,48120,1.217358444258664e-06,1.2173520924470122e-06,2.1654221573476766e-05,0.0,1.3647081515023363e-06,1.4735606077619264e-07,0.0,1.0257340789824046e-08,-6.3500936099943864e-12
802,48180.0,48180,1.2176713108519755e-06,1.217664971959947e-06,2.1671098750526246e-05,0.0,1.3650159750494948e-06,1.4735100482919858e-07,0.0,1.025733381919731e-08,-6.3372008152923664e-12
803,48240.0,48240,1.2179859069766207e-06,1.2179795809589686e-06,2.1687980373148047e-05,0.0,1.3653255027420668e-06,1.473459234742346e-07,0.0,1.025732683636758e-08,-6.324286016210885e-12
804,48300.0,48300,1.2183022378962246e-06,1.2182959248592574e-06,2.1704866465907355e-05,0.0,1.365636739798048e-06,1.4734081666730202e-07,0.0,1.0257319841254194e-08,-6.31134872576076e-12
805,48360.0,48360,1.2186203089105763e-06,1.2186140087961278e-06,2.1721757053446056e-05,0.0,1.3659496914766933e-06,1.4733568436413418e-07,0.0,1.0257312833787371e-08,-6.298389948303749e-12
806,48420.0,48420,1.2189401253612027e-06,1.2189338382353737e-06,2.173865216048033e-05,0.0,1.3662643630724522e-06,1.4733052652020667e-07,0.0,1.025730581388026e-08,-6.285409238657147e-12
807,48480.0,48480,1.2192616926278287e-06,1.2192554184777683e-06,2.1755551811801745e-05,0.0,1.36658075991964e-06,1.473253430907065e-07,0.0,1.0257298781456146e-08,-6.272406663552562e-12
808,48540.0,48540,1.2195850161291719e-06,1.2195787550514776e-06,2.177245603227988e-05,0.0,1.3668988873927784e-06,1.4732013403051008e-07,0.0,1.025729173643799e-08,-6.259382658530812e-12
809,48600.0,48600,1.2199101013240742e-06,1.2199038533371016e-06,2.178936484685883e-05,0.0,1.367218750904371e-06,1.473148992942786e-07,0.0,1.0257284678742893e-08,-6.246336978895237e-12
810,48660.0,48660,1.220236953710916e-06,1.220230718791338e-06,2.1806278280561576e-05,0.0,1.367540355907824e-06,1.4730963883630967e-07,0.0,1.0257277608294348e-08,-6.233270026607573e-12
811,48720.0,48720,1.220565578828762e-06,1.2205593569538944e-06,2.1823196358489538e-05,0.0,1.3678637078960686e-06,1.4730435261064827e-07,0.0,1.0257270525008068e-08,-6.220181799616667e-12
812,48780.0,48780,1.2208959822573215e-06,1.2208897735273948e-06,2.18401191058215e-05,0.0,1.3681888124018324e-06,1.4729904057110377e-07,0.0,1.025726342880424e-08,-6.20707233205789e-12
813,48840.0,48840,1.2212281696167017e-06,1.2212219739678957e-06,2.185704654781687e-05,0.0,1.3685156749993075e-06,1.4729370267109634e-07,0.0,1.0257256319601243e-08,-6.193941848024721e-12
814,48900.0,48900,1.2215621465682689e-06,1.2215559640679274e-06,2.187397870981155e-05,0.0,1.3688443013033428e-06,1.472883388638156e-07,0.0,1.0257249197317239e-08,-6.180790501156404e-12
815,48960.0,48960,1.2218979188154536e-06,1.221891749526127e-06,2.1890915617227086e-05,0.0,1.3691746969691589e-06,1.4728294910215078e-07,0.0,1.025724206186783e-08,-6.167618221574117e-12
816,49020.0,49020,1.2222354921027124e-06,1.2222293359978647e-06,2.1907857295560857e-05,0.0,1.369506867694723e-06,1.472775333387009e-07,0.0,1.0257234913171285e-08,-6.154425413856474e-12
817,49080.0,49080,1.2225748722174817e-06,1.2225687293701794e-06,2.192480377039393e-05,0.0,1.369840819217814e-06,1.4727209152574396e-07,0.0,1.0257227751140648e-08,-6.141211911035433e-12
818,49140.0,49140,1.2229160649894675e-06,1.222909935321536e-06,2.194175506738976e-05,0.0,1.370176557319449e-06,1.47266623615302e-07,0.0,1.0257220575693655e-08,-6.127977503088607e-12
819,49200.0,49200,1.2232590762882544e-06,1.2232529599374003e-06,2.1958711212295483e-05,0.0,1.3705140878257966e-06,1.472611295590333e-07,0.0,1.0257213386752093e-08,-6.114723516211427e-12
820,49260.0,49260,1.2236039120309957e-06,1.2235978089240296e-06,2.1975672230937567e-05,0.0,1.3708534166007874e-06,1.4725560930835897e-07,0.0,1.0257206184218337e-08,-6.101448970888752e-12
821,49320.0,49320,1.2239505781763628e-06,1.223944488395283e-06,2.199263814923097e-05,0.0,1.371194549552848e-06,1.4725006281437055e-07,0.0,1.0257198968010763e-08,-6.088153845566319e-12
822,49380.0,49380,1.2242990807241218e-06,1.2242930042489475e-06,2.20096089931726e-05,0.0,1.3715374926373715e-06,1.4724449002782842e-07,0.0,1.0257191738050734e-08,-6.0748392774600925e-12
823,49440.0,49440,1.2246494257216343e-06,1.2246433625889537e-06,2.2026584788845023e-05,0.0,1.3718822518492077e-06,1.4723889089921985e-07,0.0,1.0257184494241476e-08,-6.061504597297302e-12
824,49500.0,49500,1.2250016192590641e-06,1.2249955694592077e-06,2.204356556241602e-05,0.0,1.372228833228685e-06,1.4723326537870257e-07,0.0,1.025717723649902e-08,-6.0481502322111194e-12
825,49560.0,49560,1.2253556674713981e-06,1.225349631067326e-06,2.2060551340140354e-05,0.0,1.372577242860299e-06,1.4722761341615266e-07,0.0,1.0257169964733949e-08,-6.034776082986948e-12
826,49620.0,49620,1.2257115765385281e-06,1.225705553500959e-06,2.2077542148360838e-05,0.0,1.3729274868733824e-06,1.4722193496110475e-07,0.0,1.0257162678859415e-08,-6.021382240755745e-12
827,49680.0,49680,1.2260693526846504e-06,1.2260633430173264e-06,2.209453801350704e-05,0.0,1.3732795714437302e-06,1.472162299627589e-07,0.0,1.0257155378788565e-08,-6.007969553306429e-12
828,49740.0,49740,1.226429002182745e-06,1.226423006001794e-06,2.211153896209528e-05,0.0,1.3736335027883957e-06,1.472104983700659e-07,0.0,1.0257148064421956e-08,-5.994536818287746e-12
829,49800.0,49800,1.226790531347747e-06,1.2267845486051228e-06,2.2128545020734313e-05,0.0,1.373989287175415e-06,1.4720474013157708e-07,0.0,1.0257140735682235e-08,-5.981085462232501e-12
830,49860.0,49860,1.2271539465440445e-06,1.2271479773369458e-06,2.2145556216118545e-05,0.0,1.3743469309146564e-06,1.4719895519558082e-07,0.0,1.0257133392468036e-08,-5.9676149063546085e-12
831,49920.0,49920,1.2275192541822695e-06,1.2275132984403204e-06,2.2162572575035916e-05,0.0,1.3747064403634197e-06,1.471931435100395e-07,0.0,1.0257126034689949e-08,-5.954125090514897e-12
832,49980.0,49980,1.2278864607180132e-06,1.227880518462369e-06,2.217959412436308e-05,0.0,1.3750678219282948e-06,1.4718730502253132e-07,0.0,1.0257118662261868e-08,-5.9406168271826865e-12
833,50040.0,50040,1.2282555726566345e-06,1.2282496439679276e-06,2.219662089107021e-05,0.0,1.3754310820599558e-06,1.4718143968036313e-07,0.0,1.0257111275084138e-08,-5.9270897435796626e-12
834,50100.0,50100,1.2286265965500495e-06,1.2286206813979333e-06,2.2213652902218827e-05,0.0,1.375796227258162e-06,1.471755474305105e-07,0.0,1.0257103873065959e-08,-5.913544194802296e-12
835,50160.0,50160,1.2289995389998324e-06,1.2289936373845255e-06,2.2230690184962664e-05,0.0,1.3761632640689165e-06,1.4716962821959908e-07,0.0,1.0257096456110983e-08,-5.8999799901364165e-12
836,50220.0,50220,1.2293744066541698e-06,1.2293685186719696e-06,2.2247732766549416e-05,0.0,1.376532199088617e-06,1.471636819939165e-07,0.0,1.0257089024128305e-08,-5.886397607361528e-12
837,50280.0,50280,1.2297512062116705e-06,1.2297453317518987e-06,2.226478067432161e-05,0.0,1.376903038960629e-06,1.471577086994397e-07,0.0,1.0257081577020294e-08,-5.872797029934363e-12
838,50340.0,50340,1.2301299444195639e-06,1.230124083657921e-06,2.228183393571793e-05,0.0,1.3772757903780717e-06,1.4715170828178535e-07,0.0,1.0257074114690499e-08,-5.859178320711836e-12
839,50400.0,50400,1.2305106280749827e-06,1.2305047808880754e-06,2.2298892578270575e-05,0.0,1.3776504600829565e-06,1.4714568068622704e-07,0.0,1.025706663704353e-08,-5.845541776160905e-12
840,50460.0,50460,1.2308932640257278e-06,1.2308874304846971e-06,2.2315956629609206e-05,0.0,1.3780270548668445e-06,1.4713962585772935e-07,0.0,1.0257059143980053e-08,-5.8318871641677295e-12
841,50520.0,50520,1.231277859168822e-06,1.2312720393913933e-06,2.2333026117460504e-05,0.0,1.3784055815728385e-06,1.4713354374086934e-07,0.0,1.0257051635406386e-08,-5.818214874384043e-12
842,50580.0,50580,1.2316644204519688e-06,1.2316586143582062e-06,2.2350101069649487e-05,0.0,1.3787860470944509e-06,1.471274342798775e-07,0.0,1.0257044111224157e-08,-5.8045254661622056e-12
843,50640.0,50640,1.23205295487671e-06,1.2320471625164216e-06,2.236718151409819e-05,0.0,1.3791684583735405e-06,1.471212974187026e-07,0.0,1.0257036571325811e-08,-5.790818377235299e-12
844,50700.0,50700,1.2324434694949958e-06,1.2324376908235904e-06,2.238426747882917e-05,0.0,1.379552822404506e-06,1.4711513310087528e-07,0.0,1.025702901561607e-08,-5.777093528852533e-12
845,50760.0,50760,1.2328359714083247e-06,1.2328302065119255e-06,2.2401358991966804e-05,0.0,1.3799391462371125e-06,1.4710894126956413e-07,0.0,1.0257021444001678e-08,-5.763352102685927e-12
846,50820.0,50820,1.233230467774396e-06,1.2332247166114845e-06,2.2418456081732058e-05,0.0,1.3803274369682562e-06,1.471027218676356e-07,0.0,1.0257013856371351e-08,-5.749593423381446e-12
847,50880.0,50880,1.233626965802273e-06,1.2336212284468034e-06,2.243555877644992e-05,0.0,1.3807177017498862e-06,1.4709647483755336e-07,0.0,1.0257006252626394e-08,-5.735817860759705e-12
848,50940.0,50940,1.2340254727546513e-06,1.2340197491618006e-06,2.2452667104548066e-05,0.0,1.3811099477861086e-06,1.4709020012144974e-07,0.0,1.0256998632663311e-08,-5.722025270041727e-12
849,51000.0,51000,1.2344259959469713e-06,1.234420286098903e-06,2.246978109455645e-05,0.0,1.3815041823361774e-06,1.4708389766105767e-07,0.0,1.0256990996383298e-08,-5.708216337301319e-12
850,51060.0,51060,1.2348285427502173e-06,1.2348228467891858e-06,2.2486900775109035e-05,0.0,1.3819004127116268e-06,1.4707756739778915e-07,0.0,1.0256983343676458e-08,-5.694391030226348e-12
851,51120.0,51120,1.235233120590959e-06,1.2352274384753638e-06,2.2504026174943794e-05,0.0,1.3822986462770904e-06,1.4707120927268055e-07,0.0,1.0256975674436307e-08,-5.680548861101009e-12
852,51180.0,51180,1.2356397369484688e-06,1.23563406867099e-06,2.2521157322904466e-05,0.0,1.3826988904546722e-06,1.470648232263347e-07,0.0,1.0256967988564149e-08,-5.666690649733777e-12
853,51240.0,51240,1.2360483993586844e-06,1.236042745010129e-06,2.253829424794099e-05,0.0,1.383101152720722e-06,1.4705840919907262e-07,0.0,1.0256960285950514e-08,-5.652816348405468e-12
854,51300.0,51300,1.2364591154137554e-06,1.236453474988893e-06,2.255543697911082e-05,0.0,1.3835054406070116e-06,1.4705196713076648e-07,0.0,1.0256952566487848e-08,-5.638926180052428e-12
855,51360.0,51360,1.236871892762415e-06,1.2368662661972062e-06,2.2572585545577157e-05,0.0,1.3839117617009522e-06,1.4704549696096576e-07,0.0,1.0256944830066681e-08,-5.625020122529224e-12
856,51420.0,51420,1.23728673911051e-06,1.2372811265372122e-06,2.258973997661422e-05,0.0,1.384320123646496e-06,1.4703899862880676e-07,0.0,1.025693707657829e-08,-5.611098194506696e-12
857,51480.0,51480,1.2377036622204424e-06,1.2376980635617415e-06,2.260690030160286e-05,0.0,1.3847305341458579e-06,1.4703247207303145e-07,0.0,1.0256929305917148e-08,-5.597160768005513e-12
858,51540.0,51540,1.238122669912685e-06,1.2381170852646191e-06,2.262406655003669e-05,0.0,1.3851430009582028e-06,1.4702591723202503e-07,0.0,1.025692151797112e-08,-5.583207969411297e-12
859,51600.0,51600,1.2385437700667373e-06,1.2385381993119223e-06,2.2641238751517257e-05,0.0,1.3855575319002748e-06,1.4701933404375613e-07,0.0,1.0256913712628061e-08,-5.569239867655555e-12
860,51660.0,51660,1.2389669706203883e-06,1.2389614139051617e-06,2.2658416935761932e-05,0.0,1.3859741348474358e-06,1.4701272244583147e-07,0.0,1.0256905889776691e-08,-5.5552565129567704e-12
861,51720.0,51720,1.2393922795706992e-06,1.2393867367946663e-06,2.2675601132596028e-05,0.0,1.386392817734811e-06,1.47006082375448e-07,0.0,1.0256898049306255e-08,-5.541258372114349e-12
862,51780.0,51780,1.2398197049751103e-06,1.239814176232438e-06,2.2692791371963297e-05,0.0,1.3868135885554604e-06,1.4699941376938797e-07,0.0,1.025689019109896e-08,-5.527245231246652e-12
863,51840.0,51840,1.2402492549512357e-06,1.2402437402657562e-06,2.270998768391675e-05,0.0,1.387236455363082e-06,1.4699271656406984e-07,0.0,1.0256882315042987e-08,-5.513217538834014e-12
864,51900.0,51900,1.2406809376780658e-06,1.2406754370038769e-06,2.2727190098628263e-05,0.0,1.3876614262712476e-06,1.469859906954956e-07,0.0,1.0256874421020756e-08,-5.499174934037943e-12
865,51960.0,51960,1.2411147613946275e-06,1.241109274874393e-06,2.2744398646384662e-05,0.0,1.3880885094558607e-06,1.4697923609923535e-07,0.0,1.0256866508921513e-08,-5.485117855296227e-12
866,52020.0,52020,1.2415507344011058e-06,1.2415452618957948e-06,2.2761613357587706e-05,0.0,1.3885177131552657e-06,1.469724527104648e-07,0.0,1.0256858578628958e-08,-5.471047174809915e-12
867,52080.0,52080,1.2419888650642511e-06,1.24198340663091e-06,2.277883426276109e-05,0.0,1.3889490456647037e-06,1.4696564046398237e-07,0.0,1.0256850630013776e-08,-5.456961555481964e-12
868,52140.0,52140,1.2424291618090208e-06,1.2424237174711129e-06,2.2796061392543017e-05,0.0,1.3893825153473464e-06,1.4695879929411877e-07,0.0,1.0256842662970975e-08,-5.442862387758112e-12
869,52200.0,52200,1.2428716331266243e-06,1.2428662029660656e-06,2.2813294777694038e-05,0.0,1.3898181306266766e-06,1.4695192913483077e-07,0.0,1.0256834677372945e-08,-5.428749026964383e-12
870,52260.0,52260,1.2433162875699606e-06,1.2433108714829832e-06,2.283053444909273e-05,0.0,1.3902558999921965e-06,1.4694502991962107e-07,0.0,1.0256826673105946e-08,-5.4146225205220336e-12
871,52320.0,52320,1.2437631337601192e-06,1.2437577318956697e-06,2.2847780437740454e-05,0.0,1.390695831992735e-06,1.46938101581581e-07,0.0,1.0256818650038528e-08,-5.400481843853377e-12
872,52380.0,52380,1.2442121803795114e-06,1.2442067925805036e-06,2.286503277476183e-05,0.0,1.3911379352471286e-06,1.4693114405338865e-07,0.0,1.0256810608058977e-08,-5.3863282750153775e-12
873,52440.0,52440,1.2446634361788756e-06,1.244658062516546e-06,2.2882291491402964e-05,0.0,1.3915822184354256e-06,1.469241572672732e-07,0.0,1.0256802547036056e-08,-5.372161096417549e-12
874,52500.0,52500,1.2451169099738223e-06,1.245111550554752e-06,2.289955661903452e-05,0.0,1.3920286903060426e-06,1.4691714115505242e-07,0.0,1.0256794466851119e-08,-5.3579807716508545e-12
875,52560.0,52560,1.2455726106461724e-06,1.2455672653579895e-06,2.291682818915303e-05,0.0,1.3924773596737433e-06,1.469100956480728e-07,0.0,1.0256786367380392e-08,-5.343787811894819e-12
876,52620.0,52620,1.2460305471470438e-06,1.2460252160830277e-06,2.2934106233376948e-05,0.0,1.3929282354179179e-06,1.469030206772644e-07,0.0,1.0256778248492536e-08,-5.3295818759266106e-12
877,52680.0,52680,1.2464907284941752e-06,1.2464854117375666e-06,2.2951390783460222e-05,0.0,1.3933813264874172e-06,1.468959161731202e-07,0.0,1.0256770110063031e-08,-5.315363153161099e-12
878,52740.0,52740,1.2469531637736726e-06,1.2469478612537818e-06,2.29686818712761e-05,0.0,1.39383664189916e-06,1.468887820656637e-07,0.0,1.0256761951967151e-08,-5.301132114527871e-12
879,52800.0,52800,1.2474178621411313e-06,1.2474125738242654e-06,2.2985979528832006e-05,0.0,1.3942941907386246e-06,1.4688161828448819e-07,0.0,1.0256753774073122e-08,-5.286888809713685e-12
880,52860.0,52860,1.247884832822754e-06,1.2478795588229106e-06,2.3003283788262532e-05,0.0,1.3947539821594937e-06,1.4687442475873633e-07,0.0,1.0256745576249706e-08,-5.272633285502388e-12
881,52920.0,52920,1.248354085114819e-06,1.2483488253873799e-06,2.3020594681832515e-05,0.0,1.3952160253854576e-06,1.4686720141708292e-07,0.0,1.0256737358366947e-08,-5.25836557053008e-12
882,52980.0,52980,1.2488256283834895e-06,1.2488203829414698e-06,2.3037912241944012e-05,0.0,1.3956803297123712e-06,1.4685994818775213e-07,0.0,1.0256729120295634e-08,-5.244085927514158e-12
883,53040.0,53040,1.2492994720666014e-06,1.2492942409110527e-06,2.3055236501125828e-05,0.0,1.3961469045071076e-06,1.468526649984714e-07,0.0,1.0256720861904421e-08,-5.229794972872372e-12
884,53100.0,53100,1.249775625676191e-06,1.249770408788075e-06,2.3072567492042242e-05,0.0,1.3966157592056725e-06,1.468453517765737e-07,0.0,1.0256712583052682e-08,-5.215492076396907e-12
885,53160.0,53160,1.2502540987951071e-06,1.2502488962075157e-06,2.30899052474952e-05,0.0,1.3970869033193513e-06,1.4683800844883213e-07,0.0,1.0256704283611847e-08,-5.201177872510843e-12
886,53220.0,53220,1.2507349010804266e-06,1.2507297128064433e-06,2.3107249800418195e-05,0.0,1.3975603464317853e-06,1.4683063494160833e-07,0.0,1.0256695963445662e-08,-5.186852486209769e-12
887,53280.0,53280,1.2512180422634806e-06,1.2512128683539925e-06,2.3124601183885447e-05,0.0,1.3980360981996273e-06,1.4682323118076205e-07,0.0,1.0256687622415741e-08,-5.172516067311515e-12
888,53340.0,53340,1.2517035321505649e-06,1.2516983726156236e-06,2.3141959431106652e-05,0.0,1.3985141683545093e-06,1.4681579709167336e-07,0.0,1.025667926038359e-08,-5.1581687887163e-12
889,53400.0,53400,1.2521913806240055e-06,1.2521862354539419e-06,2.3159324575433106e-05,0.0,1.3989945667017573e-06,1.4680833259925277e-07,0.0,1.025667087721029e-08,-5.143810496863568e-12
890,53460.0,53460,1.2526815976409294e-06,1.252676466862539e-06,2.317669665035552e-05,0.0,1.399477303124899e-06,1.4680083762790212e-07,0.0,1.0256662472759267e-08,-5.129441757849172e-12
891,53520.0,53520,1.253174193236269e-06,1.2531690768227152e-06,2.3194075689503146e-05,0.0,1.399962387582086e-06,1.4679331210151627e-07,0.0,1.0256654046887975e-08,-5.115062727175912e-12
892,53580.0,53580,1.2536691775229127e-06,1.2536640755050472e-06,2.3211461726652075e-05,0.0,1.4004498301086058e-06,1.467857559435444e-07,0.0,1.0256645599452049e-08,-5.100673081143677e-12
893,53640.0,53640,1.2541665606904342e-06,1.2541614730970601e-06,2.3228854795717375e-05,0.0,1.40093964081904e-06,1.467781690768656e-07,0.0,1.0256637130313958e-08,-5.086273823494317e-12
894,53700.0,53700,1.2546663530098593e-06,1.254661279824752e-06,2.3246254930761838e-05,0.0,1.4014318299037954e-06,1.4677055142391328e-07,0.0,1.0256628639321873e-08,-5.071864447006945e-12
895,53760.0,53760,1.2551685648311667e-06,1.255163505944549e-06,2.326366216599334e-05,0.0,1.401926407633311e-06,1.4676290290659177e-07,0.0,1.0256620126333563e-08,-5.057444741263213e-12
896,53820.0,53820,1.255673206581567e-06,1.2556681622144135e-06,2.3281076535765294e-05,0.0,1.4024233843619353e-06,1.4675522344627607e-07,0.0,1.0256611591212565e-08,-5.043016197682821e-12
897,53880.0,53880,1.256180288773765e-06,1.2561752587810357e-06,2.3298498074581016e-05,0.0,1.40292277051946e-06,1.4674751296383592e-07,0.0,1.025660303379819e-08,-5.02857802369934e-12
898,53940.0,53940,1.256689822000894e-06,1.2566848065361646e-06,2.3315926817090234e-05,0.0,1.4034245766185771e-06,1.467397713796323e-07,0.0,1.025659445394565e-08,-5.0141304308215215e-12
899,54000.0,54000,1.2572018169384124e-06,1.2571968159502225e-06,2.3333362798095184e-05,0.0,1.4039288132551778e-06,1.4673199861347477e-07,0.0,1.025658585150813e-08,-4.999673740245511e-12
900,54060.0,54060,1.2577162843449385e-06,1.2577112978287267e-06,2.3350806052548897e-05,0.0,1.4044354911078897e-06,1.4672419458465732e-07,0.0,1.0256577226334974e-08,-4.985208228578789e-12
901,54120.0,54120,1.258233235063984e-06,1.2582282630119654e-06,2.336825661555648e-05,0.0,1.4049446209382395e-06,1.4671635921194822e-07,0.0,1.0256568578272321e-08,-4.970734028745595e-12
902,54180.0,54180,1.2587526800247194e-06,1.2587477224349273e-06,2.3385714522379063e-05,0.0,1.405456213591747e-06,1.467084924135659e-07,0.0,1.025655990716653e-08,-4.9562509322269055e-12
903,54240.0,54240,1.2592746302402658e-06,1.2592696872106776e-06,2.3403179808428556e-05,0.0,1.4059702800009554e-06,1.4670059410719114e-07,0.0,1.025655121286865e-08,-4.941759646347673e-12
904,54300.0,54300,1.2597990968113835e-06,1.2597941682459888e-06,2.3420652509276377e-05,0.0,1.406486831183575e-06,1.4669266420992764e-07,0.0,1.0256542495219702e-08,-4.927260106226082e-12
905,54360.0,54360,1.260326090926349e-06,1.2603211768796945e-06,2.343813266065129e-05,0.0,1.4070058782436035e-06,1.4668470263838409e-07,0.0,1.02565337540638e-08,-4.912752395786897e-12
906,54420.0,54420,1.2608556238614862e-06,1.2608507242665562e-06,2.345562029843938e-05,0.0,1.4075274323730446e-06,1.4667670930856816e-07,0.0,1.0256524989244847e-08,-4.898236726049006e-12
907,54480.0,54480,1.2613877069814012e-06,1.2613828218950914e-06,2.347311545868887e-05,0.0,1.4080515048532495e-06,1.4666868413593793e-07,0.0,1.0256516200605675e-08,-4.883713632768526e-12
908,54540.0,54540,1.2619223517425847e-06,1.261917481252671e-06,2.34906181776062e-05,0.0,1.4085781070522918e-06,1.4666062703539996e-07,0.0,1.025650738798176e-08,-4.869182387618654e-12
909,54600.0,54600,1.2624595696891674e-06,1.2624547138110683e-06,2.350812849156431e-05,0.0,1.4091072504326179e-06,1.4665253792126167e-07,0.0,1.0256498551221589e-08,-4.854644342222713e-12
910,54660.0,54660,1.262999372459692e-06,1.2629945310911013e-06,2.3525646437093036e-05,0.0,1.4096389465432063e-06,1.4664441670728927e-07,0.0,1.0256489690154233e-08,-4.84009862915627e-12
911,54720.0,54720,1.2635417717828673e-06,1.2635369449714075e-06,2.3543172050893973e-05,0.0,1.410173207028527e-06,1.4663626330663783e-07,0.0,1.0256480804624342e-08,-4.8255462937440755e-12
912,54780.0,54780,1.2640867794834118e-06,1.2640819672638546e-06,2.356070536983303e-05,0.0,1.4107100436221235e-06,1.46628077631911e-07,0.0,1.0256471894460452e-08,-4.8109866049758435e-12
913,54840.0,54840,1.2646344074768657e-06,1.2646296098440758e-06,2.3578246430944824e-05,0.0,1.4112494681549694e-06,1.46619859595103e-07,0.0,1.0256462959506036e-08,-4.796420683225518e-12
914,54900.0,54900,1.2651846677770741e-06,1.2651798846923057e-06,2.3595795271428728e-05,0.0,1.4117914925489964e-06,1.4661160910761562e-07,0.0,1.0256453999586966e-08,-4.7818478396957625e-12
915,54960.0,54960,1.2657375724915844e-06,1.2657328040028706e-06,2.3613351928659357e-05,0.0,1.4123361288238405e-06,1.4660332608027532e-07,0.0,1.0256445014542448e-08,-4.767268774218055e-12
916,55020.0,55020,1.2662931338253072e-06,1.266288379957135e-06,2.3630916440181784e-05,0.0,1.4128833890948199e-06,1.4659501042327357e-07,0.0,1.0256436004202408e-08,-4.7526836093616945e-12
917,55080.0,55080,1.2668513640816494e-06,1.2668466246897572e-06,2.364848884371282e-05,0.0,1.4134332855740565e-06,1.4658666204620772e-07,0.0,1.02564269683957e-08,-4.73809226203292e-12
918,55140.0,55140,1.267412275661817e-06,1.2674075508670718e-06,2.3666069177144543e-05,0.0,1.4139858305725773e-06,1.4657828085807414e-07,0.0,1.025641790695481e-08,-4.7234951989899485e-12
919,55200.0,55200,1.2679758810670427e-06,1.2679711708840167e-06,2.3683657478546016e-05,0.0,1.4145410364995787e-06,1.465698667672223e-07,0.0,1.025640881970625e-08,-4.708892558200934e-12
920,55260.0,55260,1.2685421929002374e-06,1.2685374974010957e-06,2.370125378616243e-05,0.0,1.4150989158638453e-06,1.4656141968145187e-07,0.0,1.0256399706475889e-08,-4.694284179393085e-12
921,55320.0,55320,1.269111223863573e-06,1.2691065429717802e-06,2.371885813841685e-05,0.0,1.4156594812770835e-06,1.46552939507837e-07,0.0,1.0256390567094715e-08,-4.679670806897423e-12
922,55380.0,55380,1.2696829867646965e-06,1.269678320427481e-06,2.3736470573913716e-05,0.0,1.4162227454497687e-06,1.4654442615290898e-07,0.0,1.0256381401382092e-08,-4.665051813663241e-12
923,55440.0,55440,1.2702574945108169e-06,1.2702528428455491e-06,2.3754091131441877e-05,0.0,1.4167887211996954e-06,1.4653587952248552e-07,0.0,1.0256372209169971e-08,-4.650428457187283e-12
924,55500.0,55500,1.2708347601181826e-06,1.2708301231230462e-06,2.3771719849967635e-05,0.0,1.4173574214432365e-06,1.4652729952182092e-07,0.0,1.0256362990272378e-08,-4.635799816467747e-12
925,55560.0,55560,1.2714147967049115e-06,1.271410174309913e-06,2.3789356768645214e-05,0.0,1.4179288592058044e-06,1.4651868605547297e-07,0.0,1.025635374451881e-08,-4.621166869629498e-12
926,55620.0,55620,1.271997617497861e-06,1.2719930098035317e-06,2.380700192681413e-05,0.0,1.4185030476160333e-06,1.465100390273781e-07,0.0,1.0256344471725109e-08,-4.606529059373568e-12
927,55680.0,55680,1.2725832358288175e-06,1.2725786428258155e-06,2.3824655364003586e-05,0.0,1.41907999991228e-06,1.4650135834078303e-07,0.0,1.0256335171718849e-08,-4.591887372598227e-12
928,55740.0,55740,1.2731716651403413e-06,1.2731670867424076e-06,2.384231711992763e-05,0.0,1.4196597294381715e-06,1.4649264389832666e-07,0.0,1.025632584431171e-08,-4.57724171296003e-12
929,55800.0,55800,1.2737629189849887e-06,1.2737583551448007e-06,2.3859987234495687e-05,0.0,1.4202422496456647e-06,1.4648389560195317e-07,0.0,1.025631648932028e-08,-4.562591858696241e-12
930,55860.0,55860,1.2743570110240005e-06,1.2743524618965e-06,2.387766574780509e-05,0.0,1.420827574098296e-06,1.464751133529358e-07,0.0,1.0256307106566053e-08,-4.54793832965665e-12
931,55920.0,55920,1.2749539550312898e-06,1.2749494205668736e-06,2.3895352700150712e-05,0.0,1.4214157164698438e-06,1.4646629705188193e-07,0.0,1.0256297695863377e-08,-4.5332810480520576e-12
932,55980.0,55980,1.2755537648923095e-06,1.2755492450649604e-06,2.3913048132021043e-05,0.0,1.4220066905474141e-06,1.4645744659874012e-07,0.0,1.0256288257030545e-08,-4.518620565080186e-12
933,56040.0,56040,1.2761564546071235e-06,1.2761519494123208e-06,2.3930752084101657e-05,0.0,1.422600510229475e-06,1.464485618927298e-07,0.0,1.025627878987774e-08,-4.503956881491852e-12
934,56100.0,56100,1.2767620382909134e-06,1.276757547833955e-06,2.394846459727525e-05,0.0,1.4231971895286691e-06,1.4643964283241668e-07,0.0,1.025626929421771e-08,-4.489289961086049e-12
935,56160.0,56160,1.277370530173418e-06,1.2773660544066264e-06,2.3966185712626847e-05,0.0,1.423796742573835e-06,1.4643068931566992e-07,0.0,1.0256259769865763e-08,-4.474620363453616e-12
936,56220.0,56220,1.277981944602689e-06,1.2779774834561114e-06,2.3983915471443394e-05,0.0,1.4243991836085055e-06,1.4642170123964337e-07,0.0,1.0256250216629629e-08,-4.459947850469553e-12
937,56280.0,56280,1.2785962960433705e-06,1.278591849618303e-06,2.4001653915214176e-05,0.0,1.4250045269951134e-06,1.4641267850082506e-07,0.0,1.0256240634322693e-08,-4.445272981571041e-12
938,56340.0,56340,1.2792135990807e-06,1.2792091672960595e-06,2.4019401085633014e-05,0.0,1.4256127872126975e-06,1.464036209949417e-07,0.0,1.02562310227513e-08,-4.4305955160165455e-12
939,56400.0,56400,1.2798338684184746e-06,1.2798294513084996e-06,2.403715702460306e-05,0.0,1.4262239788613545e-06,1.463945286170473e-07,0.0,1.0256221381727981e-08,-4.4159159331821294e-12
940,56460.0,56460,1.2804571188823133e-06,1.28045271648056e-06,2.4054921774234636e-05,0.0,1.4268381166609284e-06,1.463854012614311e-07,0.0,1.0256211711058975e-08,-4.401234364118419e-12
941,56520.0,56520,1.2810833654212297e-06,1.2810789776942102e-06,2.4072695376846947e-05,0.0,1.4274552154522395e-06,1.4637623882171312e-07,0.0,1.0256202010549986e-08,-4.386550539151926e-12
942,56580.0,56580,1.2817126231049668e-06,1.2817082500988564e-06,2.4090477874974226e-05,0.0,1.4280752902007443e-06,1.4636704119070425e-07,0.0,1.025619228001344e-08,-4.371865619888887e-12
943,56640.0,56640,1.282344907131633e-06,1.2823405488165907e-06,2.4108269311360488e-05,0.0,1.4286983559922742e-06,1.4635780826055632e-07,0.0,1.025618251924501e-08,-4.357178392681702e-12
944,56700.0,56700,1.2829802328212142e-06,1.282975889199234e-06,2.4126069728970877e-05,0.0,1.4293244280413127e-06,1.463485399226137e-07,0.0,1.025617272806203e-08,-4.342490034582027e-12
945,56760.0,56760,1.283618615621569e-06,1.2836142867274906e-06,2.4143879170982505e-05,0.0,1.42995352168687e-06,1.4633923606748844e-07,0.0,1.0256162906264548e-08,-4.3278006214898984e-12
946,56820.0,56820,1.2842600711103282e-06,1.2842557568736661e-06,2.416169768079493e-05,0.0,1.43058565239303e-06,1.4632989658503627e-07,0.0,1.0256153053653256e-08,-4.313109766078633e-12
947,56880.0,56880,1.2849046149917794e-06,1.2849003154568927e-06,2.4179525302025348e-05,0.0,1.431220835753839e-06,1.4632052136435838e-07,0.0,1.0256143170037163e-08,-4.298417913169409e-12
948,56940.0,56940,1.2855522631002827e-06,1.2855479782262815e-06,2.4197362078517348e-05,0.0,1.431859087493197e-06,1.4631111029375695e-07,0.0,1.0256133255220267e-08,-4.283725247335505e-12
949,57000.0,57000,1.2862030314011715e-06,1.286198761193464e-06,2.42152080543374e-05,0.0,1.4325004234643384e-06,1.463016632607814e-07,0.0,1.0256123309005284e-08,-4.269032135349258e-12
950,57060.0,57060,1.2868569359931966e-06,1.2868526805473427e-06,2.423306327377836e-05,0.0,1.4331448596504598e-06,1.462921801522146e-07,0.0,1.0256113331191516e-08,-4.2543382533961896e-12
951,57120.0,57120,1.287513993106124e-06,1.2875097523594642e-06,2.425092778136165e-05,0.0,1.4337924121692551e-06,1.462826608540284e-07,0.0,1.0256103321585519e-08,-4.239644211425862e-12
952,57180.0,57180,1.2881742191050623e-06,1.2881699930447042e-06,2.4268801621839443e-05,0.0,1.4344430972698837e-06,1.4627310525147787e-07,0.0,1.0256093279985423e-08,-4.224950171345841e-12
953,57240.0,57240,1.2888376304900416e-06,1.2888334191254905e-06,2.4286684840195106e-05,0.0,1.4350969313355362e-06,1.4626351322900698e-07,0.0,1.0256083206189784e-08,-4.210256128896991e-12
954,57300.0,57300,1.2895042438961748e-06,1.289500047234164e-06,2.4304577481646693e-05,0.0,1.4357539308850487e-06,1.4625388467035133e-07,0.0,1.0256073099998861e-08,-4.195562372639637e-12
955,57360.0,57360,1.2901740760943702e-06,1.2901698941450195e-06,2.432247959164738e-05,0.0,1.4364141125739932e-06,1.4624421945845094e-07,0.0,1.0256062961209825e-08,-4.180869806303737e-12
956,57420.0,57420,1.2908471439948673e-06,1.2908429767420475e-06,2.4340391215888092e-05,0.0,1.4370774931921108e-06,1.462345174755835e-07,0.0,1.0256052789607893e-08,-4.166178137233678e-12
957,57480.0,57480,1.2915234646437133e-06,1.2915193120836415e-06,2.4358312400301428e-05,0.0,1.4377440896685294e-06,1.4622477860331305e-07,0.0,1.0256042584985965e-08,-4.151488530694479e-12
958,57540.0,57540,1.2922030552269568e-06,1.2921989173905803e-06,2.437624319105992e-05,0.0,1.4384139190678019e-06,1.4621500272262834e-07,0.0,1.025603234711795e-08,-4.136801215685949e-12
959,57600.0,57600,1.2928859330685299e-06,1.2928818099171848e-06,2.4394183634582154e-05,0.0,1.4390869985936763e-06,1.4620518971383697e-07,0.0,1.0256022075778606e-08,-4.122117269689217e-12
960,57660.0,57660,1.293572115631546e-06,1.2935680071049492e-06,2.4412133777528388e-05,0.0,1.4397633455882217e-06,1.4619533945681978e-07,0.0,1.0256011770725307e-08,-4.107437662977578e-12
961,57720.0,57720,1.2942616205175079e-06,1.2942575267072313e-06,2.443009366681018e-05,0.0,1.440442977532238e-06,1.4618545183096757e-07,0.0,1.0256001431702405e-08,-4.0927640043070025e-12
962,57780.0,57780,1.2949544654688886e-06,1.2949503863204536e-06,2.4448063349587322e-05,0.0,1.441125912042988e-06,1.461755267153588e-07,0.0,1.0255991058430245e-08,-4.078097561611432e-12
963,57840.0,57840,1.2956506683640653e-06,1.2956466038869088e-06,2.4466042873271332e-05,0.0,1.4418121668783507e-06,1.461655639887817e-07,0.0,1.0255980650609753e-08,-4.063440985254444e-12
964,57900.0,57900,1.29635024722218e-06,1.2963461973761908e-06,2.4484032285528087e-05,0.0,1.4425017599318212e-06,1.4615556352995964e-07,0.0,1.025597020790174e-08,-4.04879657403091e-12
965,57960.0,57960,1.297053220199098e-06,1.2970491850041609e-06,2.4502031634276064e-05,0.0,1.4431947092351613e-06,1.4614552521756813e-07,0.0,1.0255959729929561e-08,-4.034167896625008e-12
966,58020.0,58020,1.2977596055891015e-06,1.2977555850541074e-06,2.4520040967695527e-05,0.0,1.4438910329557222e-06,1.4613544893041592e-07,0.0,1.0255949216260882e-08,-4.019558583799308e-12
967,58080.0,58080,1.2984694218223894e-06,1.2984654158246007e-06,2.4538060334221964e-05,0.0,1.4445907493991487e-06,1.4612533454749434e-07,0.0,1.0255938666405422e-08,-4.0049738504894795e-12
968,58140.0,58140,1.2991826874658024e-06,1.2991786960251992e-06,2.4556089782556586e-05,0.0,1.4452938770073032e-06,1.4611518194812602e-07,0.0,1.0255928079788513e-08,-3.9904199005104785e-12
969,58200.0,58200,1.299899421226263e-06,1.2998954443324115e-06,2.4574129361661064e-05,0.0,1.4460004343564085e-06,1.461049910119288e-07,0.0,1.0255917455735719e-08,-3.975903209954519e-12
970,58260.0,58260,1.3006196419467756e-06,1.300615679460549e-06,2.459217912076148e-05,0.0,1.4467104401649144e-06,1.4609476161871351e-07,0.0,1.0255906793466014e-08,-3.961433286541902e-12
971,58320.0,58320,1.3013433686166958e-06,1.3013394205937201e-06,2.46102391093527e-05,0.0,1.4474239132881713e-06,1.4608449364839513e-07,0.0,1.0255896092044727e-08,-3.947018938220834e-12
972,58380.0,58380,1.3020706203712388e-06,1.3020666866736028e-06,2.4628309377198785e-05,0.0,1.4481408727306942e-06,1.4607418698050787e-07,0.0,1.0255885350392186e-08,-3.932671665571427e-12
973,58440.0,58440,1.3028014165014358e-06,1.3027974971103334e-06,2.464638997433302e-05,0.0,1.4488613376523361e-06,1.4606384149365221e-07,0.0,1.0255874567241147e-08,-3.91840380270037e-12
974,58500.0,58500,1.3035357764688836e-06,1.3035318712457893e-06,2.4664480951064893e-05,0.0,1.4495853273776296e-06,1.4605345706464797e-07,0.0,1.0255863741121316e-08,-3.904227194718765e-12
975,58560.0,58560,1.304273719920345e-06,1.3042698287918504e-06,2.468258235797922e-05,0.0,1.4503128614151525e-06,1.4604303356734631e-07,0.0,1.0255852870368854e-08,-3.890151864194739e-12
976,58620.0,58620,1.3050152667063076e-06,1.3050113895829852e-06,2.4700694245936588e-05,0.0,1.451043959482658e-06,1.460325708710846e-07,0.0,1.0255841953156138e-08,-3.876184123934107e-12
977,58680.0,58680,1.305760436909898e-06,1.3057565736195292e-06,2.4718816666081653e-05,0.0,1.4517786415289258e-06,1.460220688392371e-07,0.0,1.0255830987554398e-08,-3.862318224399508e-12
978,58740.0,58740,1.3065092508644977e-06,1.3065054013674358e-06,2.4736949669844894e-05,0.0,1.4525169277692975e-06,1.4601152732761027e-07,0.0,1.0255819971733452e-08,-3.84852927139323e-12
979,58800.0,58800,1.3072617291671706e-06,1.3072578934730984e-06,2.4755093308942166e-05,0.0,1.4532588387116003e-06,1.4600094618388445e-07,0.0,1.025580890428297e-08,-3.834756715112166e-12
980,58860.0,58860,1.3080178926647986e-06,1.3080140708061522e-06,2.477324763538433e-05,0.0,1.4540043951623999e-06,1.4599032524891306e-07,0.0,1.0255797784805188e-08,-3.820879020989994e-12
981,58920.0,58920,1.308777762376332e-06,1.3087739547355425e-06,2.479141270148073e-05,0.0,1.4547536181969827e-06,1.4597966436217015e-07,0.0,1.0255786614931615e-08,-3.80667735317656e-12
982,58980.0,58980,1.309541359301287e-06,1.3095375665693855e-06,2.480958855983965e-05,0.0,1.45550652903797e-06,1.4596896337474013e-07,0.0,1.0255775399945484e-08,-3.7917835912600915e-12
983,59040.0,59040,1.3103087040342409e-06,1.310304927506634e-06,2.4827775263374424e-05,0.0,1.4562631487568795e-06,1.459582221755757e-07,0.0,1.0255764151269404e-08,-3.775607583471191e-12
984,59100.0,59100,1.3110798160333903e-06,1.3110760578134632e-06,2.484597286529599e-05,0.0,1.4570234976844297e-06,1.459474407400715e-07,0.0,1.0255752890163385e-08,-3.757256646747909e-12
985,59160.0,59160,1.3118547123604065e-06,1.3118509759664384e-06,2.4864181419108117e-05,0.0,1.4577875942927752e-06,1.4593661921565447e-07,0.0,1.0255741652767045e-08,-3.735458489211663e-12
986,59220.0,59220,1.312633405573186e-06,1.3126296960708806e-06,2.4882400978569792e-05,0.0,1.4585554532383351e-06,1.4592575806824275e-07,0.0,1.0255730496424741e-08,-3.708588676516462e-12
987,59280.0,59280,1.313415900468261e-06,1.3134122244242982e-06,2.490063159764191e-05,0.0,1.4593270818811275e-06,1.459148583328738e-07,0.0,1.0255719505548391e-08,-3.67511574986544e-12
988,59340.0,59340,1.3142021895876097e-06,1.3141985525691338e-06,2.49188733303719e-05,0.0,1.46010247372717e-06,1.4590392205528866e-07,0.0,1.0255708790062559e-08,-3.63612017208872e-12
989,59400.0,59400,1.3149922501976646e-06,1.3149886403681158e-06,2.4937126230680024e-05,0.0,1.4608815926281548e-06,1.4589295313813885e-07,0.0,1.0255698441861112e-08,-3.6089219297554967e-12
990,59460.0,59460,1.3157860637596921e-06,1.3157823579369995e-06,2.4955390351912263e-05,0.0,1.461664316314522e-06,1.4588195927015387e-07,0.0,1.0255688264128233e-08,-3.704938562235604e-12
991,59520.0,59520,1.3165837945105994e-06,1.3165792015246555e-06,2.497366574555067e-05,0.0,1.462450158380981e-06,1.4587095770994313e-07,0.0,1.0255676203001253e-08,-4.592072019311037e-12
992,59580.0,59580,1.317386983585207e-06,1.317376682937466e-06,2.499195245590252e-05,0.0,1.4632366807434172e-06,1.4585999865718902e-07,0.0,1.0255649072683207e-08,-1.0299742849840974e-11
993,59640.0,59640,1.3182060902536552e-06,1.3181606494191375e-06,2.501025049189552e-05,0.0,1.4640099308801804e-06,1.4584928231334585e-07,0.0,1.0255526529496906e-08,-4.543994068360961e-11
994,59700.0,59700,1.3191076009889288e-06,1.318845861598566e-06,2.502855966146199e-05,0.0,1.4646856768781617e-06,1.4583981612768903e-07,0.0,1.0254818025965378e-08,-2.617385022238174e-10
995,59760.0,59760,1.3205086658566043e-06,1.3189077089140299e-06,2.5046878562457255e-05,0.0,1.4647450175457173e-06,1.458373094815271e-07,0.0,1.0250504231376517e-08,-1.6009560671503635e-09
996,59820.0,59820,1.3250421435248457e-06,1.3150885956688e-06,2.506519834648069e-05,0.0,1.4609645615348642e-06,1.4587596666635194e-07,0.0,1.0223869712661193e-08,-9.953546956476243e-09
997,59880.0,59880,1.35014188610753e-06,1.2871145724555598e-06,2.5083463930348643e-05,0.0,1.4332855593981958e-06,1.461709876877823e-07,0.0,1.0058024396091333e-08,-6.302731278194523e-08
998,59940.0,59940,1.5562252919300472e-06,1.1097554706733685e-06,2.510133247859408e-05,0.0,1.2581100568309911e-06,1.4835458673383873e-07,0.0,9.007613358332751e-09,-4.464698206082242e-07
999,60000.0,60000,299.99996396984386,-3.5705578583053224e-05,2.511668298116068e-05,300.0,1.1069071654957796e-07,3.581626931465074e-05,0.0,1.5664853100266954e-09,3.2457751584388706e-07
1000,60060.0,60060,299.9999639805778,-3.590864061886032e-05,2.4521313131533687e-05,300.0,1.0307220584271745e-07,3.601171284587916e-05,0.0,6.976912832247695e-09,1.1078159612734407e-07
1001,60120.0,60120,299.99996398403806,-3.595583776735852e-05,2.3922577961410226e-05,300.0,1.0058553568045574e-07,3.6056423328257704e-05,0.0,8.824436761834173e-09,6.012419484968068e-08
1002,60180.0,60180,299.999963985014,-3.5968512430104505e-05,2.3323062389337295e-05,300.0,9.990181404592949e-08,3.6068414268592914e-05,0.0,9.82782126331292e-09,4.647352409471609e-08
1003,60240.0,60240,299.999963984499,-3.5962954421647684e-05,2.272333728277176e-05,300.0,1.0031825971106293e-07,3.606327270384592e-05,0.0,1.0603705563130863e-08,5.254655326345295e-08
1004,60300.0,60300,299.9999639825782,-3.5938293462332824e-05,2.2123703769147063e-05,300.0,1.0177486830263927e-07,3.6040068350071256e-05,0.0,1.1480696855566559e-08,7.912835087331219e-08
1005,60360.0,60360,299.99996397892664,-3.5879895833038447e-05,2.1524477630560397e-05,300.0,1.0449102832768771e-07,3.598438687532015e-05,0.0,1.2800502223232124e-08,1.4117752097717167e-07
1006,60420.0,60420,299.99996397313777,-3.573266818774199e-05,2.0926217995975098e-05,300.0,1.0869230225127283e-07,3.584136049942786e-05,0.0,1.5154175694056085e-08,2.9419404151991397e-07
1007,60480.0,60480,299.99996396673737,-3.514646458729587e-05,2.033040165282051e-05,300.0,1.1309759687772081e-07,3.525956218936982e-05,0.0,2.0057843799687617e-08,8.867979939676745e-07
1008,60540.0,60540,299.9999639554931,-1.5563476389990325e-05,1.9744344356919257e-05,300.0,1.206941772989012e-07,1.5684170571153746e-05,0.0,3.4838061115147426e-08,2.0481030485917958e-05
1009,60600.0,60600,299.9999639313323,-2.4348802535706355e-06,1.948465120657928e-05,300.0,1.334304009531177e-07,2.5683106571081852e-06,0.0,3.761887856545838e-07,3.363378744522066e-05
1010,60660.0,60660,299.99996384858923,-1.4203487594960233e-06,1.944373615166192e-05,300.0,1.772042421356296e-07,1.5975530035481447e-06,0.0,9.367521133740031e-07,3.473106201773347e-05
1011,60720.0,60720,280.00001454768864,1.3992083148111924e-07,1.9419620520742165e-05,280.0000000000003,6.730225393647103e-07,5.331017131757735e-07,0.0,1.5156033391859278e-06,-1.44077674898519e-05
1012,60780.0,60780,7.405711256415708e-05,6.090502914738136e-07,1.9420269837560232e-05,0.0,7.797196471797522e-07,1.706693542763321e-07,0.0,1.2754740623923082e-06,-7.344806227409183e-05
1013,60840.0,60840,2.93239004962292e-06,1.0278941148564915e-06,1.9428471236406275e-05,0.0,1.1872861193290973e-06,1.593920044514028e-07,0.0,5.133962382346115e-08,-1.9044959347417908e-06
1014,60900.0,60900,1.560850554242387e-06,1.1019785032000212e-06,1.9442634449792614e-05,0.0,1.2509086819721118e-06,1.489301793187489e-07,0.0,1.959798798230057e-08,-4.588720505294529e-07
1015,60960.0,60960,1.3659716174171031e-06,1.2817297425816118e-06,1.9457873346922542e-05,0.0,1.428088123360346e-06,1.463583814724951e-07,0.0,1.19501363550673e-08,-8.424187405791494e-08
1016,61020.0,61020,1.3343495536790112e-06,1.3200640672607276e-06,1.9475665149792415e-05,0.0,1.4659132724062953e-06,1.4584920589736513e-07,0.0,1.0546142572226438e-08,-1.4285485615418588e-08
1017,61080.0,61080,1.3292475274516067e-06,1.3267950602863537e-06,1.949400129555832e-05,0.0,1.4725547264673133e-06,1.4575966692224437e-07,0.0,1.0308093485480663e-08,-2.4524663390104585e-09
1018,61140.0,61140,1.3285455360591033e-06,1.328094975124661e-06,1.9512433021264813e-05,0.0,1.4738289314791979e-06,1.457339571249663e-07,0.0,1.0267262201423063e-08,-4.5056014197984273e-10
1019,61200.0,61200,1.3285842303908596e-06,1.328497969805396e-06,1.9530883227067195e-05,0.0,1.4742163511424275e-06,1.4571838207732767e-07,0.0,1.0259796060383207e-08,-8.625976778638181e-11
1020,61260.0,61260,1.328742335040488e-06,1.328724038412966e-06,1.954933918126099e-05,0.0,1.474434089579807e-06,1.4571005191334266e-07,0.0,1.025840149718475e-08,-1.8295821862790488e-11
1021,61320.0,61320,1.3289152407687818e-06,1.3289100458949316e-06,1.9567798359282655e-05,0.0,1.4746151486336255e-06,1.4570510349940776e-07,0.0,1.0258139531820296e-08,-5.194088514080859e-12
1022,61380.0,61380,1.3290873480597795e-06,1.329084560148325e-06,1.958626018514656e-05,0.0,1.4747862732969832e-06,1.4570171389049427e-07,0.0,1.0258095777275228e-08,-2.7871136011929474e-12
1023,61440.0,61440,1.3292578672690281e-06,1.3292554174876173e-06,1.960472449213708e-05,0.0,1.4749544398227568e-06,1.456990230681412e-07,0.0,1.0258091978766068e-08,-2.4489812157048384e-12
1024,61500.0,61500,1.3294278408513178e-06,1.3294254147869485e-06,1.9623191226701945e-05,0.0,1.4751220341957054e-06,1.456966201437644e-07,0.0,1.0258093650909148e-08,-2.4252705337222453e-12
1025,61560.0,61560,1.329598080500848e-06,1.3295956459289628e-06,1.964166037594038e-05,0.0,1.4752899711963266e-06,1.456943260263449e-07,0.0,1.025809555077393e-08,-2.433807801635984e-12
1026,61620.0,61620,1.3297690700404276e-06,1.3297666105264837e-06,1.9660131942892824e-05,0.0,1.4754586796113486e-06,1.4569206980704486e-07,0.0,1.025809713919116e-08,-2.4587200718160246e-12
1027,61680.0,61680,1.3299411062107013e-06,1.3299386076072315e-06,1.9678605937859266e-05,0.0,1.475628431228241e-06,1.456898243532957e-07,0.0,1.0258098141813071e-08,-2.497824848148796e-12
1028,61740.0,61740,1.3301143871468202e-06,1.3301118446277786e-06,1.9697082375439015e-05,0.0,1.4757994222194664e-06,1.4568757831990934e-07,0.0,1.0258098320734326e-08,-2.5417422670765606e-12
1029,61800.0,61800,1.3302890514611095e-06,1.3302864668063949e-06,1.9715561273201232e-05,0.0,1.4759717917500881e-06,1.456853256559186e-07,0.0,1.0258097594417331e-08,-2.583867843682373e-12
1030,61860.0,61860,1.330465197962544e-06,1.33046257465296e-06,1.973404265078793e-05,0.0,1.476145636043402e-06,1.4568306210322074e-07,0.0,1.0258095991454352e-08,-2.6225298860534106e-12
1031,61920.0,61920,1.3306428991243414e-06,1.3306402400182613e-06,1.9752526529274357e-05,0.0,1.4763210234689281e-06,1.4568078416220263e-07,0.0,1.025809356837767e-08,-2.6583305100223505e-12
1032,61980.0,61980,1.3308222109697578e-06,1.3308195183794954e-06,1.9771012930763686e-05,0.0,1.4764980064977997e-06,1.4567848884299028e-07,0.0,1.025809037177227e-08,-2.691833694926931e-12
1033,62040.0,62040,1.3310031796201796e-06,1.3310004560354026e-06,1.9789501878150322e-05,0.0,1.4766766289538803e-06,1.4567617363336622e-07,0.0,1.0258086438905988e-08,-2.7228251273263385e-12
1034,62100.0,62100,1.3311858449899231e-06,1.3311830937091517e-06,1.9807993394992963e-05,0.0,1.4768569294994277e-06,1.4567383650320824e-07,0.0,1.0258081810691129e-08,-2.7505249247871317e-12
1035,62160.0,62160,1.3313702424876044e-06,1.3313674677073516e-06,1.982648750543156e-05,0.0,1.477038942885719e-06,1.4567147589383653e-07,0.0,1.0258076541095073e-08,-2.7740333491772553e-12
1036,62220.0,62220,1.331556403590386e-06,1.3315536101654738e-06,1.9844984234123735e-05,0.0,1.4772227001593036e-06,1.4566909068270801e-07,0.0,1.0258070699126247e-08,-2.792656382576702e-12
1037,62280.0,62280,1.331744355922876e-06,1.331741549110292e-06,1.98634836061873e-05,0.0,1.4774082285504484e-06,1.4566668012832118e-07,0.0,1.0258064365391088e-08,-2.806048827638746e-12
1038,62340.0,62340,1.3319341232378571e-06,1.3319313082605687e-06,1.988198564713537e-05,0.0,1.477595551378086e-06,1.4566424380396792e-07,0.0,1.0258057626272643e-08,-2.8142189059520826e-12
1039,62400.0,62400,1.3321257254767613e-06,1.332122907263954e-06,1.9900490382822595e-05,0.0,1.4777846881060252e-06,1.4566178152903412e-07,0.0,1.0258050568032427e-08,-2.8174616371212382e-12
1040,62460.0,62460,1.3323191789683832e-06,1.3323163619543026e-06,1.991899783937764e-05,0.0,1.4779756545678889e-06,1.4565929330407805e-07,0.0,1.0258043272025472e-08,-2.816270955980416e-12
1041,62520.0,62520,1.3325144967530348e-06,1.3325116847712796e-06,1.9937508043157533e-05,0.0,1.4781684633239771e-06,1.456567792537463e-07,0.0,1.0258035811379363e-08,-2.811256538309418e-12
1042,62580.0,62580,1.3327116890040792e-06,1.3327088851889679e-06,1.9956021020691484e-05,0.0,1.4783631240919638e-06,1.4565423957919007e-07,0.0,1.0258028249064298e-08,-2.8030719251468383e-12
1043,62640.0,62640,1.332910763484601e-06,1.3329079704117053e-06,1.9974536798646592e-05,0.0,1.478559644226376e-06,1.4565167452037297e-07,0.0,1.0258020637159224e-08,-2.792364656684791e-12
1044,62700.0,62700,1.3331117260138585e-06,1.3331089455817589e-06,1.9993055403788717e-05,0.0,1.478758029193868e-06,1.4564908432736825e-07,0.0,1.0258013016950842e-08,-2.7797408836484255e-12
1045,62760.0,62760,1.3333145809169479e-06,1.333311814428467e-06,2.0011576862955182e-05,0.0,1.4789582830148156e-06,1.4564646923993467e-07,0.0,1.0258005419624061e-08,-2.7657405904352357e-12
1046,62820.0,62820,1.3335193314215083e-06,1.333516579866963e-06,2.0030101203038594e-05,0.0,1.479160408672624e-06,1.4564382947372913e-07,0.0,1.0257997867362248e-08,-2.750828967695306e-12
1047,62880.0,62880,1.3337259800145027e-06,1.333723243904962e-06,2.004862845097067e-05,0.0,1.4793644084511183e-06,1.4564116521213997e-07,0.0,1.0257990374595816e-08,-2.735388831337931e-12
1048,62940.0,62940,1.3339345287300333e-06,1.3339318082719404e-06,2.0067158633709355e-05,0.0,1.4795702842270548e-06,1.4563847660232262e-07,0.0,1.0257982949375092e-08,-2.719724186201951e-12
1049,63000.0,63000,1.3341449793822781e-06,1.3341422745712218e-06,2.0085691778239898e-05,0.0,1.4797780376968585e-06,1.456357637546894e-07,0.0,1.025797559468419e-08,-2.7040661396051706e-12
1050,63060.0,63060,1.33435733374906e-06,1.334354644493045e-06,2.0104227911567886e-05,0.0,1.4799876705462208e-06,1.456330267445465e-07,0.0,1.0257968309655234e-08,-2.688578836639434e-12
1051,63120.0,63120,1.3345715936966874e-06,1.3345689196286606e-06,2.0122767060722053e-05,0.0,1.4801991845782298e-06,1.456302656154624e-07,0.0,1.025796109068633e-08,-2.6733718075931256e-12
1052,63180.0,63180,1.334787761272332e-06,1.3347851020675505e-06,2.0141309252757147e-05,0.0,1.4804125817929675e-06,1.4562748038350317e-07,0.0,1.0257953932351266e-08,-2.658507996976864e-12
1053,63240.0,63240,1.3350058387564455e-06,1.3350031940156526e-06,2.0159854514753693e-05,0.0,1.4806278644354445e-06,1.4562467104187602e-07,0.0,1.0257946828176388e-08,-2.6440140643998393e-12
1054,63300.0,63300,1.3352258286875064e-06,1.3352231980966664e-06,2.017840287382544e-05,0.0,1.4808450350209768e-06,1.4562183756557104e-07,0.0,1.0257939771244817e-08,-2.6298905367725315e-12
1055,63360.0,63360,1.3354477338716899e-06,1.3354451170611685e-06,2.0196954357122186e-05,0.0,1.4810640963330003e-06,1.4561897991582717e-07,0.0,1.0257932754633913e-08,-2.6161176387181872e-12
1056,63420.0,63420,1.3356715573691963e-06,1.3356689540296288e-06,2.0215508991833496e-05,0.0,1.4812850514193552e-06,1.4561609804403987e-07,0.0,1.0257925771752541e-08,-2.602665055192875e-12
1057,63480.0,63480,1.3358973024851148e-06,1.3358947123124491e-06,2.0234066805193084e-05,0.0,1.481507903563416e-06,1.4561319189523857e-07,0.0,1.0257918816516174e-08,-2.5894936012828414e-12
1058,63540.0,63540,1.3361249727387764e-06,1.336122395514742e-06,2.0252627824482074e-05,0.0,1.481732656270214e-06,1.4561026141080284e-07,0.0,1.0257911883495932e-08,-2.5765632576786683e-12
1059,63600.0,63600,1.3363545718459442e-06,1.336352007343407e-06,2.027119207703251e-05,0.0,1.4819593132340435e-06,1.4560730653076523e-07,0.0,1.0257904967932361e-08,-2.5638330816750197e-12
1060,63660.0,63660,1.3365861036911316e-06,1.336583551758796e-06,2.0289759590230187e-05,0.0,1.482187878318331e-06,1.456043271954571e-07,0.0,1.0257898065750152e-08,-2.5512651820272955e-12
1061,63720.0,63720,1.336819572306787e-06,1.3368170327923606e-06,2.030833039151335e-05,0.0,1.4824183555319246e-06,1.456013233466865e-07,0.0,1.0257891173507028e-08,-2.538825243640083e-12
1062,63780.0,63780,1.3370549818534093e-06,1.337052454676642e-06,2.032690450838295e-05,0.0,1.4826507490092934e-06,1.4559829492847902e-07,0.0,1.0257884288335709e-08,-2.526483175350435e-12
1063,63840.0,63840,1.337292336602368e-06,1.3372898217261532e-06,2.0345481968396097e-05,0.0,1.4828850629939998e-06,1.4559524188755254e-07,0.0,1.0257877407871562e-08,-2.5142133681795158e-12
1064,63900.0,63900,1.337531640922531e-06,1.3375291382576593e-06,2.0364062799172845e-05,0.0,1.4831213018249346e-06,1.4559216417347072e-07,0.0,1.0257870530179097e-08,-2.5019944314320252e-12
1065,63960.0,63960,1.3377728992671554e-06,1.3377704088027964e-06,2.0382647028392892e-05,0.0,1.4833594699277665e-06,1.455890617385645e-07,0.0,1.0257863653681217e-08,-2.48980970062208e-12
1066,64020.0,64020,1.338016116169147e-06,1.3380136379090016e-06,2.0401234683803024e-05,0.0,1.4835995718001386e-06,1.455859345378195e-07,0.0,1.0257856777078665e-08,-2.4776445239176266e-12
1067,64080.0,64080,1.3382612962284685e-06,1.3382588300675673e-06,2.041982579321056e-05,0.0,1.4838416120133612e-06,1.4558278252856356e-07,0.0,1.0257849899320582e-08,-2.4654890068765456e-12
1068,64140.0,64140,1.3385084441118404e-06,1.3385059901362515e-06,2.0438420384492733e-05,0.0,1.4840855952007481e-06,1.4557960567014577e-07,0.0,1.0257843019520947e-08,-2.453334563357994e-12
1069,64200.0,64200,1.338757564547413e-06,1.3387551227370464e-06,2.0457018485588627e-05,0.0,1.4843315260553508e-06,1.455764039236702e-07,0.0,1.0257836136938216e-08,-2.4411746558541665e-12
1070,64260.0,64260,1.3390086623186897e-06,1.3390062326551082e-06,2.0475620124507686e-05,0.0,1.4845794093308317e-06,1.455731772515759e-07,0.0,1.0257829250942017e-08,-2.4290051743491413e-12
1071,64320.0,64320,1.3392617422662474e-06,1.339259324812411e-06,2.0494225329324905e-05,0.0,1.4848292498343891e-06,1.455699256173382e-07,0.0,1.0257822360971764e-08,-2.416822722543107e-12
1072,64380.0,64380,1.3395168092849922e-06,1.339514404041365e-06,2.0512834128185867e-05,0.0,1.4850810524258025e-06,1.4556664898524844e-07,0.0,1.0257815466525229e-08,-2.4046243756723028e-12
1073,64440.0,64440,1.3397738683202387e-06,1.3397714752601211e-06,2.05314465493052e-05,0.0,1.4853348220190706e-06,1.4556334732007936e-07,0.0,1.025780856714831e-08,-2.3924089612255947e-12
1074,64500.0,64500,1.340032924369937e-06,1.3400305435423446e-06,2.055006262096833e-05,0.0,1.4855905635770577e-06,1.4556002058689564e-07,0.0,1.0257801662410696e-08,-2.3801748228006624e-12
1075,64560.0,64560,1.3402939824808618e-06,1.340291613918859e-06,2.056868237152843e-05,0.0,1.485848282112778e-06,1.4555666875092755e-07,0.0,1.0257794751909176e-08,-2.3679210978292055e-12
1076,64620.0,64620,1.3405570477487082e-06,1.340554691470514e-06,2.0587305829414054e-05,0.0,1.4861079826880563e-06,1.4555329177731489e-07,0.0,1.0257787835256972e-08,-2.355647072350975e-12
1077,64680.0,64680,1.340822125317641e-06,1.3408197813686112e-06,2.060593302312478e-05,0.0,1.4863696704115623e-06,1.455498896310916e-07,0.0,1.0257780912079895e-08,-2.3433518789039084e-12
1078,64740.0,64740,1.3410892203766483e-06,1.3410868887132846e-06,2.0624563981232078e-05,0.0,1.4866333504409132e-06,1.455464622770458e-07,0.0,1.0257773982019763e-08,-2.331035564144478e-12
1079,64800.0,64800,1.3413583381636112e-06,1.3413560188804354e-06,2.064319873238258e-05,0.0,1.4868990279768014e-06,1.4554300967969418e-07,0.0,1.0257767044719351e-08,-2.31869712934996e-12
1080,64860.0,64860,1.341629483960906e-06,1.3416271770385112e-06,2.066183730529547e-05,0.0,1.4871667082656436e-06,1.4553953180317097e-07,0.0,1.0257760099838615e-08,-2.306336181632194e-12
1081,64920.0,64920,1.3419026630959922e-06,1.3419003685335178e-06,2.0680479728767292e-05,0.0,1.4874363965988985e-06,1.4553602861132372e-07,0.0,1.0257753147045618e-08,-2.293951930230733e-12
1082,64980.0,64980,1.34217788093868e-06,1.3421755988052865e-06,2.069912603166844e-05,0.0,1.4877080983135855e-06,1.455325000675167e-07,0.0,1.0257746186023366e-08,-2.2815444996657134e-12
1083,65040.0,65040,1.342455142905433e-06,1.34245287321262e-06,2.0717776242944917e-05,0.0,1.48798181878663e-06,1.4552894613481725e-07,0.0,1.0257739216453254e-08,-2.2691127314452913e-12
1084,65100.0,65100,1.3427344544543151e-06,1.3427321972022601e-06,2.073643039162096e-05,0.0,1.4882575634404918e-06,1.4552536677586246e-07,0.0,1.0257732238037494e-08,-2.256656276247889e-12
1085,65160.0,65160,1.3430158210871343e-06,1.3430135763014993e-06,2.0755088506797283e-05,0.0,1.4885353377395303e-06,1.455217619529258e-07,0.0,1.025772525048608e-08,-2.2441743523988018e-12
1086,65220.0,65220,1.3432992483482e-06,1.3432970161319062e-06,2.077375061765392e-05,0.0,1.4888151471912895e-06,1.4551813162793418e-07,0.0,1.025771825352224e-08,-2.2316667221459325e-12
1087,65280.0,65280,1.3435847418252108e-06,1.3435825221102588e-06,2.079241675344826e-05,0.0,1.4890969973442582e-06,1.455144757624219e-07,0.0,1.0257711246875173e-08,-2.219132279771112e-12
1088,65340.0,65340,1.3438723071478343e-06,1.3438700999945209e-06,2.081108694351702e-05,0.0,1.489380893791038e-06,1.455107943176176e-07,0.0,1.025770423029329e-08,-2.206570814843234e-12
1089,65400.0,65400,1.3441619499887038e-06,1.3441597554345453e-06,2.0829761217278196e-05,0.0,1.4896668421657759e-06,1.4550708725441366e-07,0.0,1.025769720353033e-08,-2.1939815837473817e-12
1090,65460.0,65460,1.3444536760641012e-06,1.3444514941278493e-06,2.0848439604228017e-05,0.0,1.4899548481449566e-06,1.4550335453340035e-07,0.0,1.0257690166352735e-08,-2.181364045518662e-12
1091,65520.0,65520,1.344747491133315e-06,1.34474532185082e-06,2.086712213394575e-05,0.0,1.4902449174475114e-06,1.4549959611484858e-07,0.0,1.0257683118538466e-08,-2.168717187271378e-12
1092,65580.0,65580,1.3450434009961691e-06,1.3450412443913724e-06,2.088580883609151e-05,0.0,1.4905370558388068e-06,1.4549581195873404e-07,0.0,1.0257676059882876e-08,-2.1560413768478304e-12
1093,65640.0,65640,1.3453414115002054e-06,1.3453392676015002e-06,2.0904499740407576e-05,0.0,1.490831269122613e-06,1.45492002024795e-07,0.0,1.0257668990175986e-08,-2.1433354269526905e-12
1094,65700.0,65700,1.3456415285352079e-06,1.3456393973800287e-06,2.0923194876719047e-05,0.0,1.4911275631487256e-06,1.4548816627246597e-07,0.0,1.0257661909230435e-08,-2.1305987328897144e-12
1095,65760.0,65760,1.3459437580343906e-06,1.3459416396333497e-06,2.094189427493558e-05,0.0,1.4914259438123368e-06,1.4548430466090487e-07,0.0,1.0257654816868038e-08,-2.1178314392639696e-12
1096,65820.0,65820,1.346248105977594e-06,1.3462460004158166e-06,2.0960597965049437e-05,0.0,1.4917264170503212e-06,1.4548041714902542e-07,0.0,1.0257647712911145e-08,-2.105032590517538e-12
1097,65880.0,65880,1.3465545783891946e-06,1.3465524856400084e-06,2.097930597713898e-05,0.0,1.4920289888462882e-06,1.4547650369547855e-07,0.0,1.0257640597198853e-08,-2.092201866161525e-12
1098,65940.0,65940,1.3468631813388425e-06,1.3468611014762561e-06,2.0998018341368657e-05,0.0,1.4923336652299543e-06,1.454725642586727e-07,0.0,1.0257633469576238e-08,-2.079339167986138e-12
1099,66000.0,66000,1.347173920943579e-06,1.3471718539660632e-06,2.1016735087986178e-05,0.0,1.492640452275122e-06,1.4546859879675682e-07,0.0,1.02576263298919e-08,-2.0664437448635993e-12
1100,66060.0,66060,1.3474868033660473e-06,1.3474847493338164e-06,2.103545624732862e-05,0.0,1.4929493561042675e-06,1.454646072676153e-07,0.0,1.0257619178008301e-08,-2.0535156623999526e-12
1101,66120.0,66120,1.3478018348174687e-06,1.3477997937071963e-06,2.1054181849819818e-05,0.0,1.4932603828852375e-06,1.454605896288884e-07,0.0,1.0257612013787058e-08,-2.040554277378996e-12
1102,66180.0,66180,1.3481190215555136e-06,1.3481169934463575e-06,2.1072911925971007e-05,0.0,1.4935735388355088e-06,1.454565458379756e-07,0.0,1.0257604837103332e-08,-2.0275598621575543e-12
1103,66240.0,66240,1.3484383698886981e-06,1.3484363548054324e-06,2.109164650638258e-05,0.0,1.493888830217873e-06,1.4545247585197086e-07,0.0,1.0257597647827167e-08,-2.0145314063608165e-12
1104,66300.0,66300,1.3487598861715228e-06,1.3487578841666326e-06,2.1110385621746055e-05,0.0,1.494206263347702e-06,1.4544837962777012e-07,0.0,1.0257590445848026e-08,-2.0014696097507454e-12
1105,66360.0,66360,1.3490835768116143e-06,1.3490815879266586e-06,2.1129129302840567e-05,0.0,1.4945258445855193e-06,1.4544425712197734e-07,0.0,1.0257583231044164e-08,-1.988373555899612e-12
1106,66420.0,66420,1.349409448264756e-06,1.3494074725163694e-06,2.1147877580536817e-05,0.0,1.4948475803444833e-06,1.4544010829092853e-07,0.0,1.0257576003310271e-08,-1.9752431388871707e-12
1107,66480.0,66480,1.3497375070360328e-06,1.349735544472002e-06,2.1166630485797055e-05,0.0,1.4951714770896771e-06,1.4543593309068989e-07,0.0,1.0257568762544666e-08,-1.962079048141236e-12
1108,66540.0,66540,1.350067759685542e-06,1.350065810285668e-06,2.1185388049677726e-05,0.0,1.4954975413328649e-06,1.4543173147708867e-07,0.0,1.0257561508635424e-08,-1.948880195399738e-12
1109,66600.0,66600,1.350400212823298e-06,1.3503982766632695e-06,2.1204150303324195e-05,0.0,1.4958257796403846e-06,1.4542750340563285e-07,0.0,1.0257554241488435e-08,-1.9356469512201693e-12
1110,66660.0,66660,1.3507348731117588e-06,1.3507329502450987e-06,2.122291727798061e-05,0.0,1.496156198630418e-06,1.4542324883157435e-07,0.0,1.0257546961006712e-08,-1.922379134911213e-12
1111,66720.0,66720,1.3510717472665917e-06,1.3510698377169406e-06,2.124168900498136e-05,0.0,1.4964888049739452e-06,1.4541896770986125e-07,0.0,1.0257539667096149e-08,-1.909076810350868e-12
1112,66780.0,66780,1.3514108420575602e-06,1.3514089458385345e-06,2.1260465515759166e-05,0.0,1.4968236053946093e-06,1.454146599952111e-07,0.0,1.0257532359662638e-08,-1.8957396722599977e-12
1113,66840.0,66840,1.3517521643076778e-06,1.3517502814766516e-06,2.1279246841841584e-05,0.0,1.4971606066712836e-06,1.4541032564196422e-07,0.0,1.0257525038618794e-08,-1.882368058777495e-12
1114,66900.0,66900,1.3520957208958293e-06,1.3520938514761979e-06,2.129803301485101e-05,0.0,1.4974998156354758e-06,1.4540596460423214e-07,0.0,1.025751770387307e-08,-1.8689615670016856e-12
1115,66960.0,66960,1.3524415187545054e-06,1.3524396627732552e-06,2.131682406651167e-05,0.0,1.4978412391766283e-06,1.4540157683578326e-07,0.0,1.0257510355341173e-08,-1.8555208992756142e-12
1116,67020.0,67020,1.3527895648758097e-06,1.3527877223536724e-06,2.133562002864065e-05,0.0,1.4981848842341692e-06,1.4539716229011622e-07,0.0,1.0257502992928468e-08,-1.842044904203279e-12
1117,67080.0,67080,1.353139866303348e-06,1.353138037302642e-06,2.135442093315972e-05,0.0,1.4985307578103225e-06,1.453927209204088e-07,0.0,1.0257495616560902e-08,-1.8285347123884885e-12
1118,67140.0,67140,1.353492430140777e-06,1.3534906146958366e-06,2.1373226812087002e-05,0.0,1.498878866959975e-06,1.4538825267950917e-07,0.0,1.0257488226146075e-08,-1.8149898049865988e-12
1119,67200.0,67200,1.3538472635488273e-06,1.3538454616710838e-06,2.139203769754202e-05,0.0,1.4992292187957014e-06,1.453837575199771e-07,0.0,1.025748082160162e-08,-1.8014103212273026e-12
1120,67260.0,67260,1.3542043737453307e-06,1.3542025854737481e-06,2.141085362174633e-05,0.0,1.4995818204889124e-06,1.4537923539404968e-07,0.0,1.0257473402844736e-08,-1.787796418258707e-12
1121,67320.0,67320,1.3545637680078007e-06,1.3545619934019523e-06,2.142967461702531e-05,0.0,1.4999366792680512e-06,1.4537468625360205e-07,0.0,1.0257465969789961e-08,-1.7741481052581945e-12
1122,67380.0,67380,1.3549254536725328e-06,1.3549236927708907e-06,2.144850071580373e-05,0.0,1.500293802420834e-06,1.4537011005024135e-07,0.0,1.025745852235407e-08,-1.760465402260721e-12
1123,67440.0,67440,1.3552894381356127e-06,1.3552876909600428e-06,2.1467331950614338e-05,0.0,1.500653197294003e-06,1.4536550673520254e-07,0.0,1.0257451060452985e-08,-1.746748432808904e-12
1124,67500.0,67500,1.3556557288537384e-06,1.3556539954308038e-06,2.148616835409213e-05,0.0,1.5010148712939562e-06,1.453608762594065e-07,0.0,1.0257443584003162e-08,-1.732996899085592e-12
1125,67560.0,67560,1.356024333341432e-06,1.3560226137048525e-06,2.150500995897961e-05,0.0,1.5013788318908435e-06,1.4535621857341726e-07,0.0,1.0257436092926286e-08,-1.7192119066497514e-12
1126,67620.0,67620,1.35639525917944e-06,1.3563935533453587e-06,2.152385679812418e-05,0.0,1.5017450866099355e-06,1.4535153362748478e-07,0.0,1.0257428587127076e-08,-1.705392360948041e-12
1127,67680.0,67680,1.3567685140064845e-06,1.3567668220321388e-06,2.1542708904482057e-05,0.0,1.502113643042877e-06,1.4534682137147831e-07,0.0,1.0257421066529454e-08,-1.6915390453970656e-12
1128,67740.0,67740,1.357144105524834e-06,1.3571424274461563e-06,2.1561566311118065e-05,0.0,1.5024845088413783e-06,1.4534208175495126e-07,0.0,1.0257413531045183e-08,-1.6776521301729091e-12
1129,67800.0,67800,1.357522041501261e-06,1.3575203773549348e-06,2.1580429051205412e-05,0.0,1.5028576917184972e-06,1.4533731472711905e-07,0.0,1.0257405980584853e-08,-1.6637311151280242e-12
1130,67860.0,67860,1.357902329763627e-06,1.357900679564525e-06,2.159929715802656e-05,0.0,1.5032331994527375e-06,1.453325202367737e-07,0.0,1.0257398415067477e-08,-1.6497766853367149e-12
1131,67920.0,67920,1.3582849782050064e-06,1.358283342010189e-06,2.161817066497694e-05,0.0,1.5036110398852634e-06,1.453276982324136e-07,0.0,1.0257390834403003e-08,-1.635788492767507e-12
1132,67980.0,67980,1.3586699947818718e-06,1.3586683726078504e-06,2.1637049605563224e-05,0.0,1.5039912209228473e-06,1.4532284866216328e-07,0.0,1.0257383238506608e-08,-1.6217673157251012e-12
1133,68040.0,68040,1.359057387518189e-06,1.3590557793951873e-06,2.1655934013404168e-05,0.0,1.5043737505338025e-06,1.4531797147375975e-07,0.0,1.0257375627283118e-08,-1.6077125573255465e-12
1134,68100.0,68100,1.3594471645015128e-06,1.359445570480049e-06,2.167482392223325e-05,0.0,1.5047586367548373e-06,1.4531306661461222e-07,0.0,1.0257368000647385e-08,-1.5936247712287305e-12
1135,68160.0,68160,1.3598393338869739e-06,1.3598377539958782e-06,2.16937193658989e-05,0.0,1.505145887686303e-06,1.4530813403172022e-07,0.0,1.0257360358506158e-08,-1.5795038492662442e-12
1136,68220.0,68220,1.360233903895804e-06,1.3602323381684553e-06,2.1712620378364695e-05,0.0,1.5055355114966192e-06,1.4530317367174867e-07,0.0,1.0257352700769919e-08,-1.5653499232463882e-12
1137,68280.0,68280,1.3606308828157873e-06,1.3606293312692569e-06,2.1731526993708718e-05,0.0,1.5059275164214806e-06,1.452981854809254e-07,0.0,1.0257345027346692e-08,-1.5511634148354677e-12
1138,68340.0,68340,1.3610302790047423e-06,1.3610287416631082e-06,2.1750439246131418e-05,0.0,1.5063219107622468e-06,1.4529316940517443e-07,0.0,1.025733733813917e-08,-1.5369440510587977e-12
1139,68400.0,68400,1.3614321008873123e-06,1.3614305778205952e-06,2.1769357169946655e-05,0.0,1.5067187028899288e-06,1.4528812538997762e-07,0.0,1.025732963305538e-08,-1.5226921663638187e-12
1140,68460.0,68460,1.3618363569580116e-06,1.3618348481908493e-06,2.1788280799593073e-05,0.0,1.507117901243934e-06,1.4528305338047537e-07,0.0,1.0257321911999294e-08,-1.5084078949668348e-12
1141,68520.0,68520,1.3622430557809384e-06,1.3622415613248574e-06,2.1807210169623143e-05,0.0,1.5075195143326385e-06,1.4527795332138812e-07,0.0,1.0257314174873178e-08,-1.4940911857521791e-12
1142,68580.0,68580,1.362652205990102e-06,1.3626507258914007e-06,2.1826145314716095e-05,0.0,1.5079235507348357e-06,1.45272825157042e-07,0.0,1.0257306421581642e-08,-1.479742350510634e-12
1143,68640.0,68640,1.3630638162902021e-06,1.3630623505897843e-06,2.184508626967264e-05,0.0,1.508330019100009e-06,1.4526766883140115e-07,0.0,1.0257298652023754e-08,-1.4653617252053162e-12
1144,68700.0,68700,1.3634778954593603e-06,1.3634764441487035e-06,2.1864033069416088e-05,0.0,1.508738928146829e-06,1.452624842880115e-07,0.0,1.02572908660958e-08,-1.4509488838899986e-12
1145,68760.0,68760,1.3638944523459642e-06,1.3638930154871409e-06,2.1882985748994948e-05,0.0,1.509150286667143e-06,1.452572714700076e-07,0.0,1.0257283063701008e-08,-1.4365040122156733e-12
1146,68820.0,68820,1.364313495869502e-06,1.3643120735062973e-06,2.1901944343580323e-05,0.0,1.5095641035273392e-06,1.452520303201483e-07,0.0,1.0257275244740789e-08,-1.4220279530259402e-12
1147,68880.0,68880,1.3647350350264198e-06,1.364733627160937e-06,2.192090888847399e-05,0.0,1.5099803876624472e-06,1.452467607807641e-07,0.0,1.025726740910279e-08,-1.4075202741941494e-12
1148,68940.0,68940,1.3651590788857388e-06,1.3651576855584583e-06,2.193987941910468e-05,0.0,1.5103991480823386e-06,1.4524146279377393e-07,0.0,1.025725955668458e-08,-1.3929810017090357e-12
1149,69000.0,69000,1.3655856365903941e-06,1.3655842578611617e-06,2.1958855971026995e-05,0.0,1.5108203938723283e-06,1.452361363007076e-07,0.0,1.025725168738224e-08,-1.3784103429341977e-12
1150,69060.0,69060,1.366014717358312e-06,1.3660133532294633e-06,2.1977838579926856e-05,0.0,1.5112441341918892e-06,1.4523078124265102e-07,0.0,1.0257243801090668e-08,-1.3638085946785755e-12
1151,69120.0,69120,1.3664463304830257e-06,1.366444980970021e-06,2.1996827281621304e-05,0.0,1.5116703782773035e-06,1.452253975602872e-07,0.0,1.0257235897700075e-08,-1.3491762100460269e-12
1152,69180.0,69180,1.3668804853371856e-06,1.3668791504976854e-06,2.2015822112058485e-05,0.0,1.5120991354366089e-06,1.4521998519389455e-07,0.0,1.0257227977094802e-08,-1.3345124277010225e-12
1153,69240.0,69240,1.3673171913676686e-06,1.3673158712468924e-06,2.2034823107320278e-05,0.0,1.5125304150588574e-06,1.4521454408328206e-07,0.0,1.0257220039171668e-08,-1.3198179134108056e-12
1154,69300.0,69300,1.3677564580996084e-06,1.3677551526840083e-06,2.2053830303620546e-05,0.0,1.5129642266099918e-06,1.4520907416786599e-07,0.0,1.0257212083818326e-08,-1.3050930483517481e-12
1155,69360.0,69360,1.3681982951377876e-06,1.3681970044879609e-06,2.2072843737313e-05,0.0,1.5134005796318352e-06,1.452035753866e-07,0.0,1.0257204110916765e-08,-1.2903376110906318e-12
1156,69420.0,69420,1.3686427121666385e-06,1.3686414363087387e-06,2.2091863444880718e-05,0.0,1.5138394837451764e-06,1.451980476780588e-07,0.0,1.025719612035314e-08,-1.2755513425025193e-12
1157,69480.0,69480,1.36908971894691e-06,1.3690884579134824e-06,2.2110889462948587e-05,0.0,1.5142809486537864e-06,1.45192490980322e-07,0.0,1.0257188112019579e-08,-1.2607353762198704e-12
1158,69540.0,69540,1.3695393253239164e-06,1.3695380791455126e-06,2.2129921828279608e-05,0.0,1.5147249841370968e-06,1.451869052310509e-07,0.0,1.0257180085789327e-08,-1.24588899746861e-12
1159,69600.0,69600,1.369991541222226e-06,1.3699903099129951e-06,2.214896057777553e-05,0.0,1.5151716000574672e-06,1.4518129036748008e-07,0.0,1.0257172041549283e-08,-1.2310127284228723e-12
1160,69660.0,69660,1.3704463766489652e-06,1.3704451602588105e-06,2.216800574848058e-05,0.0,1.515620806358162e-06,1.4517564632636266e-07,0.0,1.0257163979178345e-08,-1.2161064542333077e-12
1161,69720.0,69720,1.3709038416933678e-06,1.3709026402400848e-06,2.2187057377575774e-05,0.0,1.516072613065291e-06,1.4516997304402843e-07,0.0,1.0257155898557867e-08,-1.2011706235364545e-12
1162,69780.0,69780,1.3713639465290555e-06,1.3713627600382108e-06,2.2206115502392468e-05,0.0,1.5165270302863893e-06,1.4516427045634105e-07,0.0,1.0257147799563013e-08,-1.1862047657216506e-12
1163,69840.0,69840,1.3718267014114853e-06,1.371825529933078e-06,2.2225180160400993e-05,0.0,1.5169840682158787e-06,1.4515853849870333e-07,0.0,1.0257139682076843e-08,-1.171209878932637e-12
1164,69900.0,69900,1.3722921166835886e-06,1.3722909602369302e-06,2.2244251389220275e-05,0.0,1.5174437371289504e-06,1.451527771060588e-07,0.0,1.0257131545968115e-08,-1.1561854574428447e-12
1165,69960.0,69960,1.3727602027730676e-06,1.3727590613777016e-06,2.226332922661302e-05,0.0,1.517906047387192e-06,1.451469862128952e-07,0.0,1.0257123391113705e-08,-1.1411315466900896e-12
1166,70020.0,70020,1.3732309701921216e-06,1.3732298438931446e-06,2.228241371049184e-05,0.0,1.5183710094404166e-06,1.4514116575324274e-07,0.0,1.0257115217390586e-08,-1.1260490890905521e-12
1167,70080.0,70080,1.3737044295442089e-06,1.3737033183586238e-06,2.2301504878917498e-05,0.0,1.5188386338196986e-06,1.451353156606434e-07,0.0,1.0257107024661764e-08,-1.1109370191240965e-12
1168,70140.0,70140,1.374180591516151e-06,1.3741794954660692e-06,2.232060277010284e-05,0.0,1.519308931149555e-06,1.4512943586815598e-07,0.0,1.0257098812808054e-08,-1.0957965370262717e-12
1169,70200.0,70200,1.3746594668864647e-06,1.3746583860159036e-06,2.2339707422409755e-05,0.0,1.5197819121388504e-06,1.451235263083665e-07,0.0,1.0257090581691604e-08,-1.0806271403670641e-12
1170,70260.0,70260,1.375141066522166e-06,1.3751400008641625e-06,2.235881887435439e-05,0.0,1.520257587586451e-06,1.4511758691340846e-07,0.0,1.0257082331183096e-08,-1.06542913502026e-12
1171,70320.0,70320,1.3756254013803815e-06,1.3756243509442908e-06,2.237793716460717e-05,0.0,1.5207359683817433e-06,1.4511161761488795e-07,0.0,1.0257074061149799e-08,-1.0502026434221184e-12
1172,70380.0,70380,1.376112482509728e-06,1.3761114473385705e-06,2.239706233199367e-05,0.0,1.5212170655038424e-06,1.4510561834396544e-07,0.0,1.0257065771457168e-08,-1.0349478694148914e-12
1173,70440.0,70440,1.376602321050353e-06,1.3766013011425582e-06,2.241619441549592e-05,0.0,1.5217008900239948e-06,1.4509958903125852e-07,0.0,1.025705746196895e-08,-1.0196647659947513e-12
1174,70500.0,70500,1.3770949282350831e-06,1.377093923669672e-06,2.2435333454253712e-05,0.0,1.5221874531058253e-06,1.4509352960692558e-07,0.0,1.025704913254889e-08,-1.0043538314261588e-12
1175,70560.0,70560,1.3775903153920721e-06,1.3775893261532981e-06,2.245447948756724e-05,0.0,1.5226767660040256e-06,1.4508744000061282e-07,0.0,1.0257040783054443e-08,-9.89014635692993e-13
1176,70620.0,70620,1.3780884939413194e-06,1.3780875200758218e-06,2.247363255489577e-05,0.0,1.5231688400701446e-06,1.450813201414646e-07,0.0,1.0257032413351488e-08,-9.736476286082614e-13
1177,70680.0,70680,1.3785894753994492e-06,1.3785885169551788e-06,2.2492792695861592e-05,0.0,1.5236636867495836e-06,1.4507516995810626e-07,0.0,1.02570240232978e-08,-9.582531433962848e-13
1178,70740.0,70740,1.3790932713800528e-06,1.3790923283335872e-06,2.251195995025087e-05,0.0,1.5241613175820075e-06,1.4506898937867317e-07,0.0,1.0257015612747201e-08,-9.42830855183447e-13
1179,70800.0,70800,1.3795998935925269e-06,1.379598966020757e-06,2.2531134358012354e-05,0.0,1.5246617442056038e-06,1.4506277833076297e-07,0.0,1.0257007181559598e-08,-9.27381097592979e-13
1180,70860.0,70860,1.380109353844724e-06,1.3801084417519515e-06,2.255031595926392e-05,0.0,1.5251649783553359e-06,1.4505653674146287e-07,0.0,1.0256998729590416e-08,-9.119042372660402e-13
1181,70920.0,70920,1.3806216640440033e-06,1.3806207674538555e-06,2.2569504794288205e-05,0.0,1.5256710318637622e-06,1.4505026453733427e-07,0.0,1.0256990256689105e-08,-8.963999343513654e-13
1182,70980.0,70980,1.3811368361966575e-06,1.3811359551414474e-06,2.2588700903537424e-05,0.0,1.52617991666415e-06,1.4504396164441785e-07,0.0,1.0256981762711942e-08,-8.808686599501064e-13
1183,71040.0,71040,1.381654882410002e-06,1.381654016929718e-06,2.2607904327635097e-05,0.0,1.5266916447896553e-06,1.4503762798818927e-07,0.0,1.0256973247508806e-08,-8.653105696650016e-13
1184,71100.0,71100,1.3821758148937271e-06,1.3821749649838352e-06,2.262711510737476e-05,0.0,1.5272062283732422e-06,1.4503126349365466e-07,0.0,1.0256964710926051e-08,-8.497254858644336e-13
1185,71160.0,71160,1.3826996459597072e-06,1.3826988116796983e-06,2.2646333283725186e-05,0.0,1.5277236796513148e-06,1.4502486808520393e-07,0.0,1.0256956152815156e-08,-8.341137810388491e-13
1186,71220.0,71220,1.3832263880229836e-06,1.3832255693729944e-06,2.2665558897827792e-05,0.0,1.528244010963772e-06,1.4501844168672166e-07,0.0,1.0256947573021832e-08,-8.184755091416887e-13
1187,71280.0,71280,1.3837560536037038e-06,1.3837552506353042e-06,2.2684791991000985e-05,0.0,1.5287672347538437e-06,1.4501198422153585e-07,0.0,1.0256938971391374e-08,-8.028109961566781e-13
1188,71340.0,71340,1.3842886553287064e-06,1.3842878680615357e-06,2.2704032604740605e-05,0.0,1.529293363568883e-06,1.4500549561242313e-07,0.0,1.025693034776469e-08,-7.871198554201824e-13
1189,71400.0,71400,1.3848242059283793e-06,1.3848234343728168e-06,2.272328078072212e-05,0.0,1.529822410065556e-06,1.4499897578159502e-07,0.0,1.0256921701989739e-08,-7.714029515119723e-13
1190,71460.0,71460,1.3853627182448e-06,1.3853619624296625e-06,2.2742536560800172e-05,0.0,1.5303543870029032e-06,1.449924246506929e-07,0.0,1.0256913033899859e-08,-7.556596675711222e-13
1191,71520.0,71520,1.3859042052252606e-06,1.3859034651880514e-06,2.276179998701253e-05,0.0,1.5308893072526931e-06,1.449858421408033e-07,0.0,1.0256904343341193e-08,-7.398907657252849e-13
1192,71580.0,71580,1.3864486799288257e-06,1.3864479556969954e-06,2.2781071101580946e-05,0.0,1.5314271837929197e-06,1.4497922817243232e-07,0.0,1.0256895630146973e-08,-7.240960191750006e-13
1193,71640.0,71640,1.3869961555250191e-06,1.3869954471238613e-06,2.280034994691073e-05,0.0,1.5319680297121744e-06,1.449725826655141e-07,0.0,1.0256886894154483e-08,-7.082756080316012e-13
1194,71700.0,71700,1.38754664529459e-06,1.3875459527327088e-06,2.2819636565595547e-05,0.0,1.5325118582115293e-06,1.449659055394025e-07,0.0,1.025687813519941e-08,-6.924297502822567e-13
1195,71760.0,71760,1.3881001626320795e-06,1.3880994859566746e-06,2.2838931000417e-05,0.0,1.5330586826032e-06,1.4495919671285196e-07,0.0,1.0256869353114134e-08,-6.765584425385692e-13
1196,71820.0,71820,1.388656721044265e-06,1.3886560602724352e-06,2.285823329434766e-05,0.0,1.5336085163147784e-06,1.4495245610400935e-07,0.0,1.0256860547732097e-08,-6.606622706862202e-13
1197,71880.0,71880,1.389216334156496e-06,1.389215689300041e-06,2.2877543490548906e-05,0.0,1.5341613728847267e-06,1.4494568363047515e-07,0.0,1.0256851718876931e-08,-6.447406844667677e-13
1198,71940.0,71940,1.3897790157078049e-06,1.3897783868111655e-06,2.2896861632377466e-05,0.0,1.5347172659704066e-06,1.4493887920919944e-07,0.0,1.0256842866382933e-08,-6.287941488435449e-13
1199,72000.0,72000,1.3903447795545677e-06,1.3903441666208033e-06,2.2916187763384985e-05,0.0,1.5352762093457863e-06,1.4493204275654334e-07,0.0,1.0256833990077041e-08,-6.128230253617102e-13
1200,72060.0,72060,1.3909136396735633e-06,1.3909130427497095e-06,2.293552192731803e-05,0.0,1.535838216901276e-06,1.4492517418826533e-07,0.0,1.0256825089780641e-08,-5.968269647385747e-13
1201,72120.0,72120,1.3914856101591592e-06,1.391485029266221e-06,2.295486416812332e-05,0.0,1.5364033026483981e-06,1.4491827341945809e-07,0.0,1.025681616532174e-08,-5.808066490696372e-13
1202,72180.0,72180,1.392060705228803e-06,1.3920601403844526e-06,2.2974214529945993e-05,0.0,1.536971480717166e-06,1.449113403646612e-07,0.0,1.0256807216517242e-08,-5.647617073790291e-13
1203,72240.0,72240,1.392638939220262e-06,1.3926383904478538e-06,2.299357305713397e-05,0.0,1.5375427653611642e-06,1.4490437493770914e-07,0.0,1.0256798243192378e-08,-5.486927692060404e-13
1204,72300.0,72300,1.3932203265961868e-06,1.3932197939275146e-06,2.3012939794237087e-05,0.0,1.538117170954844e-06,1.448973770518526e-07,0.0,1.025678924516e-08,-5.32599586794893e-13
1205,72360.0,72360,1.3938048819436994e-06,1.3938043653985938e-06,2.3032314786010567e-05,0.0,1.5386947119972654e-06,1.4489034661969865e-07,0.0,1.025678022223979e-08,-5.164824812241432e-13
1206,72420.0,72420,1.3943926199754878e-06,1.3943921195732052e-06,2.3051698077418557e-05,0.0,1.5392754031131088e-06,1.4488328355318002e-07,0.0,1.0256771174246308e-08,-5.003415314096246e-13
1207,72480.0,72480,1.3949835555313609e-06,1.3949830712961025e-06,2.3071089713631906e-05,0.0,1.5398592590533838e-06,1.448761877635978e-07,0.0,1.0256762100992512e-08,-4.841768533302532e-13
1208,72540.0,72540,1.3955777035792339e-06,1.3955772355287812e-06,2.3090489740031678e-05,0.0,1.5404462946976154e-06,1.448690591615753e-07,0.0,1.0256753002290615e-08,-4.679887399666818e-13
1209,72600.0,72600,1.3961750792177762e-06,1.3961746273943028e-06,2.3109898202211344e-05,0.0,1.5410365250537612e-06,1.4486189765710255e-07,0.0,1.0256743877948988e-08,-4.517772770033812e-13
1210,72660.0,72660,1.396775697676658e-06,1.3967752620864191e-06,2.312931514598069e-05,0.0,1.5416299652597149e-06,1.44854703159473e-07,0.0,1.0256734727774508e-08,-4.355425549895829e-13
1211,72720.0,72720,1.3973795743176424e-06,1.3973791549836917e-06,2.314874061736192e-05,0.0,1.542226630585927e-06,1.4484747557730068e-07,0.0,1.0256725551573415e-08,-4.1928461130295393e-13
1212,72780.0,72780,1.3979867246362254e-06,1.3979863215938256e-06,2.316817466259836e-05,0.0,1.5428265364364168e-06,1.4484021481853037e-07,0.0,1.0256716349151622e-08,-4.03003860910219e-13
1213,72840.0,72840,1.3985971642635737e-06,1.3985967775338665e-06,2.3187617328151858e-05,0.0,1.5434296983486892e-06,1.4483292079042405e-07,0.0,1.0256707120308756e-08,-3.8670020582664183e-13
1214,72900.0,72900,1.3992109089666622e-06,1.399210538561502e-06,2.3207068660703655e-05,0.0,1.5440361319977786e-06,1.4482559339950614e-07,0.0,1.0256697864846996e-08,-3.7037406729003353e-13
1215,72960.0,72960,1.3998279746516063e-06,1.3998276206038252e-06,2.322652870716225e-05,0.0,1.5446458531942814e-06,1.4481823255163533e-07,0.0,1.0256688582561911e-08,-3.5402546847251217e-13
1216,73020.0,73020,1.4004483773643442e-06,1.4004480396999184e-06,2.324599751466077e-05,0.0,1.5452588778873876e-06,1.448108381519618e-07,0.0,1.0256679273248962e-08,-3.37654148814694e-13
1217,73080.0,73080,1.401072133289245e-06,1.401071812016478e-06,2.326547513055742e-05,0.0,1.5458752221697708e-06,1.4480341010489824e-07,0.0,1.0256669936708732e-08,-3.2126119737608295e-13
1218,73140.0,73140,1.4016992587566735e-06,1.4016989539058846e-06,2.3284961602442905e-05,0.0,1.5464949022713335e-06,1.4479594831415056e-07,0.0,1.0256660572723769e-08,-3.048457091225985e-13
1219,73200.0,73200,1.4023297702373641e-06,1.4023294818286024e-06,2.3304456978139122e-05,0.0,1.547117934569531e-06,1.4478845268265994e-07,0.0,1.0256651181093163e-08,-2.884088485455732e-13
1220,73260.0,73260,1.4029636843516537e-06,1.40296341241308e-06,2.3323961305699157e-05,0.0,1.547744335581505e-06,1.4478092311270336e-07,0.0,1.0256641761596372e-08,-2.7194966377686624e-13
1221,73320.0,73320,1.4036010178622143e-06,1.4036007624023783e-06,2.3343474633412962e-05,0.0,1.548374121976977e-06,1.4477335950570432e-07,0.0,1.0256632314028855e-08,-2.554695314528638e-13
1222,73380.0,73380,1.40424178768438e-06,1.4042415487260895e-06,2.3362997009810873e-05,0.0,1.5490073105673757e-06,1.4476576176246144e-07,0.0,1.0256622838164839e-08,-2.389675173164097e-13
1223,73440.0,73440,1.4048860108810648e-06,1.4048857884522624e-06,2.3382528483660077e-05,0.0,1.5496439183179658e-06,1.4475812978290442e-07,0.0,1.0256613333792852e-08,-2.2244447216430358e-13
1224,73500.0,73500,1.4055337046683086e-06,1.4055334987886881e-06,2.3402069103969455e-05,0.0,1.55028396234274e-06,1.44750463466234e-07,0.0,1.025660380068947e-08,-2.0590029980750558e-13
1225,73560.0,73560,1.4061848864150303e-06,1.4061846971104587e-06,2.342161891999481e-05,0.0,1.5509274599091713e-06,1.4474276271089974e-07,0.0,1.0256594238632546e-08,-1.8933518716348423e-13
1226,73620.0,73620,1.4068395736447768e-06,1.406839400925743e-06,2.344117798123493e-05,0.0,1.551574428439524e-06,1.4473502741453183e-07,0.0,1.025658464739759e-08,-1.7274945952964694e-13
1227,73680.0,73680,1.4074977840401757e-06,1.4074976279337209e-06,2.3460746337440772e-05,0.0,1.552224885509161e-06,1.4472725747399728e-07,0.0,1.0256575026754134e-08,-1.56142655101044e-13
1228,73740.0,73740,1.4081595354380441e-06,1.4081593959664844e-06,2.3480324038608912e-05,0.0,1.5528788488568678e-06,1.4471945278533177e-07,0.0,1.0256565376481423e-08,-1.3951596968055998e-13
1229,73800.0,73800,1.408824845839852e-06,1.4088247230180191e-06,2.3499911134993767e-05,0.0,1.5535363363748016e-06,1.4471161324379933e-07,0.0,1.0256555696337786e-08,-1.2286869563569688e-13
1230,73860.0,73860,1.4094937334065862e-06,1.4094936272685961e-06,2.351950767710499e-05,0.0,1.5541973661197443e-06,1.4470373874380867e-07,0.0,1.025654598609425e-08,-1.0620137447634627e-13
1231,73920.0,73920,1.4101662164635855e-06,1.4101661270085367e-06,2.353911371570439e-05,0.0,1.5548619563102887e-06,1.446958291789918e-07,0.0,1.0256536245514055e-08,-8.951414065942528e-14
1232,73980.0,73980,1.4108423135020696e-06,1.410842240757796e-06,2.3558729301820378e-05,0.0,1.5555301253295169e-06,1.446878844421186e-07,0.0,1.0256526474357128e-08,-7.280719841119367e-14
1233,74040.0,74040,1.4115220431809427e-06,1.4115219871707978e-06,2.3578354486738774e-05,0.0,1.5562018917266374e-06,1.4467990442511725e-07,0.0,1.0256516672381376e-08,-5.6080165424848697e-14
1234,74100.0,74100,1.4122054243252903e-06,1.4122053850624672e-06,2.3597989322011108e-05,0.0,1.5568772742230225e-06,1.4467188901906243e-07,0.0,1.0256506839351209e-08,-3.9334387136508284e-14
1235,74160.0,74160,1.4128924759364593e-06,1.4128924534483817e-06,2.3617633859459005e-05,0.0,1.5575562917039592e-06,1.4466383811418377e-07,0.0,1.025649697500938e-08,-2.256876607513454e-14
1236,74220.0,74220,1.4135832171839992e-06,1.4135832114839966e-06,2.3637288151169362e-05,0.0,1.5582389632327439e-06,1.446557515998317e-07,0.0,1.0256487079116246e-08,-5.784377321979405e-15
1237,74280.0,74280,1.414277667416015e-06,1.414277678523918e-06,2.3656952249502665e-05,0.0,1.5589253080427876e-06,1.4464762936448936e-07,0.0,1.0256477151415946e-08,1.1019283557052609e-14
1238,74340.0,74340,1.4149758461544417e-06,1.4149758740893158e-06,2.367662620709385e-05,0.0,1.5596153455466028e-06,1.446394712957403e-07,0.0,1.0256467191659876e-08,2.784120978168022e-14
1239,74400.0,74400,1.4156777731040849e-06,1.4156778178851595e-06,2.369631007685363e-05,0.0,1.5603090953306143e-06,1.4463127728029905e-07,0.0,1.02564571995846e-08,4.468223901751894e-14
1240,74460.0,74460,1.416383468146585e-06,1.416383529792079e-06,2.3716003911975027e-05,0.0,1.5610065771658929e-06,1.446230472039208e-07,0.0,1.0256447174939804e-08,6.15415364437793e-14
1241,74520.0,74520,1.4170929513482833e-06,1.4170930298786825e-06,2.3735707765929905e-05,0.0,1.561707811003376e-06,1.4461478095150024e-07,0.0,1.0256437117462052e-08,7.841905992051618e-14
1242,74580.0,74580,1.4178062429603592e-06,1.417806338393336e-06,2.3755421692474626e-05,0.0,1.5624128169788658e-06,1.4460647840697101e-07,0.0,1.0256427026887484e-08,9.531441318815922e-14
1243,74640.0,74640,1.4185233634230622e-06,1.4185234757712362e-06,2.377514574565662e-05,0.0,1.5631216154118002e-06,1.4459813945334827e-07,0.0,1.0256416902945832e-08,1.1222803492093383e-13
1244,74700.0,74700,1.419244333363475e-06,1.4192444626488616e-06,2.379487997980783e-05,0.0,1.5638342268127923e-06,1.4458976397270478e-07,0.0,1.0256406745374195e-08,1.2915931307326293e-13
1245,74760.0,74760,1.4199691736004003e-06,1.4199693198415733e-06,2.3814624449557373e-05,0.0,1.5645506718831374e-06,1.4458135184612833e-07,0.0,1.0256396553900386e-08,1.4610806016795083e-13
1246,74820.0,74820,1.4206979051478578e-06,1.420698068360059e-06,2.383437920982631e-05,0.0,1.5652709715141586e-06,1.445729029538019e-07,0.0,1.0256386328248701e-08,1.6307436873403273e-13
1247,74880.0,74880,1.4214305492133096e-06,1.4214307294138017e-06,2.3854144315835065e-05,0.0,1.5659951467958924e-06,1.4456441717484489e-07,0.0,1.0256376068145672e-08,1.8005754017522883e-13
1248,74940.0,74940,1.422167127205826e-06,1.4221673244120084e-06,2.3873919823105182e-05,0.0,1.5667232190106697e-06,1.4455589438745995e-07,0.0,1.0256365773306098e-08,1.970581991783932e-13
1249,75000.0,75000,1.4229076607304596e-06,1.422907874958557e-06,2.3893705787460627e-05,0.0,1.5674552096454074e-06,1.4454733446881526e-07,0.0,1.0256355443455553e-08,2.1407538691227403e-13
1250,75060.0,75060,1.423652171598925e-06,1.4236524028641514e-06,2.3913502265033048e-05,0.0,1.568191140384971e-06,1.445387372950802e-07,0.0,1.0256345078304993e-08,2.3110944649700754e-13
1251,75120.0,75120,1.4244006818256101e-06,1.4244009301508829e-06,2.393330931226262e-05,0.0,1.56893103311996e-06,1.445301027414068e-07,0.0,1.0256334677569109e-08,2.4815984679971474e-13
1252,75180.0,75180,1.4251532136341062e-06,1.425153479029832e-06,2.3953126985900266e-05,0.0,1.5696749099459957e-06,1.4452143068190734e-07,0.0,1.0256324240955977e-08,2.652269286005132e-13
1253,75240.0,75240,1.425909789455649e-06,1.4259100719376703e-06,2.397295534301637e-05,0.0,1.5704227931695144e-06,1.4451272098963572e-07,0.0,1.0256313768178048e-08,2.823099777809468e-13
1254,75300.0,75300,1.4266704319344735e-06,1.4266707315248058e-06,2.399279444099511e-05,0.0,1.5711747053079565e-06,1.445039735366078e-07,0.0,1.0256303258937098e-08,2.9940866536986095e-13
1255,75360.0,75360,1.4274351639329213e-06,1.4274354806410155e-06,2.401264433754319e-05,0.0,1.5719306690875825e-06,1.4449518819378797e-07,0.0,1.0256292712929579e-08,3.165239772404369e-13
1256,75420.0,75420,1.4282040085243664e-06,1.428204342371282e-06,2.4032505090693347e-05,0.0,1.5726907074588785e-06,1.444863648310257e-07,0.0,1.0256282129867938e-08,3.336542364568002e-13
1257,75480.0,75480,1.428976989007692e-06,1.4289773400045187e-06,2.4052376758801284e-05,0.0,1.573454843583608e-06,1.4447750331709846e-07,0.0,1.0256271509437203e-08,3.508005826454185e-13
1258,75540.0,75540,1.4297541288992048e-06,1.4297544970640247e-06,2.4072259400557464e-05,0.0,1.5742231008508199e-06,1.4446860351966036e-07,0.0,1.025626085134225e-08,3.6796173410705217e-13
1259,75600.0,75600,1.43053545194378e-06,1.4305358372921626e-06,2.4092153074983626e-05,0.0,1.574995502868297e-06,1.4445966530526955e-07,0.0,1.0256250155265123e-08,3.851383251010009e-13
1260,75660.0,75660,1.431320982111474e-06,1.431321384652679e-06,2.4112057841437154e-05,0.0,1.575772073473593e-06,1.444506885393557e-07,0.0,1.0256239420900554e-08,4.023295434942053e-13
1261,75720.0,75720,1.4321107436051177e-06,1.432111163358511e-06,2.4131973759618935e-05,0.0,1.5765528367298253e-06,1.4444167308623033e-07,0.0,1.0256228647928776e-08,4.1953593675328176e-13
1262,75780.0,75780,1.4329047608562747e-06,1.4329051978359779e-06,2.4151900889569873e-05,0.0,1.5773378169362447e-06,1.4443261880898433e-07,0.0,1.0256217836040153e-08,4.367563427741127e-13
1263,75840.0,75840,1.4337030585359745e-06,1.433703512755399e-06,2.417183929167699e-05,0.0,1.5781270386217093e-06,1.4442352556962285e-07,0.0,1.0256206984905093e-08,4.5399141776233694e-13
1264,75900.0,75900,1.4345056615505076e-06,1.4345061330264519e-06,2.4191789026681756e-05,0.0,1.5789205265553355e-06,1.4441439322895426e-07,0.0,1.0256196094204892e-08,4.712403528452742e-13
1265,75960.0,75960,1.4353125950474335e-06,1.4353130837930634e-06,2.4211750155673072e-05,0.0,1.5797183057455426e-06,1.4440522164659884e-07,0.0,1.0256185163609429e-08,4.885026663079698e-13
1266,76020.0,76020,1.4361238844211813e-06,1.4361243904444177e-06,2.423172274009909e-05,0.0,1.5805204014392609e-06,1.443960106810381e-07,0.0,1.0256174192778444e-08,5.057788908271014e-13
1267,76080.0,76080,1.4369395553068207e-06,1.4369400786272212e-06,2.425170684176894e-05,0.0,1.5813268391347965e-06,1.4438676018947326e-07,0.0,1.0256163181382563e-08,5.230675370240266e-13
1268,76140.0,76140,1.4377596335945128e-06,1.437760174220135e-06,2.427170252285406e-05,0.0,1.5821376445718612e-06,1.4437747002802486e-07,0.0,1.0256152129067229e-08,5.403691565760316e-13
1269,76200.0,76200,1.4385841454208499e-06,1.4385847033678914e-06,2.429170984589387e-05,0.0,1.5829528437465692e-06,1.4436814005150235e-07,0.0,1.0256141035487598e-08,5.57682355828723e-13
1270,76260.0,76260,1.439413117181012e-06,1.4394136924551538e-06,2.431172887379489e-05,0.0,1.5837724629038697e-06,1.4435877011358846e-07,0.0,1.0256129900275455e-08,5.750072289057505e-13
1271,76320.0,76320,1.4402465755245587e-06,1.4402471681382023e-06,2.433175966984299e-05,0.0,1.58459652854801e-06,1.4434936006672994e-07,0.0,1.0256118723064935e-08,5.923423958489051e-13
1272,76380.0,76380,1.4410845473641446e-06,1.4410851573254291e-06,2.4351802297700766e-05,0.0,1.5854250674388457e-06,1.443399097621973e-07,0.0,1.0256107503467871e-08,6.096876582654668e-13
1273,76440.0,76440,1.4419270598722393e-06,1.441927687197144e-06,2.4371856821408845e-05,0.0,1.5862581066003105e-06,1.4433041905002678e-07,0.0,1.0256096241092685e-08,6.270415914924634e-13
1274,76500.0,76500,1.4427741404888591e-06,1.442774785182219e-06,2.4391923305397244e-05,0.0,1.5870956733182028e-06,1.4432088777910228e-07,0.0,1.025608493552539e-08,6.444037532352254e-13
1275,76560.0,76560,1.4436258169193538e-06,1.4436264789899091e-06,2.4412001814483635e-05,0.0,1.5879377951478609e-06,1.4431131579705123e-07,0.0,1.0256073586343785e-08,6.617724093749105e-13
1276,76620.0,76620,1.444482117142656e-06,1.4444827965916635e-06,2.443209241387858e-05,0.0,1.5887844999096832e-06,1.4430170295034187e-07,0.0,1.0256062193099205e-08,6.791469980931347e-13
1277,76680.0,76680,1.4453430694069377e-06,1.445343766237156e-06,2.4452195169188162e-05,0.0,1.5896358156988803e-06,1.4429204908420826e-07,0.0,1.0256050755332959e-08,6.965261290846183e-13
1278,76740.0,76740,1.4462087022371496e-06,1.4462094164566362e-06,2.4472310146420528e-05,0.0,1.5904917708821972e-06,1.4428235404264663e-07,0.0,1.0256039272565121e-08,7.139090293213468e-13
1279,76800.0,76800,1.44707904443431e-06,1.4470797760467804e-06,2.4492437411989823e-05,0.0,1.5913523941014904e-06,1.4427261766836442e-07,0.0,1.0256027744303496e-08,7.312953300604013e-13
1280,76860.0,76860,1.4479541250752062e-06,1.4479548740763985e-06,2.4512577032712277e-05,0.0,1.5922177142786455e-06,1.442628398026999e-07,0.0,1.0256016170049806e-08,7.486841464555808e-13
1281,76920.0,76920,1.4488339735193298e-06,1.4488347399199791e-06,2.453272907582497e-05,0.0,1.5930877606083665e-06,1.4425302028557944e-07,0.0,1.0256004549294144e-08,7.660774420203576e-13
1282,76980.0,76980,1.4497186194006302e-06,1.4497194032101601e-06,2.4552893608974487e-05,0.0,1.5939625625696737e-06,1.442431589552514e-07,0.0,1.0255992881559038e-08,7.834762778735208e-13
1283,77040.0,77040,1.4506080926337681e-06,1.4506088938603181e-06,2.457307070023265e-05,0.0,1.5948421499174109e-06,1.442332556482142e-07,0.0,1.0255981166387823e-08,8.00884989642083e-13
1284,77100.0,77100,1.451502423410893e-06,1.4515032420648153e-06,2.4593260418090822e-05,0.0,1.5957265526820248e-06,1.4422331019881528e-07,0.0,1.0255969403397136e-08,8.183106430573674e-13
1285,77160.0,77160,1.45240164219536e-06,1.4524024783089952e-06,2.461346283147348e-05,0.0,1.596615801170058e-06,1.442133224389079e-07,0.0,1.025595759232322e-08,8.357643168721435e-13
1286,77220.0,77220,1.4533057797154216e-06,1.4533066333330465e-06,2.463367800973294e-05,0.0,1.5975099259589597e-06,1.4420329219733907e-07,0.0,1.0255945733090318e-08,8.532619556699328e-13
1287,77280.0,77280,1.4542148669589278e-06,1.454215738148583e-06,2.465390602265988e-05,0.0,1.5984089578829073e-06,1.44193219299398e-07,0.0,1.0255933825889423e-08,8.708293670053681e-13
1288,77340.0,77340,1.455128935151037e-06,1.455129824023893e-06,2.467414694048374e-05,0.0,1.5993129280259257e-06,1.4418310356599336e-07,0.0,1.0255921871346951e-08,8.885028085708931e-13
1289,77400.0,77400,1.4560480157319558e-06,1.4560489224378052e-06,2.4694400833879314e-05,0.0,1.6002218676980942e-06,1.441729448129516e-07,0.0,1.025590987069558e-08,9.063354468656963e-13
1290,77460.0,77460,1.4569721403182603e-06,1.456973065107933e-06,2.4714667773963225e-05,0.0,1.6011358084020604e-06,1.4416274285019752e-07,0.0,1.0255897826058912e-08,9.244039285599772e-13
1291,77520.0,77520,1.4579013406415212e-06,1.4579022838432016e-06,2.473494783230792e-05,0.0,1.6020547817823707e-06,1.4415249748116022e-07,0.0,1.0255885740842198e-08,9.42817704212282e-13
1292,77580.0,77580,1.4588356484571547e-06,1.4588366105867329e-06,2.4755241080934258e-05,0.0,1.602978819545193e-06,1.4414220850255445e-07,0.0,1.0255873620280548e-08,9.61733150792642e-13
1293,77640.0,77640,1.4597750953982081e-06,1.459776077161984e-06,2.477554759231366e-05,0.0,1.6039079533377236e-06,1.4413187570523948e-07,0.0,1.0255861472220497e-08,9.813699644257603e-13
1294,77700.0,77700,1.460719712762442e-06,1.460720715204979e-06,2.4795867439371193e-05,0.0,1.6048422145524773e-06,1.4412149887664313e-07,0.0,1.0255849308177801e-08,1.0020374518635634e-12
1295,77760.0,77760,1.4616695311779735e-06,1.4616705557486642e-06,2.481620069548251e-05,0.0,1.6057816340368254e-06,1.441110778063204e-07,0.0,1.0255837144830026e-08,1.024163705125003e-12
1296,77820.0,77820,1.4626245801069703e-06,1.4626256288580668e-06,2.4836547434462047e-05,0.0,1.6067262416383984e-06,1.4410061229660947e-07,0.0,1.025582500599867e-08,1.0483357836891534e-12
1297,77880.0,77880,1.4635848870891741e-06,1.4635859628418607e-06,2.485690773054553e-05,0.0,1.6076760655224141e-06,1.440901021821855e-07,0.0,1.0255812925297287e-08,1.0753376080891874e-12
1298,77940.0,77940,1.4645504766291871e-06,1.4645515832236999e-06,2.4877281658379934e-05,0.0,1.6086311310905943e-06,1.440795473655646e-07,0.0,1.0255800949415315e-08,1.1061720323113253e-12
1299,78000.0,78000,1.4655213685470283e-06,1.4655225108893627e-06,2.4897669292965368e-05,0.0,1.6095914592670941e-06,1.440689478818357e-07,0.0,1.0255789141765322e-08,1.1419011817121933e-12
1300,78060.0,78060,1.4664975758656512e-06,1.4664987587217066e-06,2.4918070709601295e-05,0.0,1.61055706326271e-06,1.4405830402393037e-07,0.0,1.0255777583470911e-08,1.1824249394157973e-12
1301,78120.0,78120,1.4674791040162018e-06,1.4674803230330476e-06,2.493848598377074e-05,0.0,1.6115279401665295e-06,1.4404761661311898e-07,0.0,1.0255766353993979e-08,1.218576613883338e-12
1302,78180.0,78180,1.4684659659904406e-06,1.468467148322029e-06,2.4958915190899912e-05,0.0,1.612504036558565e-06,1.4403688772212078e-07,0.0,1.0255755380019898e-08,1.1818754105132113e-12
1303,78240.0,78240,1.469458313652407e-06,1.4694589359617029e-06,2.4979358405623555e-05,0.0,1.6134850597833232e-06,1.4402612328949169e-07,0.0,1.0255743446880306e-08,6.218575271564255e-13
1304,78300.0,78300,1.4704573508422667e-06,1.4704539655109397e-06,2.4999815698331944e-05,0.0,1.6144693116663133e-06,1.4401534562436992e-07,0.0,1.0255721832159541e-08,-3.3857950493227462e-12
1305,78360.0,78360,1.4714714211650135e-06,1.4714415187457666e-06,2.50202871149874e-05,0.0,1.6154461835723098e-06,1.4400466428954418e-07,0.0,1.0255633074814266e-08,-2.990288789179621e-11
1306,78420.0,78420,1.4725563031886498e-06,1.4723523898300921e-06,2.5040772549433738e-05,0.0,1.6163471017987732e-06,1.4399471142620877e-07,0.0,1.0255102017390909e-08,-2.0391383362067108e-10
1307,78480.0,78480,1.4740825109380234e-06,1.4727329339692507e-06,2.5061270913521372e-05,0.0,1.6167223482584542e-06,1.439894137412357e-07,0.0,1.0251670431737026e-08,-1.3495774498699898e-09
1308,78540.0,78540,1.4785283099877054e-06,1.4695873533592288e-06,2.5081774682648748e-05,0.0,1.6136013848974505e-06,1.4401403098741686e-07,0.0,1.022914412789216e-08,-8.940957115360865e-09
1309,78600.0,78600,1.5032082597724325e-06,1.443067593967936e-06,2.5102233828596742e-05,0.0,1.5873049121802425e-06,1.442373176667853e-07,0.0,1.0080094636087406e-08,-6.014066628155386e-08
1310,78660.0,78660,1.7131572220266726e-06,1.2614413671234787e-06,2.512231672049009e-05,0.0,1.407442870691822e-06,1.460015031175283e-07,0.0,9.077717220297553e-09,-4.517158553076407e-07
1311,78720.0,78720,299.9999639725041,-3.570131306647016e-05,2.5139822164463552e-05,300.0,1.1049551311250728e-07,3.5811808591336384e-05,0.0,1.549092023405509e-09,3.261828203603056e-07
1312,78780.0,78780,299.9999639827794,-3.590578167103992e-05,2.4544524070157914e-05,300.0,1.0293445765026852e-07,3.600871614661418e-05,0.0,6.986083585600244e-09,1.1143893888510535e-07
1313,78840.0,78840,299.99996398605543,-3.5952471201839914e-05,2.3945837069058083e-05,300.0,1.004905919309493e-07,3.605296181396851e-05,0.0,8.844361783160842e-09,6.147340436553194e-08
1314,78900.0,78900,299.99996398688756,-3.596347293127377e-05,2.3346378019465207e-05,300.0,9.987318329786963e-08,3.606334613546971e-05,0.0,9.870013916741068e-09,4.9639479790515815e-08
1315,78960.0,78960,299.99996398615485,-3.595413866408537e-05,2.2746737151928303e-05,300.0,1.0043415288562782e-07,3.60545728350452e-05,0.0,1.0698418412817328e-08,5.970650481764262e-08
1316,79020.0,79020,299.9999639837738,-3.59212256977768e-05,2.2147250453805786e-05,300.0,1.0223056714054862e-07,3.602345627878257e-05,0.0,1.169446000486579e-08,9.500050034224397e-08
1317,79080.0,79080,299.99996397906716,-3.5844443688010775e-05,2.154830781479763e-05,300.0,1.05743862318419e-07,3.5950187558214944e-05,0.0,1.327847209116733e-08,1.7648913739513077e-07
1318,79140.0,79140,299.99996397081446,-3.5654177717771923e-05,2.0950636093417418e-05,300.0,1.1180598781497174e-07,3.576598370777892e-05,0.0,1.6220286304163828e-08,3.750077682444342e-07
1319,79200.0,79200,299.99996395786036,-3.499832925245948e-05,2.0356120316885506e-05,300.0,1.2108734454721707e-07,3.5119416594833005e-05,0.0,2.2470395114084405e-08,1.0438102838818227e-06
1320,79260.0,79260,299.9999639408131,-1.461307711060533e-05,1.9772512145310637e-05,300.0,1.3294489830673816e-07,1.4746022002490474e-05,0.0,3.986694415646837e-08,2.144610977170998e-05
1321,79320.0,79320,299.9999638887942,-5.294574511563691e-07,1.9528628532761157e-05,300.0,1.6657314815018466e-07,6.960305894749065e-07,0.0,3.973016777347261e-07,3.55817483610557e-05
1322,79380.0,79380,299.999963779994,-9.805437205031168e-08,1.9519387844359938e-05,300.0,2.2643917034648178e-07,3.2449353213409857e-07,0.0,9.903303240867709e-07,3.612195155279299e-05
1323,79440.0,79440,145.00009446160672,6.216281574031441e-07,1.951718754261555e-05,144.99999999999986,7.818542978576833e-07,1.6022613556798142e-07,0.0,1.5923623363550558e-06,-9.38399787141699e-05
1324,79500.0,79500,2.0337054593832342e-06,1.128194559487412e-06,1.9525593412174932e-05,0.0,1.2762113621764675e-06,1.480168002267706e-07,0.0,2.836216297136355e-08,-9.055109022343033e-07
1325,79560.0,79560,1.5561925265666443e-06,1.4048438491991853e-06,1.954120616278921e-05,0.0,1.5495596177006526e-06,1.4471576752338252e-07,0.0,1.3270015660281493e-08,-1.5134867825989066e-07
1326,79620.0,79620,1.494820189728372e-06,1.4703334201282883e-06,1.95607463646251e-05,0.0,1.6143823733240749e-06,1.4404895251974437e-07,0.0,1.0747443041967984e-08,-2.448677022650907e-08
1327,79680.0,79680,1.4856279456009445e-06,1.4816129512820721e-06,1.95812160028068e-05,0.0,1.625532770161949e-06,1.4391981822548486e-07,0.0,1.0339282613305632e-08,-4.014994883266075e-09
1328,79740.0,79740,1.4843271185787023e-06,1.4836356185941865e-06,1.960184575757547e-05,0.0,1.6275222523532796e-06,1.438866331251544e-07,0.0,1.0272325880869447e-08,-6.915005656740996e-10
1329,79800.0,79800,1.4842825950770916e-06,1.4841549410393672e-06,1.962250425015463e-05,0.0,1.6280300160776026e-06,1.4387507438492416e-07,0.0,1.0260761717902913e-08,-1.276546050204162e-10
1330,79860.0,79860,1.4844566039255e-06,1.4844312289679536e-06,1.9643170129096793e-05,0.0,1.6283005862315582e-06,1.4386935663283988e-07,0.0,1.0258595002402387e-08,-2.5375553091298618e-11
1331,79920.0,79920,1.4846693150611123e-06,1.4846654436065172e-06,1.9663839936811704e-05,0.0,1.6285310481931933e-06,1.43865603929865e-07,0.0,1.0258132800954903e-08,-3.872029583366832e-12
1332,79980.0,79980,1.4848896747903222e-06,1.4848911986495165e-06,1.968451307235107e-05,0.0,1.6287538547983369e-06,1.4386265549299587e-07,0.0,1.0258028829212225e-08,1.5232751272323072e-12
1333,80040.0,80040,1.4851119899187349e-06,1.4851150613998627e-06,1.9705189413862015e-05,0.0,1.628975136071075e-06,1.4386007401586254e-07,0.0,1.0258014607167951e-08,3.0708905336773415e-12
1334,80100.0,80100,1.485335186091159e-06,1.4853385430662028e-06,1.9725868933621134e-05,0.0,1.6291962130599915e-06,1.4385766932217656e-07,0.0,1.0258026000211087e-08,3.356395259479045e-12
1335,80160.0,80160,1.4855592760660613e-06,1.485562442415465e-06,1.9746551625789443e-05,0.0,1.6294177909972902e-06,1.4385534792013682e-07,0.0,1.025804196863312e-08,3.165752649479208e-12
1336,80220.0,80220,1.4857846319014066e-06,1.4857874949417918e-06,1.9767237496079622e-05,0.0,1.6296405548937968e-06,1.4385305928131818e-07,0.0,1.0258054573314729e-08,2.8624469357456994e-12
1337,80280.0,80280,1.486011674200071e-06,1.4860142723815432e-06,1.9787926560748207e-05,0.0,1.6298650478910774e-06,1.438507748432775e-07,0.0,1.0258061933918913e-08,2.597576819728854e-12
1338,80340.0,80340,1.486240734704219e-06,1.4862431396887949e-06,1.9808618844221185e-05,0.0,1.6300916186580484e-06,1.4384847829014012e-07,0.0,1.0258064688871452e-08,2.4043865125388795e-12
1339,80400.0,80400,1.4864720350346885e-06,1.4864743046601303e-06,1.9829314376139442e-05,0.0,1.6303204657459424e-06,1.43846160405229e-07,0.0,1.0258064030988421e-08,2.269021881509711e-12
1340,80460.0,80460,1.4867057145783097e-06,1.486707885350964e-06,1.9850013189108048e-05,0.0,1.6305517021891029e-06,1.4384381614371901e-07,0.0,1.0258060922426706e-08,2.1701747551781306e-12
1341,80520.0,80520,1.4869418641068294e-06,1.4869439582529369e-06,1.987071531741726e-05,0.0,1.6307854018633091e-06,1.438414429260111e-07,0.0,1.0258055970395598e-08,2.093533248073144e-12
1342,80580.0,80580,1.4871805490641864e-06,1.4871825826611245e-06,1.9891420796447955e-05,0.0,1.6310216230029309e-06,1.4383903963647446e-07,0.0,1.0258049543714753e-08,2.032998901551747e-12
1343,80640.0,80640,1.4874218213907109e-06,1.4874238095645456e-06,1.991212966242405e-05,0.0,1.6312604162764503e-06,1.4383660602915002e-07,0.0,1.0258041909663544e-08,1.987545425048934e-12
1344,80700.0,80700,1.487665723626099e-06,1.4876676822043345e-06,1.993284195229187e-05,0.0,1.6315018252553715e-06,1.4383414236553035e-07,0.0,1.0258033318482824e-08,1.9579459156130205e-12
1345,80760.0,80760,1.4879122892675895e-06,1.4879142345440983e-06,1.995355770360982e-05,0.0,1.631745884430855e-06,1.4383164918412877e-07,0.0,1.0258024033339739e-08,1.944655091216883e-12
1346,80820.0,80820,1.4881615421553033e-06,1.488163489633557e-06,1.9974276954416146e-05,0.0,1.631992617496124e-06,1.438291271465091e-07,0.0,1.0258014324999687e-08,1.9468639799473227e-12
1347,80880.0,80880,1.488413496335671e-06,1.4884154593553632e-06,1.99949997430747e-05,0.0,1.6322420369921674e-06,1.438265769314245e-07,0.0,1.025800445075409e-08,1.962386750649234e-12
1348,80940.0,80940,1.4886681569076383e-06,1.4886701455930474e-06,2.001572610811387e-05,0.0,1.6324941454451451e-06,1.438239991626388e-07,0.0,1.0257994631463146e-08,1.9880310632380993e-12
1349,81000.0,81000,1.4889255217566213e-06,1.4889275425804516e-06,2.0036456088088706e-05,0.0,1.632748937641445e-06,1.438213943634085e-07,0.0,1.0257985034776268e-08,2.0201680704578195e-12
1350,81060.0,81060,1.4891855838434936e-06,1.4891876397750015e-06,2.005718972147165e-05,0.0,1.6330064034441416e-06,1.438187629335522e-07,0.0,1.0257975767853383e-08,2.0553079404044614e-12
1351,81120.0,81120,1.4894483335856248e-06,1.4894504247581602e-06,2.0077927046585698e-05,0.0,1.633266530632155e-06,1.4381610514460735e-07,0.0,1.0257966879683687e-08,2.090534644733309e-12
1352,81180.0,81180,1.4897137609995705e-06,1.489715885408326e-06,2.0098668101573986e-05,0.0,1.63352930727555e-06,1.4381342114906772e-07,0.0,1.0257958370647987e-08,2.12375391964172e-12
1353,81240.0,81240,1.489981857324704e-06,1.489984011719548e-06,2.0119412924408342e-05,0.0,1.6337947234409225e-06,1.4381071099848783e-07,0.0,1.025795020621833e-08,2.1537387368926262e-12
1354,81300.0,81300,1.4902526160555713e-06,1.4902547967276507e-06,2.0140161552921838e-05,0.0,1.6340627721347617e-06,1.4380797466633842e-07,0.0,1.0257942331411783e-08,2.18002594556088e-12
1355,81360.0,81360,1.4905260333963225e-06,1.4905282367716363e-06,2.0160914024846374e-05,0.0,1.6343334495861833e-06,1.4380521207158404e-07,0.0,1.025793468352447e-08,2.202723995941582e-12
1356,81420.0,81420,1.4908021082538564e-06,1.4908043312164416e-06,2.018167037786205e-05,0.0,1.6346067550507015e-06,1.4380242310032124e-07,0.0,1.0257927201659323e-08,2.2222943812211288e-12
1357,81480.0,81480,1.4910808419315965e-06,1.4910830819607833e-06,2.0202430649640678e-05,0.0,1.6348826903233748e-06,1.4379960762374139e-07,0.0,1.0257919832611525e-08,2.2393583581240543e-12
1358,81540.0,81540,1.4913622376711526e-06,1.4913644928896114e-06,2.0223194877882687e-05,0.0,1.6351612591509961e-06,1.4379676551159498e-07,0.0,1.0257912533532001e-08,2.2545524996158616e-12
1359,81600.0,81600,1.4916463001629813e-06,1.4916485692742262e-06,2.024396310034073e-05,0.0,1.6354424666669272e-06,1.4379389664139335e-07,0.0,1.0257905272183168e-08,2.268439464412671e-12
1360,81660.0,81660,1.4919330351145143e-06,1.491935317264802e-06,2.0264735354845475e-05,0.0,1.6357263189182566e-06,1.4379100090372795e-07,0.0,1.0257898025706794e-08,2.281468962750013e-12
1361,81720.0,81720,1.4922224489031283e-06,1.4922247435566831e-06,2.0285511679314336e-05,0.0,1.636012822517293e-06,1.437880782044404e-07,0.0,1.025789077874121e-08,2.2939714956359456e-12
1362,81780.0,81780,1.4925145483282366e-06,1.4925168551848443e-06,2.030629211175848e-05,0.0,1.636301984410867e-06,1.4378512846470433e-07,0.0,1.0257883521435572e-08,2.3061722154290014e-12
1363,81840.0,81840,1.4928093404525376e-06,1.4928116593669124e-06,2.03270766902898e-05,0.0,1.636593811739059e-06,1.4378215161967319e-07,0.0,1.0257876247692331e-08,2.3182134609208808e-12
1364,81900.0,81900,1.4931068325091184e-06,1.4931091633787483e-06,2.0347865453121803e-05,0.0,1.6368883117647287e-06,1.4377914761641656e-07,0.0,1.0257868953789022e-08,2.3301784515685016e-12
1365,81960.0,81960,1.4934070318540084e-06,1.4934093746527264e-06,2.036865843857245e-05,0.0,1.6371854918454356e-06,1.437761164115213e-07,0.0,1.0257861637389613e-08,2.3421107432797763e-12
1366,82020.0,82020,1.493709945949682e-06,1.4937123007088725e-06,2.038945568506611e-05,0.0,1.6374853594263637e-06,1.4377305796892368e-07,0.0,1.0257854296886705e-08,2.354031288252414e-12
1367,82080.0,82080,1.494015582357165e-06,1.494017948985324e-06,2.041025723112987e-05,0.0,1.637787922047916e-06,1.4376997225785898e-07,0.0,1.0257846931022015e-08,2.3659486966920624e-12
1368,82140.0,82140,1.494323948737727e-06,1.4943263273017207e-06,2.0431063115400494e-05,0.0,1.6380931873476537e-06,1.4376685925132165e-07,0.0,1.02578395386829e-08,2.3778688100926734e-12
1369,82200.0,82200,1.4946350528453435e-06,1.4946374433420307e-06,2.0451873376622273e-05,0.0,1.638401163066113e-06,1.4376371892481217e-07,0.0,1.0257832118855201e-08,2.389797418318186e-12
1370,82260.0,82260,1.4949489025248655e-06,1.4949513049897824e-06,2.0472688053651587e-05,0.0,1.6387118570328217e-06,1.4376055125556392e-07,0.0,1.0257824670623452e-08,2.40174611248012e-12
1371,82320.0,82320,1.495265505690523e-06,1.495267920130471e-06,2.0493507185452543e-05,0.0,1.6390252771572843e-06,1.4375735622194543e-07,0.0,1.0257817193265634e-08,2.4137311892039944e-12
1372,82380.0,82380,1.4955848703065043e-06,1.4955872968009414e-06,2.0514330811105076e-05,0.0,1.63934143140612e-06,1.4375413380316695e-07,0.0,1.0257809686335536e-08,2.4257748480303445e-12
1373,82440.0,82440,1.4959070043590134e-06,1.4959094429954006e-06,2.0535158969800982e-05,0.0,1.6396603277725255e-06,1.437508839790942e-07,0.0,1.0257802149758363e-08,2.4379049447804487e-12
1374,82500.0,82500,1.4962319158245298e-06,1.4962343667035764e-06,2.055599170084548e-05,0.0,1.6399819742453541e-06,1.437476067300095e-07,0.0,1.0257794583926657e-08,2.450153972790755e-12
1375,82560.0,82560,1.496559612635803e-06,1.4965620759340973e-06,2.0576829043657632e-05,0.0,1.6403063787749727e-06,1.437443020363351e-07,0.0,1.0257786989778286e-08,2.462558591209764e-12
1376,82620.0,82620,1.4968901026481184e-06,1.4968925785333993e-06,2.059767103776729e-05,0.0,1.6406335492385182e-06,1.4374096987817582e-07,0.0,1.0257779368866661e-08,2.4751597003388177e-12
1377,82680.0,82680,1.497223393609442e-06,1.4972258823375101e-06,2.0618517722820115e-05,0.0,1.6409634934079938e-06,1.4373761023456767e-07,0.0,1.0257771723429977e-08,2.488004340195162e-12
1378,82740.0,82740,1.4975594931289821e-06,1.4975619950214665e-06,2.0639369138570375e-05,0.0,1.6412962189265324e-06,1.4373422308242138e-07,0.0,1.0257764056499186e-08,2.501146956508952e-12
1379,82800.0,82800,1.4978984086561022e-06,1.497900924052195e-06,2.0660225324880067e-05,0.0,1.6416317332819837e-06,1.4373080839513933e-07,0.0,1.0257756372015909e-08,2.5146536009768915e-12
1380,82860.0,82860,1.4982401474593436e-06,1.4982426768136138e-06,2.0681086321718474e-05,0.0,1.6419700437886408e-06,1.4372736614095476e-07,0.0,1.025774867503334e-08,2.5286030484393595e-12
1381,82920.0,82920,1.4985847166122756e-06,1.4985872604561009e-06,2.070195216915956e-05,0.0,1.6423111575684475e-06,1.437238962810536e-07,0.0,1.0257740971924842e-08,2.543082215194941e-12
1382,82980.0,82980,1.4989321229937158e-06,1.4989346819245198e-06,2.072282290737757e-05,0.0,1.642655081528573e-06,1.437203987676337e-07,0.0,1.0257733270524143e-08,2.558166811032198e-12
1383,83040.0,83040,1.4992823733188117e-06,1.4992849479338002e-06,2.0743698576646848e-05,0.0,1.6430018223406265e-06,1.4371687354233752e-07,0.0,1.0257725579939583e-08,2.5738699213643524e-12
1384,83100.0,83100,1.4996354742457608e-06,1.4996380650400102e-06,2.0764579217336566e-05,0.0,1.6433513864313958e-06,1.437133205357809e-07,0.0,1.025771790951125e-08,2.590031956375086e-12
1385,83160.0,83160,1.499991432640433e-06,1.4999940394990309e-06,2.078546486990767e-05,0.0,1.643703780032343e-06,1.437097396695233e-07,0.0,1.0257710265938782e-08,2.6060945599643336e-12
1386,83220.0,83220,1.5003502561801318e-06,1.5003528776097366e-06,2.0806355574910482e-05,0.0,1.6440590093428354e-06,1.4370613086447714e-07,0.0,1.0257702646635622e-08,2.6206623699085882e-12
1387,83280.0,83280,1.5007119546267805e-06,1.5007145859835073e-06,2.082725137298579e-05,0.0,1.6444170809094085e-06,1.4370249406451092e-07,0.0,1.0257695025784388e-08,2.6305745458046086e-12
1388,83340.0,83340,1.5010765426177877e-06,1.5010791718326705e-06,2.0848152304868347e-05,0.0,1.644778001978751e-06,1.4369882929853034e-07,0.0,1.0257687324917604e-08,2.6284102056106464e-12
1389,83400.0,83400,1.5014440470526147e-06,1.501446640402223e-06,2.0869058411392107e-05,0.0,1.645141778153326e-06,1.4369513685310435e-07,0.0,1.0257679341920753e-08,2.5925866078672215e-12
1390,83460.0,83460,1.5018145354295277e-06,1.5018169707703588e-06,2.0889969733468604e-05,0.0,1.6455083894780984e-06,1.4369141782940414e-07,0.0,1.0257670515011641e-08,2.4345494512204602e-12
1391,83520.0,83520,1.5021882661255855e-06,1.5021899458313915e-06,2.0910886311705626e-05,0.0,1.6458776231071425e-06,1.4368767638416803e-07,0.0,1.0257658806558742e-08,1.6789210593287599e-12
1392,83580.0,83580,1.5025666134200686e-06,1.5025640457451636e-06,2.0931808183629445e-05,0.0,1.646247977497205e-06,1.4368393088947662e-07,0.0,1.0257634256067957e-08,-2.568497377565163e-12
1393,83640.0,83640,1.5029580611746328e-06,1.5029292059257342e-06,2.0952735365186745e-05,0.0,1.6466094852911174e-06,1.436802784787031e-07,0.0,1.0257538666698026e-08,-2.8856056216879198e-11
1394,83700.0,83700,1.5034178053091634e-06,1.5032187949856e-06,2.0973667729501822e-05,0.0,1.646896095861921e-06,1.4367729999708425e-07,0.0,1.0257004703823813e-08,-1.9901114656454272e-10
1395,83760.0,83760,1.5043121777906506e-06,1.502988823794068e-06,2.0994604204298345e-05,0.0,1.6466675114057377e-06,1.4367868671890693e-07,0.0,1.0253634583793288e-08,-1.3233548128723945e-09
1396,83820.0,83820,1.5081082092572848e-06,1.4992709561969086e-06,2.1015537418229328e-05,0.0,1.6429795037565519e-06,1.4370854664881017e-07,0.0,1.0231525214205476e-08,-8.837253859201556e-09
1397,83880.0,83880,1.5321852490356778e-06,1.4721853652224305e-06,2.103641788824893e-05,0.0,1.6161151480979547e-06,1.439297820144601e-07,0.0,1.0084184287085813e-08,-5.999988462148516e-08
1398,83940.0,83940,1.7435639441516053e-06,1.2882012981353928e-06,2.1056914093169294e-05,0.0,1.4338527817072775e-06,1.456514828801965e-07,0.0,9.084134449802269e-09,-4.5536264667201475e-07
1399,84000.0,84000,299.9999639772845,-3.5800601628336135e-05,2.1074799553417542e-05,300.0,1.0722928704592708e-07,3.5907830934381374e-05,0.0,1.4947156000419832e-09,2.221138341821688e-07
1400,84060.0,84060,299.9999639961568,-3.606062796802777e-05,2.047785485716603e-05,300.0,9.297229872472077e-08,3.6153600306081785e-05,0.0,5.197672043833281e-09,-5.678471910487629e-08
1401,84120.0,84120,299.99996401682347,-3.621044583416101e-05,1.98766120312111e-05,300.0,7.670289260374627e-08,3.628714880290427e-05,0.0,4.253507419338736e-09,-2.2726923605973557e-07
1402,84180.0,84180,299.99996407499,-3.640789108816155e-05,1.9272912914171045e-05,600.0,2.6129266684353226e-08,3.6434020347937504e-05,0.0,4.699318995769595e-10,299.9999995171189
1403,84240.0,84240,299.9999640737516,-3.640492752581076e-05,1.866604947874722e-05,600.0,2.728275890762079e-08,3.643221027710942e-05,0.0,4.999999992421399,299.9999995213209
1404,84300.0,84300,299.999964072395,-3.64016461225608e-05,1.8059232552657738e-05,600.0,2.8542209126744738e-08,3.643018832409002e-05,0.0,9.999999984442967,299.9999995259588
1405,84360.0,84360,299.99996407090265,-3.639799243197324e-05,1.7452467168288698e-05,600.0,2.992277811112542e-08,3.642791520218668e-05,0.0,14.999999976541757,299.99999953110483
1406,84420.0,84420,299.999964069253,-3.63938982986573e-05,1.6845759227576487e-05,600.0,3.144278156249793e-08,3.64253410720515e-05,0.0,19.9999999687263,299.9999995368486
1407,84480.0,84480,299.99996406741997,-3.638927748458769e-05,1.6239115722581387e-05,600.0,3.312445045000132e-08,3.642240192703804e-05,0.0,24.999999961006605,299.99999954330247
1408,84540.0,84540,299.999964065371,-3.638401920093935e-05,1.5632545027076173e-05,600.0,3.499501667149135e-08,3.641901420909895e-05,0.0,29.999999953394468,299.99999955060974
1409,84600.0,84600,299.9999640630657,-3.637797854860054e-05,1.5026057293245318e-05,600.0,3.708819682230114e-08,3.641506673722888e-05,0.0,34.99999994590407,299.9999995589556
1410,84660.0,84660,299.99996406045284,-3.637096203443881e-05,1.4419665003936456e-05,600.0,3.9446242052371e-08,3.6410408267776966e-05,0.0,39.9999999385528,299.9999995685851
1411,84720.0,84720,299.99996405746856,-3.636271141743764e-05,1.3813383761274569e-05,444.9999999999999,4.212074071578681e-08,3.6404832150275735e-05,0.0,44.999999931362034,144.99999957981984
1412,84780.0,84780,299.99996405178587,-3.6346221222049354e-05,1.3207233342387006e-05,300.0,4.716000349665862e-08,3.639338121879024e-05,0.0,47.416666591025134,-3.980071742853681e-07
1413,84840.0,84840,299.99996404738175,-3.63326489856899e-05,1.2601345161554146e-05,300.0,5.101696462500617e-08,3.6383665943986384e-05,0.0,47.41666658439108,-3.8003077054147993e-07
1414,84900.0,84900,299.9999640421399,-3.6315444988470646e-05,1.1995673541770273e-05,300.0,5.555385852686652e-08,3.6370998840291516e-05,0.0,47.41666657805662,-3.575848574591486e-07
1415,84960.0,84960,299.9999640325942,-3.6280521070043875e-05,1.1390277312427612e-05,75.0,6.36707535225256e-08,3.6344191816154685e-05,0.0,47.41666657209624,-225.00000031311527
1416,85020.0,85020,299.99996402388297,-3.62434131379465e-05,1.0785442855393569e-05,0.0,7.091652541037491e-08,3.631432965626903e-05,0.0,43.66666656687705,-300.0000002672961
1417,85080.0,85080,299.9999640126746,-3.618515838873274e-05,1.0181208748507508e-05,0.0,8.002169105722416e-08,3.6265180072188666e-05,0.0,38.66666656242151,-300.000000197833
1418,85140.0,85140,299.99996399772243,-3.607732468819984e-05,9.577922790043958e-06,0.0,9.180213437374717e-08,3.616912681470076e-05,0.0,33.666666559123726,-300.0000000750471
1419,85200.0,85200,299.99996397677353,-3.578905730051424e-05,8.976404607414733e-06,0.0,1.0764090916580071e-07,3.5896698201042415e-05,0.0,28.666666557872322,-299.9999997658309
1420,85260.0,85260,299.99996394526005,-2.2812530320864823e-05,8.379651282627355e-06,0.0,1.3014240912973472e-07,2.2942672720498554e-05,0.0,23.66666656177446,-299.9999867577904
1421,85320.0,85320,299.999963892654,-7.571878971980463e-07,7.999117151717376e-06,0.0,1.6443370253653405e-07,9.216215883872038e-07,0.0,18.66666678247731,-299.9999646498419
1422,85380.0,85380,299.99996378655914,-1.4310552853072564e-07,7.98608633041923e-06,0.0,2.2357763568527958e-07,3.666831519600934e-07,0.0,13.666667371645982,-299.99996392966466
1423,85440.0,85440,299.9999634627331,1.291311289114823e-07,7.98314235284819e-06,0.0,3.485884316982144e-07,2.194572909340566e-07,0.0,8.666667972817589,-299.99996333360195
1424,85500.0,85500,220.00011372998338,6.211480015695251e-07,7.984423123298057e-06,0.0,7.818722345637008e-07,1.6072422709572794e-07,0.0,3.6666685839235256,-220.0001131088354
1425,85560.0,85560,2.4903368696764053e-06,1.3944129605739766e-06,7.992820962746842e-06,0.0,1.5401165464148922e-06,1.4570358230170814e-07,0.0,3.210893578270513e-08,-1.0959239126720045e-06
1426,85620.0,85620,1.5723134369058418e-06,1.3951537171786737e-06,8.012210938094412e-06,0.0,1.5406676906690273e-06,1.4551397249086443e-07,0.0,1.3843249413288511e-08,-1.7715972068910497e-07
1427,85680.0,85680,1.49697046853002e-06,1.4664421857658462e-06,8.031611878904708e-06,0.0,1.6111298010623271e-06,1.4468761459674674e-07,0.0,1.0890487670069141e-08,-3.052828341250051e-08
1428,85740.0,85740,1.4888463690497187e-06,1.472075831315276e-06,8.052024803018748e-06,0.0,1.6164435382780905e-06,1.4436770633927783e-07,0.0,1.0381631242814202e-08,-1.677053829372765e-08
1429,85800.0,85800,1.5126300373203038e-06,1.4412502924358643e-06,8.072518334335746e-06,0.0,1.5857695626814999e-06,1.4451926966639626e-07,0.0,1.010208175138307e-08,-7.137974540917428e-08
1430,85860.0,85860,1.7652439779602404e-06,1.230501612621422e-06,8.092574789087533e-06,0.0,1.3770850323046024e-06,1.465834192260321e-07,0.0,8.91238292573373e-09,-5.347423657557684e-07
1431,,85920,,,,,,,,,
