,time,time_x,P_Grid,P_BTMS,E_BTMS,P_Charge,P_BTMS_Ch,P_BTMS_DCh,"param: btms size, a,b_sys,b_cap,b_loan,c"
0,60.0,60,34.758356232574606,34.758356232574606,5.73875429257715e-14,0.0,34.758356312094655,7.952004464054708e-08,309.6318330447835
1,120.0,120,34.75835623239463,34.75835623239463,0.49241004642942926,0.0,34.758356311907356,7.951272597217094e-08,0.4602739726027397
2,180.0,180,34.75835623221452,34.75835623221452,0.9848200928562683,0.0,34.758356311719965,7.950544490462614e-08,0.04323985936321764
3,240.0,240,34.758356232034274,34.758356232034274,1.4772301392805733,0.0,34.75835631153248,7.94982035760092e-08,0.023148148148148147
4,300.0,300,34.75835623185389,34.75835623185389,1.9696401857023431,0.0,34.75835631134489,7.949100413539214e-08,0.009341992564003648
5,360.0,360,34.75835623167335,34.75835623167335,2.4620502321215754,0.0,34.75835631115721,7.94838487417774e-08,0.12
6,420.0,420,34.75835623149268,34.75835623149268,2.9544602785382694,0.0,34.75835631096942,7.947673956306936e-08,0.0
7,480.0,480,34.75835623131184,34.75835623131184,3.446870324952421,0.0,34.75835631078152,7.946967877501497e-08,0.0
8,540.0,540,34.758356231130854,34.758356231130854,3.9392803713640285,0.0,34.75835631059352,7.946266856009194e-08,0.0
9,600.0,600,34.7583562309497,34.7583562309497,4.431690417773089,0.0,34.75835631040542,7.945571110633528e-08,0.0
10,660.0,660,34.75835623076839,34.75835623076839,4.924100464179601,0.0,34.7583563102172,7.944880860615972e-08,0.0
11,720.0,720,34.75835623058692,34.75835623058692,5.41651051058356,0.0,34.75835631002888,7.944196325511615e-08,0.0
12,780.0,780,34.75835623040527,34.758356230405276,5.908920556984968,0.0,34.75835630984045,7.943517725063275e-08,0.0
13,840.0,840,34.758356230223455,34.758356230223455,6.401330603383818,0.0,34.75835630965191,7.942845279070355e-08,0.0
14,900.0,900,34.758356230041464,34.758356230041464,6.89374064978011,0.0,34.75835630946325,7.942179207260653e-08,0.0
15,960.0,960,34.758356229859295,34.758356229859295,7.386150696173839,0.0,34.7583563092745,7.94151972914375e-08,0.0
16,1020.0,1020,34.75835622967695,34.75835622967695,7.878560742565006,0.0,34.75835630908562,7.940867063882273e-08,0.0
17,1080.0,1080,34.758356229494424,34.758356229494424,8.370970788953604,0.0,34.75835630889664,7.940221430142109e-08,0.0
18,1140.0,1140,34.758356229311715,34.758356229311715,8.863380835339633,0.0,34.75835630870755,7.939583045947657e-08,0.0
19,1200.0,1200,34.75835622912882,34.75835622912882,9.355790881723088,0.0,34.758356308518344,7.938952128540146e-08,0.0
20,1260.0,1260,34.75835622894574,34.75835622894574,9.848200928103973,0.0,34.758356308329034,7.938328894220839e-08,0.0
21,1320.0,1320,34.75835622876248,34.75835622876248,10.340610974482274,0.0,34.75835630813962,7.937713558198599e-08,0.0
22,1380.0,1380,34.75835622857903,34.75835622857903,10.833021020857997,0.0,34.7583563079501,7.93710633444186e-08,0.0
23,1440.0,1440,34.7583562283954,34.7583562283954,11.325431067231134,0.0,34.75835630776047,7.936507435515346e-08,0.0
24,1500.0,1500,34.758356228211575,34.758356228211575,11.817841113601688,0.0,34.75835630757075,7.935917072426005e-08,0.0
25,1560.0,1560,34.75835622802756,34.75835622802756,12.31025115996965,0.0,34.75835630738092,7.93533545445995e-08,0.0
26,1620.0,1620,34.758356227843365,34.758356227843365,12.802661206335022,0.0,34.758356307190994,7.934762789025213e-08,0.0
27,1680.0,1680,34.75835622765898,34.75835622765898,13.295071252697797,0.0,34.75835630700097,7.934199281486822e-08,0.0
28,1740.0,1740,34.7583562274744,34.7583562274744,13.787481299057974,0.0,34.75835630681086,7.933645135006586e-08,0.0
29,1800.0,1800,34.758356227289646,34.758356227289646,14.279891345415551,0.0,34.75835630662065,7.933100550374462e-08,0.0
30,1860.0,1860,34.7583562271047,34.7583562271047,14.772301391770524,0.0,34.75835630643036,7.932565725851942e-08,0.0
31,1920.0,1920,34.75835622691957,34.75835622691957,15.26471143812289,0.0,34.75835630623998,7.932040856997829e-08,0.0
32,1980.0,1980,34.75835622673426,34.75835622673426,15.75712148447265,0.0,34.75835630604952,7.931526136511199e-08,0.0
33,2040.0,2040,34.75835622654877,34.75835622654877,16.249531530819795,0.0,34.75835630585898,7.931021754062314e-08,0.0
34,2100.0,2100,34.75835622636309,34.75835622636309,16.741941577164322,0.0,34.75835630566837,7.93052789613044e-08,0.0
35,2160.0,2160,34.75835622617724,34.75835622617724,17.23435162350623,0.0,34.75835630547769,7.930044745837172e-08,0.0
36,2220.0,2220,34.75835622599122,34.75835622599122,17.726761669845523,0.0,34.758356305286945,7.929572482784466e-08,0.0
37,2280.0,2280,34.758356225805024,34.758356225805024,18.21917171618219,0.0,34.758356305096136,7.929111282893233e-08,0.0
38,2340.0,2340,34.758356225618655,34.75835622561866,18.71158176251623,0.0,34.75835630490528,7.928661318237641e-08,0.0
39,2400.0,2400,34.758356225432124,34.758356225432124,19.20399180884764,0.0,34.758356304714354,7.928222756893682e-08,0.0
40,2460.0,2460,34.75835622524543,34.75835622524543,19.69640185517642,0.0,34.75835630452339,7.927795762767017e-08,0.0
41,2520.0,2520,34.75835622505858,34.75835622505858,20.188811901502564,0.0,34.75835630433238,7.927380495447127e-08,0.0
42,2580.0,2580,34.75835622487157,34.75835622487157,20.681221947826074,0.0,34.75835630414134,7.926977110048201e-08,0.0
43,2640.0,2640,34.758356224684405,34.758356224684405,21.173631994146945,0.0,34.758356303950265,7.926585757052661e-08,0.0
44,2700.0,2700,34.7583562244971,34.7583562244971,21.666042040465175,0.0,34.758356303759165,7.926206582167295e-08,0.0
45,2760.0,2760,34.758356224309644,34.758356224309644,22.15845208678076,0.0,34.75835630356804,7.925839726168305e-08,0.0
46,2820.0,2820,34.758356224122046,34.758356224122046,22.650862133093696,0.0,34.75835630337691,7.925485324757443e-08,0.0
47,2880.0,2880,34.75835622393432,34.75835622393432,23.143272179403986,0.0,34.758356303185764,7.925143508420993e-08,0.0
48,2940.0,2940,34.75835622374647,34.758356223746475,23.635682225711626,0.0,34.75835630299462,7.924814402287875e-08,0.0
49,3000.0,3000,34.75835622355849,34.75835622355849,24.128092272016605,0.0,34.75835630280348,7.924498125991259e-08,0.0
50,3060.0,3060,34.7583562233704,34.7583562233704,24.620502318318938,0.0,34.75835630261235,7.924194793541036e-08,0.0
51,3120.0,3120,34.75835622318219,34.75835622318219,25.11291236461861,0.0,34.75835630242124,7.923904513185868e-08,0.0
52,3180.0,3180,34.75835622299388,34.75835622299388,25.605322410915623,0.0,34.758356302230155,7.923627387292896e-08,0.0
53,3240.0,3240,34.758356222805475,34.758356222805475,26.09773245720998,0.0,34.75835630203911,7.923363512226791e-08,0.0
54,3300.0,3300,34.75835622261697,34.75835622261697,26.590142503501667,0.0,34.7583563018481,7.923112978224857e-08,0.0
55,3360.0,3360,34.75835622242838,34.75835622242838,27.082552549790694,0.0,34.75835630165714,7.922875869289558e-08,0.0
56,3420.0,3420,34.75835622223971,34.75835622223971,27.574962596077057,0.0,34.758356301466236,7.922652263078219e-08,0.0
57,3480.0,3480,34.75835622205097,34.75835622205097,28.06737264236075,0.0,34.75835630127539,7.922442230793355e-08,0.0
58,3540.0,3540,34.758356221862165,34.758356221862165,28.55978268864178,0.0,34.758356301084625,7.922245837090574e-08,0.0
59,3600.0,3600,34.7583562216733,34.7583562216733,29.05219273492013,0.0,34.75835630089394,7.922063139978334e-08,0.0
60,3660.0,3660,34.7583562214844,34.7583562214844,29.544602781195813,0.0,34.75835630070334,7.921894190726292e-08,0.0
61,3720.0,3720,34.75835622129544,34.75835622129544,30.037012827468825,0.0,34.75835630051284,7.92173903378688e-08,0.0
62,3780.0,3780,34.75835622110646,34.75835622110646,30.52942287373916,0.0,34.75835630032244,7.921597706708138e-08,0.0
63,3840.0,3840,34.758356220917456,34.758356220917456,31.02183292000683,0.0,34.75835630013216,7.921470240065835e-08,0.0
64,3900.0,3900,34.75835622072843,34.75835622072843,31.51424296627182,0.0,34.758356299942,7.921356657392087e-08,0.0
65,3960.0,3960,34.758356220539405,34.758356220539405,32.00665301253413,0.0,34.75835629975197,7.921256975111747e-08,0.0
66,4020.0,4020,34.75835622035038,34.75835622035038,32.49906305879377,0.0,34.75835629956209,7.921171202487038e-08,0.0
67,4080.0,4080,34.75835622016136,34.75835622016136,32.99147310505074,0.0,34.75835629937236,7.921099341565459e-08,0.0
68,4140.0,4140,34.75835621997237,34.75835621997237,33.48388315130503,0.0,34.758356299182786,7.921041387137243e-08,0.0
69,4200.0,4200,34.75835621978341,34.75835621978341,33.97629319755664,0.0,34.75835629899338,7.920997326692373e-08,0.0
70,4260.0,4260,34.75835621959448,34.75835621959448,34.46870324380558,0.0,34.75835629880416,7.920967140392615e-08,0.0
71,4320.0,4320,34.75835621940561,34.75835621940561,34.961113290051834,0.0,34.75835629861512,7.920950801040488e-08,0.0
72,4380.0,4380,34.7583562192168,34.75835621921681,35.45352333629542,0.0,34.758356298426285,7.920948274064677e-08,0.0
73,4440.0,4440,34.758356219028066,34.758356219028066,35.94593338253633,0.0,34.75835629823766,7.920959517503698e-08,0.0
74,4500.0,4500,34.75835621883941,34.75835621883941,36.43834342877457,0.0,34.75835629804926,7.920984482000964e-08,0.0
75,4560.0,4560,34.75835621865084,34.75835621865084,36.93075347501014,0.0,34.75835629786108,7.921023110802149e-08,0.0
76,4620.0,4620,34.75835621846238,34.75835621846238,37.42316352124303,0.0,34.75835629767314,7.921075339769225e-08,0.0
77,4680.0,4680,34.75835621827403,34.75835621827403,37.91557356747325,0.0,34.75835629748545,7.921141097385948e-08,0.0
78,4740.0,4740,34.758356218085815,34.758356218085815,38.4079836137008,0.0,34.758356297298015,7.921220304784941e-08,0.0
79,4800.0,4800,34.75835621789773,34.75835621789773,38.900393659925676,0.0,34.75835629711086,7.921312875773352e-08,0.0
80,4860.0,4860,34.75835621770979,34.75835621770979,39.392803706147895,0.0,34.75835629692398,7.921418716867617e-08,0.0
81,4920.0,4920,34.75835621752201,34.75835621752201,39.88521375236744,0.0,34.75835629673739,7.921537727337982e-08,0.0
82,4980.0,4980,34.7583562173344,34.7583562173344,40.37762379858433,0.0,34.7583562965511,7.921669799255102e-08,0.0
83,5040.0,5040,34.758356217146975,34.758356217146975,40.870033844798556,0.0,34.75835629636513,7.92181481754959e-08,0.0
84,5100.0,5100,34.75835621695975,34.75835621695975,41.36244389101012,0.0,34.75835629617948,7.921972660072981e-08,0.0
85,5160.0,5160,34.758356216772725,34.758356216772725,41.85485393721904,0.0,34.758356295994155,7.922143197673069e-08,0.0
86,5220.0,5220,34.75835621658592,34.75835621658592,42.3472639834253,0.0,34.75835629580918,7.922326294266936e-08,0.0
87,5280.0,5280,34.75835621639934,34.75835621639934,42.8396740296289,0.0,34.758356295624566,7.922521806935806e-08,0.0
88,5340.0,5340,34.75835621621301,34.758356216213016,43.33208407582987,0.0,34.758356295440315,7.922729586008055e-08,0.0
89,5400.0,5400,34.75835621602694,34.75835621602694,43.824494122028185,0.0,34.758356295256434,7.922949475169852e-08,0.0
90,5460.0,5460,34.75835621584113,34.75835621584113,44.31690416822386,0.0,34.75835629507294,7.923181311566265e-08,0.0
91,5520.0,5520,34.7583562156556,34.7583562156556,44.80931421441689,0.0,34.75835629488985,7.923424925922759e-08,0.0
92,5580.0,5580,34.75835621547037,34.75835621547037,45.30172426060729,0.0,34.75835629470717,7.923680142664826e-08,0.0
93,5640.0,5640,34.75835621528544,34.75835621528544,45.79413430679506,0.0,34.75835629452491,7.9239467800532e-08,0.0
94,5700.0,5700,34.75835621510083,34.75835621510083,46.2865443529802,0.0,34.75835629434307,7.924224650317415e-08,0.0
95,5760.0,5760,34.758356214916546,34.758356214916546,46.77895439916273,0.0,34.758356294161686,7.924513559805917e-08,0.0
96,5820.0,5820,34.758356214732615,34.758356214732615,47.27136444534263,0.0,34.758356293980746,7.924813309137403e-08,0.0
97,5880.0,5880,34.75835621454903,34.75835621454903,47.76377449151991,0.0,34.75835629380027,7.925123693364963e-08,0.0
98,5940.0,5940,34.758356214365826,34.758356214365826,48.256184537694594,0.0,34.758356293620274,7.925444502139259e-08,0.0
99,6000.0,6000,34.758356214182996,34.758356214182996,48.74859458386667,0.0,34.758356293440755,7.92577551988934e-08,0.0
100,6060.0,6060,34.758356214000564,34.758356214000564,49.24100463003615,0.0,34.758356293261734,7.926116526005555e-08,0.0
101,6120.0,6120,34.758356213818544,34.758356213818544,49.73341467620304,0.0,34.75835629308322,7.926467295026951e-08,0.0
102,6180.0,6180,34.758356213636944,34.758356213636944,50.22582472236735,0.0,34.75835629290522,7.926827596844579e-08,0.0
103,6240.0,6240,34.75835621345578,34.75835621345578,50.71823476852906,0.0,34.758356292727754,7.927197196904025e-08,0.0
104,6300.0,6300,34.758356213275064,34.758356213275064,51.210644814688195,0.0,34.75835629255082,7.927575856419132e-08,0.0
105,6360.0,6360,34.75835621309481,34.75835621309481,51.703054860844766,0.0,34.758356292374444,7.927963332588793e-08,0.0
106,6420.0,6420,34.758356212915025,34.758356212915025,52.19546490699878,0.0,34.75835629219862,7.928359378834245e-08,0.0
107,6480.0,6480,34.75835621273573,34.75835621273573,52.687874953150235,0.0,34.758356292023365,7.928763745018267e-08,0.0
108,6540.0,6540,34.75835621255693,34.75835621255693,53.180284999299126,0.0,34.7583562918487,7.929176177703209e-08,0.0
109,6600.0,6600,34.75835621237866,34.75835621237866,53.67269504544549,0.0,34.75835629167462,7.929596420387407e-08,0.0
110,6660.0,6660,34.75835621220091,34.75835621220091,54.16510509158931,0.0,34.758356291501144,7.930024213763641e-08,0.0
111,6720.0,6720,34.75835621202369,34.75835621202369,54.657515137730606,0.0,34.75835629132828,7.930459295985604e-08,0.0
112,6780.0,6780,34.75835621184704,34.75835621184704,55.14992518386938,0.0,34.75835629115605,7.930901402930744e-08,0.0
113,6840.0,6840,34.75835621167094,34.75835621167094,55.64233523000563,0.0,34.758356290984445,7.931350268480327e-08,0.0
114,6900.0,6900,34.75835621149543,34.75835621149543,56.13474527613939,0.0,34.75835629081349,7.931805624797745e-08,0.0
115,6960.0,6960,34.75835621132052,34.75835621132052,56.627155322270646,0.0,34.758356290643185,7.932267202621516e-08,0.0
116,7020.0,7020,34.75835663009784,-165.24164336990216,57.11956536839941,200.0,7.783551254342255e-08,165.2416434477377,0.0
117,7080.0,7080,34.75835663009128,-165.2416433699087,54.36553797870648,200.0,7.784009428715808e-08,165.24164344774883,0.0
118,7140.0,7140,34.758356630085686,-165.24164336991433,51.61151058901343,200.0,7.784397830663721e-08,165.2416434477583,0.0
119,7200.0,7200,34.758356630080975,-165.24164336991902,48.85748319932027,200.0,7.784718258863751e-08,165.2416434477662,0.0
120,7260.0,7260,34.75835663007709,-165.24164336992288,46.103455809627036,200.0,7.784972390049916e-08,165.24164344777262,0.0
121,7320.0,7320,34.75835663007395,-165.24164336992607,43.34942841993374,200.0,7.785161785722146e-08,165.24164344777768,0.0
122,7380.0,7380,34.7583566300715,-165.24164336992848,40.59540103024037,200.0,7.785287898662159e-08,165.24164344778137,0.0
123,7440.0,7440,34.7583566300697,-165.24164336993027,37.841373640546955,200.0,7.785352079193627e-08,165.24164344778382,0.0
124,7500.0,7500,34.7583566300685,-165.2416433699315,35.087346250853514,200.0,7.785355581163699e-08,165.24164344778507,0.0
125,7560.0,7560,34.75835663006785,-165.24164336993212,32.33331886116005,200.0,7.785299567611027e-08,165.24164344778512,0.0
126,7620.0,7620,34.75835663006773,-165.24164336993226,29.579291471466583,200.0,7.78518511611874e-08,165.24164344778413,0.0
127,7680.0,7680,34.75835663006811,-165.24164336993186,26.82526408177311,200.0,7.785013223842396e-08,165.241643447782,0.0
128,7740.0,7740,34.75835663006894,-165.24164336993104,24.071236692079655,200.0,7.784784812234314e-08,165.24164344777887,0.0
129,7800.0,7800,34.75835663007023,-165.24164336992976,21.31720930238621,200.0,7.78450073144066e-08,165.24164344777478,0.0
130,7860.0,7860,34.75835663007194,-165.24164336992806,18.563181912692798,200.0,7.784161764420151e-08,165.2416434477697,0.0
131,7920.0,7920,34.758356630074054,-165.24164336992592,15.809154522999426,200.0,7.783768630759314e-08,165.2416434477636,0.0
132,7980.0,7980,34.75835663007657,-165.24164336992342,13.055127133306097,200.0,7.783321990241029e-08,165.24164344775664,0.0
133,8040.0,8040,34.75835662938962,-91.90831003727641,10.30109974361282,126.666666666666,7.757910159552567e-08,91.9083101148555,0.0
134,8100.0,8100,34.75835620806688,34.75835620806688,8.769294576130964,0.0,34.75835628739305,7.932617077882739e-08,0.0
135,8160.0,8160,34.75835620789152,34.75835620789152,9.261704622213623,0.0,34.75835628721672,7.932520465730199e-08,0.0
136,8220.0,8220,34.75835620771708,34.75835620771708,9.754114668293804,0.0,34.75835628704133,7.932425299162858e-08,0.0
137,8280.0,8280,34.758356207543564,34.758356207543564,10.246524714371516,0.0,34.75835628686688,7.932331650853947e-08,0.0
138,8340.0,8340,34.75835620737098,34.75835620737098,10.738934760446773,0.0,34.75835628669338,7.932239593170749e-08,0.0
139,8400.0,8400,34.758356207199334,34.758356207199334,11.231344806519585,0.0,34.75835628652082,7.932149198088092e-08,0.0
140,8460.0,8460,34.75835620702862,34.75835620702862,11.72375485258997,0.0,34.758356286349226,7.932060537104566e-08,0.0
141,8520.0,8520,34.758356206858856,34.758356206858856,12.216164898657937,0.0,34.758356286178596,7.931973681154252e-08,0.0
142,8580.0,8580,34.75835620669004,34.75835620669004,12.7085749447235,0.0,34.758356286008926,7.931888700519104e-08,0.0
143,8640.0,8640,34.75835620652217,34.75835620652217,13.20098499078668,0.0,34.75835628584023,7.931805664739689e-08,0.0
144,8700.0,8700,34.758356206355266,34.758356206355266,13.693395036847473,0.0,34.758356285672505,7.931724642528125e-08,0.0
145,8760.0,8760,34.75835620618931,34.75835620618931,14.185805082905912,0.0,34.75835628550577,7.931645701678597e-08,0.0
146,8820.0,8820,34.758356206024324,34.758356206024324,14.678215128962,0.0,34.75835628534002,7.931568908973817e-08,0.0
147,8880.0,8880,34.758356205860316,34.758356205860316,15.170625175015754,0.0,34.75835628517526,7.931494330097416e-08,0.0
148,8940.0,8940,34.758356205697275,34.758356205697275,15.663035221067183,0.0,34.75835628501149,7.93142202954622e-08,0.0
149,9000.0,9000,34.75835620553521,34.75835620553521,16.155445267116306,0.0,34.75835628484873,7.931352070534287e-08,0.0
150,9060.0,9060,34.758356205374135,34.758356205374135,16.647855313163134,0.0,34.758356284686975,7.931284514907066e-08,0.0
151,9120.0,9120,34.75835620521404,34.75835620521404,17.14026535920768,0.0,34.758356284526236,7.931219423049707e-08,0.0
152,9180.0,9180,34.75835620505495,34.75835620505495,17.632675405249962,0.0,34.75835628436652,7.931156853796934e-08,0.0
153,9240.0,9240,34.758356204896856,34.758356204896856,18.125085451289994,0.0,34.75835628420782,7.931096864347947e-08,0.0
154,9300.0,9300,34.75835620473976,34.75835620473976,18.617495497327784,0.0,34.75835628405016,7.931039510169928e-08,0.0
155,9360.0,9360,34.758356204583684,34.758356204583684,19.109905543363354,0.0,34.75835628389353,7.9309848449181e-08,0.0
156,9420.0,9420,34.758356204428615,34.758356204428615,19.60231558939671,0.0,34.758356283737946,7.930932920345694e-08,0.0
157,9480.0,9480,34.75835620427457,34.75835620427457,20.094725635427874,0.0,34.75835628358341,7.930883786215361e-08,0.0
158,9540.0,9540,34.75835620412155,34.75835620412155,20.587135681456854,0.0,34.758356283429926,7.930837490220094e-08,0.0
159,9600.0,9600,34.758356203969555,34.758356203969555,21.07954572748367,0.0,34.7583562832775,7.930794077891562e-08,0.0
160,9660.0,9660,34.7583562038186,34.7583562038186,21.571955773508332,0.0,34.75835628312614,7.930753592525766e-08,0.0
161,9720.0,9720,34.75835620366869,34.75835620366869,22.064365819530856,0.0,34.75835628297585,7.930716075095859e-08,0.0
162,9780.0,9780,34.758356203519824,34.758356203519824,22.55677586555126,0.0,34.75835628282664,7.93068156417341e-08,0.0
163,9840.0,9840,34.75835620337201,34.75835620337201,23.049185911569555,0.0,34.75835628267851,7.93065009585286e-08,0.0
164,9900.0,9900,34.758356203225254,34.758356203225254,23.541595957585756,0.0,34.75835628253147,7.930621703672231e-08,0.0
165,9960.0,9960,34.758356203079565,34.758356203079565,24.034006003599877,0.0,34.75835628238553,7.930596418539222e-08,0.0
166,10020.0,10020,34.75835620293495,34.75835620293495,24.526416049611935,0.0,34.75835628224069,7.930574268658505e-08,0.0
167,10080.0,10080,34.7583562027914,34.758356202791404,25.018826095621947,0.0,34.758356282096955,7.930555279459685e-08,0.0
168,10140.0,10140,34.75835620264893,34.75835620264893,25.511236141629922,0.0,34.75835628195433,7.930539473531835e-08,0.0
169,10200.0,10200,34.75835620250756,34.75835620250756,26.003646187635884,0.0,34.75835628181283,7.930526870547384e-08,0.0
170,10260.0,10260,34.758356202367274,34.758356202367274,26.496056233639834,0.0,34.75835628167245,7.930517487213553e-08,0.0
171,10320.0,10320,34.758356202228086,34.758356202228086,26.988466279641802,0.0,34.758356281533196,7.930511337192958e-08,0.0
172,10380.0,10380,34.75835620209,34.75835620209,27.480876325641802,0.0,34.75835628139509,7.930508431055033e-08,0.0
173,10440.0,10440,34.75835620195303,34.75835620195303,27.973286371639844,0.0,34.758356281258116,7.930508776210235e-08,0.0
174,10500.0,10500,34.75835620181717,34.75835620181717,28.465696417635947,0.0,34.758356281122296,7.930512376865084e-08,0.0
175,10560.0,10560,34.75835620168244,34.75835620168244,28.958106463630124,0.0,34.758356280987634,7.93051923395736e-08,0.0
176,10620.0,10620,34.75835620154883,34.75835620154883,29.450516509622393,0.0,34.75835628085412,7.930529345117834e-08,0.0
177,10680.0,10680,34.75835620141635,34.75835620141635,29.942926555612768,0.0,34.75835628072178,7.930542704613457e-08,0.0
178,10740.0,10740,34.75835620128501,34.75835620128501,30.435336601601264,0.0,34.758356280590604,7.93055930330943e-08,0.0
179,10800.0,10800,34.75835620115482,34.75835620115482,30.927746647587906,0.0,34.75835628046061,7.930579128621823e-08,0.0
180,10860.0,10860,34.75835620102578,34.75835620102578,31.420156693572697,0.0,34.758356280331796,7.93060216448381e-08,0.0
181,10920.0,10920,34.758356200897886,34.758356200897886,31.912566739555654,0.0,34.75835628020417,7.930628391306956e-08,0.0
182,10980.0,10980,34.75835620077116,34.75835620077116,32.40497678553681,0.0,34.75835628007774,7.930657785947546e-08,0.0
183,11040.0,11040,34.7583562006456,34.7583562006456,32.897386831516165,0.0,34.75835627995251,7.930690321678967e-08,0.0
184,11100.0,11100,34.75835620052121,34.75835620052121,33.38979687749374,0.0,34.75835627982847,7.930725968160438e-08,0.0
185,11160.0,11160,34.758356200398005,34.758356200398005,33.882206923469546,0.0,34.75835627970565,7.930764691414437e-08,0.0
186,11220.0,11220,34.75835620027597,34.758356200275976,34.37461696944361,0.0,34.75835627958404,7.930806453808597e-08,0.0
187,11280.0,11280,34.758356200155134,34.75835620015514,34.86702701541594,0.0,34.75835627946365,7.93085121403345e-08,0.0
188,11340.0,11340,34.75835620003549,34.75835620003549,35.359437061386565,0.0,34.75835627934448,7.930898927087184e-08,0.0
189,11400.0,11400,34.75835619991705,34.75835619991705,35.851847107355496,0.0,34.75835627922655,7.930949544268297e-08,0.0
190,11460.0,11460,34.75835619979981,34.75835619979981,36.344257153322744,0.0,34.75835627910984,7.931003013160682e-08,0.0
191,11520.0,11520,34.75835619968378,34.75835619968378,36.83666719928833,0.0,34.75835627899438,7.931059277634285e-08,0.0
192,11580.0,11580,34.758356199568965,34.75835619956897,37.329077245252265,0.0,34.75835627888015,7.931118277835787e-08,0.0
193,11640.0,11640,34.75835619945538,34.75835619945538,37.82148729121458,0.0,34.758356278767174,7.931179950194193e-08,0.0
194,11700.0,11700,34.758356199343005,34.758356199343005,38.313897337175284,0.0,34.75835627865545,7.931244227422589e-08,0.0
195,11760.0,11760,34.75835619923187,34.75835619923187,38.80630738313439,0.0,34.75835627854498,7.93131103852516e-08,0.0
196,11820.0,11820,34.75835619912197,34.75835619912197,39.29871742909192,0.0,34.75835627843577,7.931380308807383e-08,0.0
197,11880.0,11880,34.758356199013306,34.758356199013306,39.791127475047894,0.0,34.758356278327824,7.931451959888646e-08,0.0
198,11940.0,11940,34.758356198905894,34.758356198905894,40.283537521002316,0.0,34.75835627822115,7.93152590971902e-08,0.0
199,12000.0,12000,34.758356198799724,34.758356198799724,40.775947566955224,0.0,34.75835627811574,7.931602072596583e-08,0.0
200,12060.0,12060,34.75835619869481,34.75835619869481,41.268357612906634,0.0,34.75835627801161,7.931680359195057e-08,0.0
201,12120.0,12120,34.75835619859116,34.75835619859116,41.76076765885655,0.0,34.75835627790876,7.931760676583987e-08,0.0
202,12180.0,12180,34.75835619848876,34.75835619848876,42.25317770480499,0.0,34.758356277807195,7.931842928255381e-08,0.0
203,12240.0,12240,34.75835619838764,34.75835619838764,42.74558775075198,0.0,34.75835627770691,7.9319270141656e-08,0.0
204,12300.0,12300,34.758356198287785,34.758356198287785,43.237997796697535,0.0,34.758356277607916,7.932012830757077e-08,0.0
205,12360.0,12360,34.75835619818921,34.75835619818921,43.73040784264166,0.0,34.75835627751021,7.932100271005789e-08,0.0
206,12420.0,12420,34.75835619809191,34.75835619809191,44.22281788858441,0.0,34.758356277413796,7.932189224455913e-08,0.0
207,12480.0,12480,34.75835619799589,34.758356197995894,44.71522793452577,0.0,34.75835627731869,7.932279577265662e-08,0.0
208,12540.0,12540,34.758356197901165,34.758356197901165,45.20763798046577,0.0,34.75835627722488,7.932371212250818e-08,0.0
209,12600.0,12600,34.75835619780773,34.75835619780773,45.70004802640442,0.0,34.758356277132364,7.932464008938794e-08,0.0
210,12660.0,12660,34.75835619771558,34.75835619771558,46.192458072341736,0.0,34.758356277041166,7.932557843615232e-08,0.0
211,12720.0,12720,34.758356197624735,34.758356197624735,46.68486811827775,0.0,34.75835627695126,7.932652589380158e-08,0.0
212,12780.0,12780,34.75835619753519,34.75835619753519,47.17727816421248,0.0,34.75835627686267,7.932748116206855e-08,0.0
213,12840.0,12840,34.75835619744695,34.75835619744695,47.66968821014594,0.0,34.758356276775395,7.932844290999331e-08,0.0
214,12900.0,12900,34.75835619736001,34.75835619736001,48.16209825607815,0.0,34.75835627668942,7.932940977656359e-08,0.0
215,12960.0,12960,34.75835619727439,34.75835619727439,48.65450830200912,0.0,34.758356276604765,7.933038037136273e-08,0.0
216,13020.0,13020,34.758356197190075,34.758356197190075,49.14691834793888,0.0,34.758356276521425,7.933135327523106e-08,0.0
217,13080.0,13080,34.75835619710707,34.75835619710707,49.63932839386743,0.0,34.7583562764394,7.933232704096431e-08,0.0
218,13140.0,13140,34.75835619702539,34.75835619702539,50.13173843979481,0.0,34.75835627635869,7.933330019408668e-08,0.0
219,13200.0,13200,34.75835619694503,34.75835619694503,50.62414848572103,0.0,34.7583562762793,7.933427123351763e-08,0.0
220,13260.0,13260,34.75835619686599,34.75835619686599,51.11655853164611,0.0,34.75835627620123,7.933523863238984e-08,0.0
221,13320.0,13320,34.75835619678828,34.75835619678828,51.60896857757007,0.0,34.75835627612448,7.933620083883329e-08,0.0
222,13380.0,13380,34.75835619671189,34.75835619671189,52.10137862349292,0.0,34.75835627604904,7.933715627678555e-08,0.0
223,13440.0,13440,34.758356196636825,34.758356196636825,52.593788669414685,0.0,34.758356275974926,7.933810334679901e-08,0.0
224,13500.0,13500,34.75835619656309,34.75835619656309,53.086198715335385,0.0,34.75835627590213,7.933904042695962e-08,0.0
225,13560.0,13560,34.75835619649069,34.75835619649069,53.57860876125505,0.0,34.75835627583066,7.933996587366225e-08,0.0
226,13620.0,13620,34.75835619641962,34.75835619641962,54.07101880717368,0.0,34.7583562757605,7.934087802259977e-08,0.0
227,13680.0,13680,34.75835619634988,34.75835619634988,54.563428853091295,0.0,34.75835627569166,7.934177518959537e-08,0.0
228,13740.0,13740,34.75835619628148,34.75835619628148,55.05583889900792,0.0,34.75835627562414,7.934265567157957e-08,0.0
229,13800.0,13800,34.758356196214415,34.758356196214415,55.54824894492358,0.0,34.75835627555794,7.934351774749701e-08,0.0
230,13860.0,13860,34.75835619614868,34.75835619614868,56.04065899083829,0.0,34.75835627549305,7.9344359679276e-08,0.0
231,13920.0,13920,34.75835619608429,34.75835619608429,56.53306903675206,0.0,34.75835627542947,7.934517971284042e-08,0.0
232,13980.0,13980,34.75835619602123,34.75835619602123,57.025479082664916,0.0,34.75835627536721,7.934597607902001e-08,0.0
233,14040.0,14040,34.758356195959514,34.758356195959514,57.517889128576876,0.0,34.75835627530626,7.934674699462609e-08,0.0
234,14100.0,14100,34.75835619589913,34.75835619589913,58.01029917448796,0.0,34.75835627524662,7.934749066341097e-08,0.0
235,14160.0,14160,34.758356195840086,34.758356195840086,58.502709220398195,0.0,34.75835627518829,7.934820527715363e-08,0.0
236,14220.0,14220,34.758356195782376,34.758356195782376,58.995119266307576,0.0,34.75835627513126,7.934888901663672e-08,0.0
237,14280.0,14280,34.758356195726,34.758356195726,59.487529312216154,0.0,34.75835627507554,7.934954005271243e-08,0.0
238,14340.0,14340,34.75835619567097,34.75835619567097,59.97993935812393,0.0,34.75835627502113,7.935015654741437e-08,0.0
239,14400.0,14400,34.75835619561727,34.75835619561727,60.47234940403092,0.0,34.75835627496801,7.935073665493468e-08,0.0
240,14460.0,14460,34.7583561955649,34.7583561955649,60.96475944993715,0.0,34.75835627491618,7.9351278522783e-08,0.0
241,14520.0,14520,34.75835619551387,34.75835619551387,61.457169495842635,0.0,34.758356274865655,7.935178029283158e-08,0.0
242,14580.0,14580,34.758356195464174,34.758356195464174,61.9495795417474,0.0,34.758356274816414,7.935224010237123e-08,0.0
243,14640.0,14640,34.7583561954158,34.75835619541581,62.44198958765144,0.0,34.75835627476846,7.935265608529669e-08,0.0
244,14700.0,14700,34.75835619536877,34.75835619536877,62.93439963355482,0.0,34.75835627472179,7.9353026373144e-08,0.0
245,14760.0,14760,34.75835619532306,34.75835619532306,63.42680967945753,0.0,34.75835627467641,7.935334909618488e-08,0.0
246,14820.0,14820,34.75835619527867,34.75835619527867,63.91921972535958,0.0,34.7583562746323,7.935362238458029e-08,0.0
247,14880.0,14880,34.75835619523562,34.75835619523562,64.411629771261,0.0,34.75835627458947,7.93538443695011e-08,0.0
248,14940.0,14940,34.75835619519388,34.75835619519388,64.90403981716182,0.0,34.7583562745479,7.935401318416769e-08,0.0
249,15000.0,15000,34.758356195153475,34.758356195153475,65.39644986306205,0.0,34.7583562745076,7.935412696505721e-08,0.0
250,15060.0,15060,34.758356195114374,34.758356195114374,65.88885990896169,0.0,34.75835627446856,7.93541838529574e-08,0.0
251,15120.0,15120,34.758356195076594,34.758356195076594,66.38126995486078,0.0,34.758356274430774,7.935418199411358e-08,0.0
252,15180.0,15180,34.75835619504013,34.75835619504013,66.87368000075935,0.0,34.758356274394245,7.935411954132415e-08,0.0
253,15240.0,15240,34.75835619500497,34.75835619500497,67.3660900466574,0.0,34.75835627435897,7.935399465508864e-08,0.0
254,15300.0,15300,34.75835619497112,34.75835619497112,67.85850009255495,0.0,34.75835627432493,7.935380550467359e-08,0.0
255,15360.0,15360,34.75835619493858,34.75835619493858,68.35091013845202,0.0,34.758356274292126,7.935355026925521e-08,0.0
256,15420.0,15420,34.758356194907336,34.75835619490734,68.84332018434863,0.0,34.758356274260564,7.93532271390027e-08,0.0
257,15480.0,15480,34.75835619487739,34.75835619487739,69.33573023024479,0.0,34.75835627423022,7.935283431621765e-08,0.0
258,15540.0,15540,34.758356194848744,34.758356194848744,69.82814027614053,0.0,34.75835627420111,7.935237001635492e-08,0.0
259,15600.0,15600,34.75835619482138,34.75835619482138,70.32055032203588,0.0,34.75835627417322,7.935183246917947e-08,0.0
260,15660.0,15660,34.75835619479531,34.75835619479531,70.81296036793083,0.0,34.758356274146536,7.935121991981364e-08,0.0
261,15720.0,15720,34.75835619477053,34.75835619477053,71.30537041382541,0.0,34.758356274121056,7.935053062980736e-08,0.0
262,15780.0,15780,34.758356194747016,34.75835619474702,71.79778045971965,0.0,34.75835627409678,7.934976287824787e-08,0.0
263,15840.0,15840,34.75835619472479,34.75835619472479,72.29019050561355,0.0,34.758356274073705,7.934891496273678e-08,0.0
264,15900.0,15900,34.75835619470382,34.75835619470382,72.78260055150714,0.0,34.75835627405181,7.934798520051294e-08,0.0
265,15960.0,15960,34.75835619468413,34.75835619468413,73.27501059740044,0.0,34.7583562740311,7.934697192944806e-08,0.0
266,16020.0,16020,34.7583561946657,34.7583561946657,73.76742064329345,0.0,34.758356274011575,7.934587350906555e-08,0.0
267,16080.0,16080,34.75835619464853,34.75835619464853,74.2598306891862,0.0,34.75835627399322,7.934468832160075e-08,0.0
268,16140.0,16140,34.75835619463261,34.75835619463261,74.75224073507873,0.0,34.75835627397602,7.934341477294076e-08,0.0
269,16200.0,16200,34.75835619461794,34.75835619461794,75.24465078097103,0.0,34.75835627395999,7.9342051293653e-08,0.0
270,16260.0,16260,34.75835619460451,34.75835619460451,75.73706082686311,0.0,34.758356273945104,7.934059633996121e-08,0.0
271,16320.0,16320,34.758356194592324,34.758356194592324,76.22947087275503,0.0,34.75835627393137,7.933904839465876e-08,0.0
272,16380.0,16380,34.75835619458137,34.75835619458137,76.72188091864676,0.0,34.75835627391878,7.933740596811209e-08,0.0
273,16440.0,16440,34.75835619457164,34.75835619457164,77.21429096453835,0.0,34.75835627390731,7.933566759920266e-08,0.0
274,16500.0,16500,34.758356194563135,34.75835619456314,77.7067010104298,0.0,34.75835627389697,7.933383185613398e-08,0.0
275,16560.0,16560,34.75835619455585,34.75835619455586,78.19911105632114,0.0,34.758356273887756,7.933189733745694e-08,0.0
276,16620.0,16620,34.758356194549776,34.758356194549776,78.69152110221238,0.0,34.75835627387964,7.932986267287136e-08,0.0
277,16680.0,16680,34.758356194544916,34.758356194544916,79.18393114810354,0.0,34.75835627387264,7.932772652414381e-08,0.0
278,16740.0,16740,34.75835619454125,34.75835619454125,79.67634119399463,0.0,34.75835627386674,7.93254875858829e-08,0.0
279,16800.0,16800,34.75835619453878,34.75835619453878,80.16875123988568,0.0,34.75835627386192,7.932314458645714e-08,0.0
280,16860.0,16860,34.7583561945375,34.7583561945375,80.6611612857767,0.0,34.75835627385819,7.932069628871856e-08,0.0
281,16920.0,16920,34.758356194537406,34.758356194537406,81.1535713316677,0.0,34.75835627385555,7.93181414908461e-08,0.0
282,16980.0,16980,34.758356194538486,34.758356194538486,81.64598137755871,0.0,34.75835627385396,7.931547902709992e-08,0.0
283,17040.0,17040,34.75835619454073,34.75835619454073,82.13839142344975,0.0,34.758356273853444,7.931270776856167e-08,0.0
284,17100.0,17100,34.758356194544156,34.758356194544156,82.63080146934082,0.0,34.75835627385398,7.930982662386478e-08,0.0
285,17160.0,17160,34.75835619454873,34.75835619454873,83.12321151523194,0.0,34.75835627385557,7.930683453991267e-08,0.0
286,17220.0,17220,34.75835619455446,34.75835619455446,83.61562156112315,0.0,34.75835627385819,7.930373050257512e-08,0.0
287,17280.0,17280,34.75835619456134,34.75835619456134,84.10803160701444,0.0,34.75835627386186,7.930051353729792e-08,0.0
288,17340.0,17340,34.75835619456935,34.75835619456935,84.60044165290581,0.0,34.75835627386654,7.929718270981672e-08,0.0
289,17400.0,17400,34.758356194578504,34.758356194578504,85.09285169879733,0.0,34.758356273872245,7.929373712673388e-08,0.0
290,17460.0,17460,34.758356194588785,34.758356194588785,85.585261744689,0.0,34.75835627387897,7.929017593611607e-08,0.0
291,17520.0,17520,34.75835619460019,34.75835619460019,86.0776717905808,0.0,34.75835627388668,7.928649832808199e-08,0.0
292,17580.0,17580,34.7583561946127,34.7583561946127,86.57008183647277,0.0,34.75835627389541,7.928270353535179e-08,0.0
293,17640.0,17640,34.75835619462632,34.75835619462632,87.06249188236494,0.0,34.758356273905115,7.927879083378107e-08,0.0
294,17700.0,17700,34.758356194641046,34.758356194641046,87.5549019282573,0.0,34.75835627391581,7.927475954281381e-08,0.0
295,17760.0,17760,34.75835619465686,34.75835619465686,88.04731197414989,0.0,34.758356273927475,7.927060902603935e-08,0.0
296,17820.0,17820,34.75835619467377,34.75835619467377,88.53972202004272,0.0,34.75835627394011,7.926633869159488e-08,0.0
297,17880.0,17880,34.75835619469176,34.75835619469176,89.0321320659358,0.0,34.75835627395371,7.926194799260077e-08,0.0
298,17940.0,17940,34.75835619471083,34.75835619471083,89.52454211182912,0.0,34.75835627396826,7.925743642759147e-08,0.0
299,18000.0,18000,34.75835619473096,34.75835619473096,90.01695215772276,0.0,34.75835627398376,7.925280354086978e-08,0.0
300,18060.0,18060,34.758356194752146,34.758356194752146,90.50936220361667,0.0,34.7583562740002,7.924804892287086e-08,0.0
301,18120.0,18120,34.75835619477439,34.75835619477439,91.0017722495109,0.0,34.758356274017565,7.924317221051862e-08,0.0
302,18180.0,18180,34.758356194797685,34.758356194797685,91.49418229540545,0.0,34.758356274035854,7.923817308747022e-08,0.0
303,18240.0,18240,34.75835619482202,34.75835619482202,91.98659234130035,0.0,34.75835627405507,7.923305128447474e-08,0.0
304,18300.0,18300,34.75835619484738,34.75835619484738,92.4790023871956,0.0,34.75835627407519,7.922780657958252e-08,0.0
305,18360.0,18360,34.75835619487378,34.75835619487378,92.97141243309122,0.0,34.758356274096215,7.922243879837546e-08,0.0
306,18420.0,18420,34.75835619490119,34.75835619490119,93.46382247898724,0.0,34.75835627411814,7.921694781418203e-08,0.0
307,18480.0,18480,34.75835619492962,34.75835619492962,93.95623252488365,0.0,34.75835627414095,7.921133354826468e-08,0.0
308,18540.0,18540,34.75835619495905,34.758356194959056,94.44864257078046,0.0,34.75835627416465,7.920559596995913e-08,0.0
309,18600.0,18600,34.75835619498948,34.75835619498948,94.94105261667774,0.0,34.75835627418922,7.919973509682026e-08,0.0
310,18660.0,18660,34.75835619502091,34.75835619502091,95.43346266257545,0.0,34.75835627421466,7.919375099472951e-08,0.0
311,18720.0,18720,34.758356195053324,34.758356195053324,95.9258727084736,0.0,34.75835627424097,7.918764377793002e-08,0.0
312,18780.0,18780,34.75835619508671,34.75835619508671,96.41828275437226,0.0,34.75835627426813,7.918141360914612e-08,0.0
313,18840.0,18840,34.75835619512108,34.75835619512108,96.9106928002714,0.0,34.75835627429614,7.91750606995647e-08,0.0
314,18900.0,18900,34.75835619515641,34.75835619515641,97.40310284617105,0.0,34.75835627432499,7.916858530886591e-08,0.0
315,18960.0,18960,34.7583561951927,34.7583561951927,97.89551289207118,0.0,34.75835627435468,7.916198774517822e-08,0.0
316,19020.0,19020,34.758356195229936,34.758356195229936,98.38792293797188,0.0,34.75835627438521,7.915526836506198e-08,0.0
317,19080.0,19080,34.75835619526812,34.75835619526812,98.8803329838731,0.0,34.75835627441655,7.914842757341723e-08,0.0
318,19140.0,19140,34.75835619530725,34.75835619530725,99.37274302977488,0.0,34.758356274448715,7.914146582341142e-08,0.0
319,19200.0,19200,34.75835619534731,34.75835619534731,99.86515307567724,0.0,34.75835627448169,7.913438361631929e-08,0.0
320,19260.0,19260,34.758356195388295,34.758356195388295,100.35756312158018,0.0,34.75835627451548,7.912718150145154e-08,0.0
321,19320.0,19320,34.758356195430196,34.758356195430196,100.84997316748372,0.0,34.75835627455006,7.91198600759279e-08,0.0
322,19380.0,19380,34.75835619547302,34.75835619547302,101.3423832133879,0.0,34.75835627458544,7.911241998449071e-08,0.0
323,19440.0,19440,34.75835619551675,34.75835619551675,101.83479325929265,0.0,34.758356274621605,7.91048619193393e-08,0.0
324,19500.0,19500,34.75835619556137,34.75835619556137,102.32720330519808,0.0,34.75835627465856,7.909718661985699e-08,0.0
325,19560.0,19560,34.758356195606886,34.758356195606886,102.81961335110415,0.0,34.75835627469628,7.908939487237639e-08,0.0
326,19620.0,19620,34.7583561956533,34.7583561956533,103.31202339701089,0.0,34.75835627473479,7.908148750985592e-08,0.0
327,19680.0,19680,34.758356195700586,34.758356195700586,103.80443344291831,0.0,34.75835627477405,7.907346541163533e-08,0.0
328,19740.0,19740,34.75835619574875,34.75835619574875,104.2968434888264,0.0,34.75835627481408,7.906532950305512e-08,0.0
329,19800.0,19800,34.75835619579779,34.75835619579779,104.78925353473521,0.0,34.75835627485487,7.905708075517145e-08,0.0
330,19860.0,19860,34.75835619584769,34.75835619584769,105.28166358064473,0.0,34.75835627489641,7.904872018433402e-08,0.0
331,19920.0,19920,34.75835619589844,34.75835619589844,105.77407362655497,0.0,34.7583562749387,7.904024885181753e-08,0.0
332,19980.0,19980,34.75835619595006,34.75835619595006,106.26648367246594,0.0,34.75835627498173,7.903166786344786e-08,0.0
333,20040.0,20040,34.75835619600252,34.75835619600252,106.75889371837768,0.0,34.75835627502549,7.902297836910194e-08,0.0
334,20100.0,20100,34.758356196055814,34.758356196055814,107.2513037642902,0.0,34.75835627506999,7.901418156231852e-08,0.0
335,20160.0,20160,34.75835619610994,34.75835619610994,107.74371381020347,0.0,34.758356275115226,7.900527867981352e-08,0.0
336,20220.0,20220,34.758356196164904,34.758356196164904,108.23612385611754,0.0,34.75835627516118,7.899627100098099e-08,0.0
337,20280.0,20280,34.758356196220696,34.758356196220696,108.72853390203241,0.0,34.75835627520786,7.898715984739978e-08,0.0
338,20340.0,20340,34.7583561962773,34.7583561962773,109.22094394794809,0.0,34.758356275255245,7.897794658229834e-08,0.0
339,20400.0,20400,34.758356196334724,34.758356196334724,109.7133539938646,0.0,34.758356275303356,7.89686326100317e-08,0.0
340,20460.0,20460,34.75835619639295,34.75835619639295,110.20576403978194,0.0,34.75835627535217,7.895921937552216e-08,0.0
341,20520.0,20520,34.758356196451984,34.758356196451984,110.69817408570015,0.0,34.75835627540169,7.894970836362775e-08,0.0
342,20580.0,20580,34.75835619651181,34.75835619651181,111.1905841316192,0.0,34.758356275451916,7.894010109864875e-08,0.0
343,20640.0,20640,34.758356196572436,34.758356196572436,111.68299417753913,0.0,34.758356275502834,7.893039914360612e-08,0.0
344,20700.0,20700,34.75835619663385,34.75835619663385,112.17540422345994,0.0,34.758356275554455,7.892060409973163e-08,0.0
345,20760.0,20760,34.75835619669605,34.75835619669605,112.66781426938164,0.0,34.75835627560676,7.891071760570248e-08,0.0
346,20820.0,20820,34.75835619675902,34.75835619675902,113.16022431530426,0.0,34.758356275659764,7.89007413371006e-08,0.0
347,20880.0,20880,34.75835619682277,34.75835619682277,113.65263436122778,0.0,34.758356275713446,7.889067700569454e-08,0.0
348,20940.0,20940,34.75835619688729,34.75835619688729,114.14504440715223,0.0,34.75835627576782,7.888052635871672e-08,0.0
349,21000.0,21000,34.758356196952576,34.75835619695258,114.63745445307762,0.0,34.75835627582287,7.887029117824725e-08,0.0
350,21060.0,21060,34.75835619701863,34.75835619701863,115.12986449900396,0.0,34.758356275878604,7.88599732804287e-08,0.0
351,21120.0,21120,34.75835619708544,34.75835619708544,115.6222745449313,0.0,34.75835627593501,7.884957451480383e-08,0.0
352,21180.0,21180,34.758356197153,34.758356197153,116.11468459085957,0.0,34.75835627599209,7.883909676353379e-08,0.0
353,21240.0,21240,34.7583561972213,34.7583561972213,116.60709463678883,0.0,34.75835627604985,7.88285419406688e-08,0.0
354,21300.0,21300,34.75835619729036,34.75835619729036,117.09950468271909,0.0,34.75835627610827,7.881791199140693e-08,0.0
355,21360.0,21360,34.758356197360165,34.758356197360165,117.59191472865034,0.0,34.75835627616737,7.880720889131007e-08,0.0
356,21420.0,21420,34.7583561974307,34.7583561974307,118.08432477458261,0.0,34.75835627622713,7.879643464551879e-08,0.0
357,21480.0,21480,34.758356197501975,34.758356197501975,118.57673482051592,0.0,34.758356276287564,7.878559128797372e-08,0.0
358,21540.0,21540,34.758356197573974,34.758356197573974,119.06914486645024,0.0,34.75835627634866,7.877468088062392e-08,0.0
359,21600.0,21600,34.75835619764671,34.75835619764671,119.56155491238563,0.0,34.75835627641042,7.876370551260003e-08,0.0
360,21660.0,21660,34.75835619772017,34.75835619772017,120.05396495832207,0.0,34.75835627647284,7.875266729943679e-08,0.0
361,21720.0,21720,34.75835619779435,34.75835619779435,120.54637500425957,0.0,34.75835627653592,7.874156838220128e-08,0.0
362,21780.0,21780,34.758356197869254,34.758356197869254,121.03878505019819,0.0,34.75835627659966,7.873041092670454e-08,0.0
363,21840.0,21840,34.75835619794487,34.75835619794487,121.53119509613785,0.0,34.75835627666407,7.87191971226473e-08,0.0
364,21900.0,21900,34.7583561980212,34.7583561980212,122.02360514207865,0.0,34.75835627672913,7.870792918277782e-08,0.0
365,21960.0,21960,34.75835619809824,34.75835619809824,122.51601518802053,0.0,34.758356276794856,7.869660934204975e-08,0.0
366,22020.0,22020,34.758356198175996,34.758356198175996,123.00842523396355,0.0,34.758356276861235,7.86852398567679e-08,0.0
367,22080.0,22080,34.758356198254454,34.758356198254454,123.50083527990768,0.0,34.75835627692828,7.867382300371976e-08,0.0
368,22140.0,22140,34.758356198333615,34.758356198333615,123.99324532585295,0.0,34.758356276995976,7.866236107930374e-08,0.0
369,22200.0,22200,34.75835619841349,34.75835619841349,124.48565537179938,0.0,34.758356277064344,7.865085639871442e-08,0.0
370,22260.0,22260,34.75835619849405,34.75835619849405,124.97806541774696,0.0,34.758356277133366,7.86393112950039e-08,0.0
371,22320.0,22320,34.758356198575314,34.758356198575314,125.47047546369573,0.0,34.75835627720304,7.862772811823086e-08,0.0
372,22380.0,22380,34.758356198657275,34.758356198657275,125.96288550964566,0.0,34.758356277273386,7.86161092346151e-08,0.0
373,22440.0,22440,34.75835619873993,34.75835619873993,126.45529555559679,0.0,34.75835627734439,7.860445702562192e-08,0.0
374,22500.0,22500,34.75835619882328,34.75835619882328,126.94770560154912,0.0,34.758356277416055,7.859277388709698e-08,0.0
375,22560.0,22560,34.75835619890732,34.75835619890732,127.44011564750265,0.0,34.75835627748839,7.858106222837358e-08,0.0
376,22620.0,22620,34.758356198992054,34.758356198992054,127.93252569345739,0.0,34.758356277561376,7.856932447140979e-08,0.0
377,22680.0,22680,34.758356199077475,34.758356199077475,128.4249357394134,0.0,34.75835627763504,7.855756304987936e-08,0.0
378,22740.0,22740,34.75835619916358,34.75835619916358,128.91734578537063,0.0,34.75835627770937,7.854578040833499e-08,0.0
379,22800.0,22800,34.75835619925038,34.75835619925038,129.4097558313291,0.0,34.75835627778436,7.853397900124891e-08,0.0
380,22860.0,22860,34.75835619933786,34.75835619933786,129.90216587728884,0.0,34.758356277860024,7.852216129220357e-08,0.0
381,22920.0,22920,34.758356199426025,34.758356199426025,130.39457592324985,0.0,34.75835627793636,7.85103297529947e-08,0.0
382,22980.0,22980,34.758356199514886,34.758356199514886,130.88698596921213,0.0,34.75835627801337,7.84984868627222e-08,0.0
383,23040.0,23040,34.758356199604414,34.758356199604414,131.3793960151757,0.0,34.75835627809105,7.848663510692389e-08,0.0
384,23100.0,23100,34.75835619969464,34.75835619969464,131.87180606114057,0.0,34.75835627816942,7.847477697675968e-08,0.0
385,23160.0,23160,34.758356199785545,34.758356199785545,132.36421610710676,0.0,34.758356278248456,7.846291496804328e-08,0.0
386,23220.0,23220,34.758356199877134,34.758356199877134,132.85662615307425,0.0,34.758356278328186,7.845105158045267e-08,0.0
387,23280.0,23280,34.758356199969406,34.758356199969406,133.34903619904307,0.0,34.75835627840859,7.843918931662657e-08,0.0
388,23340.0,23340,34.75835620006236,34.75835620006236,133.84144624501323,0.0,34.758356278489686,7.842733068132665e-08,0.0
389,23400.0,23400,34.758356200156,34.758356200156,134.33385629098473,0.0,34.758356278571476,7.84154781805383e-08,0.0
390,23460.0,23460,34.75835620025032,34.75835620025032,134.8262663369576,0.0,34.758356278653956,7.840363432071739e-08,0.0
391,23520.0,23520,34.758356200345325,34.758356200345325,135.31867638293178,0.0,34.758356278737125,7.839180160781206e-08,0.0
392,23580.0,23580,34.758356200441014,34.758356200441014,135.8110864289074,0.0,34.758356278821,7.837998254652583e-08,0.0
393,23640.0,23640,34.758356200537385,34.758356200537385,136.3034964748844,0.0,34.758356278905566,7.836817963944478e-08,0.0
394,23700.0,23700,34.758356200634445,34.758356200634445,136.79590652086276,0.0,34.758356278990846,7.83563953862184e-08,0.0
395,23760.0,23760,34.758356200732194,34.758356200732194,137.28831656684255,0.0,34.75835627907682,7.834463228270097e-08,0.0
396,23820.0,23820,34.75835620083062,34.75835620083062,137.78072661282377,0.0,34.758356279163515,7.833289282021031e-08,0.0
397,23880.0,23880,34.75835620092974,34.75835620092974,138.27313665880638,0.0,34.75835627925092,7.832117948464608e-08,0.0
398,23940.0,23940,34.75835620102955,34.75835620102955,138.76554670479044,0.0,34.75835627933905,7.830949475574532e-08,0.0
399,24000.0,24000,34.75835620113005,34.75835620113005,139.25795675077595,0.0,34.758356279427886,7.82978411062369e-08,0.0
400,24060.0,24060,34.75835620123124,34.75835620123124,139.7503667967629,0.0,34.75835627951746,7.828622100112442e-08,0.0
401,24120.0,24120,34.758356201333115,34.758356201333115,140.24277684275134,0.0,34.75835627960775,7.827463689681337e-08,0.0
402,24180.0,24180,34.75835620143569,34.75835620143569,140.7351868887412,0.0,34.75835627969878,7.826309124047065e-08,0.0
403,24240.0,24240,34.75835620153895,34.75835620153895,141.22759693473256,0.0,34.75835627979054,7.825158646912546e-08,0.0
404,24300.0,24300,34.75835620164292,34.75835620164292,141.72000698072543,0.0,34.758356279883046,7.824012500904866e-08,0.0
405,24360.0,24360,34.75835620174758,34.75835620174758,142.2124170267198,0.0,34.75835627997629,7.822870927490507e-08,0.0
406,24420.0,24420,34.75835620185294,34.75835620185294,142.7048270727157,0.0,34.75835628007028,7.821734166911091e-08,0.0
407,24480.0,24480,34.758356201959,34.758356201959,143.19723711871308,0.0,34.758356280165025,7.820602458103003e-08,0.0
408,24540.0,24540,34.75835620206576,34.75835620206576,143.689647164712,0.0,34.75835628026052,7.819476038632693e-08,0.0
409,24600.0,24600,34.75835620217323,34.75835620217323,144.18205721071246,0.0,34.75835628035678,7.818355144623974e-08,0.0
410,24660.0,24660,34.758356202281405,34.758356202281405,144.67446725671448,0.0,34.7583562804538,7.817240010688938e-08,0.0
411,24720.0,24720,34.75835620239029,34.75835620239029,145.16687730271806,0.0,34.758356280551595,7.816130869858981e-08,0.0
412,24780.0,24780,34.75835620249988,34.75835620249988,145.6592873487232,0.0,34.758356280650155,7.81502795352088e-08,0.0
413,24840.0,24840,34.75835620261019,34.75835620261019,146.15169739472995,0.0,34.758356280749496,7.813931491347699e-08,0.0
414,24900.0,24900,34.7583562027212,34.7583562027212,146.64410744073825,0.0,34.75835628084962,7.812841711236186e-08,0.0
415,24960.0,24960,34.75835620283294,34.75835620283294,147.13651748674818,0.0,34.75835628095053,7.811758839241518e-08,0.0
416,25020.0,25020,34.75835620294539,34.75835620294539,147.62892753275972,0.0,34.75835628105223,7.810683099515137e-08,0.0
417,25080.0,25080,34.758356203058575,34.758356203058575,148.12133757877285,0.0,34.75835628115472,7.809614714246508e-08,0.0
418,25140.0,25140,34.758356203172475,34.758356203172475,148.61374762478764,0.0,34.75835628125802,7.808553903599314e-08,0.0
419,25200.0,25200,34.7583562032871,34.7583562032871,149.10615767080404,0.0,34.75835628136211,7.807500885652232e-08,0.0
420,25260.0,25260,34.75835620340246,34.75835620340246,149.59856771682212,0.0,34.758356281467016,7.806455876345641e-08,0.0
421,25320.0,25320,34.758356203518545,34.758356203518545,150.09097776284185,0.0,34.75835628157274,7.805419089420439e-08,0.0
422,25380.0,25380,34.758356203635365,34.758356203635365,150.58338780886322,0.0,34.75835628167927,7.804390736364527e-08,0.0
423,25440.0,25440,34.75835620375292,34.75835620375292,151.07579785488633,0.0,34.75835628178663,7.803371026360284e-08,0.0
424,25500.0,25500,34.75835620387122,34.75835620387122,151.56820790091106,0.0,34.75835628189482,7.802360166229188e-08,0.0
425,25560.0,25560,34.75835620399025,34.75835620399025,152.06061794693753,0.0,34.75835628200384,7.80135836038138e-08,0.0
426,25620.0,25620,34.75835620411004,34.75835620411004,152.55302799296575,0.0,34.758356282113695,7.800365810767743e-08,0.0
427,25680.0,25680,34.758356204230566,34.758356204230566,153.04543803899563,0.0,34.75835628222439,7.799382716827698e-08,0.0
428,25740.0,25740,34.75835620435184,34.75835620435184,153.5378480850273,0.0,34.75835628233593,7.798409275441733e-08,0.0
429,25800.0,25800,34.75835620447387,34.75835620447387,154.03025813106066,0.0,34.75835628244833,7.797445680886767e-08,0.0
430,25860.0,25860,34.75835620459666,34.75835620459666,154.5226681770958,0.0,34.75835628256158,7.796492124790647e-08,0.0
431,25920.0,25920,34.7583562047202,34.7583562047202,155.0150782231327,0.0,34.75835628267569,7.795548796089266e-08,0.0
432,25980.0,25980,34.75835620484451,34.75835620484451,155.50748826917135,0.0,34.758356282790665,7.794615880978869e-08,0.0
433,26040.0,26040,34.75835620496957,34.75835620496957,155.99989831521182,0.0,34.75835628290651,7.793693562884027e-08,0.0
434,26100.0,26100,34.75835620509541,34.75835620509541,156.49230836125406,0.0,34.75835628302323,7.79278202240852e-08,0.0
435,26160.0,26160,34.758356205222015,34.758356205222015,156.9847184072981,0.0,34.75835628314083,7.791881437303746e-08,0.0
436,26220.0,26220,34.758356205349386,34.758356205349386,157.47712845334397,0.0,34.75835628325931,7.790991982427608e-08,0.0
437,26280.0,26280,34.75835620547753,34.75835620547753,157.96953849939166,0.0,34.75835628337868,7.790113829709638e-08,0.0
438,26340.0,26340,34.75835620560646,34.75835620560646,158.4619485454412,0.0,34.758356283498934,7.789247148115799e-08,0.0
439,26400.0,26400,34.75835620573617,34.75835620573617,158.95435859149256,0.0,34.75835628362009,7.788392103618001e-08,0.0
440,26460.0,26460,34.75835620586666,34.75835620586666,159.44676863754583,0.0,34.75835628374215,7.78754885915956e-08,0.0
441,26520.0,26520,34.75835620599794,34.75835620599794,159.93917868360091,0.0,34.75835628386511,7.78671757462252e-08,0.0
442,26580.0,26580,34.75835620613,34.75835620613,160.4315887296579,0.0,34.75835628398899,7.785898406804734e-08,0.0
443,26640.0,26640,34.75835620626287,34.75835620626287,160.9239987757168,0.0,34.75835628411378,7.785091509386198e-08,0.0
444,26700.0,26700,34.75835620639651,34.75835620639651,161.41640882177757,0.0,34.75835628423948,7.784297032902738e-08,0.0
445,26760.0,26760,34.75835620653096,34.75835620653096,161.90881886784024,0.0,34.758356284366116,7.783515124724186e-08,0.0
446,26820.0,26820,34.75835620666621,34.75835620666621,162.40122891390487,0.0,34.758356284493665,7.782745929028281e-08,0.0
447,26880.0,26880,34.758356206802254,34.758356206802254,162.8936389599714,0.0,34.75835628462215,7.781989586775446e-08,0.0
448,26940.0,26940,34.75835620693911,34.75835620693911,163.38604900603994,0.0,34.75835628475158,7.781246235692018e-08,0.0
449,27000.0,27000,34.75835620707678,34.75835620707678,163.8784590521104,0.0,34.758356284881934,7.780516010245131e-08,0.0
450,27060.0,27060,34.75835620721525,34.75835620721525,164.37086909818282,0.0,34.758356285013235,7.77979904162835e-08,0.0
451,27120.0,27120,34.75835620735453,34.75835620735453,164.86327914425723,0.0,34.75835628514549,7.779095457739854e-08,0.0
452,27180.0,27180,34.758356207494636,34.758356207494636,165.35568919033363,0.0,34.75835628527869,7.778405383167846e-08,0.0
453,27240.0,27240,34.75835620763555,34.75835620763555,165.84809923641205,0.0,34.75835628541284,7.777728939177293e-08,0.0
454,27300.0,27300,34.75835620777729,34.75835620777729,166.3405092824925,0.0,34.75835628554795,7.777066243691277e-08,0.0
455,27360.0,27360,34.758356207919846,34.758356207919846,166.8329193285749,0.0,34.75835628568402,7.776417411281453e-08,0.0
456,27420.0,27420,34.758356208063226,34.75835620806323,167.32532937465933,0.0,34.75835628582106,7.775782553157644e-08,0.0
457,27480.0,27480,34.75835620820744,34.75835620820744,167.81773942074585,0.0,34.75835628595906,7.775161777154008e-08,0.0
458,27540.0,27540,34.75835620835248,34.75835620835248,168.31014946683445,0.0,34.758356286098035,7.774555187720062e-08,0.0
459,27600.0,27600,34.75835620849835,34.75835620849835,168.8025595129251,0.0,34.75835628623798,7.773962885919243e-08,0.0
460,27660.0,27660,34.758356208645054,34.758356208645054,169.29496955901786,0.0,34.758356286378906,7.77338496941225e-08,0.0
461,27720.0,27720,34.7583562087926,34.7583562087926,169.78737960511268,0.0,34.75835628652081,7.772821532459559e-08,0.0
462,27780.0,27780,34.758356208940974,34.758356208940974,170.2797896512096,0.0,34.7583562866637,7.772272665911342e-08,0.0
463,27840.0,27840,34.75835620909019,34.75835620909019,170.77219969730865,0.0,34.758356286807576,7.771738457208884e-08,0.0
464,27900.0,27900,34.75835620924025,34.75835620924025,171.2646097434098,0.0,34.758356286952434,7.771218990376586e-08,0.0
465,27960.0,27960,34.758356209391145,34.758356209391145,171.75701978951312,0.0,34.75835628709829,7.770714346028648e-08,0.0
466,28020.0,28020,34.75835620954288,34.75835620954288,172.24942983561854,0.0,34.758356287245135,7.770224601361068e-08,0.0
467,28080.0,28080,34.75835620969548,34.75835620969548,172.74183988172618,0.0,34.75835628739297,7.769749830158439e-08,0.0
468,28140.0,28140,34.758356209848905,34.758356209848905,173.23424992783598,0.0,34.758356287541815,7.769290102791866e-08,0.0
469,28200.0,28200,34.7583562100032,34.7583562100032,173.726659973948,0.0,34.758356287691655,7.768845486225436e-08,0.0
470,28260.0,28260,34.75835621015833,34.75835621015833,174.21907002006213,0.0,34.758356287842496,7.768416044019287e-08,0.0
471,28320.0,28320,34.75835621031432,34.75835621031432,174.7114800661785,0.0,34.75835628799434,7.768001836333667e-08,0.0
472,28380.0,28380,34.758356210471156,34.758356210471156,175.2038901122971,0.0,34.75835628814719,7.767602919936278e-08,0.0
473,28440.0,28440,34.758356210628854,34.758356210628854,175.69630015841796,0.0,34.75835628830105,7.767219348208423e-08,0.0
474,28500.0,28500,34.758356210787404,34.758356210787404,176.18871020454102,0.0,34.758356288455914,7.766851171155856e-08,0.0
475,28560.0,28560,34.75835621094681,34.75835621094681,176.68112025066637,0.0,34.75835628861179,7.766498435413277e-08,0.0
476,28620.0,28620,34.75835621110708,34.75835621110708,177.17353029679396,0.0,34.75835628876869,7.766161184258703e-08,0.0
477,28680.0,28680,34.7583562112682,34.7583562112682,177.66594034292382,0.0,34.75835628892659,7.765839457621141e-08,0.0
478,28740.0,28740,34.75835621143018,34.75835621143018,178.15835038905595,0.0,34.75835628908551,7.765533292094404e-08,0.0
479,28800.0,28800,34.75835621159302,34.758356211593025,178.65076043519042,0.0,34.75835628924545,7.765242720949609e-08,0.0
480,28860.0,28860,34.75835621175672,34.75835621175672,179.14317048132722,0.0,34.7583562894064,7.764967774145273e-08,0.0
481,28920.0,28920,34.75835621192129,34.75835621192129,179.63558052746635,0.0,34.75835628956837,7.764708478347921e-08,0.0
482,28980.0,28980,34.75835621208671,34.75835621208671,180.12799057360778,0.0,34.75835628973136,7.764464856940644e-08,0.0
483,29040.0,29040,34.758356212253,34.758356212253,180.6204006197516,0.0,34.75835628989537,7.764236930044807e-08,0.0
484,29100.0,29100,34.758356212420146,34.758356212420146,181.1128106658977,0.0,34.75835629006039,7.764024714530142e-08,0.0
485,29160.0,29160,34.75835621258816,34.75835621258816,181.60522071204628,0.0,34.758356290226445,7.763828224039636e-08,0.0
486,29220.0,29220,34.75835621275703,34.75835621275703,182.09763075819723,0.0,34.75835629039351,7.763647469000714e-08,0.0
487,29280.0,29280,34.75835621292677,34.75835621292677,182.59004080435054,0.0,34.7583562905616,7.763482456648717e-08,0.0
488,29340.0,29340,34.75835621309737,34.75835621309737,183.08245085050626,0.0,34.7583562907307,7.763333191044211e-08,0.0
489,29400.0,29400,34.75835621326884,34.75835621326884,183.57486089666443,0.0,34.758356290900835,7.763199673095808e-08,0.0
490,29460.0,29460,34.75835621344117,34.75835621344117,184.067270942825,0.0,34.75835629107198,7.763081900574637e-08,0.0
491,29520.0,29520,34.758356213614356,34.758356213614356,184.559680988988,0.0,34.758356291244155,7.76297986814351e-08,0.0
492,29580.0,29580,34.75835621378842,34.75835621378842,185.0520910351535,0.0,34.75835629141735,7.762893567373922e-08,0.0
493,29640.0,29640,34.75835621396333,34.75835621396333,185.54450108132144,0.0,34.75835629159156,7.762822986772806e-08,0.0
494,29700.0,29700,34.75835621413911,34.75835621413911,186.03691112749186,0.0,34.758356291766795,7.762768111797883e-08,0.0
495,29760.0,29760,34.758356214315754,34.758356214315754,186.52932117366475,0.0,34.758356291943045,7.762728924891113e-08,0.0
496,29820.0,29820,34.75835621449326,34.75835621449326,187.02173121984023,0.0,34.75835629212032,7.762705405494367e-08,0.0
497,29880.0,29880,34.75835621467163,34.75835621467163,187.51414126601813,0.0,34.75835629229861,7.762697530081234e-08,0.0
498,29940.0,29940,34.75835621485086,34.75835621485086,188.00655131219855,0.0,34.75835629247791,7.762705272175445e-08,0.0
499,30000.0,30000,34.75835621503095,34.75835621503095,188.49896135838156,0.0,34.75835629265824,7.762728602382442e-08,0.0
500,30060.0,30060,34.758356215211904,34.758356215211904,188.99137140456713,0.0,34.758356292839586,7.762767488409898e-08,0.0
501,30120.0,30120,34.758356215393725,34.758356215393725,189.4837814507553,0.0,34.75835629302194,7.762821895098746e-08,0.0
502,30180.0,30180,34.75835621557639,34.75835621557639,189.97619149694594,0.0,34.75835629320531,7.762891784446526e-08,0.0
503,30240.0,30240,34.75835621575993,34.75835621575993,190.46860154313924,0.0,34.7583562933897,7.762977115634922e-08,0.0
504,30300.0,30300,34.758356215944325,34.758356215944325,190.96101158933507,0.0,34.758356293575105,7.76307784505947e-08,0.0
505,30360.0,30360,34.75835621612958,34.75835621612958,191.45342163553357,0.0,34.75835629376152,7.763193926355662e-08,0.0
506,30420.0,30420,34.75835621631569,34.75835621631569,191.94583168173472,0.0,34.75835629394895,7.76332531042504e-08,0.0
507,30480.0,30480,34.75835621650266,34.75835621650266,192.43824172793845,0.0,34.758356294137386,7.76347194546579e-08,0.0
508,30540.0,30540,34.758356216690494,34.758356216690494,192.93065177414485,0.0,34.75835629432683,7.763633777001805e-08,0.0
509,30600.0,30600,34.758356216879186,34.758356216879186,193.4230618203539,0.0,34.75835629451729,7.763810747908558e-08,0.0
510,30660.0,30660,34.75835621706873,34.75835621706873,193.9154718665656,0.0,34.75835629470876,7.764002798443812e-08,0.0
511,30720.0,30720,34.75835621725914,34.75835621725914,194.40788191277997,0.0,34.75835629490124,7.764209866276454e-08,0.0
512,30780.0,30780,34.758356217450405,34.758356217450405,194.9002919589971,0.0,34.75835629509472,7.76443188651589e-08,0.0
513,30840.0,30840,34.75835621764253,34.75835621764253,195.39270200521688,0.0,34.75835629528922,7.764668791739557e-08,0.0
514,30900.0,30900,34.75835621783551,34.75835621783551,195.8851120514394,0.0,34.75835629548472,7.764920512026273e-08,0.0
515,30960.0,30960,34.75835621802936,34.75835621802936,196.37752209766464,0.0,34.75835629568123,7.7651869749798e-08,0.0
516,31020.0,31020,34.758356218224066,34.758356218224066,196.8699321438926,0.0,34.75835629587874,7.765468105764602e-08,0.0
517,31080.0,31080,34.75835621841963,34.75835621841963,197.36234219012331,0.0,34.75835629607726,7.765763827128753e-08,0.0
518,31140.0,31140,34.75835621861605,34.75835621861605,197.85475223635683,0.0,34.758356296276794,7.766074059442768e-08,0.0
519,31200.0,31200,34.75835621881334,34.75835621881334,198.3471622825931,0.0,34.75835629647733,7.76639872071889e-08,0.0
520,31260.0,31260,34.758356219011496,34.758356219011496,198.8395723288321,0.0,34.75835629667887,7.76673772664893e-08,0.0
521,31320.0,31320,34.75835621921051,34.75835621921051,199.33198237507398,0.0,34.758356296881416,7.767090990627841e-08,0.0
522,31380.0,31380,34.758356219410395,34.758356219410395,199.8243924213186,0.0,34.75835629708498,7.767458423789132e-08,0.0
523,31440.0,31440,34.75835621961115,34.75835621961115,200.3168024675661,0.0,34.75835629728955,7.76783993502845e-08,0.0
524,31500.0,31500,34.758356219812775,34.758356219812775,200.8092125138164,0.0,34.75835629749513,7.768235431037903e-08,0.0
525,31560.0,31560,34.75835622001528,34.75835622001528,201.30162256006957,0.0,34.758356297701724,7.768644816331274e-08,0.0
526,31620.0,31620,34.75835622021865,34.75835622021865,201.79403260632557,0.0,34.75835629790934,7.769067993278131e-08,0.0
527,31680.0,31680,34.75835622042291,34.75835622042291,202.28644265258444,0.0,34.75835629811796,7.769504862127073e-08,0.0
528,31740.0,31740,34.75835622062805,34.75835622062805,202.7788526988462,0.0,34.758356298327605,7.76995532104147e-08,0.0
529,31800.0,31800,34.758356220834074,34.758356220834074,203.2712627451109,0.0,34.75835629853827,7.770419266120316e-08,0.0
530,31860.0,31860,34.758356221041,34.758356221041,203.7636727913785,0.0,34.75835629874996,7.770896591435816e-08,0.0
531,31920.0,31920,34.7583562212488,34.7583562212488,204.25608283764893,0.0,34.75835629896268,7.771387189054573e-08,0.0
532,31980.0,31980,34.758356221457525,34.758356221457525,204.74849288392235,0.0,34.758356299176434,7.771890949069701e-08,0.0
533,32040.0,32040,34.75835622166715,34.75835622166715,205.24090293019873,0.0,34.758356299391224,7.772407759629235e-08,0.0
534,32100.0,32100,34.75835622187768,34.75835622187768,205.73331297647806,0.0,34.75835629960705,7.772937506962008e-08,0.0
535,32160.0,32160,34.758356222089134,34.758356222089134,206.22572302276035,0.0,34.75835629982393,7.773480075408132e-08,0.0
536,32220.0,32220,34.758356222301515,34.758356222301515,206.71813306904562,0.0,34.75835630004187,7.774035347443562e-08,0.0
537,32280.0,32280,34.75835622251482,34.75835622251482,207.21054311533388,0.0,34.75835630026086,7.774603203711686e-08,0.0
538,32340.0,32340,34.75835622272908,34.75835622272908,207.70295316162517,0.0,34.75835630048091,7.775183523045349e-08,0.0
539,32400.0,32400,34.758356222944286,34.758356222944286,208.19536320791946,0.0,34.75835630070205,7.775776182501518e-08,0.0
540,32460.0,32460,34.758356223160455,34.758356223160455,208.68777325421678,0.0,34.75835630092426,7.776381057380579e-08,0.0
541,32520.0,32520,34.75835622337759,34.75835622337759,209.1801833005172,0.0,34.75835630114757,7.77699802125561e-08,0.0
542,32580.0,32580,34.758356223595705,34.758356223595705,209.6725933468206,0.0,34.75835630137198,7.777626946004844e-08,0.0
543,32640.0,32640,34.75835622381482,34.75835622381482,210.16500339312714,0.0,34.758356301597495,7.778267701825705e-08,0.0
544,32700.0,32700,34.75835622403494,34.75835622403494,210.65741343943674,0.0,34.75835630182414,7.778920157275048e-08,0.0
545,32760.0,32760,34.75835622425608,34.75835622425608,211.14982348574944,0.0,34.75835630205192,7.779584179286378e-08,0.0
546,32820.0,32820,34.758356224478256,34.758356224478256,211.64223353206526,0.0,34.75835630228085,7.780259633197813e-08,0.0
547,32880.0,32880,34.75835622470147,34.75835622470147,212.1346435783842,0.0,34.75835630251094,7.780946382781032e-08,0.0
548,32940.0,32940,34.75835622492576,34.75835622492576,212.6270536247063,0.0,34.75835630274221,7.781644290261779e-08,0.0
549,33000.0,33000,34.75835622515114,34.75835622515114,213.11946367103155,0.0,34.75835630297467,7.782353216351229e-08,0.0
550,33060.0,33060,34.758356225377604,34.758356225377604,213.61187371736,0.0,34.75835630320834,7.783073020269778e-08,0.0
551,33120.0,33120,34.7583562256052,34.7583562256052,214.1042837636916,0.0,34.758356303443236,7.783803559771501e-08,0.0
552,33180.0,33180,34.758356225833936,34.758356225833936,214.5966938100264,0.0,34.758356303679385,7.78454469116981e-08,0.0
553,33240.0,33240,34.75835622606383,34.75835622606383,215.08910385636452,0.0,34.75835630391679,7.785296269369363e-08,0.0
554,33300.0,33300,34.758356226294914,34.758356226294914,215.58151390270575,0.0,34.7583563041555,7.786058147881195e-08,0.0
555,33360.0,33360,34.758356226527205,34.758356226527205,216.0739239490503,0.0,34.75835630439551,7.786830178859241e-08,0.0
556,33420.0,33420,34.75835622676074,34.75835622676074,216.5663339953981,0.0,34.758356304636855,7.78761221312171e-08,0.0
557,33480.0,33480,34.75835622699553,34.75835622699553,217.05874404174924,0.0,34.75835630487957,7.788404100178062e-08,0.0
558,33540.0,33540,34.758356227231616,34.758356227231616,217.55115408810363,0.0,34.75835630512367,7.789205688255115e-08,0.0
559,33600.0,33600,34.758356227469015,34.75835622746902,218.04356413446135,0.0,34.75835630536919,7.790016824327957e-08,0.0
560,33660.0,33660,34.75835622770778,34.75835622770778,218.53597418082245,0.0,34.758356305616154,7.790837354141441e-08,0.0
561,33720.0,33720,34.75835622794793,34.75835622794793,219.02838422718688,0.0,34.758356305864595,7.79166712224232e-08,0.0
562,33780.0,33780,34.75835622818949,34.75835622818949,219.52079427355469,0.0,34.75835630611456,7.79250597200819e-08,0.0
563,33840.0,33840,34.75835622843252,34.75835622843252,220.01320431992593,0.0,34.75835630636606,7.793353745674034e-08,0.0
564,33900.0,33900,34.75835622867704,34.75835622867704,220.50561436630056,0.0,34.75835630661914,7.794210284362038e-08,0.0
565,33960.0,33960,34.758356228923105,34.758356228923105,220.99802441267863,0.0,34.75835630687386,7.795075428112521e-08,0.0
566,34020.0,34020,34.758356229170744,34.758356229170744,221.49043445906017,0.0,34.758356307130235,7.795949015916066e-08,0.0
567,34080.0,34080,34.758356229420016,34.758356229420016,221.98284450544523,0.0,34.758356307388325,7.796830885741149e-08,0.0
568,34140.0,34140,34.75835622967095,34.75835622967095,222.47525455183376,0.0,34.758356307648164,7.79772087457208e-08,0.0
569,34200.0,34200,34.75835622992361,34.75835622992361,222.96766459822584,0.0,34.75835630790981,7.798618818440807e-08,0.0
570,34260.0,34260,34.758356230178045,34.758356230178045,223.46007464462147,0.0,34.7583563081733,7.799524552460359e-08,0.0
571,34320.0,34320,34.7583562304343,34.7583562304343,223.9524846910207,0.0,34.758356308438685,7.800437910860261e-08,0.0
572,34380.0,34380,34.75835623069245,34.75835623069245,224.44489473742354,0.0,34.758356308706034,7.801358727026567e-08,0.0
573,34440.0,34440,34.75835623095253,34.75835623095253,224.93730478382997,0.0,34.758356308975394,7.802286833538917e-08,0.0
574,34500.0,34500,34.75835623121461,34.75835623121461,225.4297148302401,0.0,34.75835630924683,7.803222062205962e-08,0.0
575,34560.0,34560,34.75835623147876,34.75835623147876,225.92212487665392,0.0,34.7583563095204,7.804164244116781e-08,0.0
576,34620.0,34620,34.75835623174504,34.75835623174504,226.41453492307144,0.0,34.75835630979617,7.805113209673025e-08,0.0
577,34680.0,34680,34.75835623201352,34.75835623201352,226.90694496949268,0.0,34.75835631007421,7.806068788639243e-08,0.0
578,34740.0,34740,34.758356232284285,34.758356232284285,227.39935501591773,0.0,34.758356310354586,7.807030810187395e-08,0.0
579,34800.0,34800,34.75835623255739,34.75835623255739,227.8917650623466,0.0,34.75835631063738,7.807999102946649e-08,0.0
580,34860.0,34860,34.758356232832924,34.758356232832924,228.38417510877932,0.0,34.758356310922665,7.80897349504954e-08,0.0
581,34920.0,34920,34.75835623311098,34.75835623311098,228.8765851552159,0.0,34.75835631121052,7.809953814185585e-08,0.0
582,34980.0,34980,34.75835623339162,34.75835623339162,229.36899520165642,0.0,34.758356311501025,7.81093988765876e-08,0.0
583,35040.0,35040,34.75835623367495,34.75835623367495,229.86140524810088,0.0,34.75835631179427,7.811931542435949e-08,0.0
584,35100.0,35100,34.75835623396107,34.75835623396107,230.35381529454932,0.0,34.75835631209035,7.812928605211654e-08,0.0
585,35160.0,35160,34.75835623425005,34.75835623425005,230.8462253410018,0.0,34.75835631238936,7.813930902466e-08,0.0
586,35220.0,35220,34.758356234542006,34.758356234542006,231.3386353874583,0.0,34.7583563126914,7.814938260524605e-08,0.0
587,35280.0,35280,34.75835623483705,34.75835623483705,231.83104543391897,0.0,34.758356312996554,7.815950505624813e-08,0.0
588,35340.0,35340,34.758356235135274,34.758356235135274,232.32345548038379,0.0,34.75835631330495,7.816967463984889e-08,0.0
589,35400.0,35400,34.7583562354368,34.7583562354368,232.81586552685278,0.0,34.75835631361669,7.817988961868383e-08,0.0
590,35460.0,35460,34.758356235741736,34.75835623574174,233.308275573326,0.0,34.75835631393189,7.819014825657501e-08,0.0
591,35520.0,35520,34.75835623605022,34.75835623605022,233.80068561980357,0.0,34.75835631425067,7.82004488192546e-08,0.0
592,35580.0,35580,34.75835623636236,34.75835623636236,234.29309566628547,0.0,34.75835631457315,7.821078957513374e-08,0.0
593,35640.0,35640,34.758356236678296,34.758356236678296,234.78550571277177,0.0,34.75835631489946,7.822116879601631e-08,0.0
594,35700.0,35700,34.75835623699815,34.75835623699815,235.27791575926247,0.0,34.75835631522973,7.823158475793562e-08,0.0
595,35760.0,35760,34.758356237322076,34.758356237322076,235.77032580575772,0.0,34.758356315564114,7.82420357419045e-08,0.0
596,35820.0,35820,34.75835623765021,34.75835623765021,236.26273585225752,0.0,34.75835631590273,7.825252003477603e-08,0.0
597,35880.0,35880,34.7583562379827,34.7583562379827,236.75514589876195,0.0,34.75835631624574,7.82630359299838e-08,0.0
598,35940.0,35940,34.75835623831971,34.75835623831971,237.24755594527105,0.0,34.7583563165933,7.82735817284147e-08,0.0
599,36000.0,36000,34.758356238661406,34.758356238661406,237.73996599178494,0.0,34.75835631694556,7.828415573920616e-08,0.0
600,36060.0,36060,34.75835623900793,34.75835623900793,238.2323760383036,0.0,34.758356317302685,7.829475628056528e-08,0.0
601,36120.0,36120,34.75835623935947,34.75835623935947,238.72478608482714,0.0,34.758356317664855,7.830538168053862e-08,0.0
602,36180.0,36180,34.75835623971621,34.75835623971621,239.21719613135562,0.0,34.758356318032234,7.831603027782803e-08,0.0
603,36240.0,36240,34.75835624007831,34.75835624007831,239.70960617788916,0.0,34.758356318405006,7.83267004225034e-08,0.0
604,36300.0,36300,34.75835624044598,34.75835624044598,240.2020162244278,0.0,34.75835631878336,7.83373904767407e-08,0.0
605,36360.0,36360,34.758356240819396,34.758356240819396,240.6944262709716,0.0,34.7583563191675,7.834809881549409e-08,0.0
606,36420.0,36420,34.758356241198776,34.758356241198776,241.18683631752072,0.0,34.7583563195576,7.835882382705197e-08,0.0
607,36480.0,36480,34.75835624158432,34.75835624158432,241.6792463640751,0.0,34.75835631995389,7.836956391362359e-08,0.0
608,36540.0,36540,34.75835624197625,34.75835624197625,242.171656410635,0.0,34.75835632035657,7.838031749177874e-08,0.0
609,36600.0,36600,34.75835624237478,34.75835624237478,242.66406645720036,0.0,34.75835632076586,7.839108299273734e-08,0.0
610,36660.0,36660,34.75835624278014,34.75835624278014,243.15647650377136,0.0,34.75835632118199,7.840185886261934e-08,0.0
611,36720.0,36720,34.75835624319255,34.75835624319255,243.6488865503481,0.0,34.7583563216052,7.841264356249962e-08,0.0
612,36780.0,36780,34.758356243612276,34.758356243612276,244.14129659693066,0.0,34.75835632203571,7.842343556830162e-08,0.0
613,36840.0,36840,34.75835624403955,34.75835624403955,244.63370664351908,0.0,34.75835632247378,7.843423337047933e-08,0.0
614,36900.0,36900,34.758356244474626,34.758356244474626,245.1261166901136,0.0,34.75835632291966,7.84450354734635e-08,0.0
615,36960.0,36960,34.75835624491778,34.75835624491778,245.61852673671422,0.0,34.75835632337362,7.845584039487761e-08,0.0
616,37020.0,37020,34.75835624536927,34.75835624536927,246.11093678332108,0.0,34.75835632383592,7.846664666441943e-08,0.0
617,37080.0,37080,34.75835624582937,34.75835624582937,246.60334682993437,0.0,34.758356324306824,7.847745282239044e-08,0.0
618,37140.0,37140,34.758356246298376,34.758356246298376,247.09575687655408,0.0,34.75835632478663,7.848825741781198e-08,0.0
619,37200.0,37200,34.75835624677658,34.75835624677658,247.5881669231804,0.0,34.758356325275635,7.849905900616969e-08,0.0
620,37260.0,37260,34.75835624726427,34.75835624726427,248.08057696981348,0.0,34.75835632577412,7.850985614655353e-08,0.0
621,37320.0,37320,34.75835624776175,34.75835624776175,248.57298701645345,0.0,34.7583563262824,7.852064739821031e-08,0.0
622,37380.0,37380,34.75835624826935,34.75835624826935,249.06539706310045,0.0,34.75835632680079,7.853143131655214e-08,0.0
623,37440.0,37440,34.758356248787386,34.758356248787386,249.55780710975463,0.0,34.758356327329594,7.854220644827897e-08,0.0
624,37500.0,37500,34.758356249316186,34.758356249316186,250.05021715641607,0.0,34.75835632786916,7.855297132575868e-08,0.0
625,37560.0,37560,34.75835624985608,34.75835624985608,250.542627203085,0.0,34.75835632841981,7.856372446038956e-08,0.0
626,37620.0,37620,34.75835625040742,34.75835625040742,251.03503724976156,0.0,34.75835632898188,7.857446433489485e-08,0.0
627,37680.0,37680,34.75835625097055,34.75835625097055,251.52744729644593,0.0,34.75835632955574,7.85851893944635e-08,0.0
628,37740.0,37740,34.758356251545834,34.758356251545834,252.0198573431382,0.0,34.75835633014173,7.859589803642619e-08,0.0
629,37800.0,37800,34.75835625213362,34.75835625213362,252.51226738983863,0.0,34.75835633074021,7.860658859838269e-08,0.0
630,37860.0,37860,34.7583562527343,34.7583562527343,253.00467743654735,0.0,34.758356331351564,7.861725934463752e-08,0.0
631,37920.0,37920,34.758356253348246,34.758356253348246,253.49708748326452,0.0,34.75835633197615,7.86279084505168e-08,0.0
632,37980.0,37980,34.75835625397582,34.75835625397582,253.9894975299904,0.0,34.758356332614355,7.863853398445056e-08,0.0
633,38040.0,38040,34.758356254617425,34.758356254617425,254.48190757672512,0.0,34.758356333266555,7.864913388753598e-08,0.0
634,38100.0,38100,34.75835625527344,34.75835625527344,254.97431762346892,0.0,34.75835633393314,7.8659705949957e-08,0.0
635,38160.0,38160,34.758356255944264,34.758356255944264,255.46672767022196,0.0,34.75835633461451,7.86702477841339e-08,0.0
636,38220.0,38220,34.758356256630286,34.758356256630286,255.95913771698451,0.0,34.75835633531104,7.868075679392409e-08,0.0
637,38280.0,38280,34.7583562573319,34.7583562573319,256.45154776375676,0.0,34.75835633602313,7.869123013930522e-08,0.0
638,38340.0,38340,34.75835625804949,34.75835625804949,256.9439578105389,0.0,34.75835633675115,7.870166469584073e-08,0.0
639,38400.0,38400,34.758356258783444,34.758356258783444,257.43636785733116,0.0,34.7583563374955,7.87120570081461e-08,0.0
640,38460.0,38460,34.75835625953414,34.75835625953414,257.9287779041338,0.0,34.75835633825655,7.872240323616838e-08,0.0
641,38520.0,38520,34.75835626030195,34.75835626030195,258.4211879509471,0.0,34.75835633903465,7.873269909324233e-08,0.0
642,38580.0,38580,34.75835626108722,34.75835626108722,258.9135979977712,0.0,34.758356339830165,7.874293977432277e-08,0.0
643,38640.0,38640,34.75835626189028,34.75835626189028,259.40600804460644,0.0,34.758356340643395,7.875311987253727e-08,0.0
644,38700.0,38700,34.75835626271143,34.75835626271143,259.898418091453,0.0,34.75835634147466,7.876323328187496e-08,0.0
645,38760.0,38760,34.75835626355092,34.75835626355092,260.39082813831124,0.0,34.7583563423242,7.877327308300053e-08,0.0
646,38820.0,38820,34.75835626440898,34.75835626440898,260.88323818518126,0.0,34.75835634319221,7.878323140886277e-08,0.0
647,38880.0,38880,34.75835626528575,34.75835626528575,261.37564823206344,0.0,34.75835634407885,7.879309928525671e-08,0.0
648,38940.0,38940,34.75835626618129,34.75835626618129,261.868058278958,0.0,34.75835634498415,7.880286644072687e-08,0.0
649,39000.0,39000,34.75835626709556,34.75835626709556,262.3604683258652,0.0,34.75835634590808,7.881252107809636e-08,0.0
650,39060.0,39060,34.75835626802838,34.75835626802838,262.8528783727854,0.0,34.75835634685043,7.882204959771435e-08,0.0
651,39120.0,39120,34.75835626897938,34.75835626897938,263.34528841971877,0.0,34.75835634781082,7.883143625913813e-08,0.0
652,39180.0,39180,34.75835626994797,34.75835626994797,263.8376984666656,0.0,34.75835634878863,7.884066276357764e-08,0.0
653,39240.0,39240,34.758356270933234,34.758356270933234,264.3301085136261,0.0,34.75835634978294,7.884970773251858e-08,0.0
654,39300.0,39300,34.75835627193387,34.75835627193387,264.82251856060054,0.0,34.75835635079242,7.885854604931033e-08,0.0
655,39360.0,39360,34.75835627294803,34.75835627294803,265.3149286075891,0.0,34.75835635181517,7.886714801596778e-08,0.0
656,39420.0,39420,34.75835627397314,34.75835627397314,265.807338654592,0.0,34.758356352848615,7.887547825794055e-08,0.0
657,39480.0,39480,34.758356275005646,34.758356275005646,266.2997487016095,0.0,34.75835635388914,7.888349427811592e-08,0.0
658,39540.0,39540,34.758356276040665,34.758356276040665,266.7921587486415,0.0,34.75835635493181,7.889114451429974e-08,0.0
659,39600.0,39600,34.75835627707143,34.75835627707143,267.2845687956882,0.0,34.758356355969795,7.889836567918921e-08,0.0
660,39660.0,39660,34.7583562780885,34.7583562780885,267.77697884274943,0.0,34.75835635699357,7.890507904181129e-08,0.0
661,39720.0,39720,34.75835627907862,34.75835627907862,268.2693888898251,0.0,34.758356357989804,7.891118511118794e-08,0.0
662,39780.0,39780,34.75835628002284,34.75835628002284,268.76179893691483,0.0,34.758356358939395,7.891655585066294e-08,0.0
663,39840.0,39840,34.758356280893615,34.758356280893615,269.2542089840178,0.0,34.75835635981464,7.892102297747905e-08,0.0
664,39900.0,39900,34.75835628164998,34.75835628164998,269.74661903113315,0.0,34.75835636057434,7.892435988934468e-08,0.0
665,39960.0,39960,34.75835628222932,34.75835628222932,270.23902907825925,0.0,34.75835636115558,7.892625292426729e-08,0.0
666,40020.0,40020,34.75835628253282,34.75835628253282,270.7314391253935,0.0,34.75835636145908,7.892625425072033e-08,0.0
667,40080.0,40080,34.75835628239845,34.75835628239845,271.2238491725321,0.0,34.75835636132216,7.892370221491014e-08,0.0
668,40140.0,40140,34.758356281548465,34.758356281548465,271.7162592196687,0.0,34.75835636046605,7.891758252681015e-08,0.0
669,40200.0,40200,34.758356279481696,34.758356279481696,272.2086692667933,0.0,34.75835635838797,7.890627998970365e-08,0.0
670,40260.0,40260,34.758356275240054,34.758356275240054,272.7010793138887,0.0,34.75835635412719,7.888712927551132e-08,0.0
671,40320.0,40320,34.75835626687524,34.75835626687524,273.1934893609241,0.0,34.758356345730874,7.885563125832385e-08,0.0
672,40380.0,40380,34.75835625020073,34.75835625020073,273.685899407841,0.0,34.75835632900513,7.880440532797025e-08,0.0
673,40440.0,40440,34.758356216252366,34.758356216252366,274.17830945452187,0.0,34.75835629497706,7.872469488175336e-08,0.0
674,40500.0,40500,34.758356155714615,34.758356155714615,274.67071950072193,0.0,34.75835623435672,7.864210299501016e-08,0.0
675,40560.0,40560,34.75835664236466,-265.2416433576354,275.1631295460646,300.0,7.477694996203068e-08,265.24164343241233,0.0
676,40620.0,40620,34.75835664241423,-265.24164335758576,270.74243548991706,300.0,7.478014958708197e-08,265.2416434323659,0.0
677,40680.0,40680,34.75835664244285,-265.24164335755717,266.3217414337704,300.0,7.478528343188201e-08,265.2416434323424,0.0
678,40740.0,40740,34.758356642464996,-265.241643357535,261.90104737762414,300.0,7.479003053908301e-08,265.2416434323251,0.0
679,40800.0,40800,34.75835664248333,-265.24164335751664,257.4803533214782,300.0,7.479416651797277e-08,265.2416434323108,0.0
680,40860.0,40860,34.75835664249883,-265.2416433575012,253.05965926533267,300.0,7.479768970784741e-08,265.2416434322988,0.0
681,40920.0,40920,34.75835664251203,-265.241643357488,248.6389652091873,300.0,7.480062044541601e-08,265.2416434322886,0.0
682,40980.0,40980,34.7583566425232,-265.2416433574768,244.2182711530422,300.0,7.480297345686932e-08,265.2416434322797,0.0
683,41040.0,41040,34.75835664253256,-265.2416433574674,239.79757709689724,300.0,7.480475667675409e-08,265.2416434322722,0.0
684,41100.0,41100,34.75835664254026,-265.24164335745974,235.37688304075243,300.0,7.480597351649696e-08,265.24164343226573,0.0
685,41160.0,41160,34.75835664254641,-265.2416433574536,230.95618898460776,300.0,7.480662480848832e-08,265.2416434322602,0.0
686,41220.0,41220,34.75835664255109,-265.2416433574489,226.53549492846318,300.0,7.48067100598356e-08,265.2416434322556,0.0
687,41280.0,41280,34.758356639842404,-185.2416433601574,222.11480087231868,219.99999999999983,7.567785640027708e-08,185.2416434358353,0.0
688,41340.0,41340,34.75835646221399,34.75835646221399,219.0274401494602,0.0,34.758356539348675,7.713468440011301e-08,0.0
689,41400.0,41400,34.75835646233419,34.75835646233419,219.51985019914875,0.0,34.7583565394702,7.713600663976187e-08,0.0
690,41460.0,41460,34.75835646245556,34.75835646245556,220.01226024883897,0.0,34.75835653959292,7.713735418455928e-08,0.0
691,41520.0,41520,34.75835646257809,34.75835646257809,220.50467029853087,0.0,34.75835653971682,7.713872775789082e-08,0.0
692,41580.0,41580,34.7583564627018,34.7583564627018,220.99708034822456,0.0,34.75835653984193,7.714012812347909e-08,0.0
693,41640.0,41640,34.75835646282668,34.75835646282668,221.48949039791995,0.0,34.75835653996823,7.714155608556904e-08,0.0
694,41700.0,41700,34.75835646295273,34.75835646295273,221.98190044761714,0.0,34.75835654009575,7.71430124889861e-08,0.0
695,41760.0,41760,34.75835646307996,34.75835646307996,222.47431049731614,0.0,34.75835654022446,7.714449821924475e-08,0.0
696,41820.0,41820,34.75835646320837,34.75835646320837,222.9667205470169,0.0,34.758356540354384,7.714601420250242e-08,0.0
697,41880.0,41880,34.75835646333796,34.75835646333796,223.4591305967195,0.0,34.75835654048552,7.714756140561656e-08,0.0
698,41940.0,41940,34.75835646346872,34.75835646346872,223.9515406464239,0.0,34.75835654061787,7.714914083600863e-08,0.0
699,42000.0,42000,34.75835646360068,34.75835646360068,224.44395069613017,0.0,34.75835654075143,7.715075354157421e-08,0.0
700,42060.0,42060,34.75835646373381,34.75835646373381,224.93636074583833,0.0,34.75835654088621,7.71524006105832e-08,0.0
701,42120.0,42120,34.75835646386813,34.75835646386813,225.42877079554833,0.0,34.75835654102221,7.71540831714166e-08,0.0
702,42180.0,42180,34.75835646400363,34.75835646400363,225.92118084526027,0.0,34.758356541159436,7.715580239239009e-08,0.0
703,42240.0,42240,34.758356464140334,34.758356464140334,226.4135908949741,0.0,34.758356541297886,7.715755948148852e-08,0.0
704,42300.0,42300,34.758356464278215,34.758356464278215,226.90600094468985,0.0,34.75835654143757,7.715935568604908e-08,0.0
705,42360.0,42360,34.75835646441729,34.75835646441729,227.39841099440756,0.0,34.75835654157848,7.716119229242794e-08,0.0
706,42420.0,42420,34.75835646455756,34.75835646455755,227.89082104412725,0.0,34.75835654172062,7.716307062565589e-08,0.0
707,42480.0,42480,34.75835646469901,34.75835646469901,228.38323109384888,0.0,34.75835654186401,7.716499204899757e-08,0.0
708,42540.0,42540,34.75835646484167,34.75835646484167,228.8756411435725,0.0,34.75835654200863,7.716695796356658e-08,0.0
709,42600.0,42600,34.758356464985525,34.758356464985525,229.3680511932982,0.0,34.758356542154495,7.716896980785499e-08,0.0
710,42660.0,42660,34.758356465130575,34.758356465130575,229.8604612430259,0.0,34.7583565423016,7.71710290572235e-08,0.0
711,42720.0,42720,34.75835646527682,34.75835646527682,230.35287129275562,0.0,34.75835654244996,7.717313722345951e-08,0.0
712,42780.0,42780,34.75835646542427,34.75835646542427,230.84528134248745,0.0,34.758356542599564,7.717529585426064e-08,0.0
713,42840.0,42840,34.75835646557292,34.75835646557292,231.33769139222136,0.0,34.75835654275043,7.717750653263377e-08,0.0
714,42900.0,42900,34.75835646572278,34.75835646572278,231.83010144195737,0.0,34.75835654290255,7.717977087649161e-08,0.0
715,42960.0,42960,34.75835646587383,34.75835646587383,232.3225114916955,0.0,34.758356543055925,7.718209053804179e-08,0.0
716,43020.0,43020,34.75835646602609,34.75835646602609,232.81492154143575,0.0,34.75835654321057,7.718446720328473e-08,0.0
717,43080.0,43080,34.75835646617957,34.75835646617957,233.30733159117813,0.0,34.758356543366475,7.71869025915344e-08,0.0
718,43140.0,43140,34.75835646633425,34.75835646633425,233.7997416409227,0.0,34.75835654352365,7.718939845491828e-08,0.0
719,43200.0,43200,34.75835646649014,34.75835646649014,234.29215169066947,0.0,34.758356543682105,7.719195657800674e-08,0.0
720,43260.0,43260,34.75835646664725,34.75835646664725,234.7845617404184,0.0,34.75835654384183,7.719457877731961e-08,0.0
721,43320.0,43320,34.75835646680557,34.75835646680557,235.2769717901696,0.0,34.758356544002844,7.719726690111118e-08,0.0
722,43380.0,43380,34.75835646696512,34.75835646696512,235.76938183992303,0.0,34.75835654416514,7.720002282909287e-08,0.0
723,43440.0,43440,34.75835646712588,34.75835646712588,236.26179188967873,0.0,34.75835654432872,7.720284847227742e-08,0.0
724,43500.0,43500,34.758356467287854,34.758356467287854,236.75420193943668,0.0,34.7583565444936,7.720574577301843e-08,0.0
725,43560.0,43560,34.75835646745106,34.75835646745106,237.2466119891969,0.0,34.758356544659776,7.720871670513206e-08,0.0
726,43620.0,43620,34.75835646761549,34.75835646761549,237.73902203895946,0.0,34.75835654482726,7.7211763274192e-08,0.0
727,43680.0,43680,34.758356467781155,34.758356467781155,238.2314320887243,0.0,34.75835654499604,7.721488751813479e-08,0.0
728,43740.0,43740,34.75835646794805,34.75835646794805,238.7238421384915,0.0,34.758356545166144,7.721809150801752e-08,0.0
729,43800.0,43800,34.75835646811618,34.75835646811618,239.21625218826102,0.0,34.758356545337556,7.722137734915059e-08,0.0
730,43860.0,43860,34.75835646828555,34.75835646828555,239.70866223803293,0.0,34.7583565455103,7.722474718257916e-08,0.0
731,43920.0,43920,34.758356468456164,34.758356468456164,240.20107228780725,0.0,34.758356545684364,7.72282031869923e-08,0.0
732,43980.0,43980,34.75835646862802,34.75835646862802,240.69348233758402,0.0,34.758356545859776,7.723174758112328e-08,0.0
733,44040.0,44040,34.75835646880113,34.75835646880113,241.18589238736317,0.0,34.75835654603652,7.723538262677291e-08,0.0
734,44100.0,44100,34.7583564689755,34.7583564689755,241.67830243714474,0.0,34.758356546214614,7.723911063253883e-08,0.0
735,44160.0,44160,34.75835664289249,-265.24164335710753,242.17071248692878,300.0,7.485772537650216e-08,265.2416434319652,0.0
736,44220.0,44220,34.758356642903124,-265.24164335709685,237.75001843078982,300.0,7.486030879253665e-08,265.2416434319572,0.0
737,44280.0,44280,34.75835664291209,-265.2416433570879,233.3293243746511,300.0,7.486229810566279e-08,265.2416434319502,0.0
738,44340.0,44340,34.75835664291949,-265.2416433570805,228.90863031851245,300.0,7.486370161597842e-08,265.24164343194417,0.0
739,44400.0,44400,34.758356642925385,-265.24164335707457,224.48793626237398,300.0,7.486452301410031e-08,265.2416434319391,0.0
740,44460.0,44460,34.75835664292987,-265.2416433570702,220.06724220623553,300.0,7.486476364472944e-08,265.2416434319349,0.0
741,44520.0,44520,34.75835664293297,-265.241643357067,215.6465481500972,300.0,7.486442370903229e-08,265.2416434319314,0.0
742,44580.0,44580,34.75835664293475,-265.24164335706524,211.22585409395893,300.0,7.486350291215649e-08,265.24164343192876,0.0
743,44640.0,44640,34.758356642935226,-265.2416433570648,206.80516003782068,300.0,7.486200081306036e-08,265.2416434319268,0.0
744,44700.0,44700,34.75835664293445,-265.2416433570656,202.38446598168244,300.0,7.485991701114566e-08,265.24164343192547,0.0
745,44760.0,44760,34.75835664293243,-265.2416433570676,197.96377192554422,300.0,7.485725124214859e-08,265.24164343192484,0.0
746,44820.0,44820,34.7583566422249,-260.241643357775,193.54307786940592,294.9999999999999,7.607938038123745e-08,260.2416434338544,0.0
747,44880.0,44880,34.7583564702224,34.7583564702224,189.20571714658618,0.0,34.758356547469155,7.724674876142484e-08,0.0
748,44940.0,44940,34.758356470276915,34.758356470276915,189.69812719638787,0.0,34.758356547522745,7.72458292326573e-08,0.0
749,45000.0,45000,34.75835647033181,34.75835647033181,190.19053724619036,0.0,34.758356547576724,7.724491618847003e-08,0.0
750,45060.0,45060,34.75835647038708,34.75835647038708,190.6829472959936,0.0,34.75835654763109,7.724400980890755e-08,0.0
751,45120.0,45120,34.75835647044272,34.75835647044272,191.17535734579764,0.0,34.75835654768583,7.72431103010019e-08,0.0
752,45180.0,45180,34.75835647049873,34.75835647049873,191.66776739560245,0.0,34.75835654774095,7.724221789982416e-08,0.0
753,45240.0,45240,34.758356470555114,34.758356470555114,192.1601774454081,0.0,34.75835654779645,7.72413328696173e-08,0.0
754,45300.0,45300,34.758356470611865,34.758356470611865,192.6525874952145,0.0,34.75835654785232,7.72404555047995e-08,0.0
755,45360.0,45360,34.75835647066898,34.75835647066898,193.14499754502174,0.0,34.75835654790857,7.723958613105842e-08,0.0
756,45420.0,45420,34.758356470726454,34.758356470726454,193.63740759482977,0.0,34.75835654796518,7.723872510623849e-08,0.0
757,45480.0,45480,34.75835647078429,34.75835647078429,194.12981764463865,0.0,34.758356548022164,7.723787282132112e-08,0.0
758,45540.0,45540,34.75835647084249,34.758356470842486,194.62222769444833,0.0,34.75835654807952,7.723702970134474e-08,0.0
759,45600.0,45600,34.75835647090104,34.75835647090104,195.11463774425883,0.0,34.758356548137236,7.72361962062053e-08,0.0
760,45660.0,45660,34.758356470959946,34.758356470959946,195.60704779407016,0.0,34.758356548195316,7.723537283148745e-08,0.0
761,45720.0,45720,34.7583564710192,34.7583564710192,196.09945784388236,0.0,34.75835654825376,7.723456010928151e-08,0.0
762,45780.0,45780,34.758356471078805,34.758356471078805,196.59186789369534,0.0,34.75835654831256,7.72337586088008e-08,0.0
763,45840.0,45840,34.75835647113876,34.75835647113876,197.0842779435092,0.0,34.75835654837173,7.72329689371317e-08,0.0
764,45900.0,45900,34.75835647119906,34.75835647119906,197.57668799332393,0.0,34.75835654843125,7.723219173982031e-08,0.0
765,45960.0,45960,34.7583564712597,34.7583564712597,198.06909804313946,0.0,34.75835654849113,7.723142770144598e-08,0.0
766,46020.0,46020,34.75835647132069,34.75835647132069,198.56150809295588,0.0,34.75835654855137,7.723067754614321e-08,0.0
767,46080.0,46080,34.758356471382015,34.758356471382015,199.05391814277317,0.0,34.75835654861196,7.722994203803485e-08,0.0
768,46140.0,46140,34.75835647144368,34.75835647144368,199.54632819259132,0.0,34.75835654867291,7.722922198169483e-08,0.0
769,46200.0,46200,34.758356471505685,34.758356471505685,200.03873824241032,0.0,34.758356548734206,7.722851822247055e-08,0.0
770,46260.0,46260,34.75835647156803,34.75835647156803,200.53114829223028,0.0,34.75835654879586,7.722783164676469e-08,0.0
771,46320.0,46320,34.758356471630705,34.758356471630705,201.02355834205107,0.0,34.75835654885787,7.722716318231263e-08,0.0
772,46380.0,46380,34.75835647169372,34.75835647169372,201.51596839187275,0.0,34.75835654892023,7.722651379833055e-08,0.0
773,46440.0,46440,34.75835647175706,34.75835647175706,202.00837844169533,0.0,34.758356548982945,7.722588450570064e-08,0.0
774,46500.0,46500,34.75835647182074,34.75835647182074,202.50078849151882,0.0,34.75835654904602,7.72252763569635e-08,0.0
775,46560.0,46560,34.75835647188475,34.75835647188475,202.9931985413432,0.0,34.758356549109436,7.722469044637627e-08,0.0
776,46620.0,46620,34.758356471949085,34.758356471949085,203.4856085911685,0.0,34.758356549173214,7.722412790985996e-08,0.0
777,46680.0,46680,34.75835647201375,34.75835647201375,203.97801864099472,0.0,34.75835654923734,7.722358992486783e-08,0.0
778,46740.0,46740,34.75835647207875,34.75835647207875,204.47042869082185,0.0,34.75835654930183,7.722307771023087e-08,0.0
779,46800.0,46800,34.75835647214408,34.75835647214407,204.9628387406499,0.0,34.75835654936667,7.722259252594497e-08,0.0
780,46860.0,46860,34.75835647220973,34.75835647220973,205.45524879047886,0.0,34.758356549431866,7.722213567283213e-08,0.0
781,46920.0,46920,34.75835647227571,34.75835647227571,205.94765884030878,0.0,34.75835654949742,7.722170849225097e-08,0.0
782,46980.0,46980,34.75835647234202,34.758356472342015,206.44006889013963,0.0,34.75835654956333,7.722131236564716e-08,0.0
783,47040.0,47040,34.75835647240866,34.75835647240866,206.9324789399714,0.0,34.75835654962961,7.722094871410372e-08,0.0
784,47100.0,47100,34.758356472475626,34.758356472475626,207.4248889898041,0.0,34.758356549696245,7.72206189977951e-08,0.0
785,47160.0,47160,34.75835647254292,34.75835647254292,207.9172990396378,0.0,34.75835654976324,7.722032471544643e-08,0.0
786,47220.0,47220,34.758356472610544,34.758356472610544,208.40970908947241,0.0,34.75835654983061,7.72200674035989e-08,0.0
787,47280.0,47280,34.7583564726785,34.7583564726785,208.902119139308,0.0,34.75835654989835,7.721984863600442e-08,0.0
788,47340.0,47340,34.75835647274679,34.75835647274679,209.39452918914455,0.0,34.75835654996646,7.721967002280437e-08,0.0
789,47400.0,47400,34.75835647281541,34.75835647281541,209.88693923898205,0.0,34.75835655003494,7.721953320972239e-08,0.0
790,47460.0,47460,34.75835647288436,34.75835647288436,210.37934928882058,0.0,34.7583565501038,7.721943987719386e-08,0.0
791,47520.0,47520,34.75835647295365,34.75835647295365,210.87175933866004,0.0,34.75835655017304,7.721939173942715e-08,0.0
792,47580.0,47580,34.75835647302328,34.75835647302328,211.36416938850053,0.0,34.75835655024267,7.721939054339152e-08,0.0
793,47640.0,47640,34.758356473093244,34.758356473093244,211.85657943834195,0.0,34.758356550312676,7.721943806782583e-08,0.0
794,47700.0,47700,34.758356473163545,34.758356473163545,212.3489894881844,0.0,34.758356550383084,7.721953612207947e-08,0.0
795,47760.0,47760,34.7583564732342,34.7583564732342,212.8413995380278,0.0,34.75835655045389,7.721968654500044e-08,0.0
796,47820.0,47820,34.7583564733052,34.7583564733052,213.33380958787225,0.0,34.758356550525086,7.721989120368309e-08,0.0
797,47880.0,47880,34.75835647337655,34.758356473376544,213.82621963771766,0.0,34.7583565505967,7.72201519922586e-08,0.0
798,47940.0,47940,34.75835647344825,34.75835647344825,214.3186296875641,0.0,34.75835655066872,7.722047083053088e-08,0.0
799,48000.0,48000,34.75835647352031,34.75835647352031,214.81103973741153,0.0,34.75835655074116,7.722084966262994e-08,0.0
800,48060.0,48060,34.758356473592734,34.758356473592734,215.30344978726,0.0,34.75835655081402,7.722129045558753e-08,0.0
801,48120.0,48120,34.75835647366552,34.75835647366552,215.7958598371095,0.0,34.75835655088732,7.722179519784903e-08,0.0
802,48180.0,48180,34.75835647373868,34.75835647373868,216.28826988696002,0.0,34.75835655096105,7.722236589778438e-08,0.0
803,48240.0,48240,34.75835647381221,34.75835647381221,216.78067993681162,0.0,34.75835655103522,7.722300458207936e-08,0.0
804,48300.0,48300,34.75835647388613,34.75835647388613,217.27308998666422,0.0,34.75835655110985,7.722371329411277e-08,0.0
805,48360.0,48360,34.75835647396044,34.75835647396044,217.76550003651786,0.0,34.75835655118493,7.722449409225116e-08,0.0
806,48420.0,48420,34.75835647403514,34.75835647403514,218.25791008637256,0.0,34.75835655126048,7.722534904817668e-08,0.0
807,48480.0,48480,34.758356474110236,34.758356474110236,218.7503201362283,0.0,34.75835655133651,7.722628024501627e-08,0.0
808,48540.0,48540,34.75835647418574,34.75835647418574,219.24273018608514,0.0,34.75835655141303,7.722728977557296e-08,0.0
809,48600.0,48600,34.75835647426166,34.75835647426166,219.73514023594302,0.0,34.758356551490046,7.722837974038159e-08,0.0
810,48660.0,48660,34.75835647433801,34.75835647433801,220.22755028580198,0.0,34.75835655156756,7.722955224576035e-08,0.0
811,48720.0,48720,34.75835647441479,34.75835647441479,220.719960335662,0.0,34.7583565516456,7.723080940182256e-08,0.0
812,48780.0,48780,34.75835647449201,34.75835647449201,221.21237038552312,0.0,34.75835655172416,7.723215332036479e-08,0.0
813,48840.0,48840,34.75835647456969,34.75835647456969,221.70478043538532,0.0,34.758356551803274,7.723358611279432e-08,0.0
814,48900.0,48900,34.758356474647826,34.758356474647826,222.19719048524865,0.0,34.75835655188293,7.723510988785161e-08,0.0
815,48960.0,48960,34.75835647472643,34.75835647472643,222.6896005351131,0.0,34.75835655196316,7.723672674941385e-08,0.0
816,49020.0,49020,34.75835647480554,34.75835647480554,223.1820105849786,0.0,34.75835655204397,7.723843879411653e-08,0.0
817,49080.0,49080,34.75835647488513,34.75835647488513,223.6744206348452,0.0,34.75835655212538,7.724024810896626e-08,0.0
818,49140.0,49140,34.75835647496524,34.75835647496524,224.16683068471295,0.0,34.7583565522074,7.724215676884493e-08,0.0
819,49200.0,49200,34.75835647504588,34.75835647504588,224.65924073458183,0.0,34.758356552290046,7.724416683393392e-08,0.0
820,49260.0,49260,34.75835647512706,34.75835647512706,225.15165078445187,0.0,34.758356552373336,7.724628034705167e-08,0.0
821,49320.0,49320,34.75835647520879,34.75835647520879,225.64406083432303,0.0,34.75835655245729,7.724849933090565e-08,0.0
822,49380.0,49380,34.7583564752911,34.7583564752911,226.13647088419538,0.0,34.75835655254193,7.725082578521281e-08,0.0
823,49440.0,49440,34.75835647537401,34.75835647537401,226.62888093406886,0.0,34.75835655262727,7.725326168375314e-08,0.0
824,49500.0,49500,34.75835647545752,34.75835647545752,227.1212909839435,0.0,34.75835655271332,7.725580897126194e-08,0.0
825,49560.0,49560,34.75835647554166,34.75835647554166,227.61370103381935,0.0,34.75835655280012,7.725846956020165e-08,0.0
826,49620.0,49620,34.75835647562645,34.75835647562645,228.10611108369633,0.0,34.75835655288769,7.726124532740957e-08,0.0
827,49680.0,49680,34.75835647571191,34.75835647571191,228.59852113357454,0.0,34.75835655297605,7.72641381106141e-08,0.0
828,49740.0,49740,34.758356475798074,34.758356475798074,229.090931183454,0.0,34.75835655306522,7.726714970466371e-08,0.0
829,49800.0,49800,34.758356475884945,34.758356475884945,229.5833412333346,0.0,34.75835655315523,7.727028185774703e-08,0.0
830,49860.0,49860,34.75835647597257,34.75835647597257,230.07575128321648,0.0,34.75835655324611,7.72735362672742e-08,0.0
831,49920.0,49920,34.75835647606097,34.75835647606096,230.56816133309957,0.0,34.758356553337876,7.72769145755553e-08,0.0
832,49980.0,49980,34.75835647615015,34.75835647615015,231.0605713829839,0.0,34.758356553430566,7.728041836533518e-08,0.0
833,50040.0,50040,34.758356476240166,34.758356476240166,231.55298143286947,0.0,34.758356553524216,7.728404915485996e-08,0.0
834,50100.0,50100,34.75835647633104,34.75835647633104,232.04539148275632,0.0,34.75835655361885,7.728780839285596e-08,0.0
835,50160.0,50160,34.758356476422804,34.758356476422804,232.53780153264444,0.0,34.7583565537145,7.729169745295361e-08,0.0
836,50220.0,50220,34.758356476515495,34.758356476515495,233.03021158253387,0.0,34.75835655381121,7.729571762793385e-08,0.0
837,50280.0,50280,34.75835647660914,34.75835647660914,233.52262163242457,0.0,34.75835655390901,7.729987012332959e-08,0.0
838,50340.0,50340,34.75835647670378,34.75835647670378,234.01503168231662,0.0,34.75835655400793,7.730415605076424e-08,0.0
839,50400.0,50400,34.75835647679945,34.75835647679945,234.50744173220997,0.0,34.758356554108026,7.730857642050375e-08,0.0
840,50460.0,50460,34.75835647689619,34.75835647689619,234.99985178210468,0.0,34.75835655420932,7.73131321335285e-08,0.0
841,50520.0,50520,34.75835647699405,34.75835647699405,235.49226183200076,0.0,34.758356554311874,7.731782397283204e-08,0.0
842,50580.0,50580,34.758356477093066,34.758356477093066,235.9846718818982,0.0,34.75835655441571,7.732265259382738e-08,0.0
843,50640.0,50640,34.75835647719328,34.75835647719328,236.47708193179702,0.0,34.758356554520894,7.732761851382206e-08,0.0
844,50700.0,50700,34.75835647729475,34.75835647729475,236.96949198169725,0.0,34.75835655462747,7.733272210031241e-08,0.0
845,50760.0,50760,34.7583564773975,34.7583564773975,237.46190203159892,0.0,34.75835655473547,7.733796355785333e-08,0.0
846,50820.0,50820,34.75835647750161,34.75835647750161,237.954312081502,0.0,34.75835655484495,7.73433429134367e-08,0.0
847,50880.0,50880,34.75835647760711,34.75835647760711,238.44672213140657,0.0,34.758356554955974,7.734885999970737e-08,0.0
848,50940.0,50940,34.75835647771407,34.75835647771407,238.93913218131263,0.0,34.75835655506858,7.735451443599276e-08,0.0
849,51000.0,51000,34.75835647782252,34.75835647782252,239.4315422312202,0.0,34.75835655518282,7.736030560634842e-08,0.0
850,51060.0,51060,34.75835647793253,34.75835647793253,239.92395228112926,0.0,34.75835655529876,7.736623263402364e-08,0.0
851,51120.0,51120,34.75835647804416,34.75835647804416,240.41636233103986,0.0,34.758356555416455,7.737229435164362e-08,0.0
852,51180.0,51180,34.75835647815746,34.75835647815746,240.90877238095206,0.0,34.75835655553595,7.737848926566883e-08,0.0
853,51240.0,51240,34.75835647827249,34.75835647827249,241.40118243086584,0.0,34.7583565556573,7.738481551411166e-08,0.0
854,51300.0,51300,34.7583564783893,34.7583564783893,241.8935924807812,0.0,34.75835655578057,7.739127081523032e-08,0.0
855,51360.0,51360,34.758356478507956,34.758356478507956,242.38600253069822,0.0,34.758356555905806,7.739785240501393e-08,0.0
856,51420.0,51420,34.75835647862851,34.75835647862851,242.87841258061692,0.0,34.75835655603307,7.740455695994292e-08,0.0
857,51480.0,51480,34.75835647875102,34.75835647875102,243.3708226305373,0.0,34.7583565561624,7.741138050071182e-08,0.0
858,51540.0,51540,34.75835647887553,34.75835647887553,243.8632326804594,0.0,34.75835655629385,7.741831827091898e-08,0.0
859,51600.0,51600,34.75835647900209,34.75835647900209,244.3556427303832,0.0,34.75835655642745,7.742536458258384e-08,0.0
860,51660.0,51660,34.75835647913075,34.75835647913075,244.84805278030885,0.0,34.75835655656326,7.743251261755853e-08,0.0
861,51720.0,51720,34.75835647926154,34.75835647926154,245.34046283023628,0.0,34.758356556701294,7.743975416952104e-08,0.0
862,51780.0,51780,34.75835647939451,34.75835647939451,245.83287288016552,0.0,34.75835655684158,7.744707930551802e-08,0.0
863,51840.0,51840,34.758356479529674,34.758356479529674,246.32528293009668,0.0,34.75835655698415,7.745447591744788e-08,0.0
864,51900.0,51900,34.75835647966706,34.75835647966706,246.8176929800297,0.0,34.75835655712899,7.746192912204725e-08,0.0
865,51960.0,51960,34.75835647980668,34.75835647980668,247.3101030299646,0.0,34.7583565572761,7.746942044978473e-08,0.0
866,52020.0,52020,34.75835647994855,34.75835647994855,247.80251307990153,0.0,34.75835655742548,7.747692673776646e-08,0.0
867,52080.0,52080,34.75835664387022,-265.24164335612977,248.29492312984044,300.0,7.504689426878794e-08,265.24164343117667,0.0
868,52140.0,52140,34.75835664389298,-265.241643356107,243.8742290737173,300.0,7.505450382782756e-08,265.2416434311615,0.0
869,52200.0,52200,34.75835664391351,-265.24164335608646,239.45353501759453,300.0,7.506133000946123e-08,265.24164343114785,0.0
870,52260.0,52260,34.758356643931876,-265.2416433560681,235.0328409614721,300.0,7.506752014772605e-08,265.2416434311356,0.0
871,52320.0,52320,34.758356643948254,-265.2416433560517,230.6121469053499,300.0,7.507312120695219e-08,265.2416434311249,0.0
872,52380.0,52380,34.75835664396279,-265.2416433560372,226.191452849228,300.0,7.50781443751949e-08,265.24164343111534,0.0
873,52440.0,52440,34.75835664397562,-265.2416433560243,221.77075879310632,300.0,7.508258811217922e-08,265.241643431107,0.0
874,52500.0,52500,34.758356643986836,-265.2416433560132,217.35006473698485,300.0,7.508644679614708e-08,265.2416434310996,0.0
875,52560.0,52560,34.75835664399654,-265.24164335600346,212.92937068086354,300.0,7.508971403656926e-08,265.24164343109317,0.0
876,52620.0,52620,34.758356644004785,-265.2416433559952,208.50867662474244,300.0,7.509238391092923e-08,265.2416434310876,0.0
877,52680.0,52680,34.75835664401163,-265.24164335598834,204.08798256862144,300.0,7.509445137057177e-08,265.2416434310829,0.0
878,52740.0,52740,34.758356644017105,-265.2416433559829,199.66728851250056,300.0,7.50959123137932e-08,265.2416434310788,0.0
879,52800.0,52800,34.7583564812441,24.758356481244242,195.24659445637977,9.999999999999858,24.75835655903552,7.779127895991508e-08,0.0
880,52860.0,52860,34.75835648074315,34.75835648074315,195.59733783966956,0.0,34.75835655824309,7.749994289322958e-08,0.0
881,52920.0,52920,34.75835648076998,34.75835648076998,196.0897478896197,0.0,34.758356558268034,7.749805216420161e-08,0.0
882,52980.0,52980,34.758356480796955,34.758356480796955,196.58215793957015,0.0,34.758356558293116,7.749616496247289e-08,0.0
883,53040.0,53040,34.75835648082406,34.75835648082406,197.07456798952103,0.0,34.75835655831834,7.749428339151925e-08,0.0
884,53100.0,53100,34.758356480851305,34.758356480851305,197.5669780394723,0.0,34.75835655834371,7.749240968161091e-08,0.0
885,53160.0,53160,34.75835648087869,34.75835648087869,198.05938808942392,0.0,34.758356558369236,7.749054619256819e-08,0.0
886,53220.0,53220,34.758356480906215,34.758356480906215,198.55179813937596,0.0,34.758356558394915,7.748869541661679e-08,0.0
887,53280.0,53280,34.75835648093389,34.75835648093389,199.04420818932843,0.0,34.75835655842074,7.748685998103838e-08,0.0
888,53340.0,53340,34.7583564809617,34.7583564809617,199.53661823928127,0.0,34.75835655844675,7.748504265091956e-08,0.0
889,53400.0,53400,34.75835648098967,34.75835648098967,200.0290282892345,0.0,34.75835655847292,7.748324633165641e-08,0.0
890,53460.0,53460,34.758356481017785,34.758356481017785,200.52143833918814,0.0,34.75835655849926,7.748147407147992e-08,0.0
891,53520.0,53520,34.75835648104605,34.75835648104604,201.01384838914217,0.0,34.758356558525776,7.747972906395067e-08,0.0
892,53580.0,53580,34.758356481074465,34.758356481074465,201.50625843909657,0.0,34.75835655855248,7.747801465027909e-08,0.0
893,53640.0,53640,34.75835648110304,34.75835648110304,201.99866848905143,0.0,34.75835655857938,7.747633432168315e-08,0.0
894,53700.0,53700,34.75835648113177,34.75835648113177,202.49107853900668,0.0,34.758356558606465,7.747469172160005e-08,0.0
895,53760.0,53760,34.75835648116066,34.75835648116066,202.98348858896233,0.0,34.75835655863375,7.747309064786624e-08,0.0
896,53820.0,53820,34.75835664413472,-265.2416433558653,203.47589863891844,300.0,7.513332143707759e-08,265.2416434309986,0.0
897,53880.0,53880,34.75835664414239,-265.2416433558576,199.05520458279952,300.0,7.513607275886467e-08,265.2416434309937,0.0
898,53940.0,53940,34.75835664414871,-265.2416433558513,194.63451052668069,300.0,7.513821157956973e-08,265.2416434309895,0.0
899,54000.0,54000,34.75835664415373,-265.2416433558463,190.21381647056197,300.0,7.513973429952264e-08,265.24164343098596,0.0
900,54060.0,54060,34.75835664415746,-265.24164335584254,185.79312241444336,300.0,7.514063829955853e-08,265.2416434309832,0.0
901,54120.0,54120,34.758356644159925,-265.24164335584004,181.37242835832478,300.0,7.514092176638036e-08,265.24164343098096,0.0
902,54180.0,54180,34.758356644161154,-265.24164335583885,176.95173430220626,300.0,7.514058355642304e-08,265.2416434309794,0.0
903,54240.0,54240,34.75835664416116,-265.24164335583885,172.5310402460877,300.0,7.513962308866872e-08,265.24164343097846,0.0
904,54300.0,54300,34.75835664415995,-265.24164335584004,168.11034618996922,300.0,7.51380402593388e-08,265.24164343097806,0.0
905,54360.0,54360,34.758356644157544,-265.2416433558425,163.68965213385067,300.0,7.513583537323582e-08,265.24164343097834,0.0
906,54420.0,54420,34.758356644153956,-265.24164335584607,159.26895807773212,300.0,7.51330090876852e-08,265.2416434309791,0.0
907,54480.0,54480,34.758356644149195,-265.24164335585084,154.8482640216135,300.0,7.512956236620314e-08,265.2416434309804,0.0
908,54540.0,54540,34.75835663994868,-150.24164336005143,150.42756996549483,185.0000000000001,7.651916135083214e-08,150.2416434365706,0.0
909,54600.0,54600,34.75835648146231,34.7583564814623,147.9235425759693,0.0,34.7583565588848,7.74224963770894e-08,0.0
910,54660.0,54660,34.75835648147765,34.75835648147765,148.4159526259298,0.0,34.75835655889561,7.741796653072429e-08,0.0
911,54720.0,54720,34.75835648149315,34.75835648149315,148.9083626758905,0.0,34.75835655890652,7.741336333269213e-08,0.0
912,54780.0,54780,34.75835648150883,34.75835648150883,149.40077272585143,0.0,34.75835655891751,7.740868598842733e-08,0.0
913,54840.0,54840,34.75835648152467,34.758356481524665,149.8931827758126,0.0,34.7583565589286,7.74039337100555e-08,0.0
914,54900.0,54900,34.75835648154067,34.75835648154067,150.38559282577398,0.0,34.758356558939774,7.739910571949783e-08,0.0
915,54960.0,54960,34.75835648155684,34.75835648155684,150.87800287573563,0.0,34.758356558951036,7.739420125149327e-08,0.0
916,55020.0,55020,34.758356481573166,34.758356481573166,151.37041292569754,0.0,34.75835655896238,7.738921955674555e-08,0.0
917,55080.0,55080,34.758356481589665,34.758356481589665,151.86282297565967,0.0,34.75835655897382,7.73841599051549e-08,0.0
918,55140.0,55140,34.75835664409032,-265.2416433559097,152.35523302562203,300.0,7.508849271907868e-08,265.2416434309982,0.0
919,55200.0,55200,34.75835664408508,-265.2416433559149,147.93453896950248,300.0,7.508485096822159e-08,265.2416434309998,0.0
920,55260.0,55260,34.75835664407871,-265.24164335592127,143.51384491338283,300.0,7.508059148676361e-08,265.2416434310019,0.0
921,55320.0,55320,34.758356644071185,-265.24164335592883,139.09315085726308,300.0,7.507571574091023e-08,265.24164343100455,0.0
922,55380.0,55380,34.75835664406255,-265.24164335593747,134.67245680114326,300.0,7.507022538229561e-08,265.2416434310076,0.0
923,55440.0,55440,34.75835664405279,-265.2416433559472,130.25176274502326,300.0,7.506412222480451e-08,265.2416434310113,0.0
924,55500.0,55500,34.758356644041925,-265.2416433559581,125.83106868890312,300.0,7.505740822369707e-08,265.24164343101546,0.0
925,55560.0,55560,34.758356644029966,-265.24164335597,121.41037463278282,300.0,7.505008545653848e-08,265.2416434310201,0.0
926,55620.0,55620,34.75835664401691,-265.2416433559831,116.98968057666235,300.0,7.504215610556408e-08,265.2416434310253,0.0
927,55680.0,55680,34.758356644002774,-265.2416433559972,112.56898652054166,300.0,7.503362244104887e-08,265.2416434310308,0.0
928,55740.0,55740,34.75835664398756,-265.24164335601245,108.14829246442076,300.0,7.502448680563217e-08,265.24164343103695,0.0
929,55800.0,55800,34.75835663931711,-115.2416433606829,103.72759840829964,150.0,7.551343275412936e-08,115.24164343619633,0.0
930,55860.0,55860,34.75835648171994,34.75835648171994,101.80690435209948,0.0,34.75835655904493,7.732498723649269e-08,0.0
931,55920.0,55920,34.75835648172303,34.75835648172303,102.29931440206384,0.0,34.75835655904446,7.732143451445836e-08,0.0
932,55980.0,55980,34.75835648172621,34.75835648172621,102.79172445202828,0.0,34.75835655904405,7.731784509891447e-08,0.0
933,56040.0,56040,34.75835648172948,34.75835648172948,103.28413450199274,0.0,34.7583565590437,7.731421945013859e-08,0.0
934,56100.0,56100,34.75835648173285,34.75835648173285,103.77654455195727,0.0,34.758356559043406,7.731055799306715e-08,0.0
935,56160.0,56160,34.7583564817363,34.7583564817363,104.26895460192186,0.0,34.75835655904316,7.730686111798198e-08,0.0
936,56220.0,56220,34.758356481739824,34.758356481739824,104.76136465188651,0.0,34.75835655904296,7.730312918144337e-08,0.0
937,56280.0,56280,34.75835648174343,34.75835648174343,105.25377470185121,0.0,34.75835655904279,7.729936250708191e-08,0.0
938,56340.0,56340,34.7583564817471,34.7583564817471,105.74618475181599,0.0,34.75835655904267,7.729556138663465e-08,0.0
939,56400.0,56400,34.758356481750845,34.758356481750845,106.2385948017808,0.0,34.75835655904257,7.72917260808816e-08,0.0
940,56460.0,56460,34.758356481754646,34.758356481754646,106.73100485174568,0.0,34.758356559042504,7.728785682079055e-08,0.0
941,56520.0,56520,34.75835648175851,34.75835648175851,107.22341490171064,0.0,34.75835655904246,7.728395380855107e-08,0.0
942,56580.0,56580,34.758356481762426,34.758356481762426,107.71582495167566,0.0,34.75835655904244,7.72800172188247e-08,0.0
943,56640.0,56640,34.75835648176639,34.75835648176639,108.20823500164073,0.0,34.75835655904244,7.727604719995434e-08,0.0
944,56700.0,56700,34.758356481770406,34.758356481770406,108.70064505160587,0.0,34.75835655904245,7.727204387528348e-08,0.0
945,56760.0,56760,34.75835648177447,34.75835648177447,109.19305510157109,0.0,34.758356559042475,7.72680073444743e-08,0.0
946,56820.0,56820,34.75835648177856,34.75835648177856,109.68546515153638,0.0,34.758356559042504,7.726393768495503e-08,0.0
947,56880.0,56880,34.758356481782705,34.7583564817827,110.17787520150175,0.0,34.75835655904254,7.72598349533872e-08,0.0
948,56940.0,56940,34.75835648178687,34.75835648178687,110.67028525146716,0.0,34.758356559042575,7.72556991871669e-08,0.0
949,57000.0,57000,34.758356481791076,34.758356481791076,111.16269530143266,0.0,34.7583565590426,7.725153040600921e-08,0.0
950,57060.0,57060,34.75835648179531,34.75835648179531,111.6551053513982,0.0,34.75835655904264,7.72473286135986e-08,0.0
951,57120.0,57120,34.75835648179957,34.75835648179957,112.14751540136385,0.0,34.75835655904266,7.724309379925451e-08,0.0
952,57180.0,57180,34.75835648180385,34.75835648180385,112.63992545132955,0.0,34.758356559042674,7.72388259396816e-08,0.0
953,57240.0,57240,34.75835648180815,34.75835648180815,113.13233550129533,0.0,34.75835655904268,7.723452500075377e-08,0.0
954,57300.0,57300,34.75835648181248,34.75835648181248,113.62474555126117,0.0,34.75835655904267,7.723019093933336e-08,0.0
955,57360.0,57360,34.75835648181682,34.75835648181682,114.11715560122708,0.0,34.75835655904264,7.72258237051671e-08,0.0
956,57420.0,57420,34.758356481821174,34.758356481821174,114.60956565119307,0.0,34.75835655904259,7.722142324283038e-08,0.0
957,57480.0,57480,34.75835648182554,34.75835648182554,115.10197570115912,0.0,34.758356559042525,7.721698949364725e-08,0.0
958,57540.0,57540,34.75835648182992,34.75835648182992,115.59438575112524,0.0,34.75835655904244,7.721252239776186e-08,0.0
959,57600.0,57600,34.75835648183431,34.75835648183431,116.08679580109145,0.0,34.75835655904233,7.720802189611777e-08,0.0
960,57660.0,57660,34.7583564818387,34.7583564818387,116.57920585105774,0.0,34.75835655904219,7.720348793263901e-08,0.0
961,57720.0,57720,34.758356481843116,34.758356481843116,117.07161590102409,0.0,34.758356559042035,7.719892045625644e-08,0.0
962,57780.0,57780,34.75835648184752,34.75835648184752,117.56402595099053,0.0,34.75835655904184,7.71943194231142e-08,0.0
963,57840.0,57840,34.75835648185194,34.75835648185194,118.05643600095704,0.0,34.75835655904162,7.718968479873307e-08,0.0
964,57900.0,57900,34.75835648185635,34.75835648185635,118.54884605092361,0.0,34.75835655904137,7.718501656022122e-08,0.0
965,57960.0,57960,34.75835648186077,34.75835648186077,119.04125610089024,0.0,34.75835655904109,7.718031469851448e-08,0.0
966,58020.0,58020,34.7583564818652,34.7583564818652,119.53366615085697,0.0,34.75835655904078,7.717557922058695e-08,0.0
967,58080.0,58080,34.75835648186962,34.75835648186962,120.02607620082375,0.0,34.75835655904043,7.717081015178899e-08,0.0
968,58140.0,58140,34.75835648187404,34.75835648187404,120.51848625079063,0.0,34.75835655904005,7.716600753803474e-08,0.0
969,58200.0,58200,34.758356481878465,34.758356481878465,121.01089630075757,0.0,34.75835655903963,7.716117144816964e-08,0.0
970,58260.0,58260,34.758356481882885,34.758356481882885,121.50330635072457,0.0,34.758356559039186,7.715630197623708e-08,0.0
971,58320.0,58320,34.7583564818873,34.7583564818873,121.99571640069168,0.0,34.758356559038695,7.715139924377889e-08,0.0
972,58380.0,58380,34.75835648189172,34.75835648189172,122.48812645065885,0.0,34.75835655903818,7.714646340209432e-08,0.0
973,58440.0,58440,34.75835648189613,34.75835648189613,122.98053650062612,0.0,34.75835655903762,7.714149463459873e-08,0.0
974,58500.0,58500,34.75835648190054,34.75835648190054,123.47294655059342,0.0,34.75835655903704,7.713649315905948e-08,0.0
975,58560.0,58560,34.75835648190495,34.75835648190495,123.96535660056081,0.0,34.758356559036415,7.713145922989875e-08,0.0
976,58620.0,58620,34.75835648190936,34.75835648190936,124.4577666505283,0.0,34.758356559035754,7.712639314038215e-08,0.0
977,58680.0,58680,34.758356481913765,34.758356481913765,124.95017670049583,0.0,34.75835655903506,7.712129522495566e-08,0.0
978,58740.0,58740,34.75835648191817,34.75835648191817,125.44258675046345,0.0,34.75835655903433,7.711616586132134e-08,0.0
979,58800.0,58800,34.75835648192257,34.75835648192257,125.93499680043115,0.0,34.75835655903357,7.711100547271376e-08,0.0
980,58860.0,58860,34.758356481926974,34.758356481926974,126.42740685039892,0.0,34.758356559032784,7.710581453000764e-08,0.0
981,58920.0,58920,34.758356481931365,34.758356481931365,126.91981690036675,0.0,34.75835655903197,7.710059355377503e-08,0.0
982,58980.0,58980,34.75835648193577,34.75835648193576,127.41222695033468,0.0,34.758356559031114,7.709534311643228e-08,0.0
983,59040.0,59040,34.75835648194017,34.75835648194017,127.90463700030267,0.0,34.75835655903023,7.709006384417996e-08,0.0
984,59100.0,59100,34.75835648194457,34.75835648194457,128.39704705027077,0.0,34.75835655902932,7.708475641897552e-08,0.0
985,59160.0,59160,34.75835648194897,34.75835648194897,128.88945710023893,0.0,34.75835655902839,7.70794215804446e-08,0.0
986,59220.0,59220,34.75835648195337,34.75835648195337,129.38186715020717,0.0,34.75835655902743,7.707406012771234e-08,0.0
987,59280.0,59280,34.758356481957776,34.758356481957776,129.87427720017544,0.0,34.758356559026446,7.706867292119506e-08,0.0
988,59340.0,59340,34.75835648196219,34.75835648196219,130.36668725014383,0.0,34.75835655902545,7.706326088427592e-08,0.0
989,59400.0,59400,34.7583564819666,34.7583564819666,130.8590973001123,0.0,34.75835655902443,7.705782500496833e-08,0.0
990,59460.0,59460,34.75835648197103,34.75835648197103,131.35150735008082,0.0,34.75835655902339,7.705236633743799e-08,0.0
991,59520.0,59520,34.758356481975454,34.758356481975454,131.8439174000494,0.0,34.75835655902234,7.704688600347123e-08,0.0
992,59580.0,59580,34.75835648197989,34.75835648197989,132.3363274500181,0.0,34.75835655902127,7.704138519388952e-08,0.0
993,59640.0,59640,34.758356481984336,34.758356481984336,132.82873749998683,0.0,34.7583565590202,7.703586516980507e-08,0.0
994,59700.0,59700,34.7583564819888,34.7583564819888,133.32114754995567,0.0,34.75835655901912,7.703032726385443e-08,0.0
995,59760.0,59760,34.75835648199327,34.75835648199327,133.8135575999246,0.0,34.75835655901804,7.702477288123809e-08,0.0
996,59820.0,59820,34.758356481997744,34.758356481997744,134.30596764989357,0.0,34.75835655901695,7.701920350075445e-08,0.0
997,59880.0,59880,34.75835648200224,34.75835648200224,134.79837769986264,0.0,34.75835655901586,7.701362067567824e-08,0.0
998,59940.0,59940,34.758356482006754,34.758356482006754,135.2907877498318,0.0,34.75835655901478,7.700802603455769e-08,0.0
999,60000.0,60000,34.75835648201129,34.75835648201129,135.783197799801,0.0,34.758356559013706,7.700242128183079e-08,0.0
1000,60060.0,60060,34.758356482015834,34.758356482015834,136.27560784977032,0.0,34.75835655901264,7.699680819838898e-08,0.0
1001,60120.0,60120,34.7583564820204,34.7583564820204,136.76801789973968,0.0,34.758356559011595,7.699118864205735e-08,0.0
1002,60180.0,60180,34.75835648202499,34.75835648202499,137.26042794970914,0.0,34.758356559010565,7.698556454779539e-08,0.0
1003,60240.0,60240,34.75835648202961,34.75835648202961,137.75283799967866,0.0,34.75835655900955,7.69799379279985e-08,0.0
1004,60300.0,60300,34.75835648203425,34.75835648203425,138.2452480496483,0.0,34.75835655900857,7.697431087245633e-08,0.0
1005,60360.0,60360,34.75835648203893,34.75835648203893,138.73765809961802,0.0,34.75835655900761,7.696868554828046e-08,0.0
1006,60420.0,60420,34.758356482043624,34.758356482043624,139.2300681495878,0.0,34.75835655900669,7.696306419977818e-08,0.0
1007,60480.0,60480,34.758356482048356,34.758356482048356,139.72247819955766,0.0,34.758356559005804,7.695744914800849e-08,0.0
1008,60540.0,60540,34.758356482053124,34.75835648205312,140.21488824952758,0.0,34.75835655900496,7.695184279037415e-08,0.0
1009,60600.0,60600,34.75835648205792,34.75835648205792,140.70729829949758,0.0,34.75835655900416,7.694624759994837e-08,0.0
1010,60660.0,60660,34.75835648206275,34.75835648206275,141.1997083494677,0.0,34.75835655900342,7.694066612476093e-08,0.0
1011,60720.0,60720,34.758356482067626,34.758356482067626,141.69211839943787,0.0,34.75835655900273,7.693510098692539e-08,0.0
1012,60780.0,60780,34.75835648207254,34.75835648207254,142.18452844940813,0.0,34.758356559002095,7.692955488154133e-08,0.0
1013,60840.0,60840,34.758356482077495,34.758356482077495,142.6769384993785,0.0,34.75835655900153,7.692403057558258e-08,0.0
1014,60900.0,60900,34.758356482082505,34.758356482082505,143.1693485493489,0.0,34.75835655900104,7.691853090655484e-08,0.0
1015,60960.0,60960,34.75835648208756,34.75835648208755,143.66175859931946,0.0,34.75835655900062,7.691305878105278e-08,0.0
1016,61020.0,61020,34.75835648209266,34.75835648209266,144.15416864929003,0.0,34.758356559000276,7.690761717319953e-08,0.0
1017,61080.0,61080,34.75835648209781,34.75835648209781,144.64657869926071,0.0,34.75835655900001,7.690220912287135e-08,0.0
1018,61140.0,61140,34.75835648210302,34.75835648210302,145.1389887492315,0.0,34.75835655899985,7.689683773387961e-08,0.0
1019,61200.0,61200,34.75835648210828,34.75835648210828,145.63139879920237,0.0,34.758356558999786,7.689150617194533e-08,0.0
1020,61260.0,61260,34.758356482113605,34.758356482113605,146.1238088491733,0.0,34.75835655899982,7.68862176625445e-08,0.0
1021,61320.0,61320,34.75835648211899,34.75835648211899,146.61621889914434,0.0,34.758356558999964,7.68809754887347e-08,0.0
1022,61380.0,61380,34.75835648212444,34.75835648212444,147.10862894911548,0.0,34.75835655900023,7.687578298865162e-08,0.0
1023,61440.0,61440,34.758356482129955,34.758356482129955,147.6010389990867,0.0,34.7583565590006,7.687064355304182e-08,0.0
1024,61500.0,61500,34.75835648213554,34.75835648213554,148.09344904905802,0.0,34.7583565590011,7.686556062261118e-08,0.0
1025,61560.0,61560,34.7583564821412,34.7583564821412,148.58585909902942,0.0,34.75835655900174,7.686053768529568e-08,0.0
1026,61620.0,61620,34.75835648214694,34.75835648214694,149.0782691490009,0.0,34.758356559002515,7.685557827328629e-08,0.0
1027,61680.0,61680,34.75835648215275,34.75835648215275,149.57067919897247,0.0,34.75835655900343,7.685068596013963e-08,0.0
1028,61740.0,61740,34.758356482158646,34.758356482158646,150.06308924894415,0.0,34.758356559004504,7.684586435760006e-08,0.0
1029,61800.0,61800,34.75835648216462,34.758356482164615,150.55549929891595,0.0,34.75835655900574,7.684111711240657e-08,0.0
1030,61860.0,61860,34.75835648217068,34.75835648217068,151.0479093488878,0.0,34.75835655900713,7.683644790300852e-08,0.0
1031,61920.0,61920,34.75835648217684,34.758356482176836,151.5403193988598,0.0,34.7583565590087,7.683186043611912e-08,0.0
1032,61980.0,61980,34.75835648218309,34.75835648218309,152.03272944883184,0.0,34.75835655901045,7.682735844324598e-08,0.0
1033,62040.0,62040,34.758356482189434,34.758356482189434,152.525139498804,0.0,34.75835655901238,7.682294567712727e-08,0.0
1034,62100.0,62100,34.75835648219588,34.75835648219588,153.01754954877632,0.0,34.75835655901451,7.681862590805705e-08,0.0
1035,62160.0,62160,34.75835648220244,34.75835648220244,153.50995959874868,0.0,34.75835655901684,7.681440292011873e-08,0.0
1036,62220.0,62220,34.75835648220909,34.75835648220909,154.00236964872116,0.0,34.75835655901937,7.681028050748402e-08,0.0
1037,62280.0,62280,34.75835648221586,34.75835648221586,154.49477969869375,0.0,34.75835655902212,7.680626247048735e-08,0.0
1038,62340.0,62340,34.75835648222274,34.75835648222274,154.98718974866642,0.0,34.758356559025096,7.680235261172428e-08,0.0
1039,62400.0,62400,34.75835648222974,34.75835648222974,155.4795997986392,0.0,34.7583565590283,7.679855473215423e-08,0.0
1040,62460.0,62460,34.75835648223687,34.75835648223687,155.97200984861212,0.0,34.75835655903174,7.679487262711022e-08,0.0
1041,62520.0,62520,34.758356482244125,34.75835648224412,156.46441989858513,0.0,34.75835655903543,7.679131008225905e-08,0.0
1042,62580.0,62580,34.75835648225151,34.75835648225151,156.95682994855824,0.0,34.75835655903937,7.678787086959999e-08,0.0
1043,62640.0,62640,34.75835648225902,34.75835648225902,157.44923999853148,0.0,34.75835655904358,7.678455874343486e-08,0.0
1044,62700.0,62700,34.75835648226668,34.75835648226668,157.94165004850484,0.0,34.75835655904805,7.678137743632178e-08,0.0
1045,62760.0,62760,34.75835648227448,34.75835648227448,158.4340600984783,0.0,34.758356559052814,7.677833065507049e-08,0.0
1046,62820.0,62820,34.75835648228244,34.75835648228244,158.9264701484519,0.0,34.75835655905785,7.677542207670481e-08,0.0
1047,62880.0,62880,34.75835648229054,34.75835648229054,159.4188801984256,0.0,34.758356559063195,7.67726553445172e-08,0.0
1048,62940.0,62940,34.7583564822988,34.7583564822988,159.9112902483994,0.0,34.75835655906884,7.677003406409376e-08,0.0
1049,63000.0,63000,34.758356482307235,34.75835648230723,160.40370029837337,0.0,34.75835655907479,7.676756179950803e-08,0.0
1050,63060.0,63060,34.75835648231583,34.75835648231583,160.89611034834746,0.0,34.75835655908107,7.676524206939093e-08,0.0
1051,63120.0,63120,34.7583564823246,34.7583564823246,161.38852039832167,0.0,34.75835655908768,7.67630783432649e-08,0.0
1052,63180.0,63180,34.758356482333554,34.758356482333554,161.880930448296,0.0,34.75835655909463,7.676107403786612e-08,0.0
1053,63240.0,63240,34.75835648234269,34.75835648234269,162.37334049827047,0.0,34.75835655910193,7.675923251355759e-08,0.0
1054,63300.0,63300,34.75835648235203,34.75835648235203,162.86575054824507,0.0,34.75835655910958,7.675755707091227e-08,0.0
1055,63360.0,63360,34.758356482361556,34.758356482361556,163.3581605982198,0.0,34.75835655911761,7.6756050947385e-08,0.0
1056,63420.0,63420,34.75835648237129,34.75835648237129,163.85057064819466,0.0,34.75835655912601,7.675471731412591e-08,0.0
1057,63480.0,63480,34.75835648238124,34.75835648238124,164.34298069816967,0.0,34.758356559134796,7.675355927293522e-08,0.0
1058,63540.0,63540,34.7583564823914,34.7583564823914,164.83539074814485,0.0,34.75835655914398,7.675257985351094e-08,0.0
1059,63600.0,63600,34.75835648240179,34.75835648240179,165.32780079812014,0.0,34.75835655915356,7.675178201064051e-08,0.0
1060,63660.0,63660,34.7583564824124,34.7583564824124,165.8202108480956,0.0,34.75835655916357,7.675116862188272e-08,0.0
1061,63720.0,63720,34.75835648242326,34.75835648242326,166.31262089807123,0.0,34.758356559174,7.675074248524294e-08,0.0
1062,63780.0,63780,34.75835648243436,34.75835648243436,166.80503094804698,0.0,34.75835655918487,7.675050631723665e-08,0.0
1063,63840.0,63840,34.75835648244571,34.75835648244571,167.2974409980229,0.0,34.75835655919618,7.675046275116124e-08,0.0
1064,63900.0,63900,34.75835648245733,34.75835648245733,167.78985104799898,0.0,34.75835655920795,7.675061433561779e-08,0.0
1065,63960.0,63960,34.75835648246922,34.75835648246922,168.28226109797524,0.0,34.758356559220175,7.675096353342668e-08,0.0
1066,64020.0,64020,34.758356482481375,34.758356482481375,168.77467114795164,0.0,34.75835655923289,7.675151272081383e-08,0.0
1067,64080.0,64080,34.758356482493824,34.758356482493824,169.26708119792818,0.0,34.75835655924609,7.675226418692719e-08,0.0
1068,64140.0,64140,34.758356482506564,34.758356482506564,169.75949124790495,0.0,34.75835655925979,7.675322013382464e-08,0.0
1069,64200.0,64200,34.75835648251961,34.75835648251961,170.25190129788191,0.0,34.75835655927399,7.675438267677776e-08,0.0
1070,64260.0,64260,34.75835648253296,34.75835648253296,170.744311347859,0.0,34.758356559288714,7.675575384508764e-08,0.0
1071,64320.0,64320,34.75835648254663,34.75835648254663,171.23672139783628,0.0,34.75835655930397,7.675733558332514e-08,0.0
1072,64380.0,64380,34.758356482560636,34.758356482560636,171.72913144781378,0.0,34.758356559319765,7.675912975313467e-08,0.0
1073,64440.0,64440,34.75835648257498,34.75835648257498,172.2215414977915,0.0,34.758356559336114,7.676113813551404e-08,0.0
1074,64500.0,64500,34.75835648258967,34.75835648258967,172.71395154776937,0.0,34.75835655935303,7.676336243375314e-08,0.0
1075,64560.0,64560,34.75835648260472,34.75835648260472,173.20636159774742,0.0,34.75835655937052,7.67658042769441e-08,0.0
1076,64620.0,64620,34.75835648262013,34.75835648262013,173.69877164772572,0.0,34.758356559388595,7.676846522422934e-08,0.0
1077,64680.0,64680,34.758356482635925,34.75835648263592,174.1911816977042,0.0,34.75835655940727,7.677134676972296e-08,0.0
1078,64740.0,64740,34.7583564826521,34.7583564826521,174.68359174768295,0.0,34.758356559426545,7.677445034826441e-08,0.0
1079,64800.0,64800,34.758356482668674,34.758356482668674,175.1760017976619,0.0,34.75835655944645,7.677777734204061e-08,0.0
1080,64860.0,64860,34.758356482685656,34.758356482685656,175.66841184764107,0.0,34.75835655946698,7.678132908803708e-08,0.0
1081,64920.0,64920,34.75835648270306,34.75835648270305,176.16082189762045,0.0,34.75835655948816,7.67851068865736e-08,0.0
1082,64980.0,64980,34.75835648272088,34.75835648272088,176.65323194760012,0.0,34.75835655950999,7.678911201086734e-08,0.0
1083,65040.0,65040,34.75835648273914,34.75835648273914,177.14564199758,0.0,34.75835655953248,7.679334571777691e-08,0.0
1084,65100.0,65100,34.75835648275784,34.75835648275784,177.6380520475601,0.0,34.75835655955565,7.679780925982077e-08,0.0
1085,65160.0,65160,34.758356482776996,34.758356482776996,178.1304620975405,0.0,34.758356559579504,7.680250389849932e-08,0.0
1086,65220.0,65220,34.75835648279662,34.75835648279662,178.62287214752115,0.0,34.75835655960405,7.680743091919714e-08,0.0
1087,65280.0,65280,34.758356482816716,34.758356482816716,179.11528219750207,0.0,34.758356559629306,7.681259164766112e-08,0.0
1088,65340.0,65340,34.75835648283729,34.75835648283729,179.60769224748327,0.0,34.75835655965528,7.681798746828336e-08,0.0
1089,65400.0,65400,34.75835648285835,34.75835648285835,180.1001022974647,0.0,34.75835655968198,7.682361984422636e-08,0.0
1090,65460.0,65460,34.75835648287992,34.75835648287992,180.59251234744644,0.0,34.758356559709405,7.682949033987308e-08,0.0
1091,65520.0,65520,34.75835648290197,34.75835648290197,181.0849223974285,0.0,34.75835655973758,7.68356006453667e-08,0.0
1092,65580.0,65580,34.75835648292455,34.75835648292455,181.57733244741084,0.0,34.75835655976649,7.68419526039064e-08,0.0
1093,65640.0,65640,34.75835648294762,34.75835648294762,182.0697424973935,0.0,34.75835655979617,7.6848548241758e-08,0.0
1094,65700.0,65700,34.75835648297121,34.75835648297121,182.56215254737646,0.0,34.7583565598266,7.685538980139098e-08,0.0
1095,65760.0,65760,34.75835648299532,34.75835648299532,183.0545625973597,0.0,34.758356559857795,7.686247977810366e-08,0.0
1096,65820.0,65820,34.75835648301994,34.75835648301994,183.54697264734327,0.0,34.758356559889755,7.686982096036246e-08,0.0
1097,65880.0,65880,34.75835648304507,34.75835648304507,184.03938269732717,0.0,34.75835655992248,7.687741647450865e-08,0.0
1098,65940.0,65940,34.75835648307071,34.75835648307071,184.53179274731147,0.0,34.75835655995598,7.688526983391623e-08,0.0
1099,66000.0,66000,34.758356483096854,34.758356483096854,185.02420279729603,0.0,34.75835655999024,7.68933849936895e-08,0.0
1100,66060.0,66060,34.758356483123485,34.758356483123485,185.51661284728098,0.0,34.758356560025256,7.690176641091585e-08,0.0
1101,66120.0,66120,34.7583564831506,34.7583564831506,186.00902289726628,0.0,34.75835656006102,7.691041911158345e-08,0.0
1102,66180.0,66180,34.758356483178176,34.758356483178176,186.50143294725194,0.0,34.75835656009752,7.691934876474512e-08,0.0
1103,66240.0,66240,34.758356483206185,34.758356483206185,186.993842997238,0.0,34.75835656013474,7.692856176492044e-08,0.0
1104,66300.0,66300,34.75835648323461,34.75835648323461,187.4862530472244,0.0,34.75835656017267,7.693806532362922e-08,0.0
1105,66360.0,66360,34.75835648326341,34.75835648326341,187.9786630972112,0.0,34.758356560211276,7.694786757140568e-08,0.0
1106,66420.0,66420,34.75835648329256,34.75835648329256,188.47107314719835,0.0,34.75835656025053,7.695797767146042e-08,0.0
1107,66480.0,66480,34.758356483322,34.758356483322,188.96348319718592,0.0,34.7583565602904,7.696840594664481e-08,0.0
1108,66540.0,66540,34.75835648335167,34.75835648335167,189.45589324717386,0.0,34.75835656033083,7.697916402144145e-08,0.0
1109,66600.0,66600,34.75835648338152,34.75835648338152,189.9483032971622,0.0,34.75835656037179,7.699026498099315e-08,0.0
1110,66660.0,66660,34.75835648341147,34.75835648341147,190.44071334715093,0.0,34.75835656041318,7.700172354965283e-08,0.0
1111,66720.0,66720,34.7583566438054,-265.2416433561946,190.9331233971401,300.0,7.482583667549023e-08,265.2416434310204,0.0
1112,66780.0,66780,34.75835664381706,-265.2416433561829,186.5124293410164,300.0,7.483267590420063e-08,265.24164343101563,0.0
1113,66840.0,66840,34.75835664382795,-265.24164335617206,182.09173528489293,300.0,7.483879965018789e-08,265.24164343101086,0.0
1114,66900.0,66900,34.75835664383792,-265.24164335616206,177.67104122876958,300.0,7.484424822788302e-08,265.24164343100637,0.0
1115,66960.0,66960,34.75835664384688,-265.2416433561531,173.25034717264643,300.0,7.484904308072672e-08,265.24164343100216,0.0
1116,67020.0,67020,34.75835664385477,-265.24164335614523,168.8296531165234,300.0,7.485319586082399e-08,265.2416434309984,0.0
1117,67080.0,67080,34.75835664386157,-265.24164335613847,164.40895906040046,300.0,7.485671299960364e-08,265.24164343099517,0.0
1118,67140.0,67140,34.75835664386724,-265.2416433561328,159.98826500427768,300.0,7.485959809999038e-08,265.2416434309924,0.0
1119,67200.0,67200,34.758356643871785,-265.2416433561282,155.56757094815495,300.0,7.486185323004661e-08,265.24164343099005,0.0
1120,67260.0,67260,34.75835664387521,-265.24164335612477,151.1468768920323,300.0,7.486347964109005e-08,265.24164343098823,0.0
1121,67320.0,67320,34.7583566438775,-265.2416433561225,146.72618283590973,300.0,7.486447817465093e-08,265.241643430987,0.0
1122,67380.0,67380,34.758356639198276,-120.24164336080189,142.30548877978714,155.00000000000014,7.559898271250813e-08,120.24164343640088,0.0
1123,67440.0,67440,34.7583564836332,34.7583564836332,140.30146139025143,0.0,34.75835656069109,7.705788906189542e-08,0.0
1124,67500.0,67500,34.75835648363972,34.75835648363972,140.79387144024358,0.0,34.75835656069783,7.705810402580656e-08,0.0
1125,67560.0,67560,34.75835648364642,34.75835648364642,141.2862814902358,0.0,34.7583565607048,7.70583815133615e-08,0.0
1126,67620.0,67620,34.758356483653294,34.758356483653294,141.77869154022812,0.0,34.758356560712016,7.705872402458036e-08,0.0
1127,67680.0,67680,34.75835648366035,34.75835648366035,142.27110159022052,0.0,34.75835656071949,7.705913414488461e-08,0.0
1128,67740.0,67740,34.75835648366758,34.75835648366758,142.76351164021307,0.0,34.7583565607272,7.705961454513985e-08,0.0
1129,67800.0,67800,34.758356483675,34.758356483675,143.25592169020567,0.0,34.758356560735166,7.706016798158122e-08,0.0
1130,67860.0,67860,34.75835648368258,34.75835648368258,143.7483317401984,0.0,34.75835656074338,7.706079729564124e-08,0.0
1131,67920.0,67920,34.75835648369034,34.75835648369034,144.2407417901912,0.0,34.75835656075185,7.706150541347835e-08,0.0
1132,67980.0,67980,34.75835648369827,34.75835648369827,144.73315184018415,0.0,34.75835656076057,7.706229534550309e-08,0.0
1133,68040.0,68040,34.75835648370637,34.75835648370637,145.2255618901772,0.0,34.75835656076954,7.706317018568736e-08,0.0
1134,68100.0,68100,34.758356483714635,34.758356483714635,145.71797194017034,0.0,34.75835656077877,7.706413311073864e-08,0.0
1135,68160.0,68160,34.75835648372306,34.75835648372306,146.21038199016363,0.0,34.75835656078825,7.706518737907914e-08,0.0
1136,68220.0,68220,34.75835648373165,34.75835648373165,146.70279204015702,0.0,34.75835656079799,7.70663363297251e-08,0.0
1137,68280.0,68280,34.75835648374039,34.75835648374039,147.1952020901505,0.0,34.75835656080798,7.70675833809632e-08,0.0
1138,68340.0,68340,34.75835648374929,34.75835648374929,147.68761214014413,0.0,34.75835656081822,7.706893202887685e-08,0.0
1139,68400.0,68400,34.758356483758334,34.75835648375833,148.1800221901379,0.0,34.758356560828716,7.707038584566843e-08,0.0
1140,68460.0,68460,34.758356483767514,34.758356483767514,148.67243224013174,0.0,34.75835656083946,7.707194847795844e-08,0.0
1141,68520.0,68520,34.75835648377683,34.75835648377683,149.16484229012576,0.0,34.75835656085045,7.707362364471202e-08,0.0
1142,68580.0,68580,34.75835648378628,34.75835648378628,149.65725234011987,0.0,34.75835656086169,7.707541513507757e-08,0.0
1143,68640.0,68640,34.75835648379585,34.75835648379585,150.14966239011412,0.0,34.758356560873175,7.707732680620237e-08,0.0
1144,68700.0,68700,34.758356483805535,34.758356483805535,150.6420724401085,0.0,34.7583565608849,7.707936258058009e-08,0.0
1145,68760.0,68760,34.758356483815334,34.758356483815334,151.13448249010304,0.0,34.75835656089686,7.708152644347043e-08,0.0
1146,68820.0,68820,34.75835648382523,34.75835648382523,151.62689254009769,0.0,34.75835656090905,7.708382243998792e-08,0.0
1147,68880.0,68880,34.758356483835215,34.758356483835215,152.11930259009247,0.0,34.75835656092147,7.708625467207419e-08,0.0
1148,68940.0,68940,34.75835664396514,-265.24164335603484,152.6117126400874,300.0,7.490805023970459e-08,265.2416434309429,0.0
1149,69000.0,69000,34.75835664397006,-265.24164335602995,148.19101858396618,300.0,7.491067862069108e-08,265.2416434309406,0.0
1150,69060.0,69060,34.758356643973855,-265.24164335602615,143.77032452784505,300.0,7.491267039328647e-08,265.2416434309388,0.0
1151,69120.0,69120,34.75835664397652,-265.2416433560235,139.34963047172397,300.0,7.491402773082202e-08,265.24164343093753,0.0
1152,69180.0,69180,34.758356643978054,-265.24164335602194,134.92893641560295,300.0,7.491475234069316e-08,265.2416434309367,0.0
1153,69240.0,69240,34.758356643978466,-265.24164335602154,130.50824235948193,300.0,7.491484567815951e-08,265.2416434309364,0.0
1154,69300.0,69300,34.758356643977756,-265.2416433560223,126.08754830336093,300.0,7.491430907932057e-08,265.24164343093656,0.0
1155,69360.0,69360,34.75835664397592,-265.2416433560241,121.66685424723991,300.0,7.491314384401472e-08,265.24164343093724,0.0
1156,69420.0,69420,34.75835664397298,-265.241643356027,117.24616019111888,300.0,7.491135128688068e-08,265.2416434309384,0.0
1157,69480.0,69480,34.75835664396892,-265.24164335603103,112.82546613499778,300.0,7.490893276803374e-08,265.24164343094003,0.0
1158,69540.0,69540,34.75835664396376,-265.24164335603626,108.40477207887663,300.0,7.490588971035971e-08,265.24164343094213,0.0
1159,69600.0,69600,34.7583566439575,-265.2416433560425,103.9840780227554,300.0,7.490222360795518e-08,265.24164343094475,0.0
1160,69660.0,69660,34.7583566408345,-170.24164335916535,99.56338396663408,204.99999999999983,7.564528200046027e-08,170.24164343481064,0.0
1161,69720.0,69720,34.75835648389502,34.75835648389502,96.72602324379218,0.0,34.758356560974754,7.70797287496645e-08,0.0
1162,69780.0,69780,34.75835648389359,34.75835648389359,97.21843329378798,0.0,34.75835656097166,7.707807158565334e-08,0.0
1163,69840.0,69840,34.758356483892285,34.758356483892285,97.71084334378375,0.0,34.75835656096871,7.707642336344044e-08,0.0
1164,69900.0,69900,34.75835648389109,34.75835648389109,98.20325339377949,0.0,34.75835656096588,7.707478462483167e-08,0.0
1165,69960.0,69960,34.758356483890026,34.758356483890026,98.69566344377523,0.0,34.758356560963186,7.707315593814666e-08,0.0
1166,70020.0,70020,34.758356483889074,34.758356483889074,99.18807349377097,0.0,34.758356560960614,7.707153790059943e-08,0.0
1167,70080.0,70080,34.75835648388824,34.75835648388824,99.68048354376668,0.0,34.75835656095818,7.706993114042247e-08,0.0
1168,70140.0,70140,34.75835648388753,34.75835648388753,100.17289359376241,0.0,34.75835656095587,7.706833631924627e-08,0.0
1169,70200.0,70200,34.758356483886935,34.758356483886935,100.66530364375812,0.0,34.75835656095369,7.706675413425511e-08,0.0
1170,70260.0,70260,34.75835648388646,34.75835648388646,101.15771369375383,0.0,34.75835656095165,7.706518532038908e-08,0.0
1171,70320.0,70320,34.758356483886104,34.758356483886104,101.65012374374953,0.0,34.75835656094973,7.70636306525447e-08,0.0
1172,70380.0,70380,34.75835648388586,34.75835648388586,102.14253379374523,0.0,34.75835656094795,7.706209094769147e-08,0.0
1173,70440.0,70440,34.75835648388574,34.75835648388574,102.63494384374093,0.0,34.75835656094631,7.706056706693656e-08,0.0
1174,70500.0,70500,34.75835648388574,34.75835648388574,103.12735389373665,0.0,34.7583565609448,7.70590599176259e-08,0.0
1175,70560.0,70560,34.758356483885855,34.758356483885855,103.61976394373235,0.0,34.758356560943426,7.705757045524118e-08,0.0
1176,70620.0,70620,34.75835648388609,34.75835648388609,104.11217399372805,0.0,34.75835656094219,7.70560996854121e-08,0.0
1177,70680.0,70680,34.758356483886445,34.758356483886445,104.60458404372378,0.0,34.758356560941095,7.70546486657092e-08,0.0
1178,70740.0,70740,34.75835648388692,34.75835648388692,105.09699409371952,0.0,34.758356560940136,7.705321850745758e-08,0.0
1179,70800.0,70800,34.75835648388751,34.75835648388751,105.58940414371526,0.0,34.75835656093932,7.705181037744648e-08,0.0
1180,70860.0,70860,34.75835648388823,34.75835648388823,106.08181419371098,0.0,34.75835656093865,7.705042549953896e-08,0.0
1181,70920.0,70920,34.75835648388906,34.75835648388906,106.57422424370675,0.0,34.758356560938125,7.704906515621375e-08,0.0
1182,70980.0,70980,34.75835648389001,34.75835648389001,107.06663429370252,0.0,34.75835656093774,7.704773068996991e-08,0.0
1183,71040.0,71040,34.75835648389108,34.75835648389108,107.55904434369832,0.0,34.7583565609375,7.70464235047238e-08,0.0
1184,71100.0,71100,34.75835648389227,34.75835648389227,108.05145439369413,0.0,34.758356560937415,7.70451450669101e-08,0.0
1185,71160.0,71160,34.75835648389358,34.75835648389358,108.54386444368997,0.0,34.75835656093747,7.704389690669573e-08,0.0
1186,71220.0,71220,34.75835648389501,34.75835648389501,109.03627449368584,0.0,34.75835656093769,7.704268061892166e-08,0.0
1187,71280.0,71280,34.758356483896556,34.758356483896556,109.5286845436817,0.0,34.758356560938054,7.704149786391888e-08,0.0
1188,71340.0,71340,34.758356483898226,34.758356483898226,110.02109459367762,0.0,34.75835656093858,7.704035036822988e-08,0.0
1189,71400.0,71400,34.758356483900016,34.758356483900016,110.51350464367356,0.0,34.758356560939255,7.703923992521182e-08,0.0
1190,71460.0,71460,34.75835648390192,34.75835648390192,111.0059146936695,0.0,34.75835656094009,7.703816839542353e-08,0.0
1191,71520.0,71520,34.758356483903945,34.758356483903945,111.49832474366549,0.0,34.75835656094108,7.703713770688433e-08,0.0
1192,71580.0,71580,34.75835648390609,34.75835648390609,111.9907347936615,0.0,34.75835656094224,7.703614985516948e-08,0.0
1193,71640.0,71640,34.75835648390836,34.75835648390835,112.48314484365757,0.0,34.75835656094356,7.703520690334761e-08,0.0
1194,71700.0,71700,34.75835648391073,34.75835648391073,112.97555489365364,0.0,34.758356560945046,7.70343109817461e-08,0.0
1195,71760.0,71760,34.75835648391323,34.75835648391323,113.46796494364976,0.0,34.758356560946694,7.703346428743345e-08,0.0
1196,71820.0,71820,34.75835648391585,34.75835648391585,113.96037499364593,0.0,34.75835656094851,7.703266908373687e-08,0.0
1197,71880.0,71880,34.758356483918575,34.758356483918575,114.45278504364211,0.0,34.7583565609505,7.703192769926958e-08,0.0
1198,71940.0,71940,34.758356483921425,34.758356483921425,114.94519509363836,0.0,34.75835656095266,7.703124252701407e-08,0.0
1199,72000.0,72000,34.75835648392439,34.75835648392438,115.43760514363463,0.0,34.758356560954994,7.703061602303038e-08,0.0
1200,72060.0,72060,34.75835648392746,34.75835648392746,115.93001519363098,0.0,34.7583565609575,7.703005070498452e-08,0.0
1201,72120.0,72120,34.75835648393064,34.75835648393064,116.42242524362734,0.0,34.75835656096019,7.702954915053978e-08,0.0
1202,72180.0,72180,34.75835648393394,34.75835648393394,116.91483529362374,0.0,34.75835656096305,7.702911399537528e-08,0.0
1203,72240.0,72240,34.75835648393734,34.75835648393734,117.40724534362022,0.0,34.75835656096609,7.702874793100814e-08,0.0
1204,72300.0,72300,34.75835648394086,34.75835648394086,117.89965539361673,0.0,34.75835656096931,7.702845370247764e-08,0.0
1205,72360.0,72360,34.758356483944475,34.758356483944475,118.39206544361329,0.0,34.75835656097271,7.702823410562892e-08,0.0
1206,72420.0,72420,34.7583564839482,34.7583564839482,118.88447549360991,0.0,34.75835656097629,7.702809198417757e-08,0.0
1207,72480.0,72480,34.75835648395203,34.75835648395203,119.37688554360659,0.0,34.75835656098006,7.702803022654272e-08,0.0
1208,72540.0,72540,34.75835648395596,34.75835648395596,119.86929559360333,0.0,34.75835656098401,7.702805176235556e-08,0.0
1209,72600.0,72600,34.758356483959986,34.758356483959986,120.36170564360009,0.0,34.75835656098815,7.702815955871249e-08,0.0
1210,72660.0,72660,34.75835648396411,34.75835648396411,120.85411569359691,0.0,34.75835656099246,7.702835661607932e-08,0.0
1211,72720.0,72720,34.75835648396833,34.75835648396833,121.34652574359382,0.0,34.75835656099697,7.702864596393694e-08,0.0
1212,72780.0,72780,34.758356483972634,34.758356483972634,121.83893579359078,0.0,34.75835656100166,7.702903065607043e-08,0.0
1213,72840.0,72840,34.75835648397703,34.75835648397703,122.33134584358778,0.0,34.75835656100654,7.702951376556545e-08,0.0
1214,72900.0,72900,34.758356483981515,34.758356483981515,122.82375589358485,0.0,34.75835656101161,7.703009837941975e-08,0.0
1215,72960.0,72960,34.75835648398608,34.75835648398608,123.31616594358199,0.0,34.75835656101686,7.703078759280484e-08,0.0
1216,73020.0,73020,34.75835648399072,34.75835648399072,123.80857599357918,0.0,34.758356561022296,7.703158450303716e-08,0.0
1217,73080.0,73080,34.75835648399543,34.75835648399543,124.30098604357644,0.0,34.758356561027924,7.703249220297553e-08,0.0
1218,73140.0,73140,34.75835648400022,34.75835648400022,124.79339609357376,0.0,34.758356561033736,7.703351377427089e-08,0.0
1219,73200.0,73200,34.75835648400507,34.75835648400507,125.28580614357114,0.0,34.75835656103972,7.703465227999292e-08,0.0
1220,73260.0,73260,34.75835648400998,34.75835648400998,125.77821619356861,0.0,34.75835656104589,7.703591075690255e-08,0.0
1221,73320.0,73320,34.75835648401496,34.75835648401495,126.27062624356613,0.0,34.75835656105225,7.703729220727606e-08,0.0
1222,73380.0,73380,34.758356484019984,34.758356484019984,126.76303629356373,0.0,34.75835656105878,7.703879959019941e-08,0.0
1223,73440.0,73440,34.75835648402506,34.75835648402506,127.25544634356137,0.0,34.75835656106548,7.70404358124065e-08,0.0
1224,73500.0,73500,34.758356484030166,34.758356484030166,127.7478563935591,0.0,34.75835656107237,7.704220371855489e-08,0.0
1225,73560.0,73560,34.75835648403532,34.75835648403532,128.2402664435569,0.0,34.758356561079424,7.704410608092898e-08,0.0
1226,73620.0,73620,34.7583564840405,34.7583564840405,128.73267649355478,0.0,34.758356561086636,7.704614558858743e-08,0.0
1227,73680.0,73680,34.7583564840457,34.7583564840457,129.2250865435527,0.0,34.758356561094025,7.704832483580645e-08,0.0
1228,73740.0,73740,34.75835648405092,34.75835648405092,129.7174965935507,0.0,34.758356561101564,7.705064630992004e-08,0.0
1229,73800.0,73800,34.75835648405615,34.75835648405615,130.20990664354875,0.0,34.75835656110926,7.705311237835862e-08,0.0
1230,73860.0,73860,34.75835648406139,34.75835648406139,130.70231669354692,0.0,34.75835656111711,7.705572527499353e-08,0.0
1231,73920.0,73920,34.75835648406662,34.75835648406662,131.19472674354512,0.0,34.7583565611251,7.705848708559443e-08,0.0
1232,73980.0,73980,34.75835648407183,34.75835648407183,131.68713679354337,0.0,34.758356561133226,7.706139973241713e-08,0.0
1233,74040.0,74040,34.75835648407703,34.75835648407703,132.17954684354171,0.0,34.75835656114149,7.706446495779461e-08,0.0
1234,74100.0,74100,34.75835648408219,34.75835648408219,132.6719568935401,0.0,34.758356561149874,7.706768430676974e-08,0.0
1235,74160.0,74160,34.75835648408732,34.75835648408732,133.1643669435386,0.0,34.75835656115838,7.70710591084887e-08,0.0
1236,74220.0,74220,34.7583564840924,34.7583564840924,133.6567769935371,0.0,34.75835656116699,7.707459045645309e-08,0.0
1237,74280.0,74280,34.758356484097426,34.758356484097426,134.1491870435357,0.0,34.7583565611757,7.707827918740666e-08,0.0
1238,74340.0,74340,34.75835648410238,34.75835648410238,134.6415970935344,0.0,34.758356561184506,7.708212585878898e-08,0.0
1239,74400.0,74400,34.75835648410726,34.75835648410726,135.1340071435331,0.0,34.75835656119339,7.708613072454627e-08,0.0
1240,74460.0,74460,34.75835648411205,34.75835648411205,135.62641719353186,0.0,34.75835656120234,7.709029370932606e-08,0.0
1241,74520.0,74520,34.75835648411674,34.75835648411674,136.1188272435307,0.0,34.75835656121135,7.709461438061357e-08,0.0
1242,74580.0,74580,34.75835648412132,34.75835648412132,136.61123729352957,0.0,34.75835656122042,7.709909191885145e-08,0.0
1243,74640.0,74640,34.758356484125784,34.758356484125784,137.10364734352854,0.0,34.758356561229505,7.710372508529953e-08,0.0
1244,74700.0,74700,34.75835648413011,34.75835648413011,137.59605739352753,0.0,34.75835656123862,7.7108512187275e-08,0.0
1245,74760.0,74760,34.75835648413429,34.75835648413429,138.08846744352658,0.0,34.75835656124774,7.711345104058073e-08,0.0
1246,74820.0,74820,34.75835648413831,34.75835648413831,138.58087749352566,0.0,34.758356561256846,7.711853892887673e-08,0.0
1247,74880.0,74880,34.75835648414216,34.75835648414216,139.0732875435248,0.0,34.758356561265934,7.712377255958726e-08,0.0
1248,74940.0,74940,34.75835648414583,34.75835648414583,139.56569759352396,0.0,34.75835656127497,7.712914801594932e-08,0.0
1249,75000.0,75000,34.7583564841493,34.7583564841493,140.0581076435232,0.0,34.75835656128396,7.713466070483824e-08,0.0
1250,75060.0,75060,34.758356484152564,34.758356484152564,140.55051769352244,0.0,34.75835656129287,7.714030529985712e-08,0.0
1251,75120.0,75120,34.75835648415561,34.75835648415561,141.04292774352172,0.0,34.75835656130168,7.71460756791279e-08,0.0
1252,75180.0,75180,34.75835648415842,34.75835648415842,141.53533779352102,0.0,34.758356561310386,7.715196485720897e-08,0.0
1253,75240.0,75240,34.75835648416099,34.75835648416099,142.0277478435204,0.0,34.758356561318955,7.71579649103262e-08,0.0
1254,75300.0,75300,34.75835648416331,34.75835648416331,142.52015789351972,0.0,34.75835656132737,7.71640668943862e-08,0.0
1255,75360.0,75360,34.758356484165354,34.758356484165354,143.01256794351912,0.0,34.75835656133561,7.71702607545067e-08,0.0
1256,75420.0,75420,34.75835648416712,34.75835648416712,143.5049779935185,0.0,34.75835656134366,7.717653522538836e-08,0.0
1257,75480.0,75480,34.758356484168615,34.758356484168615,143.99738804351787,0.0,34.75835656135149,7.71828777211345e-08,0.0
1258,75540.0,75540,34.758356484169816,34.758356484169816,144.4897980935173,0.0,34.758356561359086,7.718927421327157e-08,0.0
1259,75600.0,75600,34.75835648417072,34.75835648417072,144.9822081435167,0.0,34.758356561366426,7.719570909552785e-08,0.0
1260,75660.0,75660,34.75835648417133,34.75835648417133,145.4746181935161,0.0,34.75835656137349,7.720216503349029e-08,0.0
1261,75720.0,75720,34.758356484171635,34.758356484171635,145.96702824351547,0.0,34.75835656138026,7.720862279732841e-08,0.0
1262,75780.0,75780,34.75835648417166,34.75835648417166,146.45943829351486,0.0,34.75835656138671,7.721506107517694e-08,0.0
1263,75840.0,75840,34.75835648417138,34.75835648417138,146.95184834351423,0.0,34.75835656139284,7.722145626468378e-08,0.0
1264,75900.0,75900,34.75835648417083,34.75835648417083,147.4442583935136,0.0,34.758356561398614,7.722778223966157e-08,0.0
1265,75960.0,75960,34.75835648417002,34.75835648417002,147.93666844351293,0.0,34.758356561404035,7.723401008845452e-08,0.0
1266,76020.0,76020,34.75835648416898,34.75835648416898,148.42907849351224,0.0,34.75835656140909,7.724010781996228e-08,0.0
1267,76080.0,76080,34.75835648416773,34.75835648416773,148.92148854351151,0.0,34.75835656141377,7.72460400327807e-08,0.0
1268,76140.0,76140,34.758356484166306,34.758356484166306,149.41389859351074,0.0,34.758356561418076,7.725176754223268e-08,0.0
1269,76200.0,76200,34.758356484164764,34.758356484164764,149.90630864350993,0.0,34.75835656142201,7.725724695884629e-08,0.0
1270,76260.0,76260,34.758356644350386,-265.2416433556496,150.3987186935091,300.0,7.511381434978592e-08,265.2416434307634,0.0
1271,76320.0,76320,34.758356644367154,-265.24164335563285,145.9780246373938,300.0,7.512240443450113e-08,265.2416434307553,0.0
1272,76380.0,76380,34.75835664438239,-265.2416433556176,141.55733058127873,300.0,7.513040945110901e-08,265.24164343074796,0.0
1273,76440.0,76440,34.758356644396216,-265.2416433556038,137.13663652516394,300.0,7.513781005330552e-08,265.2416434307416,0.0
1274,76500.0,76500,34.75835664440871,-265.2416433555913,132.71594246904934,300.0,7.514459584516005e-08,265.2416434307359,0.0
1275,76560.0,76560,34.75835664441991,-265.2416433555801,128.2952484129349,300.0,7.51507609294362e-08,265.24164343073085,0.0
1276,76620.0,76620,34.75835664442987,-265.24164335557015,123.8745543568207,300.0,7.515630182329375e-08,265.2416434307264,0.0
1277,76680.0,76680,34.75835664443859,-265.2416433555614,119.4538603007066,300.0,7.516121644220433e-08,265.2416434307226,0.0
1278,76740.0,76740,34.75835664444612,-265.24164335555383,115.03316624459265,300.0,7.516550358432276e-08,265.24164343071936,0.0
1279,76800.0,76800,34.75835664445245,-265.2416433555475,110.6124721884788,300.0,7.516916265734648e-08,265.2416434307167,0.0
1280,76860.0,76860,34.7583566444576,-265.2416433555424,106.19177813236507,300.0,7.517219352645099e-08,265.2416434307146,0.0
1281,76920.0,76920,34.75835663948634,-125.2416433605135,101.77108407625141,159.99999999999986,7.640430240840682e-08,125.24164343691783,0.0
1282,76980.0,76980,34.7583564839974,34.758356483997396,99.68372335338515,0.0,34.758356561276265,7.727886861864327e-08,0.0
1283,77040.0,77040,34.7583564839924,34.7583564839924,100.17613340338188,0.0,34.758356561269736,7.72773299745735e-08,0.0
1284,77100.0,77100,34.75835648398688,34.75835648398688,100.66854345337856,0.0,34.758356561262694,7.727581442782211e-08,0.0
1285,77160.0,77160,34.75835663945085,-115.24164336054915,101.16095350337515,150.0,7.56281261514393e-08,115.24164343617728,0.0
1286,77220.0,77220,34.758356639455045,-115.24164336054496,99.24025944717691,150.0,7.56311970265646e-08,115.24164343617615,0.0
1287,77280.0,77280,34.758356639459045,-115.24164336054095,97.31956539097872,150.0,7.563403847978406e-08,115.24164343617501,0.0
1288,77340.0,77340,34.758356639462846,-115.24164336053715,95.39887133478058,150.0,7.56366493275508e-08,115.2416434361738,0.0
1289,77400.0,77400,34.758356639466456,-115.24164336053353,93.47817727858252,150.0,7.563902869632702e-08,115.24164343617255,0.0
1290,77460.0,77460,34.75835663946988,-115.2416433605301,91.5574832223845,150.0,7.564117599684656e-08,115.24164343617129,0.0
1291,77520.0,77520,34.758356639473114,-115.2416433605269,89.63678916618653,150.0,7.564309090086232e-08,115.24164343616998,0.0
1292,77580.0,77580,34.75835663947616,-115.24164336052384,87.71609510998861,150.0,7.564477332010435e-08,115.24164343616862,0.0
1293,77640.0,77640,34.75835663947903,-115.24164336052097,85.79540105379074,150.0,7.56462233873685e-08,115.24164343616718,0.0
1294,77700.0,77700,34.75835663948172,-115.24164336051828,83.87470699759291,150.0,7.564744143927633e-08,115.24164343616573,0.0
1295,77760.0,77760,34.75835663948422,-115.24164336051578,81.95401294139513,150.0,7.564842800087381e-08,115.24164343616421,0.0
1296,77820.0,77820,34.75835663948654,-115.24164336051346,80.03331888519739,150.0,7.56491837715691e-08,115.24164343616265,0.0
1297,77880.0,77880,34.75835663948868,-115.24164336051133,78.11262482899969,150.0,7.564970961254173e-08,115.24164343616103,0.0
1298,77940.0,77940,34.758356639490636,-115.24164336050936,76.19193077280202,150.0,7.565000653539219e-08,115.24164343615936,0.0
1299,78000.0,78000,34.75835663949242,-115.24164336050758,74.27123671660438,150.0,7.565007569180785e-08,115.24164343615766,0.0
1300,78060.0,78060,34.758356639494025,-115.24164336050598,72.35054266040676,150.0,7.564991836445383e-08,115.24164343615591,0.0
1301,78120.0,78120,34.758356639495446,-115.24164336050455,70.42984860420918,150.0,7.56495359586567e-08,115.2416434361541,0.0
1302,78180.0,78180,34.75835663949668,-115.2416433605033,68.50915454801162,150.0,7.564892999506626e-08,115.24164343615223,0.0
1303,78240.0,78240,34.75835663949774,-115.24164336050225,66.58846049181408,150.0,7.564810210303345e-08,115.24164343615037,0.0
1304,78300.0,78300,34.75835663949862,-115.24164336050137,64.66776643561657,150.0,7.564705401481494e-08,115.24164343614842,0.0
1305,78360.0,78360,34.75835663949932,-115.24164336050067,62.747072379419066,150.0,7.564578756038864e-08,115.24164343614645,0.0
1306,78420.0,78420,34.75835663949983,-115.24164336050018,60.82637832322158,150.0,7.564430466297646e-08,115.24164343614449,0.0
1307,78480.0,78480,34.758356639500164,-115.24164336049985,58.905684267024114,150.0,7.564260733506478e-08,115.24164343614245,0.0
1308,78540.0,78540,34.75835663972841,-100.24164336027157,56.984990210826645,135.0,7.36276416107747e-08,100.24164343389923,0.0
1309,78600.0,78600,34.75835648375749,34.75835648375749,55.31429615463803,0.0,34.758356560992084,7.723460267239737e-08,0.0
1310,78660.0,78660,34.75835648374598,34.75835648374598,55.80670620463148,0.0,34.7583565609788,7.723281820123875e-08,0.0
1311,78720.0,78720,34.758356483734225,34.758356483734225,56.29911625462478,0.0,34.758356560965225,7.723100334307134e-08,0.0
1312,78780.0,78780,34.75835648372221,34.75835648372221,56.7915263046179,0.0,34.75835656095137,7.722915927551183e-08,0.0
1313,78840.0,78840,34.75835648370993,34.75835648370993,57.28393635461087,0.0,34.758356560937216,7.72272872734244e-08,0.0
1314,78900.0,78900,34.758356483697355,34.758356483697355,57.77634640460367,0.0,34.75835656092275,7.72253887140088e-08,0.0
1315,78960.0,78960,34.75835648368449,34.75835648368449,58.2687564545963,0.0,34.75835656090795,7.722346508183906e-08,0.0
1316,79020.0,79020,34.75835648367131,34.75835648367131,58.76116650458874,0.0,34.75835656089282,7.722151797396574e-08,0.0
1317,79080.0,79080,34.75835648365779,34.75835648365779,59.253576554581,0.0,34.758356560877345,7.721954910510932e-08,0.0
1318,79140.0,79140,34.75835648364394,34.75835648364394,59.74598660457308,0.0,34.7583565608615,7.721756031281618e-08,0.0
1319,79200.0,79200,34.758356483629726,34.758356483629726,60.238396654564966,0.0,34.75835656084528,7.721555356271992e-08,0.0
1320,79260.0,79260,34.75835648361514,34.75835648361514,60.730806704556656,0.0,34.75835656082867,7.721353095376433e-08,0.0
1321,79320.0,79320,34.75835648360016,34.75835648360016,61.22321675454815,0.0,34.758356560811656,7.721149472359183e-08,0.0
1322,79380.0,79380,34.758356483584784,34.758356483584784,61.715626804539426,0.0,34.758356560794226,7.720944725373677e-08,0.0
1323,79440.0,79440,34.758356483568974,34.758356483568974,62.20803685453049,0.0,34.75835656077636,7.720739107512922e-08,0.0
1324,79500.0,79500,34.758356483552724,34.758356483552724,62.700446904521336,0.0,34.75835656075805,7.72053288733835e-08,0.0
1325,79560.0,79560,34.75835648353601,34.75835648353601,63.19285695451195,0.0,34.75835656073927,7.720326349425151e-08,0.0
1326,79620.0,79620,34.758356483518824,34.758356483518824,63.68526700450235,0.0,34.758356560720024,7.720119794909345e-08,0.0
1327,79680.0,79680,34.75835648350114,34.75835648350114,64.17767705449249,0.0,34.75835656070028,7.719913542031783e-08,0.0
1328,79740.0,79740,34.75835648348294,34.75835648348294,64.6700871044824,0.0,34.75835656068002,7.719707926695312e-08,0.0
1329,79800.0,79800,34.7583564834642,34.7583564834642,65.16249715447206,0.0,34.75835656065923,7.719503303015804e-08,0.0
1330,79860.0,79860,34.7583564834449,34.7583564834449,65.65490720446145,0.0,34.7583565606379,7.719300043885336e-08,0.0
1331,79920.0,79920,34.758356483425025,34.758356483425025,66.14731725445057,0.0,34.75835656061601,7.7190985415388e-08,0.0
1332,79980.0,79980,34.75835648340454,34.75835648340454,66.63972730443942,0.0,34.75835656059353,7.718899208122019e-08,0.0
1333,80040.0,80040,34.75835648338344,34.75835648338344,67.132137354428,0.0,34.75835656057046,7.718702476272164e-08,0.0
1334,80100.0,80100,34.75835648336168,34.75835648336168,67.62454740441626,0.0,34.758356560546765,7.718508799701671e-08,0.0
1335,80160.0,80160,34.75835648333925,34.75835648333925,68.11695745440423,0.0,34.75835656052244,7.718318653799047e-08,0.0
1336,80220.0,80220,34.758356644423635,-265.2416433555764,68.60936750439188,300.0,7.516996666159536e-08,265.2416434307463,0.0
1337,80280.0,80280,34.758356644424964,-265.24164335557504,64.18867344827765,300.0,7.517112601104054e-08,265.24164343074614,0.0
1338,80340.0,80340,34.75835664442517,-265.2416433555748,59.76797939216345,300.0,7.517166313794871e-08,265.2416434307465,0.0
1339,80400.0,80400,34.75835664442427,-265.2416433555757,55.34728533604925,300.0,7.517157866811576e-08,265.24164343074733,0.0
1340,80460.0,80460,34.75835664442225,-265.24164335557776,50.926591279935025,300.0,7.517087355339489e-08,265.2416434307486,0.0
1341,80520.0,80520,34.75835664441912,-265.2416433555809,46.505897223820774,300.0,7.516954903496609e-08,265.2416434307504,0.0
1342,80580.0,80580,34.758356644414896,-265.2416433555851,42.08520316770648,300.0,7.516760661186153e-08,265.2416434307527,0.0
1343,80640.0,80640,34.75835664440958,-265.2416433555904,37.66450911159211,300.0,7.516504801372264e-08,265.2416434307555,0.0
1344,80700.0,80700,34.758356644403165,-265.24164335559686,33.24381505547767,300.0,7.516187517704404e-08,265.2416434307587,0.0
1345,80760.0,80760,34.75835664439567,-265.24164335560437,28.823120999363123,300.0,7.51580902241548e-08,265.2416434307624,0.0
1346,80820.0,80820,34.75835664438709,-265.2416433556129,24.40242694324846,300.0,7.515369544452196e-08,265.2416434307666,0.0
1347,80880.0,80880,34.75835664437744,-265.2416433556225,19.981732887133667,300.0,7.51486932776979e-08,265.24164343077126,0.0
1348,80940.0,80940,34.75835663773475,-55.24164336226524,15.561038831018726,90.0,7.194507858391653e-08,55.241643434210324,0.0
1349,81000.0,81000,34.75835648323518,34.75835648323518,14.64034477480108,0.0,34.75835656036938,7.713419127755092e-08,0.0
1350,81060.0,81060,34.75835648323488,34.75835648323488,15.132754824787387,0.0,34.75835656036504,7.713015647274473e-08,0.0
1351,81120.0,81120,34.75835648323466,34.75835648323466,15.625164874773693,0.0,34.758356560360696,7.712603871845823e-08,0.0
1352,81180.0,81180,34.758356483234515,34.758356483234515,16.11757492476001,0.0,34.75835656035635,7.712183727579169e-08,0.0
1353,81240.0,81240,34.758356483234444,34.758356483234444,16.609984974746336,0.0,34.75835656035199,7.711755140642438e-08,0.0
1354,81300.0,81300,34.75835648323444,34.75835648323444,17.10239502473267,0.0,34.758356560347615,7.711318037568382e-08,0.0
1355,81360.0,81360,34.7583564832345,34.75835648323449,17.594805074719012,0.0,34.758356560343216,7.710872345571815e-08,0.0
1356,81420.0,81420,34.75835648323461,34.75835648323461,18.08721512470537,0.0,34.75835656033878,7.710417992870793e-08,0.0
1357,81480.0,81480,34.758356644279644,-265.2416433557203,18.57962517469174,300.0,7.509803852709466e-08,265.2416434308184,0.0
1358,81540.0,81540,34.75835664427004,-265.24164335572993,14.158931118575296,300.0,7.509308084831133e-08,265.24164343082305,0.0
1359,81600.0,81600,34.758356644259365,-265.2416433557406,9.738237062458705,300.0,7.508752096027119e-08,265.24164343082816,0.0
1360,81660.0,81660,34.75835664424765,-265.2416433557524,5.317543006341949,300.0,7.508136139586275e-08,265.24164343083373,0.0
1361,81720.0,81720,34.75835664423487,-265.2416433557651,0.8968489502250125,300.0,7.507460478737452e-08,265.2416434308397,0.0
1362,81780.0,81780,34.75835664422107,-265.24164335577893,-3.5238451058921196,300.0,7.506725385364891e-08,265.2416434308461,0.0
1363,81840.0,81840,34.758356644206216,-265.24164335579377,-7.944539162009463,300.0,7.505931138774359e-08,265.24164343085306,0.0
1364,81900.0,81900,34.75835664419035,-265.24164335580963,-12.365233218127033,300.0,7.505078024482664e-08,265.24164343086045,0.0
1365,81960.0,81960,34.75835664417345,-265.2416433558265,-16.785927274244848,300.0,7.504166333039396e-08,265.2416434308682,0.0
1366,82020.0,82020,34.75835664415554,-265.2416433558444,-21.206621330362925,300.0,7.503196358851738e-08,265.2416434308764,0.0
1367,82080.0,82080,34.75835664413663,-265.2416433558634,-25.627315386481268,300.0,7.502168399029135e-08,265.24164343088506,0.0
1368,82140.0,82140,34.75835664411671,-265.2416433558833,-30.048009442599902,300.0,7.501082752221258e-08,265.24164343089416,0.0
1369,82200.0,82200,34.758356483239425,34.758356483239425,-34.468703498718845,0.0,34.758356560294224,7.705479980383757e-08,0.0
1370,82260.0,82260,34.75835648323795,34.75835648323795,-33.976293448732285,0.0,34.75835656029015,7.70522075730876e-08,0.0
1371,82320.0,82320,34.75835648323664,34.75835648323664,-33.48388339874574,0.0,34.75835656028622,7.704957682302474e-08,0.0
1372,82380.0,82380,34.7583564832355,34.7583564832355,-32.9914733487592,0.0,34.75835656028241,7.704690801811547e-08,0.0
1373,82440.0,82440,34.75835648323453,34.75835648323453,-32.499063298772676,0.0,34.75835656027873,7.704420157922028e-08,0.0
1374,82500.0,82500,34.758356483233705,34.758356483233705,-32.00665324878616,0.0,34.75835656027516,7.704145788393814e-08,0.0
1375,82560.0,82560,34.75835648323304,34.75835648323304,-31.514243198799647,0.0,34.758356560271714,7.703867726717669e-08,0.0
1376,82620.0,82620,34.75835648323251,34.75835648323251,-31.02183314881314,0.0,34.75835656026837,7.703586002168617e-08,0.0
1377,82680.0,82680,34.75835648323213,34.75835648323213,-30.52942309882663,0.0,34.75835656026513,7.703300639870215e-08,0.0
1378,82740.0,82740,34.758356483231864,34.758356483231864,-30.037013048840116,0.0,34.75835656026198,7.703011660863294e-08,0.0
1379,82800.0,82800,34.758356483231736,34.758356483231736,-29.544602998853602,0.0,34.758356560258925,7.702719082181083e-08,0.0
1380,82860.0,82860,34.75835648323173,34.75835648323173,-29.05219294886708,0.0,34.758356560255955,7.702422916938573e-08,0.0
1381,82920.0,82920,34.758356483231836,34.758356483231836,-28.55978289888055,0.0,34.75835656025306,7.702123174418712e-08,0.0
1382,82980.0,82980,34.75835648323205,34.75835648323205,-28.067372848894014,0.0,34.75835656025025,7.7018198601746e-08,0.0
1383,83040.0,83040,34.75835648323237,34.75835648323237,-27.574962798907464,0.0,34.7583565602475,7.701512976132566e-08,0.0
1384,83100.0,83100,34.75835648323279,34.75835648323279,-27.082552748920904,0.0,34.75835656024481,7.701202520703365e-08,0.0
1385,83160.0,83160,34.7583564832333,34.7583564832333,-26.590142698934333,0.0,34.758356560242184,7.700888488913757e-08,0.0
1386,83220.0,83220,34.758356483233904,34.758356483233904,-26.097732648947744,0.0,34.75835656023961,7.700570872521543e-08,0.0
1387,83280.0,83280,34.758356483234586,34.758356483234586,-25.605322598961138,0.0,34.75835656023708,7.70024966016031e-08,0.0
1388,83340.0,83340,34.75835648323535,34.75835648323535,-25.112912548974514,0.0,34.7583565602346,7.699924837481322e-08,0.0
1389,83400.0,83400,34.75835648323619,34.75835648323619,-24.620502498987875,0.0,34.75835656023215,7.699596387305729e-08,0.0
1390,83460.0,83460,34.758356483237094,34.758356483237094,-24.128092449001212,0.0,34.75835656022974,7.699264289780382e-08,0.0
1391,83520.0,83520,34.75835648323807,34.75835648323807,-23.635682399014527,0.0,34.758356560227355,7.69892852254989e-08,0.0
1392,83580.0,83580,34.7583564832391,34.7583564832391,-23.14327234902782,0.0,34.75835656022499,7.698589060928119e-08,0.0
1393,83640.0,83640,34.758356483240185,34.758356483240185,-22.650862299041094,0.0,34.758356560222644,7.698245878081864e-08,0.0
1394,83700.0,83700,34.75835648324132,34.75835648324132,-22.15845224905434,0.0,34.758356560220314,7.697898945218586e-08,0.0
1395,83760.0,83760,34.75835648324251,34.7583564832425,-21.666042199067565,0.0,34.75835656021799,7.697548231788281e-08,0.0
1396,83820.0,83820,34.75835648324373,34.75835648324373,-21.17363214908076,0.0,34.75835656021567,7.697193705682958e-08,0.0
1397,83880.0,83880,34.758356483244995,34.758356483244995,-20.681222099093926,0.0,34.75835656021334,7.696835333454069e-08,0.0
1398,83940.0,83940,34.75835648324629,34.75835648324629,-20.18881204910707,0.0,34.75835656021101,7.696473080528329e-08,0.0
1399,84000.0,84000,34.75835648324761,34.75835648324761,-19.696401999120187,0.0,34.75835656020868,7.696106911438315e-08,0.0
1400,84060.0,84060,34.75835648324896,34.75835648324896,-19.203991949133275,0.0,34.75835656020632,7.6957367900477e-08,0.0
1401,84120.0,84120,34.75835648325033,34.758356483250324,-18.711581899146335,0.0,34.75835656020395,7.695362679803025e-08,0.0
1402,84180.0,84180,34.75835648325171,34.75835648325171,-18.219171849159366,0.0,34.758356560201555,7.694984543972199e-08,0.0
1403,84240.0,84240,34.7583564832531,34.7583564832531,-17.72676179917237,0.0,34.758356560199125,7.694602345901541e-08,0.0
1404,84300.0,84300,34.75835648325451,34.75835648325451,-17.234351749185343,0.0,34.75835656019667,7.6942160492739e-08,0.0
1405,84360.0,84360,34.758356483255916,34.75835648325591,-16.74194169919829,0.0,34.758356560194166,7.693825618375891e-08,0.0
1406,84420.0,84420,34.758356483257316,34.758356483257316,-16.249531649211203,0.0,34.75835656019163,7.693431018367657e-08,0.0
1407,84480.0,84480,34.75835648325872,34.75835648325872,-15.757121599224087,0.0,34.75835656018904,7.693032215559956e-08,0.0
1408,84540.0,84540,34.758356483260116,34.758356483260116,-15.26471154923694,0.0,34.75835656018641,7.692629177695661e-08,0.0
1409,84600.0,84600,34.758356483261494,34.758356483261494,-14.772301499249766,0.0,34.758356560183714,7.692221874237163e-08,0.0
1410,84660.0,84660,34.75835648326286,34.75835648326286,-14.279891449262562,0.0,34.758356560180964,7.691810276658054e-08,0.0
1411,84720.0,84720,34.7583564832642,34.7583564832642,-13.787481399275325,0.0,34.75835656017814,7.691394358734932e-08,0.0
1412,84780.0,84780,34.75835648326552,34.75835648326552,-13.295071349288062,0.0,34.758356560175265,7.690974096853771e-08,0.0
1413,84840.0,84840,34.758356483266816,34.758356483266816,-12.802661299300768,0.0,34.75835656017231,7.69054947030369e-08,0.0
1414,84900.0,84900,34.758356483268074,34.758356483268074,-12.310251249313445,0.0,34.758356560169275,7.690120461587836e-08,0.0
1415,84960.0,84960,34.758356483269296,34.758356483269296,-11.817841199326095,0.0,34.75835656016617,7.689687056731513e-08,0.0
1416,85020.0,85020,34.758356483270475,34.758356483270475,-11.325431149338716,0.0,34.75835656016297,7.689249245590206e-08,0.0
1417,85080.0,85080,34.75835648327162,34.75835648327162,-10.83302109935131,0.0,34.75835656015969,7.688807022163964e-08,0.0
1418,85140.0,85140,34.758356483272706,34.758356483272706,-10.340611049363876,0.0,34.75835656015631,7.68836038490839e-08,0.0
1419,85200.0,85200,34.758356483273744,34.758356483273744,-9.848200999376415,0.0,34.75835656015283,7.68790933705231e-08,0.0
1420,85260.0,85260,34.758356483274724,34.758356483274724,-9.355790949388927,0.0,34.75835656014926,7.687453886908215e-08,0.0
1421,85320.0,85320,34.75835648327564,34.75835648327564,-8.863380899401415,0.0,34.75835656014558,7.686994048188941e-08,0.0
1422,85380.0,85380,34.7583564832765,34.7583564832765,-8.37097084941388,0.0,34.7583565601418,7.686529840323049e-08,0.0
1423,85440.0,85440,34.75835648327728,34.75835648327728,-7.878560799426319,0.0,34.7583565601379,7.686061288760645e-08,0.0
1424,85500.0,85500,34.758356483278,34.758356483278,-7.386150749438738,0.0,34.75835656013388,7.685588425293259e-08,0.0
1425,85560.0,85560,34.75835648327863,34.75835648327863,-6.893740699451135,0.0,34.75835656012974,7.685111288354736e-08,0.0
1426,85620.0,85620,34.75835648327919,34.75835648327919,-6.401330649463509,0.0,34.758356560125485,7.684629923330572e-08,0.0
1427,85680.0,85680,34.758356483279655,34.758356483279655,-5.908920599475864,0.0,34.75835656012109,7.684144382856846e-08,0.0
1428,85740.0,85740,34.758356483280025,34.758356483280025,-5.4165105494881995,0.0,34.758356560116574,7.683654727123084e-08,0.0
1429,85800.0,85800,34.75835648328031,34.75835648328031,-4.924100499500518,0.0,34.75835656011192,7.683161024162958e-08,0.0
1430,85860.0,85860,34.75835648328049,34.75835648328049,-4.4316904495128195,0.0,34.758356560107124,7.682663350140492e-08,0.0
1431,85920.0,85920,34.758356483280565,34.758356483280565,-3.9392803995251064,0.0,34.758356560102186,7.682161789636592e-08,0.0
1432,85980.0,85980,34.75835648328053,34.75835648328053,-3.446870349537381,0.0,34.7583565600971,7.681656435925595e-08,0.0
1433,86040.0,86040,34.75835648328039,34.75835648328039,-2.9544602995496416,0.0,34.758356560091855,7.681147391239547e-08,0.0
1434,86100.0,86100,34.75835648328012,34.75835648328012,-2.462050249561892,0.0,34.75835656008647,7.680634767040258e-08,0.0
1435,86160.0,86160,34.75835648327973,34.75835648327973,-1.9696401995741326,0.0,34.75835656008091,7.680118684259446e-08,0.0
1436,86220.0,86220,34.75835648327921,34.75835648327921,-1.4772301495863673,0.0,34.7583565600752,7.679599273559394e-08,0.0
1437,86280.0,86280,34.758356483278554,34.758356483278554,-0.984820099598596,0.0,34.75835656006932,7.679076675557521e-08,0.0
1438,86340.0,86340,34.75835648327776,34.75835648327776,-0.49241004961081936,0.0,34.75835656006327,7.678551041059081e-08,0.0
1439,86400.0,86400,9.151386158734248e-11,9.151384000709467e-11,3.7695703967213084e-10,0.0,1.5134788909946134e-07,1.5125637602780005e-07,0.0
1440,,86460,,,,,,,
