,time,time_x,P_Grid,P_BTMS,E_BTMS,P_Charge,P_BTMS_Ch,P_BTMS_DCh,"param: btms size, a,b_sys,b_cap,b_loan,c"
0,60.0,60,20.64949232508384,20.64949232508384,8.352884113727407e-17,0.0,20.649492401641467,7.655762414566908e-08,262.94466557301183
1,120.0,120,20.64949232479452,20.64949232479452,0.29253447441397057,0.0,20.64949240143251,7.663799198024204e-08,0.4602739726027397
2,180.0,180,20.649492324501683,20.649492324501683,0.5850689488236408,0.0,20.649492401219504,7.671782326028197e-08,0.04323985936321764
3,240.0,240,20.64949232420519,20.64949232420519,0.8776034232289628,0.0,20.649492401002302,7.679710799172595e-08,0.023148148148148147
4,300.0,300,20.649492323904916,20.649492323904916,1.1701378976298864,0.0,20.64949240078075,7.687583685004658e-08,0.009341992564003648
5,360.0,360,20.649492323600704,20.649492323600704,1.4626723720263595,0.0,20.64949240055471,7.695400116489182e-08,0.12
6,420.0,420,20.649492323292424,20.649492323292424,1.7552068464183272,0.0,20.649492400324018,7.703159290498755e-08,0.0
7,480.0,480,20.64949232297992,20.64949232297992,2.0477413208057333,0.0,20.649492400088523,7.710860466354999e-08,0.0
8,540.0,540,20.649492322663047,20.649492322663047,2.340275795188521,0.0,20.64949239984808,7.718502964395414e-08,0.0
9,600.0,600,20.649492322341658,20.649492322341658,2.6328102695666273,0.0,20.64949239960252,7.726086164586862e-08,0.0
10,660.0,660,20.64949232201559,20.64949232201559,2.925344743939991,0.0,20.649492399351686,7.733609505171377e-08,0.0
11,720.0,720,20.6494923216847,20.6494923216847,3.2178792183085476,0.0,20.649492399095426,7.741072481349536e-08,0.0
12,780.0,780,20.649492321348824,20.649492321348824,3.51041369267223,0.0,20.649492398833573,7.748474644003137e-08,0.0
13,840.0,840,20.6494923210078,20.649492321007802,3.8029481670309693,0.0,20.649492398565958,7.755815598456867e-08,0.0
14,900.0,900,20.649492320661466,20.649492320661466,4.095482641384693,0.0,20.649492398292413,7.763095003272192e-08,0.0
15,960.0,960,20.649492320309655,20.649492320309655,4.388017115733329,0.0,20.649492398012775,7.770312569085706e-08,0.0
16,1020.0,1020,20.64949231995219,20.64949231995219,4.680551590076801,0.0,20.64949239772687,7.77746805747566e-08,0.0
17,1080.0,1080,20.64949231958891,20.64949231958891,4.973086064415029,0.0,20.64949239743452,7.784561279873313e-08,0.0
18,1140.0,1140,20.64949231921963,20.64949231921963,5.2656205387479345,0.0,20.64949239713555,7.791592096503513e-08,0.0
19,1200.0,1200,20.64949231884417,20.64949231884417,5.5581550130754325,0.0,20.64949239682977,7.798560415365567e-08,0.0
20,1260.0,1260,20.64949231846235,20.64949231846235,5.850689487397437,0.0,20.64949239651701,7.805466191252106e-08,0.0
21,1320.0,1320,20.64949231807398,20.64949231807398,6.1432239617138595,0.0,20.649492396197072,7.81230942478969e-08,0.0
22,1380.0,1380,20.649492317678874,20.649492317678874,6.43575843602461,0.0,20.649492395869775,7.819090161532648e-08,0.0
23,1440.0,1440,20.649492317276827,20.649492317276827,6.728292910329593,0.0,20.649492395534914,7.82580849107783e-08,0.0
24,1500.0,1500,20.64949231686765,20.649492316867654,7.020827384628711,0.0,20.6494923951923,7.832464546217985e-08,0.0
25,1560.0,1560,20.64949231645114,20.64949231645114,7.313361858921867,0.0,20.64949239484173,7.83905850212688e-08,0.0
26,1620.0,1620,20.649492316027086,20.649492316027086,7.605896333208958,0.0,20.64949239448299,7.845590575580323e-08,0.0
27,1680.0,1680,20.64949231559527,20.64949231559527,7.898430807489878,0.0,20.64949239411588,7.852061024205244e-08,0.0
28,1740.0,1740,20.649492315155488,20.649492315155488,8.190965281764518,0.0,20.64949239374019,7.858470145765341e-08,0.0
29,1800.0,1800,20.64949231470751,20.64949231470751,8.483499756032767,0.0,20.64949239335569,7.864818277475544e-08,0.0
30,1860.0,1860,20.64949231425111,20.64949231425111,8.776034230294513,0.0,20.649492392962166,7.871105795348705e-08,0.0
31,1920.0,1920,20.649492313786055,20.649492313786055,9.068568704549634,0.0,20.649492392559385,7.877333113573274e-08,0.0
32,1980.0,1980,20.64949231331211,20.64949231331211,9.361103178798013,0.0,20.64949239214712,7.883500683921593e-08,0.0
33,2040.0,2040,20.649492312829032,20.649492312829032,9.653637653039521,0.0,20.649492391725126,7.889608995191454e-08,0.0
34,2100.0,2100,20.649492312336577,20.649492312336577,9.946172127274036,0.0,20.649492391293162,7.895658572672135e-08,0.0
35,2160.0,2160,20.649492311834482,20.649492311834482,10.23870660150142,0.0,20.64949239085098,7.901649977644079e-08,0.0
36,2220.0,2220,20.649492311322486,20.649492311322486,10.531241075721544,0.0,20.649492390398326,7.907583806910882e-08,0.0
37,2280.0,2280,20.649492310800326,20.649492310800326,10.823775549934263,0.0,20.649492389934935,7.913460692355205e-08,0.0
38,2340.0,2340,20.64949231026773,20.64949231026773,11.11631002413944,0.0,20.649492389460537,7.919281300531816e-08,0.0
39,2400.0,2400,20.6494923097244,20.6494923097244,11.408844498336927,0.0,20.649492388974867,7.925046332281994e-08,0.0
40,2460.0,2460,20.649492309170068,20.649492309170068,11.701378972526571,0.0,20.649492388477636,7.930756522386677e-08,0.0
41,2520.0,2520,20.649492308604426,20.649492308604426,11.99391344670822,0.0,20.64949238796855,7.936412639242576e-08,0.0
42,2580.0,2580,20.64949230802717,20.64949230802717,12.286447920881717,0.0,20.649492387447324,7.942015484576832e-08,0.0
43,2640.0,2640,20.649492307437985,20.649492307437985,12.578982395046893,0.0,20.649492386913646,7.947565893184931e-08,0.0
44,2700.0,2700,20.649492306836557,20.649492306836557,12.871516869203584,0.0,20.649492386367204,7.953064732705091e-08,0.0
45,2760.0,2760,20.649492306222548,20.649492306222548,13.164051343351618,0.0,20.64949238580768,7.958512903426637e-08,0.0
46,2820.0,2820,20.64949230559562,20.64949230559562,13.456585817490815,0.0,20.649492385234733,7.963911338125623e-08,0.0
47,2880.0,2880,20.64949230495542,20.64949230495542,13.749120291620997,0.0,20.649492384648035,7.969261001941791e-08,0.0
48,2940.0,2940,20.6494923043016,20.6494923043016,14.041654765741976,0.0,20.649492384047225,7.974562892288046e-08,0.0
49,3000.0,3000,20.649492303633775,20.649492303633775,14.334189239853561,0.0,20.649492383431955,7.979818038796571e-08,0.0
50,3060.0,3060,20.649492302951575,20.649492302951575,14.626723713955553,0.0,20.64949238280185,7.985027503305818e-08,0.0
51,3120.0,3120,20.6494923022546,20.6494923022546,14.919258188047749,0.0,20.649492382156524,7.990192379887369e-08,0.0
52,3180.0,3180,20.649492301542452,20.649492301542452,15.211792662129943,0.0,20.649492381495588,7.99531379491639e-08,0.0
53,3240.0,3240,20.64949230081471,20.64949230081471,15.50432713620192,0.0,20.64949238081864,8.000392907186286e-08,0.0
54,3300.0,3300,20.649492300070946,20.649492300070946,15.796861610263463,0.0,20.649492380125256,8.005430908076008e-08,0.0
55,3360.0,3360,20.64949229931072,20.64949229931072,16.08939608431434,0.0,20.64949237941501,8.010429021761922e-08,0.0
56,3420.0,3420,20.64949229853357,20.64949229853357,16.381930558354323,0.0,20.649492378687455,8.015388505492038e-08,0.0
57,3480.0,3480,20.64949229773903,20.64949229773903,16.67446503238317,0.0,20.64949237794214,8.020310649917896e-08,0.0
58,3540.0,3540,20.649492296926613,20.649492296926613,16.96699950640064,0.0,20.649492377178586,8.025196779486559e-08,0.0
59,3600.0,3600,20.649492296095822,20.649492296095822,17.25953398040648,0.0,20.649492376396307,8.030048252906451e-08,0.0
60,3660.0,3660,20.649492295246134,20.649492295246134,17.552068454400427,0.0,20.649492375594797,8.034866463686503e-08,0.0
61,3720.0,3720,20.649492294377016,20.649492294377016,17.844602928382216,0.0,20.649492374773544,8.039652840758656e-08,0.0
62,3780.0,3780,20.649492293487917,20.649492293487917,18.13713740235157,0.0,20.649492373932006,8.044408849179504e-08,0.0
63,3840.0,3840,20.64949229257827,20.64949229257827,18.429671876308213,0.0,20.64949237306963,8.049135990943099e-08,0.0
64,3900.0,3900,20.649492291647483,20.649492291647483,18.722206350251852,0.0,20.64949237218584,8.053835805888241e-08,0.0
65,3960.0,3960,20.649492290694948,20.649492290694948,19.014740824182187,0.0,20.64949237128005,8.05850987272551e-08,0.0
66,4020.0,4020,20.649492289720044,20.649492289720044,19.307275298098915,0.0,20.64949237035164,8.063159810181573e-08,0.0
67,4080.0,4080,20.649492288722108,20.649492288722108,19.59980977200171,0.0,20.64949236939998,8.06778727829856e-08,0.0
68,4140.0,4140,20.649492287700483,20.649492287700483,19.89234424589025,0.0,20.649492368424422,8.072393979868249e-08,0.0
69,4200.0,4200,20.649492286654464,20.649492286654464,20.184878719764207,0.0,20.649492367424283,8.076981662040525e-08,0.0
70,4260.0,4260,20.649492285583342,20.649492285583342,20.477413193623224,0.0,20.649492366398864,8.081552118117811e-08,0.0
71,4320.0,4320,20.649492284486374,20.649492284486374,20.76994766746696,0.0,20.649492365347445,8.086107189542226e-08,0.0
72,4380.0,4380,20.649492283362786,20.649492283362786,21.06248214129504,0.0,20.649492364269275,8.090648768115829e-08,0.0
73,4440.0,4440,20.649492282211796,20.649492282211796,21.355016615107086,0.0,20.64949236316358,8.09517879845607e-08,0.0
74,4500.0,4500,20.649492281032572,20.649492281032572,21.647551088902713,0.0,20.64949236202957,8.099699280732466e-08,0.0
75,4560.0,4560,20.649492279824283,20.649492279824283,21.94008556268152,0.0,20.649492360866404,8.104212273694166e-08,0.0
76,4620.0,4620,20.649492278586038,20.649492278586038,22.2326200364431,0.0,20.64949235967324,8.108719898033093e-08,0.0
77,4680.0,4680,20.64949227731694,20.64949227731694,22.52515451018703,0.0,20.649492358449187,8.113224340110882e-08,0.0
78,4740.0,4740,20.649492276016062,20.649492276016062,22.817688983912863,0.0,20.649492357193342,8.11772785609329e-08,0.0
79,4800.0,4800,20.649492274682423,20.649492274682427,23.110223457620155,0.0,20.64949235590475,8.122232776536189e-08,0.0
80,4860.0,4860,20.649492273315044,20.649492273315044,23.40275793130844,0.0,20.64949235458246,8.12674151146344e-08,0.0
81,4920.0,4920,20.649492271912887,20.649492271912887,23.69529240497724,0.0,20.649492353225455,8.131256556005169e-08,0.0
82,4980.0,4980,20.6494922704749,20.6494922704749,23.987826878626063,0.0,20.649492351832706,8.135780496646603e-08,0.0
83,5040.0,5040,20.649492268999996,20.649492268999996,24.280361352254403,0.0,20.649492350403154,8.140316018160547e-08,0.0
84,5100.0,5100,20.64949226748704,20.64949226748704,24.57289582586174,0.0,20.649492348935702,8.144865911302081e-08,0.0
85,5160.0,5160,20.6494922659349,20.6494922659349,24.865430299447524,0.0,20.649492347429234,8.149433081344319e-08,0.0
86,5220.0,5220,20.649492264342385,20.649492264342385,25.157964773011205,0.0,20.649492345882592,8.15402055755943e-08,0.0
87,5280.0,5280,20.64949226270829,20.64949226270829,25.450499246552212,0.0,20.649492344294604,8.158631503747781e-08,0.0
88,5340.0,5340,20.649492261031373,20.649492261031373,25.743033720069953,0.0,20.649492342664068,8.163269229935796e-08,0.0
89,5400.0,5400,20.64949225931039,20.64949225931039,26.035568193563822,0.0,20.649492340989763,8.167937205383837e-08,0.0
90,5460.0,5460,20.64949225754405,20.64949225754405,26.328102667033196,0.0,20.64949233927044,8.172639073042863e-08,0.0
91,5520.0,5520,20.649492255731076,20.649492255731076,26.620637140477424,0.0,20.64949233750486,8.177378665644432e-08,0.0
92,5580.0,5580,20.649492253870157,20.649492253870157,26.91317161389585,0.0,20.649492335691757,8.182160023605087e-08,0.0
93,5640.0,5640,20.649492251960005,20.649492251960005,27.2057060872878,0.0,20.649492333829876,8.186987414953525e-08,0.0
94,5700.0,5700,20.64949224999933,20.64949224999933,27.49824056065256,0.0,20.64949233191798,8.191865357525199e-08,0.0
95,5760.0,5760,20.64949224798687,20.64949224798687,27.790775033989426,0.0,20.649492329954857,8.196798643678229e-08,0.0
96,5820.0,5820,20.649492245921405,20.649492245921405,28.08330950729766,0.0,20.649492327939328,8.20179236781861e-08,0.0
97,5880.0,5880,20.649492243801774,20.649492243801774,28.375843980576505,0.0,20.649492325870295,8.206851957056147e-08,0.0
98,5940.0,5940,20.649492241626906,20.649492241626906,28.6683784538252,0.0,20.64949232374674,8.21198320532932e-08,0.0
99,6000.0,6000,20.64949223939585,20.64949223939585,28.96091292704295,0.0,20.649492321567774,8.217192311370057e-08,0.0
100,6060.0,6060,20.64949223710781,20.64949223710781,29.253447400228968,0.0,20.64949231933267,8.22248592090132e-08,0.0
101,6120.0,6120,20.649492234762207,20.649492234762207,29.54598187338244,0.0,20.649492317040917,8.22787117346737e-08,0.0
102,6180.0,6180,20.649492232358725,20.649492232358725,29.838516346502544,0.0,20.649492314692285,8.233355754304274e-08,0.0
103,6240.0,6240,20.64949222989741,20.64949222989741,30.131050819588463,0.0,20.649492312286892,8.238947951633922e-08,0.0
104,6300.0,6300,20.649492227378754,20.649492227378754,30.423585292639373,0.0,20.64949230982532,8.24465671969854e-08,0.0
105,6360.0,6360,20.64949222480381,20.64949222480381,30.716119765654458,0.0,20.649492307308734,8.250491747768866e-08,0.0
106,6420.0,6420,20.649492222174388,20.649492222174388,31.008654238632925,0.0,20.649492304739024,8.256463535190406e-08,0.0
107,6480.0,6480,20.649492219493194,20.649492219493194,31.301188711573985,0.0,20.64949230211903,8.262583472237371e-08,0.0
108,6540.0,6540,20.64949221676412,20.64949221676412,31.593723184476914,0.0,20.649492299452763,8.268863926211401e-08,0.0
109,6600.0,6600,20.649492213992563,20.649492213992563,31.886257657341023,0.0,20.649492296745745,8.27531833162795e-08,0.0
110,6660.0,6660,20.649492211185795,20.6494922111858,32.178792130165704,0.0,20.64949229400541,8.28196128265286e-08,0.0
111,6720.0,6720,20.649492208353525,20.649492208353525,32.471326602950455,0.0,20.64949229124161,8.288808625050963e-08,0.0
112,6780.0,6780,20.64949220550852,20.64949220550852,32.76386107569492,0.0,20.649492288467297,8.295877544004416e-08,0.0
113,6840.0,6840,20.6494922026675,20.6494922026675,33.05639554839889,0.0,20.649492285699367,8.303186643527659e-08,0.0
114,6900.0,6900,20.649492199852215,20.649492199852215,33.348930021062436,0.0,20.649492282959777,8.310756013881529e-08,0.0
115,6960.0,6960,20.64949219709088,20.64949219709088,33.64146449368591,0.0,20.64949228027695,8.318607287404452e-08,0.0
116,7020.0,7020,20.649492194419956,20.649492194419956,33.93399896627007,0.0,20.64949227768759,8.326763695514522e-08,0.0
117,7080.0,7080,20.649492191886466,20.649492191886466,34.22653343881619,0.0,20.64949227523897,8.335250171232172e-08,0.0
118,7140.0,7140,20.64949218955077,20.64949218955077,34.519067911326204,0.0,20.649492272991708,8.344093616885197e-08,0.0
119,7200.0,7200,20.64949218748971,20.64949218748971,34.81160238380291,0.0,20.64949227102295,8.353323631025902e-08,0.0
120,7260.0,7260,20.64949218579967,20.64949218579967,35.10413685625018,0.0,20.649492269429413,8.362974389125014e-08,0.0
121,7320.0,7320,20.64949218459778,20.64949218459778,35.39667132867327,0.0,20.649492268328675,8.373089297963679e-08,0.0
122,7380.0,7380,20.64949218401684,20.64949218401684,35.689205801079076,0.0,20.649492267854157,8.383732217748343e-08,0.0
123,7440.0,7440,20.649492184181643,20.649492184181643,35.98174027347638,0.0,20.649492268131784,8.395014286556699e-08,0.0
124,7500.0,7500,20.649492185133795,20.649492185133795,36.27427474587575,0.0,20.649492269205382,8.407158458609942e-08,0.0
125,7560.0,7560,20.649492186610335,20.649492186610335,36.566809218288306,0.0,20.649492270816914,8.420658012358062e-08,0.0
126,7620.0,7620,20.64949218736748,20.64949218736748,36.85934369072144,0.0,20.64949227173428,8.436680531915951e-08,0.0
127,7680.0,7680,20.649492182629505,20.649492182629505,37.151878163164895,0.0,20.649492267211244,8.458174064484791e-08,0.0
128,7740.0,7740,20.649492146884793,20.649492146884793,37.444412635540694,0.0,20.64949223182148,8.493668290036982e-08,0.0
129,7800.0,7800,20.649491776392118,20.649491776392118,37.736947107409215,0.0,20.649491862305382,8.591326715696025e-08,0.0
130,7860.0,7860,20.6494926495011,-279.3505073504989,38.02948157402663,300.0,7.63919117584543e-08,279.3505074268908,0.0
131,7920.0,7920,20.64949264953794,-279.35050735046207,33.373639784660675,300.0,7.646677621925043e-08,279.3505074269288,0.0
132,7980.0,7980,20.649492649584428,-279.35050735041557,28.71779799529514,300.0,7.652682822710034e-08,279.3505074269424,0.0
133,8040.0,8040,20.64949264963639,-279.3505073503636,24.061956205930233,300.0,7.657905438525392e-08,279.3505074269426,0.0
134,8100.0,8100,20.649492649689805,-279.3505073503102,19.406114416566062,300.0,7.66264423880896e-08,279.3505074269366,0.0
135,8160.0,8160,20.649492649742946,-279.35050735025703,14.750272627202666,300.0,7.667029850953933e-08,279.3505074269273,0.0
136,8220.0,8220,20.649492649794972,-279.350507350205,10.094430837840044,300.0,7.671128180570113e-08,279.3505074269163,0.0
137,8280.0,8280,20.64949264984544,-279.3505073501546,5.438589048478184,300.0,7.674976368898909e-08,279.3505074269043,0.0
138,8340.0,8340,20.649492649894075,-279.3505073501059,0.7827472591170702,300.0,7.678597109190221e-08,279.35050742689185,0.0
139,8400.0,8400,20.649492649940715,-279.35050735005933,-3.8730945302433235,300.0,7.682005123300198e-08,279.35050742687935,0.0
140,8460.0,8460,20.649492649985245,-279.3505073500147,-8.528936319603025,300.0,7.685210405544216e-08,279.35050742686684,0.0
141,8520.0,8520,20.64949265002758,-279.3505073499724,-13.184778108962066,300.0,7.688219983054272e-08,279.3505074268546,0.0
142,8580.0,8580,20.649492650067653,-279.35050734993234,-17.840619898320476,300.0,7.691038934435763e-08,279.35050742684274,0.0
143,8640.0,8640,20.649492650105415,-279.3505073498946,-22.496461687678288,300.0,7.693671011071924e-08,279.35050742683126,0.0
144,8700.0,8700,20.64949264277528,-204.35050735722473,-27.152303477035534,225.0,7.737886201966588e-08,204.3505074346036,0.0
145,8760.0,8760,20.649492650174693,-279.3505073498253,-30.55814526651606,300.0,7.698447903780024e-08,279.35050742680977,0.0
146,8820.0,8820,20.649492650206156,-279.3505073497938,-35.21398705587227,300.0,7.700596057624413e-08,279.3505074267998,0.0
147,8880.0,8880,20.64949265023518,-279.35050734976477,-39.869828845228014,300.0,7.702564881530599e-08,279.35050742679044,0.0
148,8940.0,8940,20.649492650261745,-279.3505073497382,-44.52567063458332,300.0,7.704355469938218e-08,279.35050742678175,0.0
149,9000.0,9000,20.649492650285833,-279.3505073497141,-49.18151242393823,300.0,7.705968699140135e-08,279.35050742677385,0.0
150,9060.0,9060,20.649492650307426,-279.3505073496926,-53.83735421329278,300.0,7.707405283475095e-08,279.3505074267666,0.0
151,9120.0,9120,20.64949265032651,-279.3505073496735,-58.493196002647004,300.0,7.708665818774024e-08,279.35050742676015,0.0
152,9180.0,9180,20.649492650343074,-279.3505073496569,-63.14903779200094,300.0,7.709750816590207e-08,279.3505074267544,0.0
153,9240.0,9240,20.64949265035711,-279.35050734964284,-67.80487958135463,300.0,7.710660731580088e-08,279.35050742674946,0.0
154,9300.0,9300,20.649492650368604,-279.35050734963136,-72.4607213707081,300.0,7.711395983687874e-08,279.3505074267453,0.0
155,9360.0,9360,20.649492650377557,-279.35050734962243,-77.11656316006139,300.0,7.711956976315406e-08,279.350507426742,0.0
156,9420.0,9420,20.649492650383966,-279.35050734961595,-81.77240494941458,300.0,7.712344111313717e-08,279.35050742673945,0.0
157,9480.0,9480,20.649492650387828,-279.35050734961214,-86.42824673876764,300.0,7.712557801406264e-08,279.3505074267377,0.0
158,9540.0,9540,20.64949265038914,-279.35050734961084,-91.08408852812066,300.0,7.712598480533164e-08,279.35050742673684,0.0
159,9600.0,9600,20.649492650387906,-279.35050734961203,-95.73993031747366,300.0,7.712466612440266e-08,279.3505074267367,0.0
160,9660.0,9660,20.6494926296029,-9.350507370397102,-100.39577210682667,30.0,9.265696026236878e-08,9.350507463054061,0.0
161,9720.0,9720,20.649492650380935,-279.350507349619,-100.55161389656493,300.0,7.711897444198299e-08,279.35050742673803,0.0
162,9780.0,9780,20.64949265037521,-279.35050734962476,-105.20745568591803,300.0,7.711460726504405e-08,279.3505074267394,0.0
163,9840.0,9840,20.649492650366945,-279.350507349633,-109.86329747527124,300.0,7.710853115548117e-08,279.35050742674156,0.0
164,9900.0,9900,20.64949265035616,-279.35050734964386,-114.51913926462456,300.0,7.710075233543895e-08,279.35050742674457,0.0
165,9960.0,9960,20.649492650342854,-279.3505073496571,-119.17498105397803,300.0,7.709127757173957e-08,279.35050742674844,0.0
166,10020.0,10020,20.649492650327044,-279.35050734967297,-123.8308228433317,300.0,7.708011419942287e-08,279.35050742675304,0.0
167,10080.0,10080,20.649492650308744,-279.3505073496912,-128.48666463268563,300.0,7.706727013874943e-08,279.3505074267585,0.0
168,10140.0,10140,20.649492650287954,-279.350507349712,-133.14250642203982,300.0,7.705275390639313e-08,279.3505074267648,0.0
169,10200.0,10200,20.6494926502647,-279.3505073497353,-137.7983482113943,300.0,7.703657462139117e-08,279.35050742677186,0.0
170,10260.0,10260,20.649492650238994,-279.350507349761,-142.45419000074915,300.0,7.701874200636404e-08,279.35050742677976,0.0
171,10320.0,10320,20.649492650210853,-279.35050734978915,-147.1100317901044,300.0,7.699926638451974e-08,279.3505074267884,0.0
172,10380.0,10380,20.649492650180296,-279.3505073498197,-151.76587357946002,300.0,7.69781586727222e-08,279.35050742679783,0.0
173,10440.0,10440,20.64949265014733,-279.35050734985265,-156.42171536881614,300.0,7.69554303711042e-08,279.3505074268081,0.0
174,10500.0,10500,20.649492637397124,-124.35050736260315,-161.07755715817277,145.00000000000028,7.84054950331739e-08,124.35050744100866,0.0
175,10560.0,10560,20.649492650076017,-279.35050734992393,-163.15006561441214,300.0,7.69063276553816e-08,279.3505074268303,0.0
176,10620.0,10620,20.649492650037693,-279.35050734996224,-167.80590740376982,300.0,7.687997117181138e-08,279.3505074268422,0.0
177,10680.0,10680,20.64949264999704,-279.350507350003,-172.46174919312807,300.0,7.685203727437868e-08,279.350507426855,0.0
178,10740.0,10740,20.649492649954073,-279.3505073500459,-177.11759098248692,300.0,7.682253964317861e-08,279.35050742686843,0.0
179,10800.0,10800,20.64949264990882,-279.3505073500911,-181.77343277184642,300.0,7.679149243833074e-08,279.35050742688264,0.0
180,10860.0,10860,20.6494926498613,-279.3505073501386,-186.4292745612066,300.0,7.675891027357613e-08,279.35050742689754,0.0
181,10920.0,10920,20.64949264981155,-279.3505073501884,-191.08511635056746,300.0,7.672480818793661e-08,279.3505074269132,0.0
182,10980.0,10980,20.649492649759576,-279.3505073502404,-195.74095813992906,300.0,7.668920161585823e-08,279.3505074269296,0.0
183,11040.0,11040,20.649492649705415,-279.35050735029455,-200.39679992929146,300.0,7.665210635575236e-08,279.3505074269467,0.0
184,11100.0,11100,20.649492649649094,-279.3505073503509,-205.05264171865466,300.0,7.66135385371293e-08,279.35050742696444,0.0
185,11160.0,11160,20.649492649590634,-279.3505073504093,-209.7084835080187,300.0,7.6573514586511e-08,279.35050742698286,0.0
186,11220.0,11220,20.649492649530064,-279.3505073504699,-214.36432529738366,300.0,7.653205119212383e-08,279.35050742700196,0.0
187,11280.0,11280,20.649492649467412,-279.35050735053255,-219.02016708674947,300.0,7.648916526757769e-08,279.35050742702174,0.0
188,11340.0,11340,20.649492637059986,-74.35050736293974,-223.67600887611624,94.99999999999972,6.131111915588364e-08,74.35050742425085,0.0
189,11400.0,11400,20.649492479921488,20.649492479921488,-224.91518399898519,0.0,20.649492561608206,8.16867183288689e-08,0.0
190,11460.0,11460,20.649492480023277,20.649492480023277,-224.62264952239053,0.0,20.64949256170921,8.168593395251317e-08,0.0
191,11520.0,11520,20.64949248012607,20.64949248012607,-224.3301150457944,0.0,20.649492561810927,8.16848607156377e-08,0.0
192,11580.0,11580,20.649492480229856,20.649492480229856,-224.03758056919685,0.0,20.64949256191336,8.168350226242775e-08,0.0
193,11640.0,11640,20.649492480334636,20.649492480334636,-223.7450460925978,0.0,20.6494925620165,8.168186219848484e-08,0.0
194,11700.0,11700,20.649492480440397,20.649492480440397,-223.45251161599725,0.0,20.64949256212034,8.167994409136473e-08,0.0
195,11760.0,11760,20.649492480547128,20.649492480547128,-223.1599771393952,0.0,20.64949256222488,8.167775147094763e-08,0.0
196,11820.0,11820,20.649492480654818,20.649492480654818,-222.86744266279163,0.0,20.649492562330106,8.167528782985364e-08,0.0
197,11880.0,11880,20.649492480763467,20.649492480763467,-222.57490818618655,0.0,20.649492562436027,8.167255662378657e-08,0.0
198,11940.0,11940,20.64949248087306,20.64949248087306,-222.28237370957993,0.0,20.649492562542623,8.166956127168096e-08,0.0
199,12000.0,12000,20.649492480983593,20.649492480983593,-221.98983923297175,0.0,20.649492562649897,8.166630515598655e-08,0.0
200,12060.0,12060,20.649492481095045,20.649492481095045,-221.69730475636197,0.0,20.64949256275784,8.166279162273325e-08,0.0
201,12120.0,12120,20.64949248120742,20.64949248120742,-221.4047702797506,0.0,20.649492562866445,8.165902398157078e-08,0.0
202,12180.0,12180,20.649492481320706,20.649492481320706,-221.11223580313765,0.0,20.649492562975713,8.165500550577614e-08,0.0
203,12240.0,12240,20.64949248143489,20.64949248143489,-220.81970132652305,0.0,20.649492563085627,8.16507394321707e-08,0.0
204,12300.0,12300,20.649492481549963,20.649492481549963,-220.52716684990685,0.0,20.649492563196187,8.164622896089892e-08,0.0
205,12360.0,12360,20.649492481665916,20.649492481665916,-220.234632373289,0.0,20.64949256330739,8.164147725524642e-08,0.0
206,12420.0,12420,20.649492481782737,20.649492481782737,-219.9420978966695,0.0,20.649492563419226,8.163648744132821e-08,0.0
207,12480.0,12480,20.649492481900417,20.649492481900417,-219.64956342004834,0.0,20.64949256353168,8.16312626077307e-08,0.0
208,12540.0,12540,20.649492482018953,20.649492482018953,-219.35702894342552,0.0,20.64949256364476,8.162580580499924e-08,0.0
209,12600.0,12600,20.649492482138324,20.649492482138324,-219.064494466801,0.0,20.649492563758447,8.162012004519629e-08,0.0
210,12660.0,12660,20.64949248225853,20.64949248225853,-218.77195999017474,0.0,20.649492563872734,8.161420830128622e-08,0.0
211,12720.0,12720,20.649492482379546,20.649492482379546,-218.47942551354677,0.0,20.64949256398762,8.160807350645615e-08,0.0
212,12780.0,12780,20.649492482501376,20.649492482501376,-218.18689103691707,0.0,20.6494925641031,8.160171855342821e-08,0.0
213,12840.0,12840,20.649492482624005,20.649492482624005,-217.89435656028564,0.0,20.64949256421915,8.159514629363053e-08,0.0
214,12900.0,12900,20.64949248274742,20.64949248274742,-217.60182208365245,0.0,20.649492564335777,8.158835953635134e-08,0.0
215,12960.0,12960,20.6494924828716,20.6494924828716,-217.3092876070175,0.0,20.649492564452967,8.158136104782791e-08,0.0
216,13020.0,13020,20.649492482996557,20.649492482996553,-217.01675313038075,0.0,20.64949256457071,8.157415355021034e-08,0.0
217,13080.0,13080,20.64949248312226,20.64949248312226,-216.72421865374227,0.0,20.649492564688998,8.156673972056582e-08,0.0
218,13140.0,13140,20.649492483248704,20.649492483248704,-216.4316841771019,0.0,20.649492564807826,8.15591221897293e-08,0.0
219,13200.0,13200,20.649492483375873,20.649492483375873,-216.13914970045977,0.0,20.649492564927176,8.155130354114382e-08,0.0
220,13260.0,13260,20.64949248350376,20.64949248350376,-215.84661522381583,0.0,20.649492565047048,8.154328630961799e-08,0.0
221,13320.0,13320,20.649492483632354,20.649492483632354,-215.55408074717005,0.0,20.649492565167428,8.15350729800937e-08,0.0
222,13380.0,13380,20.64949248376164,20.64949248376164,-215.26154627052244,0.0,20.649492565288305,8.152666598628303e-08,0.0
223,13440.0,13440,20.6494924838916,20.6494924838916,-214.96901179387294,0.0,20.64949256540967,8.151806770928438e-08,0.0
224,13500.0,13500,20.649492484022232,20.649492484022232,-214.6764773172216,0.0,20.649492565531514,8.150928047619099e-08,0.0
225,13560.0,13560,20.649492484153512,20.649492484153512,-214.3839428405684,0.0,20.64949256565382,8.150030655864215e-08,0.0
226,13620.0,13620,20.64949248428544,20.64949248428544,-214.09140836391333,0.0,20.649492565776587,8.149114817127061e-08,0.0
227,13680.0,13680,20.64949248441799,20.64949248441799,-213.79887388725635,0.0,20.6494925658998,8.148180747023588e-08,0.0
228,13740.0,13740,20.649492484551157,20.649492484551157,-213.50633941059746,0.0,20.649492566023444,8.147228655164149e-08,0.0
229,13800.0,13800,20.649492484684924,20.649492484684924,-213.21380493393667,0.0,20.64949256614751,8.146258744994114e-08,0.0
230,13860.0,13860,20.649492484819277,20.649492484819277,-212.92127045727395,0.0,20.649492566271988,8.145271213633432e-08,0.0
231,13920.0,13920,20.649492484954205,20.649492484954205,-212.6287359806093,0.0,20.649492566396866,8.144266251719022e-08,0.0
232,13980.0,13980,20.649492485089688,20.649492485089688,-212.33620150394273,0.0,20.64949256652213,8.143244043234554e-08,0.0
233,14040.0,14040,20.64949248522572,20.64949248522572,-212.04366702727418,0.0,20.64949256664777,8.142204765349914e-08,0.0
234,14100.0,14100,20.64949248536228,20.64949248536228,-211.75113255060373,0.0,20.649492566773766,8.141148588256065e-08,0.0
235,14160.0,14160,20.649492485499355,20.649492485499355,-211.4585980739313,0.0,20.64949256690011,8.14007567500179e-08,0.0
236,14220.0,14220,20.649492485636934,20.649492485636934,-211.16606359725685,0.0,20.649492567026797,8.138986181324123e-08,0.0
237,14280.0,14280,20.649492485775,20.649492485775,-210.87352912058049,0.0,20.649492567153803,8.137880255495734e-08,0.0
238,14340.0,14340,20.649492485913534,20.649492485913534,-210.58099464390213,0.0,20.649492567281115,8.136758038153003e-08,0.0
239,14400.0,14400,20.64949248605253,20.64949248605253,-210.28846016722176,0.0,20.649492567408725,8.13561966214379e-08,0.0
240,14460.0,14460,20.649492486191964,20.649492486191964,-209.9959256905394,0.0,20.649492567536615,8.134465252367656e-08,0.0
241,14520.0,14520,20.649492486331827,20.649492486331827,-209.70339121385504,0.0,20.649492567664776,8.133294925624666e-08,0.0
242,14580.0,14580,20.649492486472102,20.649492486472102,-209.41085673716867,0.0,20.649492567793185,8.132108790465324e-08,0.0
243,14640.0,14640,20.64949248661277,20.64949248661277,-209.11832226048028,0.0,20.64949256792184,8.130906947043698e-08,0.0
244,14700.0,14700,20.649492486753818,20.649492486753818,-208.82578778378988,0.0,20.649492568050714,8.129689486979228e-08,0.0
245,14760.0,14760,20.64949248689523,20.64949248689523,-208.53325330709745,0.0,20.6494925681798,8.12845649321843e-08,0.0
246,14820.0,14820,20.649492487036994,20.649492487036994,-208.24071883040298,0.0,20.649492568309075,8.127208039907908e-08,0.0
247,14880.0,14880,20.64949248717909,20.64949248717909,-207.94818435370647,0.0,20.64949256843853,8.125944192272263e-08,0.0
248,14940.0,14940,20.6494924873215,20.6494924873215,-207.6556498770079,0.0,20.649492568568153,8.12466500649605e-08,0.0
249,15000.0,15000,20.64949248746421,20.64949248746421,-207.36311540030727,0.0,20.64949256869792,8.123370529614323e-08,0.0
250,15060.0,15060,20.64949248760721,20.64949248760721,-207.0705809236046,0.0,20.649492568827817,8.122060799414457e-08,0.0
251,15120.0,15120,20.64949248775047,20.64949248775047,-206.77804644689988,0.0,20.649492568957832,8.120735844346098e-08,0.0
252,15180.0,15180,20.64949248789399,20.64949248789399,-206.4855119701931,0.0,20.649492569087947,8.119395683432426e-08,0.0
253,15240.0,15240,20.649492488037744,20.649492488037744,-206.19297749348422,0.0,20.649492569218147,8.118040326201838e-08,0.0
254,15300.0,15300,20.649492488181718,20.649492488181718,-205.90044301677332,0.0,20.649492569348414,8.11666977262777e-08,0.0
255,15360.0,15360,20.64949248832589,20.64949248832589,-205.60790854006032,0.0,20.64949256947873,8.115284013066607e-08,0.0
256,15420.0,15420,20.649492488470255,20.649492488470255,-205.31537406334525,0.0,20.649492569609084,8.113883028230457e-08,0.0
257,15480.0,15480,20.649492488614783,20.649492488614783,-205.02283958662812,0.0,20.64949256973945,8.112466789146833e-08,0.0
258,15540.0,15540,20.649492488759467,20.649492488759467,-204.73030510990887,0.0,20.649492569869818,8.111035257149418e-08,0.0
259,15600.0,15600,20.649492488904286,20.649492488904286,-204.43777063318757,0.0,20.64949257000017,8.109588383869596e-08,0.0
260,15660.0,15660,20.649492489049226,20.649492489049226,-204.14523615646416,0.0,20.649492570130487,8.108126111250003e-08,0.0
261,15720.0,15720,20.649492489194266,20.649492489194266,-203.8527016797387,0.0,20.64949257026075,8.106648371563568e-08,0.0
262,15780.0,15780,20.649492489339398,20.649492489339398,-203.5601672030111,0.0,20.649492570390947,8.105155087456182e-08,0.0
263,15840.0,15840,20.649492489484597,20.649492489484597,-203.2676327262814,0.0,20.64949257052106,8.103646171993427e-08,0.0
264,15900.0,15900,20.649492489629846,20.649492489629846,-202.9750982495496,0.0,20.649492570651063,8.102121528733492e-08,0.0
265,15960.0,15960,20.649492489775135,20.649492489775135,-202.68256377281577,0.0,20.649492570780943,8.100581051806581e-08,0.0
266,16020.0,16020,20.649492489920437,20.649492489920437,-202.39002929607977,0.0,20.649492570910684,8.099024626013179e-08,0.0
267,16080.0,16080,20.649492490065743,20.649492490065743,-202.0974948193417,0.0,20.649492571040266,8.097452126945195e-08,0.0
268,16140.0,16140,20.649492490211035,20.649492490211035,-201.80496034260153,0.0,20.649492571169674,8.095863421109554e-08,0.0
269,16200.0,16200,20.649492490356295,20.649492490356295,-201.51242586585929,0.0,20.649492571298882,8.094258366085063e-08,0.0
270,16260.0,16260,20.64949249050151,20.64949249050151,-201.21989138911493,0.0,20.649492571427874,8.092636810685373e-08,0.0
271,16320.0,16320,20.649492490646654,20.649492490646654,-200.92735691236848,0.0,20.649492571556642,8.090998595143438e-08,0.0
272,16380.0,16380,20.649492490791722,20.649492490791722,-200.6348224356199,0.0,20.649492571685155,8.089343551317922e-08,0.0
273,16440.0,16440,20.649492490936684,20.649492490936684,-200.34228795886924,0.0,20.6494925718134,8.087671502906853e-08,0.0
274,16500.0,16500,20.649492491081535,20.649492491081535,-200.04975348211653,0.0,20.649492571941355,8.085982265695665e-08,0.0
275,16560.0,16560,20.649492491226248,20.649492491226248,-199.75721900536166,0.0,20.649492572069004,8.084275647808918e-08,0.0
276,16620.0,16620,20.649492491370815,20.649492491370815,-199.46468452860472,0.0,20.64949257219633,8.082551449993385e-08,0.0
277,16680.0,16680,20.64949249151521,20.64949249151521,-199.1721500518457,0.0,20.649492572323307,8.080809465909141e-08,0.0
278,16740.0,16740,20.649492491659426,20.649492491659426,-198.87961557508459,0.0,20.64949257244992,8.07904948245232e-08,0.0
279,16800.0,16800,20.649492491803443,20.649492491803443,-198.5870810983214,0.0,20.64949257257615,8.077271280083882e-08,0.0
280,16860.0,16860,20.649492491947235,20.649492491947235,-198.29454662155612,0.0,20.649492572701984,8.075474633190711e-08,0.0
281,16920.0,16920,20.649492492090797,20.649492492090797,-198.00201214478875,0.0,20.649492572827388,8.07365931045772e-08,0.0
282,16980.0,16980,20.649492492234106,20.649492492234106,-197.70947766801933,0.0,20.649492572952354,8.071825075262291e-08,0.0
283,17040.0,17040,20.64949249237715,20.64949249237715,-197.41694319124784,0.0,20.649492573076863,8.069971686090662e-08,0.0
284,17100.0,17100,20.649492492519904,20.649492492519904,-197.1244087144742,0.0,20.64949257320089,8.068098896971088e-08,0.0
285,17160.0,17160,20.649492492662354,20.649492492662354,-196.83187423769854,0.0,20.649492573324423,8.066206457926675e-08,0.0
286,17220.0,17220,20.649492492804487,20.649492492804487,-196.53933976092083,0.0,20.649492573447432,8.064294115452077e-08,0.0
287,17280.0,17280,20.649492492946287,20.649492492946287,-196.24680528414103,0.0,20.649492573569905,8.062361613000612e-08,0.0
288,17340.0,17340,20.64949249308773,20.64949249308773,-195.9542708073592,0.0,20.649492573691816,8.06040869150297e-08,0.0
289,17400.0,17400,20.649492493228802,20.649492493228802,-195.66173633057528,0.0,20.649492573813156,8.058435089892217e-08,0.0
290,17460.0,17460,20.649492493369493,20.649492493369493,-195.36920185378932,0.0,20.649492573933895,8.056440545656216e-08,0.0
291,17520.0,17520,20.649492493509772,20.649492493509772,-195.07666737700134,0.0,20.64949257405402,8.054424795407656e-08,0.0
292,17580.0,17580,20.649492493649632,20.649492493649632,-194.78413290021132,0.0,20.649492574173507,8.052387575468323e-08,0.0
293,17640.0,17640,20.649492493789047,20.649492493789047,-194.49159842341925,0.0,20.64949257429234,8.050328622473805e-08,0.0
294,17700.0,17700,20.649492493928015,20.649492493928015,-194.19906394662516,0.0,20.649492574410488,8.048247673993541e-08,0.0
295,17760.0,17760,20.6494924940665,20.6494924940665,-193.90652946982905,0.0,20.649492574527947,8.046144469173032e-08,0.0
296,17820.0,17820,20.649492494204498,20.649492494204498,-193.6139949930309,0.0,20.649492574644686,8.044018749388746e-08,0.0
297,17880.0,17880,20.64949249434199,20.64949249434199,-193.32146051623081,0.0,20.649492574760693,8.041870258913308e-08,0.0
298,17940.0,17940,20.649492494478952,20.649492494478952,-193.02892603942865,0.0,20.64949257487594,8.039698745610832e-08,0.0
299,18000.0,18000,20.64949249461537,20.64949249461537,-192.73639156262453,0.0,20.64949257499041,8.037503961634224e-08,0.0
300,18060.0,18060,20.64949249475123,20.64949249475123,-192.44385708581842,0.0,20.649492575104084,8.035285664138506e-08,0.0
301,18120.0,18120,20.649492494886506,20.649492494886506,-192.15132260901032,0.0,20.649492575216943,8.033043616011191e-08,0.0
302,18180.0,18180,20.649492495021185,20.649492495021185,-191.85878813220023,0.0,20.649492575328964,8.030777586618677e-08,0.0
303,18240.0,18240,20.64949249515525,20.64949249515525,-191.5662536553882,0.0,20.649492575440124,8.028487352553097e-08,0.0
304,18300.0,18300,20.649492495288683,20.649492495288683,-191.27371917857423,0.0,20.649492575550408,8.026172698401704e-08,0.0
305,18360.0,18360,20.64949249542146,20.64949249542146,-190.9811847017583,0.0,20.649492575659792,8.023833417519257e-08,0.0
306,18420.0,18420,20.649492495553567,20.649492495553567,-190.68865022494043,0.0,20.64949257576826,8.02146931281567e-08,0.0
307,18480.0,18480,20.649492495684985,20.649492495684985,-190.39611574812062,0.0,20.649492575875787,8.019080197544797e-08,0.0
308,18540.0,18540,20.649492495815693,20.649492495815693,-190.1035812712989,0.0,20.64949257598235,8.016665896110266e-08,0.0
309,18600.0,18600,20.649492495945676,20.649492495945676,-189.81104679447526,0.0,20.64949257608794,8.01422624486829e-08,0.0
310,18660.0,18660,20.649492496074913,20.649492496074913,-189.5185123176497,0.0,20.64949257619252,8.011761092943306e-08,0.0
311,18720.0,18720,20.649492496203383,20.649492496203383,-189.22597784082225,0.0,20.649492576296083,8.00927030304002e-08,0.0
312,18780.0,18780,20.649492496331067,20.649492496331067,-188.93344336399295,0.0,20.649492576398604,8.006753752269024e-08,0.0
313,18840.0,18840,20.64949249645795,20.64949249645795,-188.64090888716174,0.0,20.649492576500062,8.004211332966572e-08,0.0
314,18900.0,18900,20.649492496584003,20.649492496584003,-188.3483744103287,0.0,20.649492576600434,8.001642953516994e-08,0.0
315,18960.0,18960,20.649492496709215,20.649492496709215,-188.0558399334938,0.0,20.6494925766997,7.999048539177176e-08,0.0
316,19020.0,19020,20.64949249683356,20.64949249683356,-187.76330545665704,0.0,20.64949257679784,7.996428032898227e-08,0.0
317,19080.0,19080,20.64949249695702,20.64949249695702,-187.47077097981847,0.0,20.649492576894836,7.993781396139973e-08,0.0
318,19140.0,19140,20.64949249707957,20.64949249707957,-187.17823650297808,0.0,20.649492576990657,7.991108609692147e-08,0.0
319,19200.0,19200,20.649492497201198,20.649492497201198,-186.8857020261359,0.0,20.649492577085294,7.988409674480223e-08,0.0
320,19260.0,19260,20.649492497321873,20.64949249732187,-186.59316754929196,0.0,20.649492577178716,7.985684612364842e-08,0.0
321,19320.0,19320,20.649492497441578,20.649492497441578,-186.30063307244623,0.0,20.649492577270912,7.982933466942651e-08,0.0
322,19380.0,19380,20.64949249756029,20.64949249756029,-186.00809859559868,0.0,20.64949257736185,7.980156304327549e-08,0.0
323,19440.0,19440,20.649492497677986,20.649492497677986,-185.71556411874946,0.0,20.649492577451515,7.977353213925337e-08,0.0
324,19500.0,19500,20.649492497794643,20.649492497794643,-185.42302964189847,0.0,20.649492577539885,7.974524309198481e-08,0.0
325,19560.0,19560,20.649492497910245,20.649492497910245,-185.1304951650457,0.0,20.64949257762694,7.971669728411458e-08,0.0
326,19620.0,19620,20.64949249802476,20.64949249802476,-184.83796068819126,0.0,20.649492577712657,7.968789635368862e-08,0.0
327,19680.0,19680,20.64949249813817,20.64949249813817,-184.54542621133513,0.0,20.64949257779701,7.965884220130135e-08,0.0
328,19740.0,19740,20.649492498250446,20.649492498250446,-184.25289173447734,0.0,20.649492577879982,7.962953699709893e-08,0.0
329,19800.0,19800,20.64949249836157,20.64949249836157,-183.96035725761786,0.0,20.649492577961556,7.959998318761388e-08,0.0
330,19860.0,19860,20.64949249847152,20.64949249847152,-183.66782278075675,0.0,20.649492578041706,7.957018350234335e-08,0.0
331,19920.0,19920,20.649492498580262,20.649492498580262,-183.37528830389397,0.0,20.649492578120405,7.954014096016463e-08,0.0
332,19980.0,19980,20.649492498687778,20.649492498687778,-183.08275382702962,0.0,20.649492578197638,7.950985887548195e-08,0.0
333,20040.0,20040,20.649492498794043,20.649492498794043,-182.7902193501636,0.0,20.64949257827338,7.947934086414358e-08,0.0
334,20100.0,20100,20.649492498899022,20.649492498899022,-182.4976848732961,0.0,20.649492578347616,7.944859084910166e-08,0.0
335,20160.0,20160,20.649492499002704,20.649492499002704,-182.20515039642694,0.0,20.64949257842032,7.941761306579792e-08,0.0
336,20220.0,20220,20.649492499105055,20.649492499105055,-181.91261591955632,0.0,20.649492578491465,7.938641206727434e-08,0.0
337,20280.0,20280,20.649492499206044,20.649492499206044,-181.62008144268412,0.0,20.649492578561034,7.935499272900024e-08,0.0
338,20340.0,20340,20.64949249930565,20.64949249930565,-181.3275469658104,0.0,20.649492578629008,7.932336025332909e-08,0.0
339,20400.0,20400,20.649492499403845,20.649492499403845,-181.0350124889352,0.0,20.649492578695366,7.929152017374817e-08,0.0
340,20460.0,20460,20.6494924995006,20.6494924995006,-180.74247801205854,0.0,20.64949257876008,7.925947835870142e-08,0.0
341,20520.0,20520,20.649492499595887,20.649492499595887,-180.44994353518044,0.0,20.64949257882313,7.922724101511451e-08,0.0
342,20580.0,20580,20.649492499689682,20.649492499689682,-180.15740905830086,0.0,20.649492578884495,7.919481469156782e-08,0.0
343,20640.0,20640,20.649492499781953,20.649492499781953,-179.8648745814199,0.0,20.64949257894416,7.916220628111405e-08,0.0
344,20700.0,20700,20.649492499872668,20.649492499872668,-179.57234010453757,0.0,20.649492579002093,7.912942302371529e-08,0.0
345,20760.0,20760,20.649492499961806,20.649492499961806,-179.27980562765387,0.0,20.64949257905828,7.909647250829579e-08,0.0
346,20820.0,20820,20.64949250004933,20.64949250004933,-178.9872711507688,0.0,20.649492579112692,7.906336267444993e-08,0.0
347,20880.0,20880,20.649492500135214,20.649492500135214,-178.69473667388243,0.0,20.649492579165315,7.903010181371862e-08,0.0
348,20940.0,20940,20.649492500219427,20.649492500219427,-178.40220219699478,0.0,20.649492579216126,7.899669857044853e-08,0.0
349,21000.0,21000,20.649492500301942,20.649492500301942,-178.10966772010585,0.0,20.6494925792651,7.896316194232904e-08,0.0
350,21060.0,21060,20.64949250038272,20.64949250038272,-177.8171332432156,0.0,20.649492579312223,7.892950128044781e-08,0.0
351,21120.0,21120,20.64949250046174,20.64949250046174,-177.5245987663242,0.0,20.649492579357467,7.889572628889322e-08,0.0
352,21180.0,21180,20.649492500538965,20.649492500538965,-177.23206428943155,0.0,20.64949257940081,7.886184702409591e-08,0.0
353,21240.0,21240,20.649492500614365,20.649492500614365,-176.93952981253773,0.0,20.64949257944224,7.8827873893524e-08,0.0
354,21300.0,21300,20.64949250068791,20.64949250068791,-176.64699533564277,0.0,20.649492579481723,7.879381765418906e-08,0.0
355,21360.0,21360,20.649492500759564,20.649492500759564,-176.3544608587467,0.0,20.649492579519254,7.87596894105113e-08,0.0
356,21420.0,21420,20.6494925008293,20.6494925008293,-176.06192638184947,0.0,20.6494925795548,7.872550061189293e-08,0.0
357,21480.0,21480,20.649492500897086,20.649492500897086,-175.76939190495125,0.0,20.649492579588347,7.86912630498402e-08,0.0
358,21540.0,21540,20.649492500962886,20.649492500962886,-175.47685742805194,0.0,20.649492579619874,7.865698885459077e-08,0.0
359,21600.0,21600,20.649492501026664,20.649492501026664,-175.1843229511516,0.0,20.64949257964936,7.862269049140017e-08,0.0
360,21660.0,21660,20.6494925010884,20.6494925010884,-174.89178847425026,0.0,20.649492579676778,7.858838075633084e-08,0.0
361,21720.0,21720,20.64949250114805,20.64949250114805,-174.59925399734797,0.0,20.649492579702123,7.855407277167278e-08,0.0
362,21780.0,21780,20.649492501205586,20.649492501205586,-174.30671952044477,0.0,20.64949257972537,7.85197799809083e-08,0.0
363,21840.0,21840,20.649492501260976,20.649492501260976,-174.0141850435407,0.0,20.64949257974649,7.84855161432707e-08,0.0
364,21900.0,21900,20.64949250131418,20.64949250131418,-173.7216505666357,0.0,20.649492579765475,7.845129532791761e-08,0.0
365,21960.0,21960,20.649492501365177,20.649492501365177,-173.4291160897299,0.0,20.649492579782308,7.841713190764668e-08,0.0
366,22020.0,22020,20.649492501413924,20.649492501413924,-173.13658161282322,0.0,20.649492579796963,7.838304055227097e-08,0.0
367,22080.0,22080,20.64949250146039,20.64949250146039,-172.84404713591582,0.0,20.649492579809426,7.83490362215441e-08,0.0
368,22140.0,22140,20.649492501504547,20.649492501504547,-172.55151265900767,0.0,20.649492579819682,7.83151341577699e-08,0.0
369,22200.0,22200,20.64949250154636,20.64949250154636,-172.25897818209882,0.0,20.649492579827708,7.828134987798149e-08,0.0
370,22260.0,22260,20.649492501585794,20.649492501585794,-171.96644370518928,0.0,20.64949257983349,7.824769916576699e-08,0.0
371,22320.0,22320,20.649492501622813,20.649492501622813,-171.67390922827911,0.0,20.64949257983701,7.821419806276287e-08,0.0
372,22380.0,22380,20.649492501657388,20.649492501657388,-171.38137475136833,0.0,20.649492579838256,7.818086285979013e-08,0.0
373,22440.0,22440,20.649492501689494,20.649492501689494,-171.08884027445697,0.0,20.649492579837204,7.814771008763346e-08,0.0
374,22500.0,22500,20.649492501719088,20.649492501719088,-170.79630579754505,0.0,20.649492579833847,7.811475650753028e-08,0.0
375,22560.0,22560,20.649492501746142,20.649492501746142,-170.50377132063267,0.0,20.649492579828163,7.808201910132629e-08,0.0
376,22620.0,22620,20.649492501770624,20.649492501770624,-170.21123684371977,0.0,20.64949257982014,7.804951506138701e-08,0.0
377,22680.0,22680,20.64949250179251,20.64949250179251,-169.91870236680649,0.0,20.649492579809767,7.80172617801042e-08,0.0
378,22740.0,22740,20.649492501811753,20.649492501811753,-169.6261678898928,0.0,20.649492579797027,7.79852768392903e-08,0.0
379,22800.0,22800,20.649492501828334,20.649492501828334,-169.33363341297877,0.0,20.64949257978191,7.795357799920722e-08,0.0
380,22860.0,22860,20.649492501842218,20.649492501842218,-169.04109893606443,0.0,20.649492579764402,7.792218318734834e-08,0.0
381,22920.0,22920,20.649492501853377,20.649492501853377,-168.74856445914978,0.0,20.64949257974449,7.789111048710004e-08,0.0
382,22980.0,22980,20.64949250186178,20.64949250186178,-168.4560299822349,0.0,20.64949257972216,7.786037812607989e-08,0.0
383,23040.0,23040,20.6494925018674,20.6494925018674,-168.16349550531984,0.0,20.649492579697405,7.783000446431967e-08,0.0
384,23100.0,23100,20.649492501870206,20.649492501870206,-167.87096102840462,0.0,20.649492579670213,7.780000798228418e-08,0.0
385,23160.0,23160,20.649492501870164,20.649492501870164,-167.5784265514893,0.0,20.649492579640572,7.777040726871608e-08,0.0
386,23220.0,23220,20.649492501867257,20.649492501867257,-167.2858920745739,0.0,20.649492579608477,7.774122100831554e-08,0.0
387,23280.0,23280,20.649492501861452,20.649492501861452,-166.99335759765847,0.0,20.649492579573923,7.77124679693373e-08,0.0
388,23340.0,23340,20.649492501852723,20.649492501852723,-166.70082312074305,0.0,20.649492579536894,7.768416699098312e-08,0.0
389,23400.0,23400,20.64949250184105,20.64949250184105,-166.40828864382766,0.0,20.649492579497384,7.76563369708159e-08,0.0
390,23460.0,23460,20.649492501826398,20.649492501826398,-166.11575416691238,0.0,20.649492579455394,7.762899685199774e-08,0.0
391,23520.0,23520,20.649492501808744,20.649492501808744,-165.82321968999727,0.0,20.649492579410907,7.76021656104949e-08,0.0
392,23580.0,23580,20.649492501788068,20.649492501788068,-165.53068521308234,0.0,20.64949257936393,7.75758622422556e-08,0.0
393,23640.0,23640,20.649492501764342,20.649492501764342,-165.23815073616763,0.0,20.649492579314447,7.75501057503339e-08,0.0
394,23700.0,23700,20.64949250173755,20.64949250173755,-164.94561625925317,0.0,20.649492579262464,7.752491513198183e-08,0.0
395,23760.0,23760,20.64949250170767,20.64949250170767,-164.653081782339,0.0,20.649492579207976,7.750030936581374e-08,0.0
396,23820.0,23820,20.649492501674672,20.649492501674672,-164.36054730542523,0.0,20.64949257915098,7.74763073988796e-08,0.0
397,23880.0,23880,20.649492501638544,20.649492501638544,-164.06801282851185,0.0,20.649492579091472,7.745292813392737e-08,0.0
398,23940.0,23940,20.649492501599266,20.649492501599266,-163.7754783515989,0.0,20.649492579029456,7.743019041650168e-08,0.0
399,24000.0,24000,20.649492501556818,20.649492501556818,-163.48294387468653,0.0,20.64949257896493,7.74081130223588e-08,0.0
400,24060.0,24060,20.649492501511187,20.649492501511187,-163.19040939777466,0.0,20.6494925788979,7.738671464474431e-08,0.0
401,24120.0,24120,20.649492501462348,20.649492501462348,-162.8978749208634,0.0,20.64949257882836,7.736601388191936e-08,0.0
402,24180.0,24180,20.649492501410293,20.649492501410293,-162.60534044395274,0.0,20.64949257875632,7.734602922471043e-08,0.0
403,24240.0,24240,20.649492501355002,20.649492501355002,-162.31280596704278,0.0,20.649492578681784,7.732677904422214e-08,0.0
404,24300.0,24300,20.649492501296475,20.649492501296475,-162.02027149013355,0.0,20.649492578604754,7.7308281579747e-08,0.0
405,24360.0,24360,20.64949250123468,20.64949250123468,-161.72773701322512,0.0,20.649492578525237,7.729055492668064e-08,0.0
406,24420.0,24420,20.649492501169618,20.649492501169618,-161.43520253631752,0.0,20.64949257844324,7.727361702474998e-08,0.0
407,24480.0,24480,20.64949250110128,20.64949250110128,-161.14266805941082,0.0,20.649492578358764,7.725748564640145e-08,0.0
408,24540.0,24540,20.649492501029652,20.649492501029652,-160.850133582505,0.0,20.64949257827183,7.724217838530792e-08,0.0
409,24600.0,24600,20.64949250095473,20.64949250095473,-160.5575991056002,0.0,20.64949257818244,7.722771264517996e-08,0.0
410,24660.0,24660,20.649492500876498,20.649492500876498,-160.26506462869642,0.0,20.649492578090605,7.721410562872778e-08,0.0
411,24720.0,24720,20.649492500794963,20.649492500794963,-159.97253015179368,0.0,20.64949257799634,7.720137432692933e-08,0.0
412,24780.0,24780,20.649492500710114,20.649492500710114,-159.6799956748921,0.0,20.649492577899647,7.71895355084605e-08,0.0
413,24840.0,24840,20.64949250062195,20.64949250062195,-159.38746119799166,0.0,20.649492577800554,7.71786057094446e-08,0.0
414,24900.0,24900,20.649492500530467,20.649492500530467,-159.09492672109243,0.0,20.649492577699068,7.716860122345906e-08,0.0
415,24960.0,24960,20.649492500435663,20.649492500435663,-158.80239224419452,0.0,20.6494925775952,7.71595380918257e-08,0.0
416,25020.0,25020,20.64949250033754,20.64949250033754,-158.50985776729794,0.0,20.649492577488974,7.715143209413745e-08,0.0
417,25080.0,25080,20.649492500236107,20.649492500236107,-158.2173232904027,0.0,20.6494925773804,7.714429873918157e-08,0.0
418,25140.0,25140,20.64949250013135,20.64949250013135,-157.92478881350888,0.0,20.649492577269505,7.71381532561033e-08,0.0
419,25200.0,25200,20.649492500023285,20.649492500023285,-157.6322543366165,0.0,20.6494925771563,7.713301058591223e-08,0.0
420,25260.0,25260,20.649492499911922,20.649492499911922,-157.3397198597257,0.0,20.649492577040807,7.712888537329684e-08,0.0
421,25320.0,25320,20.649492499797255,20.649492499797255,-157.04718538283643,0.0,20.64949257692305,7.712579195882991e-08,0.0
422,25380.0,25380,20.649492499679294,20.649492499679294,-156.75465090594878,0.0,20.649492576803038,7.712374437146133e-08,0.0
423,25440.0,25440,20.649492499558058,20.649492499558058,-156.46211642906283,0.0,20.64949257668081,7.71227563214178e-08,0.0
424,25500.0,25500,20.649492499433546,20.649492499433546,-156.16958195217856,0.0,20.649492576556387,7.712284119340878e-08,0.0
425,25560.0,25560,20.649492499305772,20.649492499305772,-155.87704747529602,0.0,20.649492576429783,7.712401204030054e-08,0.0
426,25620.0,25620,20.649492499174755,20.649492499174755,-155.58451299841536,0.0,20.649492576301032,7.71262815770673e-08,0.0
427,25680.0,25680,20.649492499040498,20.649492499040498,-155.29197852153652,0.0,20.649492576170157,7.712966217519542e-08,0.0
428,25740.0,25740,20.649492498903026,20.649492498903026,-154.99944404465958,0.0,20.64949257603719,7.713416585748979e-08,0.0
429,25800.0,25800,20.649492498762346,20.649492498762346,-154.70690956778463,0.0,20.64949257590215,7.713980429324683e-08,0.0
430,25860.0,25860,20.649492498618482,20.649492498618482,-154.41437509091168,0.0,20.64949257576507,7.714658879388896e-08,0.0
431,25920.0,25920,20.649492498471453,20.649492498471453,-154.12184061404076,0.0,20.649492575625985,7.715453030899953e-08,0.0
432,25980.0,25980,20.649492498321273,20.649492498321273,-153.82930613717198,0.0,20.64949257548491,7.716363942277407e-08,0.0
433,26040.0,26040,20.649492498167966,20.649492498167966,-153.53677166030536,0.0,20.649492575341892,7.717392635096145e-08,0.0
434,26100.0,26100,20.64949249801155,20.64949249801155,-153.24423718344093,0.0,20.649492575196952,7.718540093819228e-08,0.0
435,26160.0,26160,20.649492497852055,20.649492497852055,-152.95170270657871,0.0,20.649492575050125,7.719807265587611e-08,0.0
436,26220.0,26220,20.649492497689494,20.649492497689494,-152.65916822971883,0.0,20.649492574901444,7.7211950600374e-08,0.0
437,26280.0,26280,20.6494924975239,20.6494924975239,-152.36663375286122,0.0,20.649492574750944,7.722704349189428e-08,0.0
438,26340.0,26340,20.649492497355297,20.649492497355297,-152.07409927600605,0.0,20.649492574598654,7.724335967368255e-08,0.0
439,26400.0,26400,20.649492497183704,20.649492497183704,-151.7815647991533,0.0,20.649492574444615,7.726090711178319e-08,0.0
440,26460.0,26460,20.649492497009163,20.649492497009163,-151.48903032230302,0.0,20.649492574288857,7.727969339534466e-08,0.0
441,26520.0,26520,20.649492496831687,20.649492496831687,-151.19649584545527,0.0,20.649492574131415,7.729972573738257e-08,0.0
442,26580.0,26580,20.649492496651312,20.649492496651312,-150.90396136861008,0.0,20.649492573972324,7.732101097612771e-08,0.0
443,26640.0,26640,20.64949249646807,20.64949249646807,-150.6114268917675,0.0,20.649492573811628,7.734355557685369e-08,0.0
444,26700.0,26700,20.64949249628199,20.649492496281987,-150.31889241492755,0.0,20.649492573649354,7.736736563438749e-08,0.0
445,26760.0,26760,20.649492496093096,20.649492496093096,-150.0263579380903,0.0,20.649492573485542,7.739244687603358e-08,0.0
446,26820.0,26820,20.649492495901423,20.649492495901423,-149.7338234612558,0.0,20.64949257332023,7.741880466519048e-08,0.0
447,26880.0,26880,20.649492495707005,20.649492495707005,-149.4412889844241,0.0,20.64949257315345,7.744644400560131e-08,0.0
448,26940.0,26940,20.64949249550988,20.64949249550988,-149.14875450759519,0.0,20.649492572985245,7.747536954608853e-08,0.0
449,27000.0,27000,20.649492495310067,20.649492495310067,-148.85622003076915,0.0,20.649492572815653,7.750558558601413e-08,0.0
450,27060.0,27060,20.649492495107612,20.649492495107612,-148.56368555394602,0.0,20.649492572644707,7.75370960814604e-08,0.0
451,27120.0,27120,20.649492494902542,20.649492494902542,-148.27115107712584,0.0,20.649492572472443,7.756990465191943e-08,0.0
452,27180.0,27180,20.64949249469489,20.64949249469489,-147.97861660030864,0.0,20.649492572298904,7.760401458781835e-08,0.0
453,27240.0,27240,20.649492494484694,20.649492494484694,-147.68608212349446,0.0,20.649492572124124,7.763942885865948e-08,0.0
454,27300.0,27300,20.649492494271993,20.649492494271993,-147.39354764668334,0.0,20.64949257194814,7.767615012198218e-08,0.0
455,27360.0,27360,20.64949249405681,20.64949249405681,-147.10101316987536,0.0,20.64949257177099,7.771418073302546e-08,0.0
456,27420.0,27420,20.649492493839183,20.649492493839183,-146.80847869307053,0.0,20.649492571592706,7.775352275519794e-08,0.0
457,27480.0,27480,20.64949249361915,20.64949249361915,-146.51594421626888,0.0,20.649492571413326,7.779417797134865e-08,0.0
458,27540.0,27540,20.649492493396743,20.649492493396743,-146.2234097394704,0.0,20.64949257123289,7.783614789589686e-08,0.0
459,27600.0,27600,20.649492493171994,20.649492493171994,-145.93087526267522,0.0,20.64949257105143,7.787943378778062e-08,0.0
460,27660.0,27660,20.64949249294494,20.64949249294494,-145.63834078588332,0.0,20.64949257086898,7.792403666438034e-08,0.0
461,27720.0,27720,20.64949249271561,20.64949249271561,-145.34580630909474,0.0,20.649492570685567,7.796995731631369e-08,0.0
462,27780.0,27780,20.649492492484043,20.649492492484043,-145.05327183230952,0.0,20.649492570501238,7.801719632316983e-08,0.0
463,27840.0,27840,20.64949249225026,20.64949249225026,-144.76073735552774,0.0,20.649492570316013,7.806575407034863e-08,0.0
464,27900.0,27900,20.649492492014307,20.649492492014307,-144.46820287874934,0.0,20.64949257012994,7.811563076684659e-08,0.0
465,27960.0,27960,20.649492491776204,20.649492491776204,-144.1756684019744,0.0,20.649492569943032,7.816682646413094e-08,0.0
466,28020.0,28020,20.649492491535987,20.649492491535987,-143.88313392520303,0.0,20.649492569755328,7.821934107613753e-08,0.0
467,28080.0,28080,20.64949249129368,20.64949249129368,-143.59059944843514,0.0,20.649492569566856,7.827317440048496e-08,0.0
468,28140.0,28140,20.649492491049315,20.649492491049315,-143.2980649716708,0.0,20.649492569377642,7.832832614080686e-08,0.0
469,28200.0,28200,20.64949264623911,-279.3505073537609,-143.00553049491012,300.0,7.407955430593493e-08,279.35050742784045,0.0
470,28260.0,28260,20.649492646250163,-279.35050735374983,-147.66137228432467,300.0,7.40867674527513e-08,279.35050742783665,0.0
471,28320.0,28320,20.64949264625922,-279.3505073537408,-152.31721407373905,300.0,7.40925446469521e-08,279.35050742783335,0.0
472,28380.0,28380,20.64949264626627,-279.35050735373375,-156.9730558631533,300.0,7.409688206365962e-08,279.3505074278306,0.0
473,28440.0,28440,20.64949264627131,-279.3505073537287,-161.62889765256742,300.0,7.409977611334749e-08,279.35050742782846,0.0
474,28500.0,28500,20.649492646274325,-279.3505073537257,-166.28473944198146,300.0,7.410122346903316e-08,279.35050742782687,0.0
475,28560.0,28560,20.649492646275316,-279.35050735372465,-170.94058123139547,300.0,7.410122108401396e-08,279.35050742782585,0.0
476,28620.0,28620,20.64949264627427,-279.3505073537257,-175.59642302080948,300.0,7.409976620164646e-08,279.35050742782545,0.0
477,28680.0,28680,20.649492646271188,-279.3505073537288,-180.25226481022347,300.0,7.409685635829046e-08,279.3505074278257,0.0
478,28740.0,28740,20.64949264626606,-279.3505073537339,-184.90810659963753,300.0,7.409248938061379e-08,279.3505074278264,0.0
479,28800.0,28800,20.64949264625889,-279.3505073537411,-189.56394838905166,300.0,7.408666337839874e-08,279.3505074278277,0.0
480,28860.0,28860,20.64949264624967,-279.35050735375034,-194.21979017846587,300.0,7.407937673363874e-08,279.35050742782965,0.0
481,28920.0,28920,20.649492646238404,-279.3505073537616,-198.87563196788022,300.0,7.407062808672505e-08,279.3505074278322,0.0
482,28980.0,28980,20.64949264349097,-269.35050735650873,-203.53147375729475,289.9999999999997,7.936690466097563e-08,269.3505074358756,0.0
483,29040.0,29040,20.64949248951152,20.64949248951152,-208.02064888010167,0.0,20.64949256809919,7.858767158692488e-08,0.0
484,29100.0,29100,20.649492489476405,20.649492489476405,-207.72811440336338,0.0,20.649492568063263,7.858685443723241e-08,0.0
485,29160.0,29160,20.64949248944131,20.64949248944131,-207.43557992662562,0.0,20.64949256802741,7.858610005357402e-08,0.0
486,29220.0,29220,20.64949248940623,20.64949248940623,-207.14304544988832,0.0,20.649492567991643,7.858541089654045e-08,0.0
487,29280.0,29280,20.649492489371173,20.649492489371173,-206.85051097315153,0.0,20.649492567955964,7.858478948228951e-08,0.0
488,29340.0,29340,20.649492489336136,20.649492489336136,-206.55797649641522,0.0,20.649492567920372,7.858423838206371e-08,0.0
489,29400.0,29400,20.649492489301124,20.649492489301124,-206.26544201967943,0.0,20.649492567884888,7.858376022150072e-08,0.0
490,29460.0,29460,20.649492489266144,20.649492489266144,-205.97290754294414,0.0,20.6494925678495,7.858335767987585e-08,0.0
491,29520.0,29520,20.649492489231186,20.649492489231186,-205.6803730662093,0.0,20.649492567814224,7.858303348913565e-08,0.0
492,29580.0,29580,20.649492489196266,20.649492489196266,-205.387838589475,0.0,20.649492567779056,7.858279043286437e-08,0.0
493,29640.0,29640,20.64949248916138,20.64949248916138,-205.09530411274116,0.0,20.649492567744012,7.858263134512624e-08,0.0
494,29700.0,29700,20.649492489126533,20.649492489126533,-204.80276963600787,0.0,20.649492567709093,7.858255910911169e-08,0.0
495,29760.0,29760,20.649492489091724,20.649492489091724,-204.51023515927503,0.0,20.6494925676743,7.858257665571202e-08,0.0
496,29820.0,29820,20.64949248905696,20.64949248905696,-204.21770068254267,0.0,20.649492567639644,7.858268696193024e-08,0.0
497,29880.0,29880,20.64949248902224,20.64949248902224,-203.92516620581083,0.0,20.649492567605133,7.858289304917016e-08,0.0
498,29940.0,29940,20.649492488987573,20.649492488987573,-203.6326317290795,0.0,20.64949256757077,7.85831979814165e-08,0.0
499,30000.0,30000,20.649492488952955,20.649492488952955,-203.3400972523486,0.0,20.649492567536562,7.858360486322253e-08,0.0
500,30060.0,30060,20.649492488918394,20.649492488918394,-203.04756277561822,0.0,20.64949256750251,7.858411683763102e-08,0.0
501,30120.0,30120,20.64949248888389,20.64949248888389,-202.75502829888833,0.0,20.649492567468627,7.858473708392181e-08,0.0
502,30180.0,30180,20.64949248884945,20.64949248884945,-202.46249382215893,0.0,20.649492567434923,7.85854688152792e-08,0.0
503,30240.0,30240,20.64949248881508,20.64949248881508,-202.16995934543004,0.0,20.649492567401392,7.858631527625608e-08,0.0
504,30300.0,30300,20.649492488780776,20.649492488780776,-201.8774248687016,0.0,20.649492567368053,7.85872797401831e-08,0.0
505,30360.0,30360,20.649492488746546,20.649492488746546,-201.58489039197372,0.0,20.649492567334914,7.858836550643405e-08,0.0
506,30420.0,30420,20.64949248871239,20.64949248871239,-201.29235591524625,0.0,20.649492567301966,7.85895758975365e-08,0.0
507,30480.0,30480,20.649492488678323,20.649492488678323,-200.9998214385193,0.0,20.649492567269235,7.859091425620532e-08,0.0
508,30540.0,30540,20.649492488644334,20.649492488644334,-200.70728696179285,0.0,20.64949256723672,7.859238394224794e-08,0.0
509,30600.0,30600,20.64949248861044,20.64949248861044,-200.41475248506688,0.0,20.64949256720443,7.859398832932381e-08,0.0
510,30660.0,30660,20.649492488576637,20.649492488576637,-200.12221800834138,0.0,20.64949256717237,7.85957308016066e-08,0.0
511,30720.0,30720,20.649492488542933,20.649492488542933,-199.82968353161638,0.0,20.64949256714055,7.859761475038157e-08,0.0
512,30780.0,30780,20.649492488509335,20.64949248850933,-199.53714905489184,0.0,20.649492567108975,7.859964357047987e-08,0.0
513,30840.0,30840,20.64949248847584,20.64949248847584,-199.2446145781678,0.0,20.64949256707766,7.860182065659603e-08,0.0
514,30900.0,30900,20.64949248844246,20.64949248844246,-198.95208010144424,0.0,20.649492567046607,7.860414939957254e-08,0.0
515,30960.0,30960,20.649492488409194,20.649492488409194,-198.65954562472112,0.0,20.649492567015827,7.860663318250915e-08,0.0
516,31020.0,31020,20.649492488376055,20.649492488376055,-198.36701114799854,0.0,20.649492566985327,7.860927537687784e-08,0.0
517,31080.0,31080,20.649492488343043,20.649492488343043,-198.07447667127636,0.0,20.64949256695512,7.861207933842864e-08,0.0
518,31140.0,31140,20.64949248831016,20.64949248831016,-197.7819421945547,0.0,20.64949256692521,7.861504840309266e-08,0.0
519,31200.0,31200,20.649492488277417,20.649492488277417,-197.4894077178335,0.0,20.649492566895603,7.861818588278809e-08,0.0
520,31260.0,31260,20.649492488244814,20.649492488244814,-197.19687324111277,0.0,20.64949256686631,7.862149506110269e-08,0.0
521,31320.0,31320,20.649492488212367,20.649492488212367,-196.90433876439252,0.0,20.649492566837345,7.862497918897265e-08,0.0
522,31380.0,31380,20.64949248818007,20.64949248818007,-196.61180428767275,0.0,20.64949256680871,7.862864148025965e-08,0.0
523,31440.0,31440,20.649492488147935,20.649492488147935,-196.31926981095341,0.0,20.649492566780417,7.863248510723557e-08,0.0
524,31500.0,31500,20.649492488115964,20.649492488115964,-196.0267353342346,0.0,20.649492566752475,7.863651319602391e-08,0.0
525,31560.0,31560,20.649492488084164,20.649492488084164,-195.7342008575162,0.0,20.64949256672489,7.864072882206e-08,0.0
526,31620.0,31620,20.649492488052545,20.649492488052545,-195.4416663807983,0.0,20.64949256669768,7.864513500535063e-08,0.0
527,31680.0,31680,20.649492488021114,20.649492488021114,-195.14913190408083,0.0,20.649492566670848,7.864973470580237e-08,0.0
528,31740.0,31740,20.64949248798987,20.64949248798987,-194.8565974273638,0.0,20.6494925666444,7.865453081850476e-08,0.0
529,31800.0,31800,20.649492487958828,20.649492487958828,-194.56406295064724,0.0,20.649492566618353,7.865952616891258e-08,0.0
530,31860.0,31860,20.649492487927986,20.649492487927983,-194.27152847393114,0.0,20.649492566592706,7.86647235080348e-08,0.0
531,31920.0,31920,20.649492487897355,20.649492487897355,-193.97899399721547,0.0,20.649492566567478,7.86701255076207e-08,0.0
532,31980.0,31980,20.649492487866944,20.649492487866944,-193.68645952050028,0.0,20.649492566542676,7.867573475524991e-08,0.0
533,32040.0,32040,20.649492487836756,20.649492487836756,-193.39392504378554,0.0,20.649492566518308,7.868155374951186e-08,0.0
534,32100.0,32100,20.6494924878068,20.6494924878068,-193.1013905670712,0.0,20.649492566494384,7.868758489506287e-08,0.0
535,32160.0,32160,20.649492487777085,20.649492487777085,-192.80885609035735,0.0,20.649492566470915,7.869383049779059e-08,0.0
536,32220.0,32220,20.649492487747615,20.649492487747615,-192.5163216136439,0.0,20.649492566447904,7.870029275984367e-08,0.0
537,32280.0,32280,20.649492487718394,20.649492487718394,-192.22378713693087,0.0,20.649492566425373,7.870697377476424e-08,0.0
538,32340.0,32340,20.64949248768944,20.64949248768944,-191.9312526602183,0.0,20.649492566403314,7.871387552267302e-08,0.0
539,32400.0,32400,20.649492487660755,20.64949248766075,-191.6387181835061,0.0,20.649492566381753,7.872099986524256e-08,0.0
540,32460.0,32460,20.64949248763234,20.64949248763234,-191.34618370679442,0.0,20.64949256636069,7.872834854100858e-08,0.0
541,32520.0,32520,20.649492487604213,20.649492487604213,-191.0536492300831,0.0,20.649492566340136,7.873592316042617e-08,0.0
542,32580.0,32580,20.649492487576374,20.649492487576374,-190.76111475337223,0.0,20.649492566320102,7.874372520113491e-08,0.0
543,32640.0,32640,20.649492487548834,20.649492487548834,-190.46858027666173,0.0,20.649492566300594,7.875175600313661e-08,0.0
544,32700.0,32700,20.649492487521606,20.649492487521606,-190.17604579995165,0.0,20.64949256628162,7.876001676410849e-08,0.0
545,32760.0,32760,20.64949248749469,20.64949248749469,-189.883511323242,0.0,20.649492566263195,7.876850853468921e-08,0.0
546,32820.0,32820,20.649492487468095,20.649492487468095,-189.59097684653275,0.0,20.64949256624533,7.877723221386467e-08,0.0
547,32880.0,32880,20.64949248744183,20.64949248744183,-189.2984423698239,0.0,20.649492566228023,7.878618854434444e-08,0.0
548,32940.0,32940,20.649492487415912,20.649492487415912,-189.0059078931154,0.0,20.64949256621129,7.879537810806243e-08,0.0
549,33000.0,33000,20.64949248739033,20.64949248739033,-188.71337341640736,0.0,20.649492566195136,7.880480132170599e-08,0.0
550,33060.0,33060,20.64949248736511,20.64949248736511,-188.42083893969965,0.0,20.649492566179568,7.881445843227784e-08,0.0
551,33120.0,33120,20.649492487340254,20.649492487340254,-188.12830446299233,0.0,20.6494925661646,7.882434951280506e-08,0.0
552,33180.0,33180,20.649492487315765,20.649492487315765,-187.83576998628538,0.0,20.64949256615024,7.88344744580706e-08,0.0
553,33240.0,33240,20.64949248729166,20.64949248729166,-187.54323550957886,0.0,20.64949256613649,7.884483298038632e-08,0.0
554,33300.0,33300,20.649492487267942,20.649492487267942,-187.25070103287268,0.0,20.649492566123364,7.885542460556756e-08,0.0
555,33360.0,33360,20.64949248724462,20.64949248724462,-186.95816655616684,0.0,20.649492566110865,7.886624866885407e-08,0.0
556,33420.0,33420,20.649492487221703,20.649492487221703,-186.6656320794614,0.0,20.649492566099006,7.88773043110297e-08,0.0
557,33480.0,33480,20.649492487199197,20.649492487199197,-186.37309760275625,0.0,20.649492566087787,7.888859047456466e-08,0.0
558,33540.0,33540,20.649492487177113,20.649492487177113,-186.0805631260515,0.0,20.64949256607722,7.890010589991797e-08,0.0
559,33600.0,33600,20.64949248715546,20.64949248715546,-185.7880286493471,0.0,20.64949256606731,7.891184912185218e-08,0.0
560,33660.0,33660,20.649492487134246,20.649492487134246,-185.495494172643,0.0,20.64949256605806,7.892381846594961e-08,0.0
561,33720.0,33720,20.649492487113474,20.649492487113474,-185.2029596959392,0.0,20.64949256604949,7.89360120451776e-08,0.0
562,33780.0,33780,20.64949248709316,20.64949248709316,-184.91042521923578,0.0,20.649492566041584,7.894842775658202e-08,0.0
563,33840.0,33840,20.649492487073307,20.649492487073307,-184.61789074253267,0.0,20.64949256603437,7.896106327807943e-08,0.0
564,33900.0,33900,20.64949248705392,20.64949248705392,-184.32535626582987,0.0,20.649492566027835,7.897391606539264e-08,0.0
565,33960.0,33960,20.649492487035012,20.649492487035012,-184.03282178912738,0.0,20.649492566021998,7.898698334906635e-08,0.0
566,34020.0,34020,20.649492487016598,20.649492487016598,-183.74028731242518,0.0,20.649492566016857,7.900026213166157e-08,0.0
567,34080.0,34080,20.64949248699867,20.64949248699867,-183.44775283572326,0.0,20.64949256601242,7.901374918498805e-08,0.0
568,34140.0,34140,20.64949248698125,20.64949248698125,-183.15521835902163,0.0,20.649492566008686,7.902744104757842e-08,0.0
569,34200.0,34200,20.649492486964334,20.649492486964334,-182.8626838823203,0.0,20.64949256600567,7.904133402218064e-08,0.0
570,34260.0,34260,20.649492486947935,20.649492486947935,-182.57014940561925,0.0,20.64949256600336,7.905542417344795e-08,0.0
571,34320.0,34320,20.649492486932065,20.649492486932065,-182.2776149289185,0.0,20.649492566001772,7.90697073257223e-08,0.0
572,34380.0,34380,20.649492486916724,20.649492486916724,-181.98508045221797,0.0,20.6494925660009,7.908417906102114e-08,0.0
573,34440.0,34440,20.649492486901924,20.649492486901924,-181.6925459755177,0.0,20.649492566000756,7.909883471706096e-08,0.0
574,34500.0,34500,20.649492486887667,20.649492486887667,-181.40001149881763,0.0,20.64949256600134,7.91136693855127e-08,0.0
575,34560.0,34560,20.649492486873967,20.649492486873967,-181.10747702211785,0.0,20.649492566002646,7.912867791031068e-08,0.0
576,34620.0,34620,20.649492486860826,20.649492486860826,-180.8149425454183,0.0,20.64949256600468,7.914385488619999e-08,0.0
577,34680.0,34680,20.649492486848256,20.649492486848256,-180.52240806871896,0.0,20.64949256600745,7.915919465732998e-08,0.0
578,34740.0,34740,20.64949248683626,20.64949248683626,-180.22987359201986,0.0,20.64949256601095,7.917469131608334e-08,0.0
579,34800.0,34800,20.649492486824837,20.649492486824837,-179.9373391153209,0.0,20.64949256601518,7.919033870197664e-08,0.0
580,34860.0,34860,20.649492486814008,20.649492486814008,-179.64480463862222,0.0,20.64949256602014,7.920613040070422e-08,0.0
581,34920.0,34920,20.64949248680377,20.64949248680377,-179.35227016192368,0.0,20.649492566025828,7.922205974347399e-08,0.0
582,34980.0,34980,20.649492486794134,20.649492486794134,-179.05973568522538,0.0,20.649492566032254,7.923811980623218e-08,0.0
583,35040.0,35040,20.649492486785096,20.649492486785096,-178.7672012085272,0.0,20.6494925660394,7.925430340929683e-08,0.0
584,35100.0,35100,20.649492486776676,20.649492486776676,-178.47466673182922,0.0,20.64949256604728,7.927060311694044e-08,0.0
585,35160.0,35160,20.649492486768867,20.649492486768867,-178.18213225513142,0.0,20.64949256605588,7.928701123730997e-08,0.0
586,35220.0,35220,20.649492486761684,20.649492486761684,-177.88959777843374,0.0,20.649492566065206,7.930351982229491e-08,0.0
587,35280.0,35280,20.649492486755125,20.649492486755125,-177.59706330173623,0.0,20.649492566075246,7.932012066773261e-08,0.0
588,35340.0,35340,20.649492486749203,20.649492486749203,-177.3045288250388,0.0,20.649492566086007,7.933680531360716e-08,0.0
589,35400.0,35400,20.649492486743913,20.649492486743913,-177.01199434834155,0.0,20.649492566097475,7.935356504452783e-08,0.0
590,35460.0,35460,20.649492486739266,20.649492486739266,-176.71945987164437,0.0,20.649492566109654,7.937039089028307e-08,0.0
591,35520.0,35520,20.649492486735262,20.649492486735262,-176.42692539494735,0.0,20.649492566122536,7.938727362658473e-08,0.0
592,35580.0,35580,20.64949248673191,20.64949248673191,-176.13439091825038,0.0,20.64949256613611,7.940420377589233e-08,0.0
593,35640.0,35640,20.64949248672921,20.64949248672921,-175.84185644155352,0.0,20.64949256615038,7.942117160851528e-08,0.0
594,35700.0,35700,20.649492486727166,20.649492486727166,-175.54932196485674,0.0,20.649492566165335,7.943816714375466e-08,0.0
595,35760.0,35760,20.649492486725787,20.649492486725787,-175.25678748816003,0.0,20.649492566180967,7.945518015122393e-08,0.0
596,35820.0,35820,20.64949248672507,20.64949248672507,-174.9642530114634,0.0,20.64949256619727,7.947220015235346e-08,0.0
597,35880.0,35880,20.64949248672502,20.64949248672502,-174.6717185347668,0.0,20.649492566214235,7.948921642200234e-08,0.0
598,35940.0,35940,20.64949248672564,20.64949248672564,-174.37918405807022,0.0,20.64949256623186,7.950621799026997e-08,0.0
599,36000.0,36000,20.64949248672694,20.64949248672694,-174.0866495813737,0.0,20.649492566250128,7.952319364437539e-08,0.0
600,36060.0,36060,20.649492486728906,20.649492486728906,-173.79411510467725,0.0,20.649492566269036,7.954013193080342e-08,0.0
601,36120.0,36120,20.649492486731553,20.649492486731553,-173.5015806279808,0.0,20.649492566288576,7.95570211574439e-08,0.0
602,36180.0,36180,20.64949248673488,20.64949248673488,-173.2090461512843,0.0,20.64949256630873,7.957384939604681e-08,0.0
603,36240.0,36240,20.649492486738886,20.649492486738886,-172.91651167458784,0.0,20.649492566329496,7.959060448469512e-08,0.0
604,36300.0,36300,20.64949248674358,20.64949248674358,-172.62397719789132,0.0,20.649492566350855,7.960727403045659e-08,0.0
605,36360.0,36360,20.649492486748954,20.649492486748954,-172.3314427211948,0.0,20.6494925663728,7.962384541222987e-08,0.0
606,36420.0,36420,20.649492486755015,20.649492486755015,-172.03890824449823,0.0,20.64949256639532,7.964030578368077e-08,0.0
607,36480.0,36480,20.64949248676176,20.64949248676176,-171.74637376780166,0.0,20.649492566418406,7.96566420763096e-08,0.0
608,36540.0,36540,20.649492486769198,20.649492486769198,-171.453839291105,0.0,20.64949256644204,7.967284100271732e-08,0.0
609,36600.0,36600,20.649492486777316,20.649492486777316,-171.1613048144083,0.0,20.649492566466208,7.968888905995539e-08,0.0
610,36660.0,36660,20.649492486786126,20.649492486786126,-170.8687703377115,0.0,20.6494925664909,7.970477253307368e-08,0.0
611,36720.0,36720,20.649492486795623,20.649492486795623,-170.57623586101462,0.0,20.649492566516102,7.972047749870675e-08,0.0
612,36780.0,36780,20.649492486805805,20.649492486805805,-170.28370138431765,0.0,20.649492566541795,7.973598982895327e-08,0.0
613,36840.0,36840,20.64949248681668,20.64949248681668,-169.99116690762057,0.0,20.64949256656797,7.975129519519702e-08,0.0
614,36900.0,36900,20.649492486828237,20.649492486828237,-169.6986324309234,0.0,20.649492566594613,7.976637907225278e-08,0.0
615,36960.0,36960,20.649492486840476,20.649492486840476,-169.40609795422606,0.0,20.649492566621706,7.978122674246253e-08,0.0
616,37020.0,37020,20.649492486853404,20.649492486853404,-169.1135634775286,0.0,20.649492566649226,7.979582330011443e-08,0.0
617,37080.0,37080,20.649492486867015,20.649492486867015,-168.821029000831,0.0,20.649492566677168,7.981015365582072e-08,0.0
618,37140.0,37140,20.649492486881307,20.649492486881307,-168.52849452413327,0.0,20.649492566705508,7.982420254111393e-08,0.0
619,37200.0,37200,20.64949248689628,20.64949248689628,-168.2359600474353,0.0,20.649492566734228,7.983795451314484e-08,0.0
620,37260.0,37260,20.649492486911928,20.649492486911928,-167.94342557073722,0.0,20.649492566763318,7.985139395952758e-08,0.0
621,37320.0,37320,20.64949248692825,20.64949248692825,-167.65089109403894,0.0,20.649492566792755,7.986450510329568e-08,0.0
622,37380.0,37380,20.649492486945253,20.649492486945253,-167.3583566173404,0.0,20.649492566822524,7.987727200791576e-08,0.0
623,37440.0,37440,20.649492486962924,20.649492486962924,-167.06582214064176,0.0,20.6494925668526,7.988967858256953e-08,0.0
624,37500.0,37500,20.64949248698126,20.64949248698126,-166.7732876639428,0.0,20.64949256688297,7.990170858738324e-08,0.0
625,37560.0,37560,20.649492487000266,20.649492487000266,-166.48075318724366,0.0,20.64949256691361,7.99133456389169e-08,0.0
626,37620.0,37620,20.649492487019934,20.649492487019934,-166.18821871054428,0.0,20.649492566944506,7.992457321564437e-08,0.0
627,37680.0,37680,20.64949248704026,20.64949248704026,-165.89568423384466,0.0,20.649492566975635,7.993537466366673e-08,0.0
628,37740.0,37740,20.649492487061245,20.649492487061245,-165.60314975714476,0.0,20.649492567006977,7.994573320244106e-08,0.0
629,37800.0,37800,20.649492487082878,20.649492487082878,-165.3106152804446,0.0,20.64949256703851,7.99556319306522e-08,0.0
630,37860.0,37860,20.649492487105164,20.649492487105164,-165.01808080374417,0.0,20.649492567070222,7.996505383219007e-08,0.0
631,37920.0,37920,20.649492487128096,20.649492487128096,-164.72554632704345,0.0,20.649492567102076,7.997398178226174e-08,0.0
632,37980.0,37980,20.649492487151665,20.649492487151665,-164.43301185034238,0.0,20.649492567134065,7.998239855355055e-08,0.0
633,38040.0,38040,20.649492487175877,20.649492487175877,-164.140477373641,0.0,20.64949256716616,7.99902868224648e-08,0.0
634,38100.0,38100,20.649492487200718,20.649492487200714,-163.84794289693932,0.0,20.649492567198344,7.99976291756209e-08,0.0
635,38160.0,38160,20.649492487226183,20.649492487226183,-163.5554084202373,0.0,20.649492567230592,8.000440811619478e-08,0.0
636,38220.0,38220,20.649492487252278,20.649492487252278,-163.26287394353497,0.0,20.64949256726288,8.001060607059435e-08,0.0
637,38280.0,38280,20.649492487278987,20.649492487278987,-162.97033946683223,0.0,20.64949256729519,8.001620539504077e-08,0.0
638,38340.0,38340,20.64949248730631,20.64949248730631,-162.67780499012915,0.0,20.6494925673275,8.002118838238514e-08,0.0
639,38400.0,38400,20.649492487334243,20.649492487334243,-162.38527051342572,0.0,20.649492567359783,8.002553726888563e-08,0.0
640,38460.0,38460,20.649492487362778,20.649492487362778,-162.09273603672185,0.0,20.649492567392013,8.002923424113716e-08,0.0
641,38520.0,38520,20.64949248739191,20.64949248739191,-161.80020156001763,0.0,20.649492567424172,8.003226144308608e-08,0.0
642,38580.0,38580,20.649492487421636,20.649492487421636,-161.50766708331298,0.0,20.64949256745624,8.003460098307183e-08,0.0
643,38640.0,38640,20.64949248745195,20.64949248745195,-161.21513260660794,0.0,20.649492567488185,8.003623494096603e-08,0.0
644,38700.0,38700,20.649492487482842,20.649492487482842,-160.92259812990247,0.0,20.64949256751999,8.003714537544685e-08,0.0
645,38760.0,38760,20.64949248751431,20.64949248751431,-160.63006365319657,0.0,20.649492567551622,8.003731433118602e-08,0.0
646,38820.0,38820,20.649492487546347,20.649492487546347,-160.3375291764902,0.0,20.64949256758307,8.003672384628729e-08,0.0
647,38880.0,38880,20.649492487578947,20.649492487578947,-160.0449946997834,0.0,20.649492567614303,8.003535595962779e-08,0.0
648,38940.0,38940,20.649492487612104,20.649492487612104,-159.7524602230761,0.0,20.649492567645297,8.003319271837572e-08,0.0
649,39000.0,39000,20.64949248764581,20.64949248764581,-159.45992574636833,0.0,20.649492567676024,8.003021618547017e-08,0.0
650,39060.0,39060,20.649492487680057,20.649492487680057,-159.1673912696601,0.0,20.649492567706464,8.002640844723202e-08,0.0
651,39120.0,39120,20.649492487714845,20.649492487714845,-158.8748567929514,0.0,20.649492567736594,8.002175162092389e-08,0.0
652,39180.0,39180,20.649492487750155,20.649492487750155,-158.58232231624214,0.0,20.649492567766387,8.001622786249291e-08,0.0
653,39240.0,39240,20.649492487785995,20.649492487785995,-158.28978783953238,0.0,20.649492567795814,8.000981937423524e-08,0.0
654,39300.0,39300,20.64949248782235,20.64949248782235,-157.99725336282208,0.0,20.649492567824858,8.000250841252284e-08,0.0
655,39360.0,39360,20.64949248785921,20.64949248785921,-157.7047188861113,0.0,20.649492567853486,7.999427729560645e-08,0.0
656,39420.0,39420,20.649492487896573,20.649492487896573,-157.41218440939994,0.0,20.649492567881683,7.99851084113847e-08,0.0
657,39480.0,39480,20.64949248793443,20.64949248793443,-157.11964993268802,0.0,20.649492567909412,7.997498422527979e-08,0.0
658,39540.0,39540,20.649492487972775,20.649492487972775,-156.82711545597556,0.0,20.64949256793666,7.996388728804508e-08,0.0
659,39600.0,39600,20.649492488011592,20.649492488011592,-156.53458097926247,0.0,20.649492567963392,7.995180024364923e-08,0.0
660,39660.0,39660,20.649492488050882,20.649492488050882,-156.24204650254887,0.0,20.64949256798959,7.993870583713104e-08,0.0
661,39720.0,39720,20.649492488090633,20.649492488090633,-155.94951202583465,0.0,20.64949256801522,7.9924586922507e-08,0.0
662,39780.0,39780,20.64949248813084,20.64949248813084,-155.65697754911986,0.0,20.649492568040266,7.990942647063184e-08,0.0
663,39840.0,39840,20.64949248817149,20.64949248817149,-155.36444307240444,0.0,20.649492568064698,7.98932075771193e-08,0.0
664,39900.0,39900,20.649492488212577,20.649492488212577,-155.0719085956884,0.0,20.649492568088487,7.98759134701593e-08,0.0
665,39960.0,39960,20.64949248825409,20.64949248825409,-154.77937411897176,0.0,20.64949256811162,7.985752751846035e-08,0.0
666,40020.0,40020,20.649492488296026,20.649492488296026,-154.48683964225447,0.0,20.649492568134058,7.98380332390272e-08,0.0
667,40080.0,40080,20.649492488338367,20.649492488338367,-154.19430516553655,0.0,20.649492568155782,7.981741430504017e-08,0.0
668,40140.0,40140,20.649492488381114,20.649492488381114,-153.90177068881798,0.0,20.64949256817677,7.9795654553612e-08,0.0
669,40200.0,40200,20.649492488424247,20.649492488424247,-153.60923621209875,0.0,20.649492568196987,7.977273799360217e-08,0.0
670,40260.0,40260,20.649492488467764,20.649492488467764,-153.3167017353788,0.0,20.649492568216413,7.974864881330509e-08,0.0
671,40320.0,40320,20.649492488511655,20.649492488511655,-153.02416725865822,0.0,20.649492568235026,7.972337138820874e-08,0.0
672,40380.0,40380,20.6494924885559,20.6494924885559,-152.73163278193692,0.0,20.649492568252793,7.969689028854622e-08,0.0
673,40440.0,40440,20.6494924886005,20.6494924886005,-152.43909830521497,0.0,20.649492568269693,7.966919028695752e-08,0.0
674,40500.0,40500,20.649492488645443,20.649492488645443,-152.1465638284923,0.0,20.649492568285698,7.964025636598157e-08,0.0
675,40560.0,40560,20.64949248869072,20.64949248869072,-151.85402935176896,0.0,20.64949256830079,7.961007372555701e-08,0.0
676,40620.0,40620,20.649492488736307,20.649492488736307,-151.56149487504484,0.0,20.649492568314933,7.957862779038703e-08,0.0
677,40680.0,40680,20.649492488782204,20.649492488782204,-151.26896039832002,0.0,20.649492568328107,7.95459042172611e-08,0.0
678,40740.0,40740,20.6494924888284,20.6494924888284,-150.97642592159445,0.0,20.64949256834029,7.951188890233607e-08,0.0
679,40800.0,40800,20.64949248887488,20.64949248887488,-150.68389144486812,0.0,20.649492568351448,7.947656798822133e-08,0.0
680,40860.0,40860,20.649492488921634,20.649492488921634,-150.39135696814108,0.0,20.64949256836156,7.943992787110273e-08,0.0
681,40920.0,40920,20.649492488968644,20.649492488968644,-150.09882249141333,0.0,20.6494925683706,7.940195520765238e-08,0.0
682,40980.0,40980,20.649492489015906,20.649492489015906,-149.80628801468475,0.0,20.64949256837854,7.93626369219058e-08,0.0
683,41040.0,41040,20.649492489063405,20.649492489063405,-149.5137535379554,0.0,20.649492568385362,7.932196021200408e-08,0.0
684,41100.0,41100,20.649492489111122,20.649492489111122,-149.2212190612253,0.0,20.649492568391032,7.92799125568081e-08,0.0
685,41160.0,41160,20.649492489159048,20.649492489159048,-148.92868458449442,0.0,20.64949256839553,7.923648172237797e-08,0.0
686,41220.0,41220,20.649492489207166,20.649492489207166,-148.63615010776277,0.0,20.649492568398824,7.919165576840822e-08,0.0
687,41280.0,41280,20.649492489255472,20.649492489255472,-148.34361563103027,0.0,20.64949256840089,7.914542305438592e-08,0.0
688,41340.0,41340,20.649492489303938,20.649492489303938,-148.05108115429704,0.0,20.64949256840171,7.909777224572732e-08,0.0
689,41400.0,41400,20.649492489352554,20.649492489352554,-147.75854667756298,0.0,20.649492568401246,7.904869231969861e-08,0.0
690,41460.0,41460,20.649492489401307,20.649492489401307,-147.46601220082812,0.0,20.64949256839948,7.899817257122744e-08,0.0
691,41520.0,41520,20.649492489450182,20.649492489450182,-147.17347772409244,0.0,20.649492568396386,7.894620261849028e-08,0.0
692,41580.0,41580,20.64949248949916,20.64949248949916,-146.88094324735593,0.0,20.649492568391935,7.889277240841679e-08,0.0
693,41640.0,41640,20.64949248954823,20.64949248954823,-146.58840877061857,0.0,20.649492568386098,7.883787222194556e-08,0.0
694,41700.0,41700,20.64949248959736,20.64949248959736,-146.2958742938804,0.0,20.649492568378854,7.878149267912913e-08,0.0
695,41760.0,41760,20.64949248964655,20.64949248964655,-146.00333981714138,0.0,20.649492568370178,7.872362474406371e-08,0.0
696,41820.0,41820,20.649492489695778,20.649492489695778,-145.71080534040155,0.0,20.649492568360035,7.866425972964189e-08,0.0
697,41880.0,41880,20.64949248974502,20.64949248974502,-145.41827086366084,0.0,20.649492568348407,7.860338930204712e-08,0.0
698,41940.0,41940,20.64949248979426,20.64949248979426,-145.12573638691927,0.0,20.649492568335265,7.854100548510509e-08,0.0
699,42000.0,42000,20.649492489843478,20.649492489843478,-144.83320191017688,0.0,20.64949256832058,7.847710066438922e-08,0.0
700,42060.0,42060,20.649492489892655,20.649492489892655,-144.54066743343358,0.0,20.64949256830432,7.841166759115463e-08,0.0
701,42120.0,42120,20.649492489941775,20.649492489941775,-144.24813295668946,0.0,20.64949256828647,7.834469938598391e-08,0.0
702,42180.0,42180,20.649492489990806,20.649492489990806,-143.95559847994448,0.0,20.649492568266993,7.827618954228122e-08,0.0
703,42240.0,42240,20.649492490039737,20.649492490039737,-143.66306400319863,0.0,20.649492568245872,7.820613192950257e-08,0.0
704,42300.0,42300,20.649492490088544,20.649492490088544,-143.37052952645192,0.0,20.649492568223064,7.813452079613835e-08,0.0
705,42360.0,42360,20.6494924901372,20.6494924901372,-143.07799504970433,0.0,20.64949256819855,7.806135077245283e-08,0.0
706,42420.0,42420,20.649492490185686,20.649492490185686,-142.78546057295588,0.0,20.649492568172302,7.798661687302964e-08,0.0
707,42480.0,42480,20.649492490233975,20.649492490233975,-142.49292609620656,0.0,20.64949256814429,7.79103144989949e-08,0.0
708,42540.0,42540,20.649492490282043,20.649492490282043,-142.20039161945635,0.0,20.649492568114482,7.783243944007293e-08,0.0
709,42600.0,42600,20.64949249032987,20.64949249032987,-141.90785714270527,0.0,20.64949256808286,7.775298787628557e-08,0.0
710,42660.0,42660,20.649492490377423,20.649492490377423,-141.61532266595333,0.0,20.64949256804938,7.767195637943889e-08,0.0
711,42720.0,42720,20.649492490424677,20.649492490424677,-141.32278818920048,0.0,20.64949256801402,7.758934191440515e-08,0.0
712,42780.0,42780,20.649492490471605,20.649492490471605,-141.03025371244678,0.0,20.64949256797675,7.75051418399746e-08,0.0
713,42840.0,42840,20.649492490518185,20.649492490518185,-140.73771923569217,0.0,20.64949256793754,7.74193539096636e-08,0.0
714,42900.0,42900,20.649492490564377,20.649492490564377,-140.4451847589367,0.0,20.649492567896353,7.733197627201432e-08,0.0
715,42960.0,42960,20.64949249061016,20.64949249061016,-140.1526502821804,0.0,20.649492567853166,7.724300747077837e-08,0.0
716,43020.0,43020,20.6494924906555,20.6494924906555,-139.86011580542316,0.0,20.649492567807943,7.715244644477833e-08,0.0
717,43080.0,43080,20.649492490700368,20.649492490700364,-139.56758132866509,0.0,20.64949256776066,7.706029252747724e-08,0.0
718,43140.0,43140,20.649492490744723,20.649492490744723,-139.27504685190615,0.0,20.649492567711274,7.69665454462777e-08,0.0
719,43200.0,43200,20.64949249078855,20.64949249078855,-138.98251237514634,0.0,20.649492567659752,7.687120532155536e-08,0.0
720,43260.0,43260,20.6494924908318,20.6494924908318,-138.68997789838568,0.0,20.64949256760607,7.677427266538144e-08,0.0
721,43320.0,43320,20.64949249087444,20.64949249087444,-138.39744342162416,0.0,20.649492567550187,7.667574838004467e-08,0.0
722,43380.0,43380,20.64949249091644,20.64949249091644,-138.1049089448618,0.0,20.64949256749207,7.657563375616063e-08,0.0
723,43440.0,43440,20.649492646080585,-279.35050735391945,-137.81237446809857,300.0,7.378461860946548e-08,279.35050742770403,0.0
724,43500.0,43500,20.649492646091744,-279.35050735390826,-142.46821625751505,300.0,7.379186891102119e-08,279.35050742770017,0.0
725,43560.0,43560,20.649492646100676,-279.3505073538993,-147.1240580469313,300.0,7.379764819244482e-08,279.3505074276969,0.0
726,43620.0,43620,20.649492646107426,-279.3505073538925,-151.77989983634745,300.0,7.380196456046331e-08,279.35050742769454,0.0
727,43680.0,43680,20.649492646112037,-279.3505073538879,-156.4357416257635,300.0,7.380482318609368e-08,279.3505074276927,0.0
728,43740.0,43740,20.64949264611454,-279.3505073538854,-161.09158341517949,300.0,7.380622720502881e-08,279.35050742769164,0.0
729,43800.0,43800,20.649492646114947,-279.350507353885,-165.7474252045954,300.0,7.380617833944848e-08,279.3505074276912,0.0
730,43860.0,43860,20.64949264611328,-279.35050735388666,-170.40326699401135,300.0,7.380467733378998e-08,279.35050742769135,0.0
731,43920.0,43920,20.64949264610954,-279.35050735389046,-175.0591087834273,300.0,7.380172426335356e-08,279.35050742769215,0.0
732,43980.0,43980,20.64949264610375,-279.35050735389626,-179.7149505728433,300.0,7.379731875433886e-08,279.35050742769357,0.0
733,44040.0,44040,20.6494926460959,-279.3505073539041,-184.37079236225938,300.0,7.379146014116417e-08,279.35050742769556,0.0
734,44100.0,44100,20.64949264608601,-279.35050735391394,-189.02663415167558,300.0,7.378414757859624e-08,279.35050742769806,0.0
735,44160.0,44160,20.64949264607408,-279.3505073539259,-193.68247594109195,300.0,7.377538012085641e-08,279.3505074277013,0.0
736,44220.0,44220,20.649492646060107,-279.35050735393986,-198.3383177305085,300.0,7.376515677637843e-08,279.350507427705,0.0
737,44280.0,44280,20.64949264033678,-124.35050735966351,-202.99415951992523,145.00000000000028,7.503355526149176e-08,124.35050743469706,0.0
738,44340.0,44340,20.649492490811408,20.649492490811408,-205.0666679761072,0.0,20.64949256652403,7.571262624699312e-08,0.0
739,44400.0,44400,20.64949249077831,20.64949249077831,-204.77413349934332,0.0,20.649492566465455,7.568714537193072e-08,0.0
740,44460.0,44460,20.649492490744652,20.649492490744652,-204.48159902257987,0.0,20.64949256640611,7.566145527481162e-08,0.0
741,44520.0,44520,20.649492490710436,20.649492490710436,-204.1890645458168,0.0,20.64949256634599,7.563555569118155e-08,0.0
742,44580.0,44580,20.64949249067564,20.64949249067564,-203.89653006905414,0.0,20.64949256628509,7.560944638956283e-08,0.0
743,44640.0,44640,20.649492490640267,20.649492490640267,-203.6039955922919,0.0,20.649492566223394,7.558312717116984e-08,0.0
744,44700.0,44700,20.649492490604306,20.649492490604306,-203.31146111553014,0.0,20.6494925661609,7.555659786953041e-08,0.0
745,44760.0,44760,20.649492490567745,20.649492490567745,-203.0189266387688,0.0,20.649492566097603,7.55298583501117e-08,0.0
746,44820.0,44820,20.64949249053058,20.64949249053058,-202.72639216200793,0.0,20.64949256603349,7.550290850989637e-08,0.0
747,44880.0,44880,20.649492490492804,20.649492490492804,-202.4338576852475,0.0,20.649492565968554,7.547574827686723e-08,0.0
748,44940.0,44940,20.64949249045441,20.64949249045441,-202.1413232084875,0.0,20.64949256590279,7.544837760952776e-08,0.0
749,45000.0,45000,20.64949249041539,20.64949249041539,-201.84878873172804,0.0,20.64949256583619,7.542079649628505e-08,0.0
750,45060.0,45060,20.649492490375742,20.649492490375742,-201.55625425496905,0.0,20.649492565768746,7.539300495488549e-08,0.0
751,45120.0,45120,20.64949249033545,20.64949249033545,-201.26371977821051,0.0,20.649492565700452,7.536500303170169e-08,0.0
752,45180.0,45180,20.64949249029451,20.64949249029451,-200.9711853014525,0.0,20.649492565631302,7.533679080110785e-08,0.0
753,45240.0,45240,20.64949249025292,20.64949249025292,-200.678650824695,0.0,20.649492565561285,7.530836836471485e-08,0.0
754,45300.0,45300,20.649492490210665,20.649492490210665,-200.38611634793799,0.0,20.6494925654904,7.527973585061749e-08,0.0
755,45360.0,45360,20.649492490167745,20.649492490167745,-200.09358187118156,0.0,20.649492565418637,7.52508934125938e-08,0.0
756,45420.0,45420,20.64949249012415,20.64949249012415,-199.80104739442564,0.0,20.64949256534599,7.522184122930523e-08,0.0
757,45480.0,45480,20.649492490079876,20.649492490079876,-199.50851291767026,0.0,20.649492565272453,7.519257950338376e-08,0.0
758,45540.0,45540,20.64949249003491,20.64949249003491,-199.21597844091545,0.0,20.64949256519802,7.516310846060769e-08,0.0
759,45600.0,45600,20.649492489989253,20.649492489989253,-198.92344396416118,0.0,20.64949256512268,7.513342834893684e-08,0.0
760,45660.0,45660,20.649492489942897,20.649492489942897,-198.6309094874075,0.0,20.649492565046433,7.510353943760454e-08,0.0
761,45720.0,45720,20.649492489895827,20.649492489895827,-198.3383750106544,0.0,20.64949256496927,7.507344201616233e-08,0.0
762,45780.0,45780,20.649492489848054,20.649492489848054,-198.04584053390192,0.0,20.649492564891187,7.504313639346252e-08,0.0
763,45840.0,45840,20.649492489799556,20.649492489799556,-197.75330605714998,0.0,20.649492564812178,7.501262289670302e-08,0.0
764,45900.0,45900,20.649492489750337,20.649492489750337,-197.4607715803987,0.0,20.64949256473224,7.498190187037121e-08,0.0
765,45960.0,45960,20.649492489700386,20.649492489700386,-197.16823710364804,0.0,20.649492564651357,7.495097367524825e-08,0.0
766,46020.0,46020,20.6494924896497,20.649492489649695,-196.87570262689798,0.0,20.649492564569535,7.49198386873342e-08,0.0
767,46080.0,46080,20.64949248959827,20.64949248959827,-196.5831681501486,0.0,20.649492564486767,7.488849729679001e-08,0.0
768,46140.0,46140,20.649492489546095,20.649492489546095,-196.29063367339984,0.0,20.649492564403044,7.485694990690895e-08,0.0
769,46200.0,46200,20.649492489493163,20.649492489493163,-195.99809919665174,0.0,20.64949256431836,7.482519693299633e-08,0.0
770,46260.0,46260,20.649492489439478,20.649492489439478,-195.70556471990432,0.0,20.64949256423272,7.479323880133245e-08,0.0
771,46320.0,46320,20.64949248938503,20.64949248938503,-195.41303024315758,0.0,20.649492564146108,7.476107594806558e-08,0.0
772,46380.0,46380,20.649492489329813,20.649492489329813,-195.12049576641152,0.0,20.649492564058523,7.472870881813903e-08,0.0
773,46440.0,46440,20.649492489273825,20.649492489273825,-194.82796128966618,0.0,20.64949256396996,7.46961378642106e-08,0.0
774,46500.0,46500,20.649492489217057,20.649492489217057,-194.53542681292151,0.0,20.649492563880422,7.466336354559551e-08,0.0
775,46560.0,46560,20.649492489159506,20.649492489159506,-194.2428923361776,0.0,20.649492563789895,7.46303863271267e-08,0.0
776,46620.0,46620,20.649492489101174,20.649492489101174,-193.9503578594344,0.0,20.64949256369838,7.459720667818056e-08,0.0
777,46680.0,46680,20.649492489042046,20.649492489042046,-193.65782338269196,0.0,20.649492563605875,7.45638250715362e-08,0.0
778,46740.0,46740,20.64949248898213,20.64949248898213,-193.36528890595028,0.0,20.64949256351237,7.453024198237777e-08,0.0
779,46800.0,46800,20.64949248892141,20.64949248892141,-193.07275442920937,0.0,20.64949256341787,7.449645788725638e-08,0.0
780,46860.0,46860,20.64949248885989,20.64949248885989,-192.7802199524692,0.0,20.649492563322365,7.446247326301799e-08,0.0
781,46920.0,46920,20.649492488797566,20.649492488797566,-192.48768547572988,0.0,20.649492563225856,7.442828858587359e-08,0.0
782,46980.0,46980,20.64949248873443,20.64949248873443,-192.19515099899132,0.0,20.649492563128334,7.43939043303564e-08,0.0
783,47040.0,47040,20.649492488670482,20.649492488670482,-191.90261652225354,0.0,20.649492563029806,7.435932096834681e-08,0.0
784,47100.0,47100,20.64949248860572,20.64949248860572,-191.61008204551663,0.0,20.649492562930256,7.432453896817272e-08,0.0
785,47160.0,47160,20.649492488540137,20.649492488540137,-191.31754756878053,0.0,20.649492562829696,7.428955879361756e-08,0.0
786,47220.0,47220,20.649492488473733,20.649492488473733,-191.02501309204527,0.0,20.649492562728113,7.425438090309319e-08,0.0
787,47280.0,47280,20.649492488406505,20.649492488406505,-190.73247861531087,0.0,20.64949256262551,7.421900574866766e-08,0.0
788,47340.0,47340,20.649492488338453,20.649492488338453,-190.4399441385773,0.0,20.649492562521885,7.41834337753031e-08,0.0
789,47400.0,47400,20.649492488269566,20.649492488269566,-190.14740966184462,0.0,20.649492562417233,7.414766541996457e-08,0.0
790,47460.0,47460,20.649492488199854,20.649492488199854,-189.85487518511283,0.0,20.649492562311554,7.411170111086639e-08,0.0
791,47520.0,47520,20.649492488129304,20.649492488129304,-189.56234070838198,0.0,20.649492562204845,7.407554126668174e-08,0.0
792,47580.0,47580,20.649492488057923,20.649492488057923,-189.26980623165198,0.0,20.64949256209711,7.40391862958305e-08,0.0
793,47640.0,47640,20.649492487985704,20.649492487985704,-188.97727175492292,0.0,20.64949256198834,7.400263659574348e-08,0.0
794,47700.0,47700,20.64949248791265,20.64949248791265,-188.6847372781948,0.0,20.64949256187854,7.396589255225388e-08,0.0
795,47760.0,47760,20.64949248783875,20.64949248783875,-188.39220280146762,0.0,20.649492561767705,7.392895453890017e-08,0.0
796,47820.0,47820,20.649492487764018,20.649492487764018,-188.0996683247414,0.0,20.64949256165584,7.389182291637117e-08,0.0
797,47880.0,47880,20.64949248768844,20.64949248768844,-187.80713384801612,0.0,20.64949256154294,7.385449803193616e-08,0.0
798,47940.0,47940,20.649492487612022,20.649492487612022,-187.51459937129184,0.0,20.649492561429003,7.381698021890509e-08,0.0
799,48000.0,48000,20.649492487534765,20.649492487534765,-187.22206489456855,0.0,20.649492561314037,7.37792697961688e-08,0.0
800,48060.0,48060,20.649492487456666,20.649492487456666,-186.92953041784625,0.0,20.64949256119803,7.374136706774879e-08,0.0
801,48120.0,48120,20.64949248737772,20.64949248737772,-186.636995941125,0.0,20.649492561080997,7.370327232236943e-08,0.0
802,48180.0,48180,20.649492487297938,20.649492487297938,-186.3444614644047,0.0,20.649492560962923,7.366498583311517e-08,0.0
803,48240.0,48240,20.649492487217312,20.649492487217312,-186.05192698768548,0.0,20.64949256084382,7.36265078570951e-08,0.0
804,48300.0,48300,20.64949248713585,20.64949248713585,-185.75939251096727,0.0,20.649492560723687,7.358783863514905e-08,0.0
805,48360.0,48360,20.64949248705354,20.64949248705354,-185.46685803425012,0.0,20.649492560602518,7.35489783916318e-08,0.0
806,48420.0,48420,20.649492486970395,20.649492486970395,-185.17432355753408,0.0,20.649492560480322,7.35099273341692e-08,0.0
807,48480.0,48480,20.649492486886416,20.649492486886416,-184.88178908081912,0.0,20.649492560357096,7.347068565352715e-08,0.0
808,48540.0,48540,20.64949248680159,20.64949248680159,-184.58925460410526,0.0,20.649492560232847,7.343125352348911e-08,0.0
809,48600.0,48600,20.64949248671594,20.64949248671594,-184.29672012739246,0.0,20.649492560107568,7.339163110078457e-08,0.0
810,48660.0,48660,20.64949248662945,20.64949248662945,-184.00418565068082,0.0,20.64949255998127,7.335181852501272e-08,0.0
811,48720.0,48720,20.64949248654213,20.64949248654213,-183.71165117397027,0.0,20.649492559853947,7.331181591873004e-08,0.0
812,48780.0,48780,20.64949248645398,20.64949248645398,-183.41911669726088,0.0,20.64949255972561,7.327162338741642e-08,0.0
813,48840.0,48840,20.649492486365006,20.649492486365006,-183.12658222055262,0.0,20.649492559596247,7.32312410196202e-08,0.0
814,48900.0,48900,20.64949248627521,20.64949248627521,-182.83404774384553,0.0,20.64949255946588,7.319066888707029e-08,0.0
815,48960.0,48960,20.649492486184588,20.649492486184588,-182.5415132671396,0.0,20.649492559334497,7.314990704486175e-08,0.0
816,49020.0,49020,20.649492486093152,20.649492486093152,-182.24897879043488,0.0,20.649492559202105,7.310895553168852e-08,0.0
817,49080.0,49080,20.6494924860009,20.6494924860009,-181.9564443137313,0.0,20.64949255906871,7.306781437003647e-08,0.0
818,49140.0,49140,20.649492485907828,20.649492485907835,-181.66390983702897,0.0,20.649492558934316,7.302648356658382e-08,0.0
819,49200.0,49200,20.64949248581396,20.64949248581396,-181.37137536032787,0.0,20.649492558798922,7.29849631124065e-08,0.0
820,49260.0,49260,20.649492485719282,20.649492485719282,-181.07884088362795,0.0,20.649492558662537,7.294325298351888e-08,0.0
821,49320.0,49320,20.649492485623806,20.649492485623806,-180.7863064069293,0.0,20.64949255852516,7.290135314115544e-08,0.0
822,49380.0,49380,20.64949248552753,20.64949248552753,-180.4937719302319,0.0,20.649492558386797,7.285926353230116e-08,0.0
823,49440.0,49440,20.64949248543047,20.64949248543047,-180.20123745353573,0.0,20.649492558247452,7.281698409014182e-08,0.0
824,49500.0,49500,20.649492485332615,20.649492485332615,-179.90870297684083,0.0,20.64949255810713,7.277451473463489e-08,0.0
825,49560.0,49560,20.649492485233985,20.649492485233985,-179.61616850014724,0.0,20.649492557965843,7.27318553730493e-08,0.0
826,49620.0,49620,20.649492485134576,20.649492485134576,-179.32363402345493,0.0,20.64949255782358,7.26890059006004e-08,0.0
827,49680.0,49680,20.649492485034397,20.649492485034397,-179.03109954676393,0.0,20.64949255768036,7.264596620106325e-08,0.0
828,49740.0,49740,20.64949248493345,20.64949248493345,-178.73856507007417,0.0,20.649492557536185,7.260273614744336e-08,0.0
829,49800.0,49800,20.649492484831743,20.649492484831743,-178.44603059338579,0.0,20.649492557391056,7.255931560271806e-08,0.0
830,49860.0,49860,20.64949248472928,20.64949248472928,-178.15349611669873,0.0,20.649492557244983,7.251570442053646e-08,0.0
831,49920.0,49920,20.64949248462607,20.64949248462607,-177.86096164001304,0.0,20.64949255709797,7.247190244603625e-08,0.0
832,49980.0,49980,20.64949248452212,20.64949248452212,-177.56842716332866,0.0,20.649492556950026,7.242790951660196e-08,0.0
833,50040.0,50040,20.64949248441743,20.64949248441743,-177.27589268664568,0.0,20.649492556801153,7.238372546274308e-08,0.0
834,50100.0,50100,20.64949248431201,20.64949248431201,-176.98335820996402,0.0,20.64949255665136,7.233935010889937e-08,0.0
835,50160.0,50160,20.649492484205872,20.649492484205872,-176.6908237332838,0.0,20.649492556500658,7.229478327440001e-08,0.0
836,50220.0,50220,20.649492484099014,20.649492484099014,-176.39828925660495,0.0,20.64949255634904,7.225002477433774e-08,0.0
837,50280.0,50280,20.64949248399145,20.64949248399145,-176.1057547799275,0.0,20.649492556196527,7.220507442049023e-08,0.0
838,50340.0,50340,20.64949248388319,20.64949248388319,-175.81322030325148,0.0,20.64949255604312,7.215993202238925e-08,0.0
839,50400.0,50400,20.649492483774228,20.649492483774228,-175.52068582657688,0.0,20.649492555888827,7.211459738816297e-08,0.0
840,50460.0,50460,20.649492483664584,20.649492483664584,-175.2281513499037,0.0,20.64949255573366,7.206907032566914e-08,0.0
841,50520.0,50520,20.649492483554265,20.649492483554265,-174.93561687323196,0.0,20.649492555577613,7.202335064350035e-08,0.0
842,50580.0,50580,20.649492483443275,20.649492483443275,-174.64308239656168,0.0,20.649492555420714,7.197743815201267e-08,0.0
843,50640.0,50640,20.64949248333162,20.64949248333162,-174.35054791989282,0.0,20.649492555262956,7.1931332664427e-08,0.0
844,50700.0,50700,20.649492483219316,20.649492483219316,-174.05801344322546,0.0,20.649492555104352,7.18850339979152e-08,0.0
845,50760.0,50760,20.649492483106368,20.649492483106368,-173.76547896655956,0.0,20.64949255494491,7.183854197471925e-08,0.0
846,50820.0,50820,20.649492482992784,20.649492482992784,-173.47294448989513,0.0,20.64949255478464,7.179185642324876e-08,0.0
847,50880.0,50880,20.64949248287857,20.64949248287857,-173.1804100132322,0.0,20.649492554623546,7.174497717926986e-08,0.0
848,50940.0,50940,20.64949248276374,20.64949248276374,-172.88787553657076,0.0,20.64949255446165,7.169790408701018e-08,0.0
849,51000.0,51000,20.649492482648306,20.649492482648306,-172.59534105991085,0.0,20.64949255429894,7.165063700036284e-08,0.0
850,51060.0,51060,20.649492482532267,20.649492482532267,-172.30280658325248,0.0,20.649492554135442,7.160317578403194e-08,0.0
851,51120.0,51120,20.649492482415642,20.649492482415642,-172.0102721065956,0.0,20.64949255397116,7.155552031475542e-08,0.0
852,51180.0,51180,20.649492482298438,20.649492482298438,-171.71773762994025,0.0,20.64949255380611,7.150767048247125e-08,0.0
853,51240.0,51240,20.649492482180666,20.649492482180666,-171.42520315328645,0.0,20.649492553640293,7.145962619153081e-08,0.0
854,51300.0,51300,20.64949248206233,20.64949248206233,-171.13266867663418,0.0,20.649492553473717,7.141138736191889e-08,0.0
855,51360.0,51360,20.649492481943447,20.649492481943447,-170.84013419998348,0.0,20.6494925533064,7.13629539304557e-08,0.0
856,51420.0,51420,20.649492481824026,20.649492481824026,-170.54759972333434,0.0,20.649492553138348,7.13143258520103e-08,0.0
857,51480.0,51480,20.649492481704073,20.649492481704073,-170.25506524668677,0.0,20.649492552969573,7.126550310075155e-08,0.0
858,51540.0,51540,20.649492481583604,20.649492481583604,-169.96253077004081,0.0,20.649492552800087,7.12164856713427e-08,0.0
859,51600.0,51600,20.649492481462623,20.649492481462623,-169.6699962933964,0.0,20.649492552629894,7.116727358016893e-08,0.0
860,51660.0,51660,20.64949248134115,20.64949248134115,-169.3774618167536,0.0,20.649492552459016,7.11178668665638e-08,0.0
861,51720.0,51720,20.64949248121919,20.64949248121919,-169.08492734011236,0.0,20.649492552287455,7.106826559406881e-08,0.0
862,51780.0,51780,20.64949248109675,20.64949248109675,-168.7923928634728,0.0,20.649492552115223,7.101846985157336e-08,0.0
863,51840.0,51840,20.649492480973855,20.649492480973855,-168.4998583868348,0.0,20.649492551942334,7.096847975460055e-08,0.0
864,51900.0,51900,20.6494924808505,20.6494924808505,-168.2073239101984,0.0,20.649492551768798,7.09182954464801e-08,0.0
865,51960.0,51960,20.649492480726714,20.649492480726714,-167.91478943356367,0.0,20.64949255159463,7.086791709957582e-08,0.0
866,52020.0,52020,20.64949248060249,20.64949248060249,-167.62225495693053,0.0,20.649492551419833,7.081734491645939e-08,0.0
867,52080.0,52080,20.64949248047785,20.64949248047785,-167.32972048029904,0.0,20.64949255124443,7.076657913111911e-08,0.0
868,52140.0,52140,20.649492480352805,20.649492480352805,-167.03718600366918,0.0,20.649492551068423,7.071562001011754e-08,0.0
869,52200.0,52200,20.649492480227366,20.649492480227366,-166.74465152704093,0.0,20.649492550891836,7.066446785378804e-08,0.0
870,52260.0,52260,20.649492480101543,20.649492480101543,-166.45211705041442,0.0,20.64949255071467,7.061312299737362e-08,0.0
871,52320.0,52320,20.649492479975354,20.649492479975354,-166.1595825737895,0.0,20.649492550536937,7.05615858121782e-08,0.0
872,52380.0,52380,20.649492479848803,20.649492479848803,-165.86704809716622,0.0,20.64949255035866,7.050985670670359e-08,0.0
873,52440.0,52440,20.649492479721903,20.649492479721903,-165.57451362054465,0.0,20.64949255017984,7.045793612777347e-08,0.0
874,52500.0,52500,20.649492479594674,20.649492479594674,-165.28197914392473,0.0,20.6494925500005,7.040582456161565e-08,0.0
875,52560.0,52560,20.64949247946712,20.64949247946712,-164.9894446673065,0.0,20.649492549820643,7.035352253498426e-08,0.0
876,52620.0,52620,20.64949247933926,20.64949247933926,-164.69691019068995,0.0,20.649492549640293,7.030103061619112e-08,0.0
877,52680.0,52680,20.649492479211105,20.649492479211105,-164.40437571407503,0.0,20.649492549459453,7.02483494162165e-08,0.0
878,52740.0,52740,20.64949247908266,20.64949247908266,-164.11184123746185,0.0,20.64949254927814,7.01954795896785e-08,0.0
879,52800.0,52800,20.64949247895395,20.64949247895395,-163.8193067608503,0.0,20.64949254909637,7.014242183591357e-08,0.0
880,52860.0,52860,20.649492478824975,20.649492478824975,-163.52677228424048,0.0,20.64949254891415,7.008917689993458e-08,0.0
881,52920.0,52920,20.649492478695755,20.649492478695755,-163.23423780763233,0.0,20.649492548731498,7.003574557341715e-08,0.0
882,52980.0,52980,20.6494924785663,20.6494924785663,-162.94170333102588,0.0,20.649492548548434,6.998212869567652e-08,0.0
883,53040.0,53040,20.649492478436628,20.649492478436628,-162.64916885442116,0.0,20.649492548364957,6.992832715455978e-08,0.0
884,53100.0,53100,20.649492478306748,20.649492478306748,-162.35663437781812,0.0,20.649492548181094,6.987434188741702e-08,0.0
885,53160.0,53160,20.649492478176672,20.649492478176672,-162.06409990121676,0.0,20.649492547996847,6.982017388191626e-08,0.0
886,53220.0,53220,20.649492478046415,20.649492478046415,-161.77156542461714,0.0,20.649492547812237,6.976582417698644e-08,0.0
887,53280.0,53280,20.649492477915988,20.649492477915988,-161.47903094801921,0.0,20.64949254762728,6.971129386359645e-08,0.0
888,53340.0,53340,20.649492477785408,20.649492477785408,-161.186496471423,0.0,20.64949254744199,6.965658408560876e-08,0.0
889,53400.0,53400,20.64949247765468,20.64949247765468,-160.89396199482852,0.0,20.649492547256376,6.960169604053476e-08,0.0
890,53460.0,53460,20.64949247752382,20.64949247752382,-160.60142751823574,0.0,20.64949254707045,6.954663098035265e-08,0.0
891,53520.0,53520,20.649492477392847,20.649492477392847,-160.30889304164472,0.0,20.649492546884243,6.949139021217709e-08,0.0
892,53580.0,53580,20.649492477261774,20.649492477261774,-160.01635856505536,0.0,20.649492546697747,6.943597509903744e-08,0.0
893,53640.0,53640,20.649492477130604,20.649492477130604,-159.72382408846772,0.0,20.64949254651099,6.93803870604872e-08,0.0
894,53700.0,53700,20.64949247699936,20.64949247699936,-159.43128961188182,0.0,20.649492546323987,6.932462757336146e-08,0.0
895,53760.0,53760,20.64949247686805,20.64949247686805,-159.13875513529763,0.0,20.649492546136745,6.926869817228092e-08,0.0
896,53820.0,53820,20.649492476736686,20.649492476736686,-158.84622065871517,0.0,20.649492545949286,6.921260045035739e-08,0.0
897,53880.0,53880,20.64949247660529,20.64949247660529,-158.5536861821344,0.0,20.64949254576162,6.915633605970074e-08,0.0
898,53940.0,53940,20.64949247647386,20.64949247647386,-158.2611517055554,0.0,20.649492545573768,6.909990671198594e-08,0.0
899,54000.0,54000,20.649492476342424,20.649492476342424,-157.96861722897808,0.0,20.649492545385737,6.904331417895237e-08,0.0
900,54060.0,54060,20.649492476210987,20.649492476210987,-157.67608275240252,0.0,20.649492545197546,6.898656029290966e-08,0.0
901,54120.0,54120,20.649492476079566,20.649492476079566,-157.38354827582864,0.0,20.64949254500921,6.89296469471589e-08,0.0
902,54180.0,54180,20.64949247594817,20.64949247594817,-157.0910137992565,0.0,20.649492544820742,6.887257609641738e-08,0.0
903,54240.0,54240,20.649492475816814,20.649492475816814,-156.79847932268606,0.0,20.64949254463216,6.881534975724447e-08,0.0
904,54300.0,54300,20.64949247568551,20.64949247568551,-156.50594484611733,0.0,20.649492544443483,6.875797000835247e-08,0.0
905,54360.0,54360,20.649492475554272,20.649492475554272,-156.21341036955036,0.0,20.649492544254713,6.870043899098722e-08,0.0
906,54420.0,54420,20.649492475423113,20.649492475423113,-155.9208758929851,0.0,20.649492544065875,6.864275890919375e-08,0.0
907,54480.0,54480,20.64949247529205,20.64949247529205,-155.6283414164215,0.0,20.64949254387698,6.858493203010549e-08,0.0
908,54540.0,54540,20.64949247516109,20.64949247516109,-155.33580693985968,0.0,20.649492543688048,6.852696068416657e-08,0.0
909,54600.0,54600,20.649492475030243,20.649492475030243,-155.04327246329953,0.0,20.64949254349909,6.846884726534667e-08,0.0
910,54660.0,54660,20.64949247489953,20.64949247489953,-154.75073798674111,0.0,20.649492543310124,6.841059423131805e-08,0.0
911,54720.0,54720,20.649492474768962,20.649492474768962,-154.45820351018438,0.0,20.649492543121163,6.835220410362142e-08,0.0
912,54780.0,54780,20.64949247463855,20.64949247463855,-154.16566903362937,0.0,20.649492542932226,6.82936794677488e-08,0.0
913,54840.0,54840,20.649492474508303,20.649492474508303,-153.87313455707604,0.0,20.649492542743324,6.823502297323398e-08,0.0
914,54900.0,54900,20.64949247437824,20.64949247437824,-153.58060008052445,0.0,20.64949254255448,6.8176237333725e-08,0.0
915,54960.0,54960,20.64949247424837,20.64949247424837,-153.2880656039745,0.0,20.649492542365696,6.811732532701911e-08,0.0
916,55020.0,55020,20.649492474118706,20.649492474118706,-152.9955311274263,0.0,20.649492542176993,6.805828979500803e-08,0.0
917,55080.0,55080,20.649492473989262,20.649492473989262,-152.70299665087973,0.0,20.649492541988394,6.799913364368178e-08,0.0
918,55140.0,55140,20.649492473860047,20.649492473860047,-152.4104621743349,0.0,20.649492541799905,6.793985984304955e-08,0.0
919,55200.0,55200,20.64949247373108,20.64949247373108,-152.1179276977917,0.0,20.64949254161155,6.788047142705672e-08,0.0
920,55260.0,55260,20.64949247360236,20.64949247360236,-151.82539322125024,0.0,20.649492541423335,6.782097149342861e-08,0.0
921,55320.0,55320,20.649492473473916,20.649492473473916,-151.5328587447104,0.0,20.64949254123528,6.776136320354222e-08,0.0
922,55380.0,55380,20.649492473345752,20.649492473345752,-151.24032426817226,0.0,20.6494925410474,6.770164978223224e-08,0.0
923,55440.0,55440,20.649492473217876,20.649492473217876,-150.94778979163576,0.0,20.64949254085971,6.76418345175801e-08,0.0
924,55500.0,55500,20.649492473090305,20.649492473090305,-150.65525531510093,0.0,20.649492540672227,6.758192076068395e-08,0.0
925,55560.0,55560,20.64949247296305,20.64949247296305,-150.36272083856775,0.0,20.649492540484964,6.752191192534601e-08,0.0
926,55620.0,55620,20.649492472836126,20.649492472836126,-150.07018636203625,0.0,20.64949254029794,6.746181148781913e-08,0.0
927,55680.0,55680,20.64949247270954,20.64949247270954,-149.7776518855064,0.0,20.64949254011116,6.740162298648839e-08,0.0
928,55740.0,55740,20.649492472583304,20.649492472583304,-149.4851174089782,0.0,20.649492539924655,6.734135002146595e-08,0.0
929,55800.0,55800,20.649492472457432,20.649492472457432,-149.19258293245161,0.0,20.64949253973843,6.728099625425864e-08,0.0
930,55860.0,55860,20.649492472331932,20.649492472331932,-148.90004845592668,0.0,20.649492539552497,6.722056540734482e-08,0.0
931,55920.0,55920,20.64949247220682,20.64949247220682,-148.60751397940336,0.0,20.649492539366882,6.716006126372982e-08,0.0
932,55980.0,55980,20.649492472082105,20.649492472082105,-148.31497950288164,0.0,20.649492539181594,6.709948766651827e-08,0.0
933,56040.0,56040,20.649492471957796,20.649492471957796,-148.02244502636157,0.0,20.649492538996647,6.703884851840907e-08,0.0
934,56100.0,56100,20.64949247183391,20.64949247183391,-147.72991054984308,0.0,20.64949253881206,6.697814778118491e-08,0.0
935,56160.0,56160,20.649492471710452,20.649492471710452,-147.43737607332622,0.0,20.64949253862784,6.691738947519967e-08,0.0
936,56220.0,56220,20.649492471587433,20.649492471587433,-147.14484159681095,0.0,20.64949253844401,6.685657767879725e-08,0.0
937,56280.0,56280,20.649492471464868,20.649492471464868,-146.85230712029724,0.0,20.649492538260585,6.679571652775673e-08,0.0
938,56340.0,56340,20.649492471342768,20.649492471342768,-146.55977264378515,0.0,20.649492538077574,6.673481021467144e-08,0.0
939,56400.0,56400,20.649492471221137,20.649492471221137,-146.26723816727463,0.0,20.649492537895,6.667386298831886e-08,0.0
940,56460.0,56460,20.649492471099993,20.649492471099993,-145.9747036907657,0.0,20.64949253771287,6.661287915304252e-08,0.0
941,56520.0,56520,20.649492470979343,20.649492470979343,-145.6821692142583,0.0,20.649492537531202,6.655186306806346e-08,0.0
942,56580.0,56580,20.64949247085919,20.64949247085919,-145.3896347377525,0.0,20.649492537350014,6.649081914676699e-08,0.0
943,56640.0,56640,20.64949247073956,20.64949247073956,-145.09710026124816,0.0,20.649492537169316,6.642975185605087e-08,0.0
944,56700.0,56700,20.64949247062045,20.64949247062045,-144.80456578474542,0.0,20.64949253698912,6.636866571554716e-08,0.0
945,56760.0,56760,20.64949247050188,20.64949247050188,-144.51203130824422,0.0,20.649492536809447,6.630756529688736e-08,0.0
946,56820.0,56820,20.64949247038385,20.64949247038385,-144.21949683174455,0.0,20.64949253663031,6.624645522293192e-08,0.0
947,56880.0,56880,20.649492470266377,20.649492470266377,-143.9269623552464,0.0,20.649492536451714,6.618534016699479e-08,0.0
948,56940.0,56940,20.649492470149465,20.649492470149465,-143.63442787874976,0.0,20.64949253627369,6.612422485202303e-08,0.0
949,57000.0,57000,20.649492470033124,20.649492470033124,-143.3418934022546,0.0,20.64949253609624,6.606311404979784e-08,0.0
950,57060.0,57060,20.649492469917373,20.649492469917373,-143.04935892576097,0.0,20.649492535919386,6.600201258005851e-08,0.0
951,57120.0,57120,20.649492469802208,20.649492469802208,-142.75682444926883,0.0,20.649492535743136,6.59409253096847e-08,0.0
952,57180.0,57180,20.649492469687647,20.649492469687647,-142.46428997277812,0.0,20.6494925355675,6.587985715182693e-08,0.0
953,57240.0,57240,20.649492469573694,20.649492469573694,-142.17175549628894,0.0,20.649492535392504,6.581881306497864e-08,0.0
954,57300.0,57300,20.64949246946036,20.64949246946036,-141.87922101980118,0.0,20.649492535218155,6.575779805213307e-08,0.0
955,57360.0,57360,20.649492469347653,20.649492469347653,-141.58668654331487,0.0,20.64949253504447,6.569681715983273e-08,0.0
956,57420.0,57420,20.64949246923558,20.64949246923558,-141.29415206683004,0.0,20.649492534871456,6.563587547725558e-08,0.0
957,57480.0,57480,20.649492469124155,20.649492469124155,-141.00161759034663,0.0,20.64949253469913,6.557497813527209e-08,0.0
958,57540.0,57540,20.649492469013385,20.649492469013385,-140.7090831138646,0.0,20.649492534527514,6.551413030551158e-08,0.0
959,57600.0,57600,20.649492468903272,20.649492468903272,-140.41654863738404,0.0,20.649492534356607,6.545333719937504e-08,0.0
960,57660.0,57660,20.649492468793827,20.649492468793827,-140.12401416090486,0.0,20.649492534186432,6.539260406707228e-08,0.0
961,57720.0,57720,20.64949246868506,20.64949246868506,-139.8314796844271,0.0,20.649492534017,6.53319361966394e-08,0.0
962,57780.0,57780,20.649492468576984,20.649492468576984,-139.53894520795072,0.0,20.649492533848324,6.527133891295342e-08,0.0
963,57840.0,57840,20.649492468469596,20.649492468469596,-139.24641073147572,0.0,20.649492533680416,6.52108175767148e-08,0.0
964,57900.0,57900,20.64949246836291,20.64949246836291,-138.9538762550021,0.0,20.64949253351329,6.515037758342818e-08,0.0
965,57960.0,57960,20.64949246825693,20.64949246825693,-138.66134177852982,0.0,20.649492533346958,6.509002436240951e-08,0.0
966,58020.0,58020,20.64949246815167,20.64949246815167,-138.36880730205888,0.0,20.649492533181434,6.50297633757459e-08,0.0
967,58080.0,58080,20.64949246804713,20.64949246804713,-138.0762728255893,0.0,20.64949253301673,6.496960011724439e-08,0.0
968,58140.0,58140,20.64949246794332,20.64949246794332,-137.78373834912105,0.0,20.64949253285286,6.490954011141541e-08,0.0
969,58200.0,58200,20.649492467840243,20.649492467840243,-137.49120387265413,0.0,20.64949253268983,6.484958891240264e-08,0.0
970,58260.0,58260,20.649492467737915,20.649492467737915,-137.1986693961885,0.0,20.649492532527663,6.478975210296465e-08,0.0
971,58320.0,58320,20.649492467636332,20.649492467636332,-136.9061349197242,0.0,20.649492532366363,6.473003529336329e-08,0.0
972,58380.0,58380,20.649492467535506,20.649492467535506,-136.61360044326116,0.0,20.64949253220595,6.467044412035186e-08,0.0
973,58440.0,58440,20.649492467435444,20.649492467435444,-136.3210659667994,0.0,20.649492532046427,6.461098424607205e-08,0.0
974,58500.0,58500,20.64949246733615,20.64949246733615,-136.0285314903389,0.0,20.649492531887812,6.455166135701667e-08,0.0
975,58560.0,58560,20.649492467237632,20.649492467237632,-135.7359970138797,0.0,20.64949253173011,6.449248116291901e-08,0.0
976,58620.0,58620,20.649492467139893,20.649492467139893,-135.44346253742174,0.0,20.649492531573344,6.44334493957062e-08,0.0
977,58680.0,58680,20.649492467042947,20.649492467042947,-135.150928060965,0.0,20.64949253141752,6.437457180842434e-08,0.0
978,58740.0,58740,20.64949246694679,20.64949246694679,-134.85839358450949,0.0,20.649492531262638,6.431585417410331e-08,0.0
979,58800.0,58800,20.649492466851427,20.649492466851427,-134.56585910805518,0.0,20.64949253110873,6.425730228475065e-08,0.0
980,58860.0,58860,20.649492466756872,20.649492466756872,-134.2733246316021,0.0,20.649492530955794,6.419892195023245e-08,0.0
981,58920.0,58920,20.649492466663123,20.649492466663123,-133.9807901551502,0.0,20.649492530803844,6.41407189971852e-08,0.0
982,58980.0,58980,20.64949246657019,20.64949246657019,-133.68825567869948,0.0,20.64949253065289,6.408269926794472e-08,0.0
983,59040.0,59040,20.649492466478073,20.649492466478073,-133.39572120224994,0.0,20.649492530502943,6.402486861946474e-08,0.0
984,59100.0,59100,20.649492466386786,20.649492466386786,-133.10318672580155,0.0,20.649492530354017,6.396723292222491e-08,0.0
985,59160.0,59160,20.64949246629632,20.64949246629632,-132.81065224935435,0.0,20.64949253020612,6.390979805917773e-08,0.0
986,59220.0,59220,20.64949246620669,20.64949246620669,-132.51811777290825,0.0,20.64949253005926,6.38525699246199e-08,0.0
987,59280.0,59280,20.6494924661179,20.6494924661179,-132.22558329646327,0.0,20.649492529913452,6.379555442318713e-08,0.0
988,59340.0,59340,20.649492466029947,20.649492466029947,-131.93304882001942,0.0,20.649492529768704,6.373875746871434e-08,0.0
989,59400.0,59400,20.649492465942842,20.649492465942842,-131.64051434357665,0.0,20.64949252962503,6.368218498320024e-08,0.0
990,59460.0,59460,20.649492465856586,20.649492465856586,-131.34797986713502,0.0,20.649492529482426,6.362584289574005e-08,0.0
991,59520.0,59520,20.649492465771182,20.649492465771182,-131.05544539069444,0.0,20.64949252934092,6.356973714143365e-08,0.0
992,59580.0,59580,20.649492465686638,20.649492465686638,-130.76291091425495,0.0,20.649492529200508,6.351387366035964e-08,0.0
993,59640.0,59640,20.64949246560295,20.64949246560295,-130.4703764378165,0.0,20.649492529061206,6.345825839649301e-08,0.0
994,59700.0,59700,20.649492465520126,20.649492465520126,-130.17784196137907,0.0,20.649492528923027,6.340289729666123e-08,0.0
995,59760.0,59760,20.649492465438172,20.649492465438172,-129.8853074849427,0.0,20.64949252878597,6.334779630951187e-08,0.0
996,59820.0,59820,20.64949246535709,20.64949246535709,-129.59277300850738,0.0,20.64949252865005,6.329296138444421e-08,0.0
997,59880.0,59880,20.649492465276875,20.649492465276875,-129.30023853207302,0.0,20.649492528515278,6.323839847057965e-08,0.0
998,59940.0,59940,20.649492465197543,20.649492465197543,-129.0077040556397,0.0,20.649492528381653,6.318411351573015e-08,0.0
999,60000.0,60000,20.649492465119085,20.649492465119085,-128.71516957920736,0.0,20.649492528249194,6.313011246538643e-08,0.0
1000,60060.0,60060,20.649492465041508,20.649492465041508,-128.42263510277598,0.0,20.64949252811791,6.307640126165441e-08,0.0
1001,60120.0,60120,20.649492464964812,20.649492464964812,-128.13010062634558,0.0,20.6494925279878,6.302298584231973e-08,0.0
1002,60180.0,60180,20.649492464889008,20.649492464889008,-127.83756614991613,0.0,20.64949252785888,6.296987213973246e-08,0.0
1003,60240.0,60240,20.649492464814088,20.649492464814088,-127.54503167348763,0.0,20.64949252773115,6.291706607989971e-08,0.0
1004,60300.0,60300,20.649492464740057,20.649492464740057,-127.25249719706004,0.0,20.64949252760463,6.28645735814279e-08,0.0
1005,60360.0,60360,20.649492464666917,20.649492464666917,-126.95996272063337,0.0,20.649492527479318,6.281240055458719e-08,0.0
1006,60420.0,60420,20.649492464594665,20.649492464594665,-126.66742824420764,0.0,20.64949252735522,6.276055290025828e-08,0.0
1007,60480.0,60480,20.649492464523316,20.649492464523316,-126.37489376778277,0.0,20.64949252723235,6.270903650903937e-08,0.0
1008,60540.0,60540,20.649492464452855,20.649492464452855,-126.08235929135878,0.0,20.649492527110713,6.26578572602174e-08,0.0
1009,60600.0,60600,20.649492464383293,20.649492464383293,-125.78982481493568,0.0,20.649492526990315,6.260702102082887e-08,0.0
1010,60660.0,60660,20.649492464314633,20.649492464314633,-125.49729033851345,0.0,20.649492526871164,6.255653364473751e-08,0.0
1011,60720.0,60720,20.649492464246865,20.649492464246865,-125.20475586209204,0.0,20.649492526753267,6.250640097161409e-08,0.0
1012,60780.0,60780,20.649492464179996,20.649492464179996,-124.91222138567147,0.0,20.649492526636628,6.245662882608195e-08,0.0
1013,60840.0,60840,20.649492464114033,20.649492464114033,-124.61968690925173,0.0,20.649492526521254,6.240722301674387e-08,0.0
1014,60900.0,60900,20.64949246404896,20.64949246404896,-124.32715243283278,0.0,20.649492526407155,6.235818933527861e-08,0.0
1015,60960.0,60960,20.649492463984792,20.649492463984792,-124.03461795641466,0.0,20.649492526294328,6.230953355549986e-08,0.0
1016,61020.0,61020,20.649492463921526,20.649492463921526,-123.7420834799973,0.0,20.64949252618279,6.226126143248194e-08,0.0
1017,61080.0,61080,20.649492463859158,20.649492463859158,-123.44954900358073,0.0,20.649492526072535,6.22133787016602e-08,0.0
1018,61140.0,61140,20.64949246379769,20.64949246379769,-123.15701452716492,0.0,20.64949252596358,6.216589107791719e-08,0.0
1019,61200.0,61200,20.649492463737122,20.649492463737122,-122.86448005074986,0.0,20.649492525855926,6.211880425474518e-08,0.0
1020,61260.0,61260,20.649492463677454,20.649492463677454,-122.57194557433554,0.0,20.649492525749576,6.207212390332863e-08,0.0
1021,61320.0,61320,20.649492463618678,20.649492463618678,-122.27941109792194,0.0,20.649492525644536,6.202585567171515e-08,0.0
1022,61380.0,61380,20.649492463560804,20.649492463560804,-121.98687662150907,0.0,20.649492525540808,6.198000518393373e-08,0.0
1023,61440.0,61440,20.649492463503826,20.649492463503826,-121.69434214509691,0.0,20.649492525438404,6.193457803917989e-08,0.0
1024,61500.0,61500,20.649492463447743,20.649492463447743,-121.40180766868542,0.0,20.649492525337322,6.188957981094241e-08,0.0
1025,61560.0,61560,20.64949246339255,20.64949246339255,-121.10927319227464,0.0,20.649492525237566,6.18450160462044e-08,0.0
1026,61620.0,61620,20.64949246333825,20.64949246333825,-120.8167387158645,0.0,20.64949252513914,6.180089226460309e-08,0.0
1027,61680.0,61680,20.649492463284844,20.649492463284844,-120.52420423945505,0.0,20.649492525042056,6.175721395762143e-08,0.0
1028,61740.0,61740,20.649492463232324,20.649492463232324,-120.23166976304624,0.0,20.64949252494631,6.171398658778085e-08,0.0
1029,61800.0,61800,20.649492463180692,20.649492463180692,-119.93913528663806,0.0,20.649492524851905,6.167121558785366e-08,0.0
1030,61860.0,61860,20.649492463129942,20.649492463129942,-119.6466008102305,0.0,20.64949252475885,6.16289063600689e-08,0.0
1031,61920.0,61920,20.649492463080076,20.649492463080076,-119.35406633382355,0.0,20.649492524667142,6.158706427533607e-08,0.0
1032,61980.0,61980,20.64949246303109,20.64949246303109,-119.06153185741722,0.0,20.649492524576786,6.154569467246232e-08,0.0
1033,62040.0,62040,20.649492462982984,20.649492462982984,-118.76899738101146,0.0,20.649492524487787,6.150480285741199e-08,0.0
1034,62100.0,62100,20.64949246293575,20.64949246293575,-118.4764629046063,0.0,20.64949252440014,6.14643941025341e-08,0.0
1035,62160.0,62160,20.649492462889384,20.649492462889384,-118.18392842820168,0.0,20.649492524313864,6.142447364581532e-08,0.0
1036,62220.0,62220,20.649492462843895,20.649492462843895,-117.89139395179762,0.0,20.649492524228943,6.13850466901499e-08,0.0
1037,62280.0,62280,20.649492462799266,20.649492462799266,-117.59885947539414,0.0,20.649492524145383,6.134611840260478e-08,0.0
1038,62340.0,62340,20.6494924627555,20.6494924627555,-117.30632499899117,0.0,20.649492524063195,6.130769391370657e-08,0.0
1039,62400.0,62400,20.649492462712594,20.649492462712594,-117.0137905225887,0.0,20.64949252398237,6.126977831669444e-08,0.0
1040,62460.0,62460,20.649492462670544,20.649492462670544,-116.72125604618678,0.0,20.64949252390292,6.123237666686352e-08,0.0
1041,62520.0,62520,20.649492462629347,20.649492462629347,-116.42872156978535,0.0,20.64949252382484,6.119549398083763e-08,0.0
1042,62580.0,62580,20.64949246258899,20.64949246258899,-116.13618709338442,0.0,20.649492523748126,6.115913523586367e-08,0.0
1043,62640.0,62640,20.649492462549482,20.649492462549482,-115.84365261698396,0.0,20.649492523672787,6.112330536915598e-08,0.0
1044,62700.0,62700,20.64949246251081,20.64949246251081,-115.55111814058398,0.0,20.649492523598823,6.108800927721615e-08,0.0
1045,62760.0,62760,20.649492462472978,20.649492462472978,-115.25858366418447,0.0,20.64949252352623,6.105325181514441e-08,0.0
1046,62820.0,62820,20.64949246243597,20.64949246243597,-114.9660491877854,0.0,20.64949252345501,6.10190377960056e-08,0.0
1047,62880.0,62880,20.64949246239979,20.64949246239979,-114.67351471138676,0.0,20.649492523385163,6.098537199015372e-08,0.0
1048,62940.0,62940,20.64949246236443,20.64949246236443,-114.38098023498854,0.0,20.64949252331669,6.095225912460735e-08,0.0
1049,63000.0,63000,20.64949246232989,20.64949246232989,-114.08844575859075,0.0,20.649492523249595,6.091970388239307e-08,0.0
1050,63060.0,63060,20.649492462296156,20.649492462296156,-113.79591128219337,0.0,20.649492523183866,6.088771090192364e-08,0.0
1051,63120.0,63120,20.64949246226323,20.64949246226323,-113.50337680579638,0.0,20.649492523119513,6.085628477636593e-08,0.0
1052,63180.0,63180,20.649492462231102,20.649492462231102,-113.2108423293998,0.0,20.64949252305653,6.082543005304368e-08,0.0
1053,63240.0,63240,20.649492462199763,20.649492462199763,-112.91830785300358,0.0,20.649492522994915,6.079515123278551e-08,0.0
1054,63300.0,63300,20.64949246216922,20.64949246216922,-112.62577337660774,0.0,20.649492522934672,6.076545276938148e-08,0.0
1055,63360.0,63360,20.649492462139456,20.649492462139456,-112.33323890021225,0.0,20.649492522875796,6.073633906894801e-08,0.0
1056,63420.0,63420,20.64949246211047,20.64949246211047,-112.0407044238171,0.0,20.64949252281828,6.070781448931659e-08,0.0
1057,63480.0,63480,20.649492462082254,20.649492462082254,-111.74816994742231,0.0,20.649492522762134,6.067988333952691e-08,0.0
1058,63540.0,63540,20.649492462054802,20.649492462054802,-111.45563547102783,0.0,20.64949252270735,6.065254987917214e-08,0.0
1059,63600.0,63600,20.649492462028107,20.649492462028107,-111.16310099463367,0.0,20.649492522653926,6.062581831787233e-08,0.0
1060,63660.0,63660,20.64949246200216,20.64949246200216,-110.87056651823984,0.0,20.649492522601857,6.059969281471105e-08,0.0
1061,63720.0,63720,20.649492461976966,20.649492461976966,-110.57803204184628,0.0,20.649492522551142,6.057417747765415e-08,0.0
1062,63780.0,63780,20.6494924619525,20.6494924619525,-110.28549756545304,0.0,20.64949252250178,6.054927636304481e-08,0.0
1063,63840.0,63840,20.649492461928766,20.649492461928766,-109.99296308906008,0.0,20.649492522453762,6.05249934749997e-08,0.0
1064,63900.0,63900,20.64949246190576,20.64949246190576,-109.7004286126674,0.0,20.64949252240709,6.050133276493983e-08,0.0
1065,63960.0,63960,20.649492461883465,20.649492461883465,-109.40789413627498,0.0,20.649492522361765,6.04782981310159e-08,0.0
1066,64020.0,64020,20.64949246186188,20.64949246186188,-109.11535965988281,0.0,20.64949252231777,6.045589341758447e-08,0.0
1067,64080.0,64080,20.649492461841,20.649492461841,-108.8228251834909,0.0,20.649492522275118,6.043412241472103e-08,0.0
1068,64140.0,64140,20.649492461820806,20.649492461820806,-108.53029070709924,0.0,20.649492522233796,6.041298885768761e-08,0.0
1069,64200.0,64200,20.649492461801298,20.649492461801298,-108.2377562307078,0.0,20.6494925221938,6.039249642643456e-08,0.0
1070,64260.0,64260,20.649492461782472,20.649492461782472,-107.94522175431659,0.0,20.649492522155118,6.037264874509075e-08,0.0
1071,64320.0,64320,20.64949246176431,20.64949246176431,-107.6526872779256,0.0,20.64949252211776,6.03534493814908e-08,0.0
1072,64380.0,64380,20.649492461746817,20.649492461746817,-107.36015280153482,0.0,20.649492522081715,6.03349018466908e-08,0.0
1073,64440.0,64440,20.649492461729967,20.649492461729967,-107.06761832514424,0.0,20.649492522046977,6.031700959445396e-08,0.0
1074,64500.0,64500,20.649492461713766,20.649492461713766,-106.77508384875385,0.0,20.649492522013542,6.029977602081252e-08,0.0
1075,64560.0,64560,20.6494924616982,20.6494924616982,-106.48254937236364,0.0,20.649492521981408,6.028320446361565e-08,0.0
1076,64620.0,64620,20.64949246168326,20.64949246168326,-106.1900148959736,0.0,20.64949252195056,6.026729820201024e-08,0.0
1077,64680.0,64680,20.649492461668935,20.649492461668935,-105.89748041958376,0.0,20.649492521921,6.025206045603127e-08,0.0
1078,64740.0,64740,20.649492461655225,20.649492461655225,-105.60494594319408,0.0,20.64949252189272,6.023749438614009e-08,0.0
1079,64800.0,64800,20.64949246164211,20.64949246164211,-105.31241146680455,0.0,20.649492521865714,6.022360309280052e-08,0.0
1080,64860.0,64860,20.64949246162959,20.64949246162959,-105.01987699041517,0.0,20.649492521839978,6.021038961600784e-08,0.0
1081,64920.0,64920,20.649492461617648,20.649492461617648,-104.72734251402593,0.0,20.649492521815503,6.019785693489409e-08,0.0
1082,64980.0,64980,20.64949246160628,20.64949246160628,-104.43480803763686,0.0,20.649492521792286,6.01860079672805e-08,0.0
1083,65040.0,65040,20.64949246159547,20.64949246159547,-104.14227356124789,0.0,20.649492521770313,6.017484556928575e-08,0.0
1084,65100.0,65100,20.64949246158521,20.64949246158521,-103.84973908485904,0.0,20.649492521749586,6.01643725348821e-08,0.0
1085,65160.0,65160,20.649492461575502,20.649492461575502,-103.55720460847033,0.0,20.649492521730096,6.015459159552431e-08,0.0
1086,65220.0,65220,20.64949246156632,20.64949246156632,-103.26467013208172,0.0,20.649492521711828,6.014550541972576e-08,0.0
1087,65280.0,65280,20.649492461557664,20.649492461557664,-102.97213565569321,0.0,20.649492521694782,6.013711661269938e-08,0.0
1088,65340.0,65340,20.64949246154952,20.64949246154952,-102.67960117930483,0.0,20.649492521678948,6.012942771593764e-08,0.0
1089,65400.0,65400,20.64949246154188,20.64949246154188,-102.38706670291651,0.0,20.649492521664317,6.012244120685638e-08,0.0
1090,65460.0,65460,20.649492461534727,20.649492461534727,-102.0945322265283,0.0,20.649492521650888,6.01161594984199e-08,0.0
1091,65520.0,65520,20.649492461528062,20.649492461528062,-101.80199775014017,0.0,20.649492521638646,6.011058493877824e-08,0.0
1092,65580.0,65580,20.649492461521863,20.649492461521863,-101.50946327375212,0.0,20.649492521627582,6.010571981089604e-08,0.0
1093,65640.0,65640,20.649492461516125,20.649492461516125,-101.21692879736415,0.0,20.64949252161769,6.010156633221999e-08,0.0
1094,65700.0,65700,20.649492461510842,20.649492461510842,-100.92439432097625,0.0,20.64949252160897,6.009812665433684e-08,0.0
1095,65760.0,65760,20.649492461505993,20.649492461505993,-100.63185984458842,0.0,20.6494925216014,6.009540286260509e-08,0.0
1096,65820.0,65820,20.649492461501577,20.649492461501577,-100.33932536820065,0.0,20.649492521594972,6.009339697586293e-08,0.0
1097,65880.0,65880,20.649492461497573,20.649492461497573,-100.04679089181292,0.0,20.649492521589686,6.00921109460863e-08,0.0
1098,65940.0,65940,20.649492461493978,20.649492461493978,-99.75425641542527,0.0,20.649492521585525,6.009154665806385e-08,0.0
1099,66000.0,66000,20.649492461490777,20.649492461490777,-99.46172193903767,0.0,20.649492521582484,6.009170592912565e-08,0.0
1100,66060.0,66060,20.649492461487966,20.649492461487966,-99.1691874626501,0.0,20.649492521580555,6.009259050879462e-08,0.0
1101,66120.0,66120,20.64949246148552,20.64949246148552,-98.87665298626258,0.0,20.64949252157972,6.009420207852085e-08,0.0
1102,66180.0,66180,20.649492461483437,20.649492461483437,-98.5841185098751,0.0,20.649492521579983,6.009654225139531e-08,0.0
1103,66240.0,66240,20.649492461481707,20.649492461481707,-98.29158403348764,0.0,20.64949252158132,6.009961257185954e-08,0.0
1104,66300.0,66300,20.649492461480314,20.649492461480314,-97.99904955710022,0.0,20.649492521583728,6.010341451544956e-08,0.0
1105,66360.0,66360,20.649492461479248,20.649492461479248,-97.70651508071283,0.0,20.6494925215872,6.010794948851317e-08,0.0
1106,66420.0,66420,20.6494924614785,20.6494924614785,-97.41398060432547,0.0,20.649492521591718,6.011321882797071e-08,0.0
1107,66480.0,66480,20.64949246147805,20.64949246147805,-97.12144612793813,0.0,20.649492521597274,6.011922380106252e-08,0.0
1108,66540.0,66540,20.649492461477895,20.649492461477895,-96.82891165155083,0.0,20.64949252160386,6.012596560511071e-08,0.0
1109,66600.0,66600,20.64949246147802,20.64949246147802,-96.53637717516351,0.0,20.649492521611467,6.013344536729016e-08,0.0
1110,66660.0,66660,20.649492461478413,20.649492461478413,-96.24384269877623,0.0,20.64949252162008,6.014166414438924e-08,0.0
1111,66720.0,66720,20.649492461479063,20.649492461479063,-95.95130822238897,0.0,20.649492521629686,6.015062292262147e-08,0.0
1112,66780.0,66780,20.64949246147996,20.64949246147996,-95.65877374600171,0.0,20.649492521640283,6.016032261739929e-08,0.0
1113,66840.0,66840,20.649492461481085,20.649492461481085,-95.36623926961448,0.0,20.64949252165185,6.017076407315149e-08,0.0
1114,66900.0,66900,20.64949246148243,20.64949246148243,-95.07370479322725,0.0,20.64949252166438,6.01819480631026e-08,0.0
1115,66960.0,66960,20.64949246148399,20.64949246148399,-94.78117031684,0.0,20.649492521677868,6.019387528914957e-08,0.0
1116,67020.0,67020,20.649492461485742,20.649492461485742,-94.4886358404528,0.0,20.649492521692288,6.020654638162907e-08,0.0
1117,67080.0,67080,20.64949246148768,20.64949246148768,-94.1961013640656,0.0,20.649492521707643,6.021996189919592e-08,0.0
1118,67140.0,67140,20.64949246148979,20.64949246148979,-93.9035668876784,0.0,20.64949252172391,6.023412232865736e-08,0.0
1119,67200.0,67200,20.64949246149206,20.64949246149206,-93.6110324112912,0.0,20.649492521741088,6.024902808481286e-08,0.0
1120,67260.0,67260,20.649492461494475,20.649492461494475,-93.318497934904,0.0,20.649492521759157,6.026467951034203e-08,0.0
1121,67320.0,67320,20.64949246149703,20.64949246149703,-93.02596345851683,0.0,20.649492521778107,6.028107687568022e-08,0.0
1122,67380.0,67380,20.649492461499705,20.649492461499705,-92.73342898212964,0.0,20.649492521797924,6.029822037887353e-08,0.0
1123,67440.0,67440,20.64949246150249,20.649492461502494,-92.44089450574249,0.0,20.6494925218186,6.031611014550714e-08,0.0
1124,67500.0,67500,20.64949246150538,20.64949246150538,-92.14836002935532,0.0,20.649492521840124,6.03347462285631e-08,0.0
1125,67560.0,67560,20.64949246150835,20.64949246150835,-91.85582555296814,0.0,20.649492521862477,6.03541286083977e-08,0.0
1126,67620.0,67620,20.649492461511397,20.649492461511397,-91.563291076581,0.0,20.649492521885655,6.03742571925983e-08,0.0
1127,67680.0,67680,20.649492461514505,20.649492461514505,-91.27075660019383,0.0,20.64949252190964,6.03951318159475e-08,0.0
1128,67740.0,67740,20.649492461517667,20.649492461517667,-90.97822212380669,0.0,20.64949252193442,6.04167522403789e-08,0.0
1129,67800.0,67800,20.649492461520857,20.649492461520857,-90.68568764741954,0.0,20.649492521959978,6.043911815487344e-08,0.0
1130,67860.0,67860,20.649492461524083,20.649492461524083,-90.39315317103244,0.0,20.64949252198631,6.04622291754924e-08,0.0
1131,67920.0,67920,20.649492461527316,20.649492461527316,-90.10061869464532,0.0,20.6494925220134,6.048608484531424e-08,0.0
1132,67980.0,67980,20.649492461530553,20.649492461530553,-89.80808421825822,0.0,20.649492522041236,6.051068463437816e-08,0.0
1133,68040.0,68040,20.649492461533775,20.649492461533775,-89.51554974187114,0.0,20.649492522069803,6.053602793976974e-08,0.0
1134,68100.0,68100,20.649492461536973,20.649492461536973,-89.22301526548405,0.0,20.649492522099088,6.056211408554089e-08,0.0
1135,68160.0,68160,20.649492461540138,20.649492461540138,-88.93048078909703,0.0,20.64949252212908,6.058894232275982e-08,0.0
1136,68220.0,68220,20.64949246154325,20.64949246154325,-88.63794631271001,0.0,20.649492522159765,6.061651182953734e-08,0.0
1137,68280.0,68280,20.64949246154631,20.64949246154631,-88.34541183632301,0.0,20.64949252219113,6.064482171103544e-08,0.0
1138,68340.0,68340,20.649492461549293,20.649492461549293,-88.05287735993605,0.0,20.64949252222316,6.067387099955291e-08,0.0
1139,68400.0,68400,20.64949246155219,20.64949246155219,-87.7603428835491,0.0,20.649492522255848,6.070365865455275e-08,0.0
1140,68460.0,68460,20.64949246155499,20.64949246155499,-87.4678084071622,0.0,20.649492522289172,6.073418356273651e-08,0.0
1141,68520.0,68520,20.649492461557685,20.649492461557685,-87.17527393077532,0.0,20.649492522323133,6.076544453811127e-08,0.0
1142,68580.0,68580,20.649492461560257,20.649492461560257,-86.88273945438849,0.0,20.649492522357697,6.079744032211577e-08,0.0
1143,68640.0,68640,20.649492461562698,20.649492461562698,-86.5902049780017,0.0,20.649492522392865,6.083016958368081e-08,0.0
1144,68700.0,68700,20.649492461564993,20.649492461564993,-86.29767050161497,0.0,20.649492522428627,6.086363091934313e-08,0.0
1145,68760.0,68760,20.649492461567135,20.649492461567135,-86.00513602522828,0.0,20.64949252246496,6.08978228534085e-08,0.0
1146,68820.0,68820,20.64949246156911,20.64949246156911,-85.71260154884165,0.0,20.649492522501856,6.093274383802412e-08,0.0
1147,68880.0,68880,20.649492461570905,20.649492461570905,-85.42006707245508,0.0,20.649492522539298,6.096839225336999e-08,0.0
1148,68940.0,68940,20.649492461572507,20.649492461572507,-85.12753259606856,0.0,20.649492522577273,6.100476640780299e-08,0.0
1149,69000.0,69000,20.64949246157391,20.64949246157391,-84.83499811968213,0.0,20.649492522615773,6.104186453802357e-08,0.0
1150,69060.0,69060,20.649492461575093,20.649492461575093,-84.54246364329576,0.0,20.64949252265478,6.107968480921436e-08,0.0
1151,69120.0,69120,20.64949246157606,20.64949246157606,-84.24992916690947,0.0,20.64949252269428,6.111822531531417e-08,0.0
1152,69180.0,69180,20.64949246157678,20.64949246157678,-83.95739469052326,0.0,20.649492522734267,6.115748407913206e-08,0.0
1153,69240.0,69240,20.64949246157726,20.64949246157726,-83.66486021413715,0.0,20.649492522774718,6.119745905261202e-08,0.0
1154,69300.0,69300,20.649492461577477,20.649492461577477,-83.37232573775111,0.0,20.649492522815624,6.123814811703559e-08,0.0
1155,69360.0,69360,20.649492461577424,20.649492461577424,-83.07979126136519,0.0,20.649492522856974,6.127954908327041e-08,0.0
1156,69420.0,69420,20.649492461577093,20.649492461577093,-82.78725678497936,0.0,20.649492522898754,6.132165969198517e-08,0.0
1157,69480.0,69480,20.649492461576468,20.649492461576468,-82.49472230859365,0.0,20.649492522940946,6.136447761394437e-08,0.0
1158,69540.0,69540,20.64949246157554,20.64949246157554,-82.20218783220804,0.0,20.64949252298354,6.140800045026365e-08,0.0
1159,69600.0,69600,20.6494924615743,20.6494924615743,-81.90965335582257,0.0,20.649492523026527,6.145222573266698e-08,0.0
1160,69660.0,69660,20.649492461572734,20.649492461572734,-81.61711887943721,0.0,20.64949252306989,6.149715092380694e-08,0.0
1161,69720.0,69720,20.649492461570834,20.649492461570834,-81.324584403052,0.0,20.649492523113608,6.154277341755771e-08,0.0
1162,69780.0,69780,20.64949246156859,20.64949246156859,-81.03204992666693,0.0,20.64949252315768,6.15890905393297e-08,0.0
1163,69840.0,69840,20.64949246156599,20.64949246156599,-80.739515450282,0.0,20.649492523202092,6.163609954637576e-08,0.0
1164,69900.0,69900,20.649492461563028,20.649492461563028,-80.44698097389723,0.0,20.649492523246824,6.168379762815849e-08,0.0
1165,69960.0,69960,20.64949246155969,20.64949246155969,-80.15444649751261,0.0,20.64949252329187,6.17321819066735e-08,0.0
1166,70020.0,70020,20.649492461555962,20.649492461555962,-79.86191202112816,0.0,20.64949252333721,6.17812494368195e-08,0.0
1167,70080.0,70080,20.64949246155184,20.64949246155184,-79.56937754474389,0.0,20.64949252338284,6.183099720675638e-08,0.0
1168,70140.0,70140,20.64949246154731,20.64949246154731,-79.27684306835982,0.0,20.649492523428737,6.188142213830178e-08,0.0
1169,70200.0,70200,20.649492461542373,20.649492461542373,-78.98430859197592,0.0,20.649492523474894,6.193252108730787e-08,0.0
1170,70260.0,70260,20.64949246153701,20.64949246153701,-78.69177411559222,0.0,20.6494925235213,6.198429084406839e-08,0.0
1171,70320.0,70320,20.64949246153121,20.64949246153121,-78.39923963920874,0.0,20.64949252356794,6.203672813372839e-08,0.0
1172,70380.0,70380,20.64949246152497,20.64949246152497,-78.10670516282546,0.0,20.649492523614803,6.208982961672233e-08,0.0
1173,70440.0,70440,20.64949246151828,20.64949246151828,-77.81417068644241,0.0,20.649492523661873,6.21435918892149e-08,0.0
1174,70500.0,70500,20.64949246151113,20.64949246151113,-77.52163621005958,0.0,20.649492523709142,6.219801148347883e-08,0.0
1175,70560.0,70560,20.64949246150351,20.64949246150351,-77.22910173367701,0.0,20.649492523756596,6.225308486845921e-08,0.0
1176,70620.0,70620,20.649492461495413,20.649492461495413,-76.93656725729466,0.0,20.64949252380422,6.230880845015493e-08,0.0
1177,70680.0,70680,20.649492461486826,20.649492461486826,-76.64403278091258,0.0,20.649492523852008,6.236517857214345e-08,0.0
1178,70740.0,70740,20.649492461477752,20.649492461477752,-76.35149830453075,0.0,20.64949252389994,6.242219151603871e-08,0.0
1179,70800.0,70800,20.649492461468167,20.649492461468167,-76.0589638281492,0.0,20.649492523948012,6.247984350201004e-08,0.0
1180,70860.0,70860,20.649492461458077,20.649492461458077,-75.76642935176793,0.0,20.64949252399621,6.25381306892854e-08,0.0
1181,70920.0,70920,20.649492461447466,20.649492461447466,-75.47389487538695,0.0,20.649492524044515,6.259704917666936e-08,0.0
1182,70980.0,70980,20.64949246143633,20.64949246143633,-75.18136039900625,0.0,20.649492524092924,6.26565950030698e-08,0.0
1183,71040.0,71040,20.649492461424657,20.649492461424657,-74.88882592262587,0.0,20.649492524141422,6.271676414804991e-08,0.0
1184,71100.0,71100,20.649492461412443,20.649492461412443,-74.59629144624581,0.0,20.64949252419,6.277755253235858e-08,0.0
1185,71160.0,71160,20.649492461399685,20.649492461399685,-74.30375696986607,0.0,20.649492524238642,6.283895601849658e-08,0.0
1186,71220.0,71220,20.64949246138637,20.64949246138637,-74.01122249348666,0.0,20.64949252428734,6.290097041131003e-08,0.0
1187,71280.0,71280,20.64949246137249,20.64949246137249,-73.7186880171076,0.0,20.64949252433608,6.296359145852742e-08,0.0
1188,71340.0,71340,20.649492461358044,20.649492461358044,-73.42615354072889,0.0,20.649492524384858,6.302681485138036e-08,0.0
1189,71400.0,71400,20.649492461343016,20.649492461343016,-73.13361906435054,0.0,20.649492524433654,6.309063622518675e-08,0.0
1190,71460.0,71460,20.649492461327412,20.649492461327412,-72.84108458797257,0.0,20.64949252448246,6.315505115996028e-08,0.0
1191,71520.0,71520,20.649492461311215,20.649492461311215,-72.54855011159498,0.0,20.649492524531272,6.322005518104728e-08,0.0
1192,71580.0,71580,20.64949246129443,20.64949246129443,-72.25601563521778,0.0,20.649492524580076,6.328564375971828e-08,0.0
1193,71640.0,71640,20.64949246127704,20.64949246127704,-71.96348115884098,0.0,20.649492524628855,6.335181231381713e-08,0.0
1194,71700.0,71700,20.649492461259044,20.649492461259044,-71.67094668246459,0.0,20.6494925246776,6.341855620842042e-08,0.0
1195,71760.0,71760,20.64949246124044,20.64949246124044,-71.37841220608861,0.0,20.649492524726313,6.348587075648562e-08,0.0
1196,71820.0,71820,20.649492461221215,20.649492461221215,-71.08587772971309,0.0,20.649492524774967,6.35537512194926e-08,0.0
1197,71880.0,71880,20.64949246120137,20.64949246120137,-70.793343253338,0.0,20.649492524823565,6.362219280812098e-08,0.0
1198,71940.0,71940,20.649492461180895,20.649492461180895,-70.50080877696335,0.0,20.649492524872088,6.369119068296988e-08,0.0
1199,72000.0,72000,20.64949246115979,20.64949246115979,-70.20827430058918,0.0,20.649492524920532,6.376073995517964e-08,0.0
1200,72060.0,72060,20.649492461138053,20.649492461138053,-69.91573982421548,0.0,20.64949252496889,6.38308356871723e-08,0.0
1201,72120.0,72120,20.64949246111567,20.64949246111567,-69.62320534784224,0.0,20.649492525017145,6.390147289334113e-08,0.0
1202,72180.0,72180,20.649492461092645,20.649492461092645,-69.33067087146952,0.0,20.64949252506529,6.397264654077707e-08,0.0
1203,72240.0,72240,20.64949246106897,20.64949246106897,-69.0381363950973,0.0,20.64949252511332,6.404435154995723e-08,0.0
1204,72300.0,72300,20.64949246104464,20.64949246104464,-68.7456019187256,0.0,20.64949252516122,6.411658279551088e-08,0.0
1205,72360.0,72360,20.649492461019655,20.649492461019655,-68.45306744235441,0.0,20.649492525208988,6.418933510691087e-08,0.0
1206,72420.0,72420,20.64949246099401,20.64949246099401,-68.16053296598376,0.0,20.649492525256612,6.426260326929515e-08,0.0
1207,72480.0,72480,20.649492460967704,20.649492460967704,-67.86799848961365,0.0,20.649492525304083,6.433638202409033e-08,0.0
1208,72540.0,72540,20.649492460940728,20.649492460940728,-67.57546401324412,0.0,20.64949252535139,6.441066606989914e-08,0.0
1209,72600.0,72600,20.649492460913084,20.649492460913084,-67.28292953687514,0.0,20.649492525398536,6.448545006319006e-08,0.0
1210,72660.0,72660,20.649492460884765,20.649492460884765,-66.99039506050674,0.0,20.649492525445496,6.456072861908197e-08,0.0
1211,72720.0,72720,20.649492460855775,20.649492460855775,-66.69786058413894,0.0,20.649492525492274,6.463649631214491e-08,0.0
1212,72780.0,72780,20.64949246082611,20.64949246082611,-66.40532610777173,0.0,20.649492525538857,6.471274767715002e-08,0.0
1213,72840.0,72840,20.649492460795763,20.649492460795763,-66.11279163140513,0.0,20.64949252558524,6.478947720989659e-08,0.0
1214,72900.0,72900,20.649492460764737,20.649492460764737,-65.82025715503916,0.0,20.64949252563142,6.486667936797608e-08,0.0
1215,72960.0,72960,20.64949246073303,20.64949246073303,-65.52772267867383,0.0,20.649492525677374,6.494434857162191e-08,0.0
1216,73020.0,73020,20.649492460700632,20.649492460700635,-65.23518820230912,0.0,20.649492525723115,6.502247920446208e-08,0.0
1217,73080.0,73080,20.649492460667556,20.649492460667556,-64.94265372594506,0.0,20.649492525768622,6.510106561439156e-08,0.0
1218,73140.0,73140,20.649492460633795,20.649492460633795,-64.65011924958169,0.0,20.649492525813894,6.518010211435416e-08,0.0
1219,73200.0,73200,20.649492460599337,20.649492460599337,-64.35758477321899,0.0,20.649492525858925,6.525958298318481e-08,0.0
1220,73260.0,73260,20.6494924605642,20.6494924605642,-64.06505029685695,0.0,20.649492525903703,6.533950246646481e-08,0.0
1221,73320.0,73320,20.64949246052837,20.64949246052837,-63.77251582049564,0.0,20.649492525948226,6.541985477732648e-08,0.0
1222,73380.0,73380,20.649492460491853,20.649492460491853,-63.47998134413503,0.0,20.64949252599249,6.550063409730465e-08,0.0
1223,73440.0,73440,20.649492460454645,20.649492460454645,-63.18744686777514,0.0,20.649492526036482,6.558183457721291e-08,0.0
1224,73500.0,73500,20.649492460416752,20.649492460416752,-62.89491239141597,0.0,20.649492526080202,6.566345033795928e-08,0.0
1225,73560.0,73560,20.649492460378166,20.649492460378166,-62.60237791505755,0.0,20.64949252612364,6.57454754714526e-08,0.0
1226,73620.0,73620,20.649492460338895,20.649492460338895,-62.30984343869988,0.0,20.6494925261668,6.58279040414154e-08,0.0
1227,73680.0,73680,20.64949246029893,20.64949246029893,-62.01730896234297,0.0,20.649492526209666,6.591073008428652e-08,0.0
1228,73740.0,73740,20.649492460258283,20.649492460258283,-61.724774485986835,0.0,20.64949252625223,6.599394761008577e-08,0.0
1229,73800.0,73800,20.649492460216955,20.649492460216955,-61.43224000963149,0.0,20.6494925262945,6.607755060329678e-08,0.0
1230,73860.0,73860,20.649492460174937,20.649492460174937,-61.13970553327693,0.0,20.64949252633647,6.61615330237213e-08,0.0
1231,73920.0,73920,20.649492460132237,20.649492460132237,-60.84717105692319,0.0,20.649492526378122,6.624588880740725e-08,0.0
1232,73980.0,73980,20.649492460088855,20.649492460088855,-60.554636580570254,0.0,20.649492526419465,6.633061186750497e-08,0.0
1233,74040.0,74040,20.649492460044794,20.649492460044794,-60.262102104218144,0.0,20.64949252646049,6.641569609517915e-08,0.0
1234,74100.0,74100,20.649492460000054,20.649492460000054,-59.969567627866866,0.0,20.649492526501188,6.65011353604868e-08,0.0
1235,74160.0,74160,20.64949245995464,20.64949245995464,-59.67703315151644,0.0,20.649492526541565,6.658692351329866e-08,0.0
1236,74220.0,74220,20.64949245990855,20.64949245990855,-59.38449867516688,0.0,20.649492526581604,6.667305438417517e-08,0.0
1237,74280.0,74280,20.649492459861797,20.649492459861797,-59.09196419881818,0.0,20.649492526621316,6.67595217852974e-08,0.0
1238,74340.0,74340,20.64949245981437,20.64949245981437,-58.79942972247036,0.0,20.64949252666069,6.684631951136368e-08,0.0
1239,74400.0,74400,20.64949245976628,20.64949245976628,-58.50689524612343,0.0,20.64949252669972,6.693344134051961e-08,0.0
1240,74460.0,74460,20.64949245971753,20.64949245971753,-58.2143607697774,0.0,20.64949252673841,6.702088103521989e-08,0.0
1241,74520.0,74520,20.649492459668117,20.649492459668117,-57.921826293432275,0.0,20.64949252677675,6.71086323432241e-08,0.0
1242,74580.0,74580,20.649492459618056,20.649492459618056,-57.62929181708807,0.0,20.64949252681474,6.719668899843992e-08,0.0
1243,74640.0,74640,20.649492459567337,20.649492459567337,-57.3367573407448,0.0,20.64949252685238,6.728504472188487e-08,0.0
1244,74700.0,74700,20.649492459515972,20.649492459515972,-57.044222864402464,0.0,20.64949252688967,6.73736932226143e-08,0.0
1245,74760.0,74760,20.64949245946397,20.64949245946397,-56.75168838806108,0.0,20.649492526926597,6.746262819860215e-08,0.0
1246,74820.0,74820,20.649492459411324,20.649492459411324,-56.459153911720655,0.0,20.649492526963172,6.755184333773956e-08,0.0
1247,74880.0,74880,20.649492459358047,20.649492459358047,-56.16661943538119,0.0,20.64949252699938,6.764133231868464e-08,0.0
1248,74940.0,74940,20.64949245930414,20.64949245930414,-55.87408495904272,0.0,20.649492527035225,6.773108881185153e-08,0.0
1249,75000.0,75000,20.649492459249604,20.649492459249604,-55.581550482705225,0.0,20.649492527070713,6.782110648031016e-08,0.0
1250,75060.0,75060,20.649492459194448,20.649492459194448,-55.28901600636874,0.0,20.64949252710583,6.791137898071226e-08,0.0
1251,75120.0,75120,20.64949245913868,20.64949245913868,-54.99648153003325,0.0,20.64949252714058,6.800189996424748e-08,0.0
1252,75180.0,75180,20.649492459082303,20.649492459082303,-54.703947053698776,0.0,20.649492527174967,6.8092663077578e-08,0.0
1253,75240.0,75240,20.649492459025318,20.649492459025318,-54.41141257736533,0.0,20.64949252720898,6.81836619637419e-08,0.0
1254,75300.0,75300,20.649492458967735,20.649492458967735,-54.11887810103293,0.0,20.64949252724263,6.827489026309525e-08,0.0
1255,75360.0,75360,20.649492458909563,20.649492458909563,-53.826343624701565,0.0,20.649492527275903,6.836634161429464e-08,0.0
1256,75420.0,75420,20.6494924588508,20.6494924588508,-53.53380914837125,0.0,20.649492527308812,6.845800965515354e-08,0.0
1257,75480.0,75480,20.64949245879146,20.64949245879146,-53.241274672042,0.0,20.649492527341348,6.854988802365213e-08,0.0
1258,75540.0,75540,20.649492458731547,20.649492458731547,-52.94874019571382,0.0,20.649492527373518,6.864197035880877e-08,0.0
1259,75600.0,75600,20.64949245867106,20.64949245867106,-52.65620571938671,0.0,20.649492527405307,6.873425030164555e-08,0.0
1260,75660.0,75660,20.649492458610013,20.649492458610013,-52.3636712430607,0.0,20.64949252743674,6.882672149613788e-08,0.0
1261,75720.0,75720,20.649492458548412,20.649492458548412,-52.07113676673578,0.0,20.64949252746779,6.8919377590118e-08,0.0
1262,75780.0,75780,20.649492458486268,20.649492458486268,-51.77860229041196,0.0,20.64949252749848,6.9012212236199e-08,0.0
1263,75840.0,75840,20.649492458423577,20.649492458423577,-51.48606781408927,0.0,20.649492527528796,6.910521909276408e-08,0.0
1264,75900.0,75900,20.649492458360356,20.649492458360356,-51.19353333776768,0.0,20.64949252755875,6.919839182483041e-08,0.0
1265,75960.0,75960,20.649492458296606,20.649492458296606,-50.90099886144724,0.0,20.649492527588333,6.929172410498075e-08,0.0
1266,76020.0,76020,20.64949245823234,20.64949245823234,-50.608464385127924,0.0,20.64949252761755,6.938520961437528e-08,0.0
1267,76080.0,76080,20.64949245816756,20.64949245816756,-50.31592990880975,0.0,20.6494925276464,6.94788420435787e-08,0.0
1268,76140.0,76140,20.64949245810228,20.64949245810228,-50.023395432492734,0.0,20.649492527674894,6.957261509352396e-08,0.0
1269,76200.0,76200,20.649492458036505,20.649492458036505,-49.73086095617687,0.0,20.64949252770303,6.966652247644769e-08,0.0
1270,76260.0,76260,20.64949245797024,20.64949245797024,-49.43832647986218,0.0,20.6494925277308,6.976055791679181e-08,0.0
1271,76320.0,76320,20.6494924579035,20.6494924579035,-49.14579200354866,0.0,20.649492527758216,6.985471515213892e-08,0.0
1272,76380.0,76380,20.64949245783629,20.64949245783629,-48.85325752723631,0.0,20.649492527785277,6.994898793408372e-08,0.0
1273,76440.0,76440,20.649492457768613,20.649492457768613,-48.56072305092516,0.0,20.649492527811983,7.004337002922313e-08,0.0
1274,76500.0,76500,20.649492457700486,20.649492457700486,-48.2681885746152,0.0,20.64949252783834,7.013785521999942e-08,0.0
1275,76560.0,76560,20.649492457631915,20.649492457631915,-47.97565409830645,0.0,20.64949252786435,7.02324373056366e-08,0.0
1276,76620.0,76620,20.649492457562907,20.649492457562907,-47.683119621998905,0.0,20.649492527890015,7.032711010306081e-08,0.0
1277,76680.0,76680,20.64949245749347,20.64949245749347,-47.390585145692576,0.0,20.64949252791534,7.042186744775665e-08,0.0
1278,76740.0,76740,20.649492457423616,20.649492457423616,-47.09805066938747,0.0,20.64949252794032,7.05167031947262e-08,0.0
1279,76800.0,76800,20.649492457353354,20.649492457353354,-46.80551619308358,0.0,20.649492527964966,7.061161121931797e-08,0.0
1280,76860.0,76860,20.649492457282694,20.649492457282694,-46.51298171678092,0.0,20.64949252798928,7.070658541819735e-08,0.0
1281,76920.0,76920,20.649492457211647,20.649492457211647,-46.22044724047951,0.0,20.649492528013266,7.080161971016604e-08,0.0
1282,76980.0,76980,20.649492457140216,20.649492457140216,-45.92791276417933,0.0,20.649492528036927,7.08967080370731e-08,0.0
1283,77040.0,77040,20.649492457068416,20.649492457068416,-45.635378287880414,0.0,20.64949252806026,7.099184436472592e-08,0.0
1284,77100.0,77100,20.649492456996256,20.649492456996256,-45.342843811582746,0.0,20.64949252808328,7.108702268370694e-08,0.0
1285,77160.0,77160,20.649492456923745,20.649492456923745,-45.050309335286336,0.0,20.64949252810598,7.118223701030162e-08,0.0
1286,77220.0,77220,20.649492456850894,20.649492456850894,-44.75777485899119,0.0,20.649492528128377,7.127748138734246e-08,0.0
1287,77280.0,77280,20.64949245677771,20.64949245677771,-44.465240382697324,0.0,20.64949252815046,7.137274988506257e-08,0.0
1288,77340.0,77340,20.64949245670421,20.64949245670421,-44.17270590640472,0.0,20.64949252817225,7.146803660198587e-08,0.0
1289,77400.0,77400,20.6494924566304,20.6494924566304,-43.88017143011341,0.0,20.649492528193736,7.156333566573725e-08,0.0
1290,77460.0,77460,20.649492456556292,20.649492456556292,-43.58763695382338,0.0,20.649492528214928,7.16586412339705e-08,0.0
1291,77520.0,77520,20.64949245648189,20.64949245648189,-43.295102477534634,0.0,20.64949252823584,7.175394749511162e-08,0.0
1292,77580.0,77580,20.649492456407213,20.649492456407213,-43.002568001247184,0.0,20.649492528256463,7.1849248669282e-08,0.0
1293,77640.0,77640,20.64949245633227,20.64949245633227,-42.71003352496103,0.0,20.64949252827681,7.194453900908788e-08,0.0
1294,77700.0,77700,20.649492456257068,20.649492456257068,-42.41749904867617,0.0,20.649492528296882,7.203981280045779e-08,0.0
1295,77760.0,77760,20.649492456181623,20.649492456181623,-42.12496457239262,0.0,20.649492528316685,7.21350643634933e-08,0.0
1296,77820.0,77820,20.649492456105943,20.649492456105943,-41.83243009611037,0.0,20.64949252833623,7.223028805323486e-08,0.0
1297,77880.0,77880,20.64949245603004,20.64949245603004,-41.53989561982943,0.0,20.649492528355516,7.23254782605266e-08,0.0
1298,77940.0,77940,20.649492455953922,20.649492455953922,-41.24736114354981,0.0,20.649492528374548,7.242062941280205e-08,0.0
1299,78000.0,78000,20.649492455877603,20.649492455877603,-40.954826667271504,0.0,20.64949252839334,7.251573597485467e-08,0.0
1300,78060.0,78060,20.649492455801095,20.649492455801095,-40.66229219099452,0.0,20.649492528411887,7.261079244968953e-08,0.0
1301,78120.0,78120,20.64949245572441,20.64949245572441,-40.36975771471885,0.0,20.6494925284302,7.270579337925149e-08,0.0
1302,78180.0,78180,20.649492455647557,20.649492455647557,-40.07722323844451,0.0,20.64949252844829,7.280073334527588e-08,0.0
1303,78240.0,78240,20.64949245557055,20.64949245557055,-39.7846887621715,0.0,20.649492528466155,7.289560696997805e-08,0.0
1304,78300.0,78300,20.649492455493398,20.649492455493398,-39.492154285899815,0.0,20.649492528483805,7.299040891689095e-08,0.0
1305,78360.0,78360,20.649492455416112,20.649492455416112,-39.19961980962946,0.0,20.649492528501245,7.308513389159415e-08,0.0
1306,78420.0,78420,20.64949245533871,20.64949245533871,-38.907085333360435,0.0,20.649492528518486,7.317977664249018e-08,0.0
1307,78480.0,78480,20.649492455261193,20.649492455261193,-38.61455085709274,0.0,20.64949252853553,7.327433196150448e-08,0.0
1308,78540.0,78540,20.649492455183587,20.649492455183587,-38.32201638082638,0.0,20.649492528552383,7.336879468488893e-08,0.0
1309,78600.0,78600,20.649492455105893,20.649492455105893,-38.02948190456136,0.0,20.649492528569052,7.346315969391331e-08,0.0
1310,78660.0,78660,20.649492455028124,20.649492455028124,-37.736947428297675,0.0,20.64949252858555,7.35574219155945e-08,0.0
1311,78720.0,78720,20.649492454950302,20.649492454950302,-37.444412952035336,0.0,20.649492528601876,7.365157632343315e-08,0.0
1312,78780.0,78780,20.649492454872426,20.649492454872426,-37.15187847577432,0.0,20.64949252861804,7.374561793810887e-08,0.0
1313,78840.0,78840,20.649492454794512,20.649492454794512,-36.85934399951464,0.0,20.649492528634056,7.38395418281953e-08,0.0
1314,78900.0,78900,20.649492454716576,20.649492454716576,-36.56680952325631,0.0,20.64949252864992,7.393334311081013e-08,0.0
1315,78960.0,78960,20.64949245463863,20.64949245463863,-36.274275046999314,0.0,20.649492528665647,7.402701695240732e-08,0.0
1316,79020.0,79020,20.64949245456068,20.64949245456068,-35.98174057074366,0.0,20.649492528681236,7.412055856934425e-08,0.0
1317,79080.0,79080,20.649492454482747,20.649492454482747,-35.68920609448934,0.0,20.64949252869671,7.421396322861748e-08,0.0
1318,79140.0,79140,20.649492454404836,20.649492454404836,-35.39667161823636,0.0,20.649492528712067,7.430722624848634e-08,0.0
1319,79200.0,79200,20.649492454326968,20.649492454326968,-35.104137141984715,0.0,20.649492528727308,7.440034299919649e-08,0.0
1320,79260.0,79260,20.649492454249145,20.649492454249145,-34.811602665734405,0.0,20.649492528742453,7.449330890353281e-08,0.0
1321,79320.0,79320,20.649492454171384,20.649492454171384,-34.51906818948544,0.0,20.649492528757506,7.458611943755905e-08,0.0
1322,79380.0,79380,20.649492454093703,20.649492454093703,-34.2265337132378,0.0,20.649492528772473,7.467877013116409e-08,0.0
1323,79440.0,79440,20.64949245401611,20.64949245401611,-33.93399923699148,0.0,20.649492528787366,7.477125656873934e-08,0.0
1324,79500.0,79500,20.649492453938613,20.649492453938613,-33.64146476074651,0.0,20.649492528802185,7.486357438976564e-08,0.0
1325,79560.0,79560,20.64949245386123,20.64949245386123,-33.348930284502856,0.0,20.649492528816953,7.495571928944352e-08,0.0
1326,79620.0,79620,20.649492453783974,20.649492453783974,-33.05639580826054,0.0,20.64949252883166,7.504768701927433e-08,0.0
1327,79680.0,79680,20.64949245370686,20.64949245370686,-32.763861332019545,0.0,20.649492528846334,7.513947338763786e-08,0.0
1328,79740.0,79740,20.649492453629893,20.649492453629893,-32.471326855779864,0.0,20.649492528860964,7.523107426040084e-08,0.0
1329,79800.0,79800,20.64949245355309,20.64949245355309,-32.17879237954151,0.0,20.649492528875577,7.532248556149535e-08,0.0
1330,79860.0,79860,20.649492453476466,20.649492453476466,-31.886257903304468,0.0,20.649492528890168,7.541370327342946e-08,0.0
1331,79920.0,79920,20.64949245340003,20.64949245340003,-31.59372342706875,0.0,20.64949252890475,7.550472343789573e-08,0.0
1332,79980.0,79980,20.649492453323795,20.649492453323795,-31.30118895083433,0.0,20.64949252891934,7.559554215631768e-08,0.0
1333,80040.0,80040,20.649492453247777,20.649492453247777,-31.008654474601226,0.0,20.649492528933937,7.568615559034431e-08,0.0
1334,80100.0,80100,20.649492453171987,20.649492453171987,-30.716119998369418,0.0,20.649492528948553,7.577655996242288e-08,0.0
1335,80160.0,80160,20.649492453096443,20.649492453096446,-30.42358552213891,0.0,20.649492528963197,7.58667515563048e-08,0.0
1336,80220.0,80220,20.64949245302115,20.64949245302115,-30.1310510459097,0.0,20.649492528977873,7.595672671755621e-08,0.0
1337,80280.0,80280,20.649492452946124,20.649492452946124,-29.838516569681783,0.0,20.649492528992607,7.604648185406393e-08,0.0
1338,80340.0,80340,20.649492452871375,20.649492452871375,-29.54598209345515,0.0,20.649492529007386,7.613601343654689e-08,0.0
1339,80400.0,80400,20.64949245279692,20.64949245279692,-29.253447617229803,0.0,20.64949252902224,7.622531799901874e-08,0.0
1340,80460.0,80460,20.64949245272277,20.64949245272277,-28.960913141005733,0.0,20.649492529037165,7.631439213927769e-08,0.0
1341,80520.0,80520,20.649492452648943,20.649492452648943,-28.668378664782935,0.0,20.649492529052175,7.640323251939174e-08,0.0
1342,80580.0,80580,20.649492452575444,20.649492452575444,-28.37584418856141,0.0,20.64949252906728,7.649183586614228e-08,0.0
1343,80640.0,80640,20.649492452502287,20.64949245250229,-28.083309712341144,0.0,20.649492529082487,7.658019897149423e-08,0.0
1344,80700.0,80700,20.64949245242949,20.64949245242949,-27.790775236122133,0.0,20.64949252909781,7.666831869302752e-08,0.0
1345,80760.0,80760,20.649492452357066,20.649492452357066,-27.498240759904373,0.0,20.649492529113257,7.675619195439962e-08,0.0
1346,80820.0,80820,20.64949245228502,20.64949245228502,-27.205706283687864,0.0,20.649492529128835,7.684381574574305e-08,0.0
1347,80880.0,80880,20.649492452213373,20.649492452213373,-26.91317180747259,0.0,20.64949252914456,7.693118712413176e-08,0.0
1348,80940.0,80940,20.649492452142134,20.649492452142134,-26.620637331258553,0.0,20.64949252916044,7.701830321396354e-08,0.0
1349,81000.0,81000,20.649492452071318,20.649492452071318,-26.328102855045742,0.0,20.649492529176477,7.710516120738779e-08,0.0
1350,81060.0,81060,20.649492452000935,20.649492452000935,-26.035568378834157,0.0,20.649492529192692,7.71917583646898e-08,0.0
1351,81120.0,81120,20.649492451931,20.649492451931,-25.74303390262378,0.0,20.64949252920909,7.727809201470906e-08,0.0
1352,81180.0,81180,20.649492451861526,20.649492451861526,-25.45049942641461,0.0,20.649492529225686,7.736415955521232e-08,0.0
1353,81240.0,81240,20.649492451792526,20.649492451792526,-25.157964950206637,0.0,20.649492529242483,7.744995845327511e-08,0.0
1354,81300.0,81300,20.649492451724008,20.649492451724008,-24.86543047399986,0.0,20.649492529259494,7.753548624565194e-08,0.0
1355,81360.0,81360,20.649492451655988,20.649492451655988,-24.572895997794266,0.0,20.64949252927673,7.76207405391824e-08,0.0
1356,81420.0,81420,20.649492451588486,20.649492451588486,-24.28036152158985,0.0,20.649492529294204,7.770571901109724e-08,0.0
1357,81480.0,81480,20.6494924515215,20.6494924515215,-23.9878270453866,0.0,20.64949252931192,7.779041940939335e-08,0.0
1358,81540.0,81540,20.649492451455057,20.649492451455057,-23.69529256918451,0.0,20.649492529329898,7.787483955321908e-08,0.0
1359,81600.0,81600,20.64949245138916,20.64949245138916,-23.40275809298357,0.0,20.649492529348134,7.795897733318414e-08,0.0
1360,81660.0,81660,20.649492451323823,20.649492451323823,-23.11022361678378,0.0,20.649492529366654,7.804283071169405e-08,0.0
1361,81720.0,81720,20.64949245125906,20.64949245125906,-22.817689140585127,0.0,20.649492529385462,7.812639772332599e-08,0.0
1362,81780.0,81780,20.649492451194888,20.649492451194888,-22.525154664387593,0.0,20.64949252940457,7.820967647514068e-08,0.0
1363,81840.0,81840,20.649492451131312,20.649492451131312,-22.23262018819118,0.0,20.64949252942398,7.82926651469734e-08,0.0
1364,81900.0,81900,20.64949245106835,20.64949245106835,-21.940085711995877,0.0,20.649492529443712,7.837536199182404e-08,0.0
1365,81960.0,81960,20.649492451006008,20.649492451006008,-21.647551235801668,0.0,20.649492529463775,7.845776533611901e-08,0.0
1366,82020.0,82020,20.649492450944305,20.649492450944305,-21.355016759608553,0.0,20.649492529484178,7.853987358007579e-08,0.0
1367,82080.0,82080,20.649492450883244,20.649492450883244,-21.06248228341651,0.0,20.649492529504933,7.862168519798268e-08,0.0
1368,82140.0,82140,20.64949245082285,20.64949245082285,-20.769947807225545,0.0,20.64949252952605,7.870319873853334e-08,0.0
1369,82200.0,82200,20.649492450763123,20.649492450763123,-20.47741333103564,0.0,20.649492529547537,7.878441282509985e-08,0.0
1370,82260.0,82260,20.649492450704084,20.649492450704084,-20.184878854846776,0.0,20.64949252956941,7.886532615611811e-08,0.0
1371,82320.0,82320,20.649492450645734,20.649492450645734,-19.892344378658958,0.0,20.649492529591676,7.894593750529694e-08,0.0
1372,82380.0,82380,20.6494924505881,20.6494924505881,-19.599809902472163,0.0,20.649492529614342,7.902624572201e-08,0.0
1373,82440.0,82440,20.64949245053118,20.64949245053118,-19.307275426286388,0.0,20.64949252963743,7.910624973155948e-08,0.0
1374,82500.0,82500,20.64949245047499,20.64949245047499,-19.01474095010162,0.0,20.64949252966094,7.918594853548899e-08,0.0
1375,82560.0,82560,20.649492450419544,20.649492450419544,-18.72220647391784,0.0,20.649492529684885,7.926534121190846e-08,0.0
1376,82620.0,82620,20.649492450364853,20.649492450364853,-18.42967199773505,0.0,20.649492529709278,7.934442691580698e-08,0.0
1377,82680.0,82680,20.64949245031092,20.64949245031092,-18.137137521553232,0.0,20.649492529734125,7.942320487931177e-08,0.0
1378,82740.0,82740,20.649492450257767,20.649492450257767,-17.844603045372374,0.0,20.649492529759442,7.950167441208398e-08,0.0
1379,82800.0,82800,20.649492450205404,20.649492450205404,-17.552068569192468,0.0,20.64949252978524,7.957983490157666e-08,0.0
1380,82860.0,82860,20.649492450153836,20.649492450153836,-17.259534093013496,0.0,20.649492529811518,7.965768581340702e-08,0.0
1381,82920.0,82920,20.64949245010307,20.64949245010307,-16.966999616835448,0.0,20.6494925298383,7.973522669162758e-08,0.0
1382,82980.0,82980,20.649492450053135,20.649492450053135,-16.67446514065832,0.0,20.64949252986559,7.981245715911918e-08,0.0
1383,83040.0,83040,20.64949245000402,20.64949245000402,-16.381930664482088,0.0,20.649492529893397,7.988937691787063e-08,0.0
1384,83100.0,83100,20.649492449955748,20.649492449955748,-16.089396188306743,0.0,20.64949252992173,7.996598574937726e-08,0.0
1385,83160.0,83160,20.64949244990832,20.64949244990832,-15.796861712132273,0.0,20.649492529950603,8.004228351495088e-08,0.0
1386,83220.0,83220,20.649492449861757,20.649492449861757,-15.504327235958668,0.0,20.64949252998003,8.011827015612101e-08,0.0
1387,83280.0,83280,20.649492449816062,20.649492449816062,-15.21179275978591,0.0,20.649492530010008,8.019394569497694e-08,0.0
1388,83340.0,83340,20.64949244977124,20.64949244977124,-14.919258283613992,0.0,20.649492530040554,8.026931023454921e-08,0.0
1389,83400.0,83400,20.649492449727315,20.649492449727315,-14.626723807442897,0.0,20.64949253007168,8.03443639592147e-08,0.0
1390,83460.0,83460,20.64949244968428,20.64949244968428,-14.33418933127261,0.0,20.64949253010339,8.041910713509134e-08,0.0
1391,83520.0,83520,20.649492449642153,20.649492449642153,-14.04165485510312,0.0,20.649492530135696,8.049354011045077e-08,0.0
1392,83580.0,83580,20.64949244960094,20.64949244960094,-13.749120378934412,0.0,20.649492530168608,8.056766331615071e-08,0.0
1393,83640.0,83640,20.64949244956065,20.64949244956065,-13.456585902766477,0.0,20.64949253020213,8.064147726609091e-08,0.0
1394,83700.0,83700,20.649492449521293,20.649492449521293,-13.164051426599293,0.0,20.64949253023628,8.071498255761353e-08,0.0
1395,83760.0,83760,20.649492449482874,20.649492449482874,-12.871516950432852,0.0,20.649492530271054,8.078817987205992e-08,0.0
1396,83820.0,83820,20.6494924494454,20.6494924494454,-12.57898247426714,0.0,20.649492530306475,8.086106997521051e-08,0.0
1397,83880.0,83880,20.649492449408886,20.649492449408886,-12.286447998102139,0.0,20.64949253034254,8.093365371779167e-08,0.0
1398,83940.0,83940,20.649492449373327,20.649492449373327,-11.993913521937836,0.0,20.649492530379256,8.10059320360202e-08,0.0
1399,84000.0,84000,20.649492449338734,20.649492449338734,-11.70137904577422,0.0,20.649492530416637,8.107790595215918e-08,0.0
1400,84060.0,84060,20.649492449305114,20.649492449305114,-11.408844569611272,0.0,20.649492530454694,8.114957657507466e-08,0.0
1401,84120.0,84120,20.64949244927248,20.64949244927248,-11.116310093448982,0.0,20.649492530493422,8.122094510081883e-08,0.0
1402,84180.0,84180,20.649492449240828,20.649492449240828,-10.823775617287328,0.0,20.649492530532843,8.129201281328382e-08,0.0
1403,84240.0,84240,20.649492449210168,20.649492449210168,-10.531241141126305,0.0,20.649492530572946,8.136278108480459e-08,0.0
1404,84300.0,84300,20.649492449180503,20.649492449180503,-10.23870666496589,0.0,20.649492530613756,8.143325137683719e-08,0.0
1405,84360.0,84360,20.64949244915184,20.64949244915184,-9.946172188806074,0.0,20.649492530655262,8.150342524067851e-08,0.0
1406,84420.0,84420,20.649492449124175,20.649492449124175,-9.65363771264684,0.0,20.649492530697483,8.15733043181889e-08,0.0
1407,84480.0,84480,20.649492449097526,20.649492449097526,-9.36110323648817,0.0,20.649492530740417,8.164289034248632e-08,0.0
1408,84540.0,84540,20.649492449071886,20.649492449071886,-9.06856876033005,0.0,20.64949253078407,8.171218513882729e-08,0.0
1409,84600.0,84600,20.64949244904726,20.64949244904726,-8.776034284172471,0.0,20.649492530828446,8.178119062536328e-08,0.0
1410,84660.0,84660,20.649492449023647,20.649492449023647,-8.483499808015411,0.0,20.649492530873555,8.184990881402162e-08,0.0
1411,84720.0,84720,20.649492449001055,20.649492449001055,-8.190965331858857,0.0,20.649492530919396,8.191834181138147e-08,0.0
1412,84780.0,84780,20.64949244897948,20.64949244897948,-7.898430855702795,0.0,20.649492530965972,8.19864918196113e-08,0.0
1413,84840.0,84840,20.649492448958927,20.649492448958927,-7.605896379547208,0.0,20.649492531013287,8.205436113744102e-08,0.0
1414,84900.0,84900,20.64949244893939,20.64949244893939,-7.3133619033920825,0.0,20.64949253106134,8.212195216118318e-08,0.0
1415,84960.0,84960,20.64949244892087,20.64949244892087,-7.020827427237404,0.0,20.64949253111014,8.218926738572872e-08,0.0
1416,85020.0,85020,20.649492448903377,20.649492448903377,-6.728292951083154,0.0,20.649492531159684,8.225630940571604e-08,0.0
1417,85080.0,85080,20.649492448886893,20.649492448886893,-6.435758474929321,0.0,20.649492531209972,8.232308091662855e-08,0.0
1418,85140.0,85140,20.64949244887142,20.64949244887142,-6.143223998775888,0.0,20.649492531261007,8.2389584715975e-08,0.0
1419,85200.0,85200,20.649492448856964,20.649492448856964,-5.850689522622841,0.0,20.649492531312784,8.245582370458203e-08,0.0
1420,85260.0,85260,20.64949244884351,20.64949244884351,-5.558155046470163,0.0,20.649492531365308,8.252180088779616e-08,0.0
1421,85320.0,85320,20.649492448831055,20.649492448831055,-5.265620570317841,0.0,20.649492531418577,8.258751937694029e-08,0.0
1422,85380.0,85380,20.649492448819597,20.649492448819597,-4.97308609416586,0.0,20.64949253147258,8.265298239058823e-08,0.0
1423,85440.0,85440,20.649492448809127,20.649492448809127,-4.6805516180142055,0.0,20.649492531527322,8.271819325612197e-08,0.0
1424,85500.0,85500,20.649492448799638,20.649492448799638,-4.388017141862862,0.0,20.649492531582794,8.278315541118334e-08,0.0
1425,85560.0,85560,20.649492448791126,20.649492448791126,-4.095482665711815,0.0,20.649492531638998,8.284787240528023e-08,0.0
1426,85620.0,85620,20.64949244878357,20.64949244878357,-3.8029481895610506,0.0,20.64949253169592,8.291234790142858e-08,0.0
1427,85680.0,85680,20.64949244877697,20.64949244877697,-3.5104137134105544,0.0,20.649492531753555,8.29765856778321e-08,0.0
1428,85740.0,85740,20.649492448771312,20.649492448771312,-3.2178792372603127,0.0,20.649492531811905,8.304058962967025e-08,0.0
1429,85800.0,85800,20.649492448766587,20.649492448766587,-2.925344761110311,0.0,20.64949253187095,8.310436377096443e-08,0.0
1430,85860.0,85860,20.649492448762775,20.649492448762775,-2.6328102849605357,0.0,20.649492531930687,8.316791223646404e-08,0.0
1431,85920.0,85920,20.64949244875986,20.64949244875986,-2.3402758088109734,0.0,20.6494925319911,8.323123928365203e-08,0.0
1432,85980.0,85980,20.64949244875784,20.64949244875784,-2.04774133266161,0.0,20.64949253205219,8.329434929483446e-08,0.0
1433,86040.0,86040,20.649492448756682,20.649492448756682,-1.7552068565124337,0.0,20.649492532113925,8.335724677927229e-08,0.0
1434,86100.0,86100,20.649492448756373,20.649492448756373,-1.462672380363431,0.0,20.64949253217631,8.34199363754188e-08,0.0
1435,86160.0,86160,20.649492448756895,20.649492448756895,-1.1701379042145896,0.0,20.649492532239314,8.348242285327664e-08,0.0
1436,86220.0,86220,20.649492448758227,20.649492448758227,-0.8776034280658964,0.0,20.649492532302936,8.354471111679054e-08,0.0
1437,86280.0,86280,20.64949244876034,20.64949244876034,-0.5850689519173404,0.0,20.649492532367148,8.360680620633257e-08,0.0
1438,86340.0,86340,20.649492448763215,20.649492448763215,-0.2925344757689096,0.0,20.649492532431932,8.366871330137089e-08,0.0
1439,86400.0,86400,6.067725490326394e-11,6.06772143759459e-11,3.7940721696521755e-10,0.0,1.5217508689471174e-07,1.5211440977063442e-07,0.0
1440,,86460,,,,,,,
