,time,time_x,P_Grid,P_BTMS,E_BTMS,P_Charge,P_BTMS_Ch,P_BTMS_DCh,"param: btms size, a,b_sys,b_cap,b_loan,c,d_wait_cost",E_Shift,P_Shift
0,60.0,60,1.5775665234776738e-06,2.251568463704211e-06,1.2377984160331367e-05,0.0,2.4306667287230856e-06,1.790982672045741e-07,4.076105510147499e-05,3.126511869316742e-14,6.740019425314133e-07
1,120.0,120,1.7853188280127332e-06,1.8729031680326054e-06,1.2409433302535602e-05,0.0,2.0546877623670413e-06,1.8178459620700471e-07,0.06575342465753424,1.1233517780606307e-08,8.758434179365695e-08
2,180.0,180,1.8163338598698387e-06,1.8296944051885448e-06,1.2435511303216651e-05,0.0,2.011882728583796e-06,1.8218832515085366e-07,0.04323985936321764,1.2693356635181797e-08,1.3360547072790877e-08
3,240.0,240,1.8201108765401421e-06,1.8222129020868561e-06,1.2460976169758743e-05,0.0,2.0044803317633647e-06,1.8226743138559163e-07,0.023148148148148147,1.2916127175139569e-08,2.1020273351421608e-09
4,300.0,300,1.819682435041167e-06,1.8200159963724967e-06,1.2486334849902257e-05,0.0,2.00230914062826e-06,1.822931459976984e-07,0.009341992564003648,1.2951254865090882e-08,3.3356309264695573e-10
5,360.0,360,1.8186040777692977e-06,1.8186533804439263e-06,1.2511662342259633e-05,0.0,2.0009628318076048e-06,1.8230945316144757e-07,0.12,1.2956908261647019e-08,4.930439087766733e-11
6,420.0,420,1.8174294365177055e-06,1.817431906819188e-06,1.2536970489458432e-05,0.0,1.999755830056742e-06,1.8232392501054871e-07,3.0,1.2957824315900613e-08,2.4720537362054146e-12
7,480.0,480,1.8162456655509886e-06,1.8162402352731933e-06,1.2562261295609145e-05,0.0,1.998578188899223e-06,1.8233795545805112e-07,0.0,1.2957960165725998e-08,-5.428573584409388e-12
8,540.0,540,1.8150664914075354e-06,1.8150597314771452e-06,1.2587535184014428e-05,0.0,1.997411557790974e-06,1.8235182810855535e-07,0.0,1.2957964674424976e-08,-6.758176278363008e-12
9,600.0,600,1.8138939492229372e-06,1.8138869975573111e-06,1.2612792313285617e-05,0.0,1.9962526057316973e-06,1.823656099620263e-07,0.0,1.295794735538254e-08,-6.949893327558771e-12
10,660.0,660,1.8127282198885503e-06,1.8127212706043405e-06,1.2638032793725599e-05,0.0,1.995100589215781e-06,1.8237932042912943e-07,0.0,1.2957927169058569e-08,-6.947530662817698e-12
11,720.0,720,1.8115692126836382e-06,1.8115622913903537e-06,1.2663256724783329e-05,0.0,1.9939552563300775e-06,1.8239296667871654e-07,0.0,1.2957907345958373e-08,-6.919450902554277e-12
12,780.0,780,1.810416815523426e-06,1.8104099189335803e-06,1.2688464202217419e-05,0.0,1.9928164692578387e-06,1.824065520989936e-07,0.0,1.295788831076969e-08,-6.894772263067572e-12
13,840.0,840,1.8092709291635514e-06,1.8092640502640877e-06,1.2713655319779756e-05,0.0,1.9916841271755633e-06,1.8242007867020532e-07,0.0,1.2957870003084463e-08,-6.877056449142355e-12
14,900.0,900,1.8081314679177786e-06,1.8081246006031012e-06,1.273883016975933e-05,0.0,1.990558146560729e-06,1.8243354774198856e-07,0.0,1.2957852303308734e-08,-6.865485919939593e-12
15,960.0,960,1.8069983565363014e-06,1.8069914958702082e-06,1.2763988843239269e-05,0.0,1.9894384543948735e-06,1.8244696032357138e-07,0.0,1.2957835105627481e-08,-6.858841725871617e-12
16,1020.0,1020,1.805871527619281e-06,1.8058646696159732e-06,1.278913143025232e-05,0.0,1.9883249850473906e-06,1.8246031720435993e-07,0.0,1.2957818324671071e-08,-6.856141908357126e-12
17,1080.0,1080,1.8047509198319996e-06,1.8047440613784383e-06,1.2814258019888239e-05,0.0,1.987217678547501e-06,1.824736190100962e-07,0.0,1.2957801891551866e-08,-6.8566503046362355e-12
18,1140.0,1140,1.8036364766911704e-06,1.8036296150845135e-06,1.2839368700376398e-05,0.0,1.9861164794761283e-06,1.8248686623458903e-07,0.0,1.2957785749755108e-08,-6.859796268264771e-12
19,1200.0,1200,1.8025281456939144e-06,1.8025212788110963e-06,1.2864463559152274e-05,0.0,1.9850213361809342e-06,1.825000592621308e-07,0.0,1.2957769852368754e-08,-6.865111309894575e-12
20,1260.0,1260,1.8014258776526221e-06,1.8014190036261465e-06,1.288954268291405e-05,0.0,1.9839322001715086e-06,1.8251319838699092e-07,0.0,1.2957754160370449e-08,-6.87219519742507e-12
21,1320.0,1320,1.8003296261662555e-06,1.8003227435891364e-06,1.291460615766824e-05,0.0,1.982849025615532e-06,1.8252628383164701e-07,0.0,1.2957738641485914e-08,-6.880696236004552e-12
22,1380.0,1380,1.7992393471668953e-06,1.7992324549129601e-06,1.2939654068767522e-05,0.0,1.9817717689269805e-06,1.8253931576422478e-07,0.0,1.2957723269371277e-08,-6.890308864276558e-12
23,1440.0,1440,1.7981549985520345e-06,1.7981480958842017e-06,1.2964686500944385e-05,0.0,1.9807003883934473e-06,1.8255229431447328e-07,0.0,1.295770802283778e-08,-6.9007668870730275e-12
24,1500.0,1500,1.7970765398533826e-06,1.797069626110302e-06,1.2989703538339381e-05,0.0,1.979634843880932e-06,1.8256521958796037e-07,0.0,1.295769288519344e-08,-6.91184730676389e-12
25,1560.0,1560,1.7960039319744807e-06,1.7959970067094453e-06,1.3014705264520302e-05,0.0,1.978575096564401e-06,1.8257809167801871e-07,0.0,1.2957677843516509e-08,-6.923364794729699e-12
26,1620.0,1620,1.7949371369562735e-06,1.794930199853873e-06,1.303969176250625e-05,0.0,1.977521108726285e-06,1.8259091067534484e-07,0.0,1.2957662888024707e-08,-6.935172658067275e-12
27,1680.0,1680,1.7938761177986633e-06,1.7938691686907442e-06,1.3064663114778769e-05,0.0,1.976472843575393e-06,1.8260367667528603e-07,0.0,1.2957648011426525e-08,-6.9471570033349325e-12
28,1740.0,1740,1.7928208383140536e-06,1.7928138771886887e-06,1.3089619403296018e-05,0.0,1.975430265112519e-06,1.8261638978282984e-07,0.0,1.2957633208371799e-08,-6.95923309861575e-12
29,1800.0,1800,1.791771263008534e-06,1.791764289712904e-06,1.3114560709506135e-05,0.0,1.9743933380243898e-06,1.8262905011562273e-07,0.0,1.2957618474963701e-08,-6.971340915968724e-12
30,1860.0,1860,1.7907273569993708e-06,1.7907203715689768e-06,1.3139487114353767e-05,0.0,1.9733620275975725e-06,1.8264165780539363e-07,0.0,1.295760380834365e-08,-6.983438831044411e-12
31,1920.0,1920,1.7896890859426446e-06,1.7896820886174434e-06,1.316439869829023e-05,0.0,1.972336299662596e-06,1.826542129979472e-07,0.0,1.2957589206380139e-08,-6.995500784187896e-12
32,1980.0,1980,1.7886564159870074e-06,1.7886494065650821e-06,1.3189295541279897e-05,0.0,1.9713161205413766e-06,1.8266671585230568e-07,0.0,1.2957574667410392e-08,-7.007510456382593e-12
33,2040.0,2040,1.787629313732894e-06,1.787622292394047e-06,1.3214177722806885e-05,0.0,1.9703014570162386e-06,1.8267916653907216e-07,0.0,1.2957560190073169e-08,-7.0194593411989e-12
34,2100.0,2100,1.7866077462059223e-06,1.7866007129824214e-06,1.323904532188367e-05,0.0,1.969292276297922e-06,1.8269156523848148e-07,0.0,1.2957545773178912e-08,-7.0313426833329045e-12
35,2160.0,2160,1.785591680834119e-06,1.7855846357803117e-06,1.32638984170529e-05,0.0,1.9682885460018017e-06,1.8270391213823566e-07,0.0,1.2957531415642783e-08,-7.0431580764696654e-12
36,2220.0,2220,1.784581085425978e-06,1.7845740286476385e-06,1.3288737086397269e-05,0.0,1.967290234132968e-06,1.827162074314283e-07,0.0,1.2957517116446634e-08,-7.054904739528792e-12
37,2280.0,2280,1.7835759281589515e-06,1.783568859719607e-06,1.3313561407540904e-05,0.0,1.966297309063105e-06,1.8272845131455203e-07,0.0,1.2957502874609128e-08,-7.0665812188275995e-12
38,2340.0,2340,1.7825761775603254e-06,1.7825690974239528e-06,1.3338371457659386e-05,0.0,1.96530973952006e-06,1.8274064398570975e-07,0.0,1.2957488689195787e-08,-7.078186678175806e-12
39,2400.0,2400,1.7815818024959537e-06,1.7815747108819252e-06,1.336316731347877e-05,0.0,1.9643274945730648e-06,1.8275278564316735e-07,0.0,1.295747455930826e-08,-7.08972041053418e-12
40,2460.0,2460,1.7805927721645217e-06,1.7805856690165772e-06,1.338794905128602e-05,0.0,1.963350543612985e-06,1.82764876484102e-07,0.0,1.2957460484079848e-08,-7.1011802226249815e-12
41,2520.0,2520,1.779609056077934e-06,1.7796019414961453e-06,1.3412716746930123e-05,0.0,1.962378856353155e-06,1.8277691670358933e-07,0.0,1.2957446462699943e-08,-7.112565999879931e-12
42,2580.0,2580,1.7786306240624972e-06,1.7786234982254845e-06,1.3437470475827786e-05,0.0,1.9614124028090383e-06,1.827889064940102e-07,0.0,1.2957432494379538e-08,-7.1238758633980675e-12
43,2640.0,2640,1.7776574462446294e-06,1.77765030913685e-06,1.3462210312968168e-05,0.0,1.9604511532989894e-06,1.828008460443227e-07,0.0,1.2957418578378246e-08,-7.1351102043031385e-12
44,2700.0,2700,1.776689493050442e-06,1.7766823448337561e-06,1.3486936332915944e-05,0.0,1.959495078433304e-06,1.8281273553985346e-07,0.0,1.2957404713966958e-08,-7.1462686898741465e-12
45,2760.0,2760,1.7757267351988906e-06,1.7757195758190203e-06,1.3511648609817417e-05,0.0,1.9585441491132084e-06,1.8282457516204126e-07,0.0,1.2957390900438295e-08,-7.157352426405706e-12
46,2820.0,2820,1.7747691437022262e-06,1.7747619734406104e-06,1.3536347217402612e-05,0.0,1.9575983365246717e-06,1.828363650883218e-07,0.0,1.2957377137082706e-08,-7.168362132663353e-12
47,2880.0,2880,1.7738166898603633e-06,1.7738095086009005e-06,1.3561032228989992e-05,0.0,1.9566576121417766e-06,1.828481054920561e-07,0.0,1.2957363423194444e-08,-7.179299853379381e-12
48,2940.0,2940,1.7728693452645645e-06,1.7728621531465486e-06,1.3585703717493714e-05,0.0,1.955721947720602e-06,1.8285979654264558e-07,0.0,1.295734975804874e-08,-7.1901670584202715e-12
49,3000.0,3000,1.771927081792747e-06,1.7719198788826262e-06,1.3610361755421514e-05,0.0,1.954791315304647e-06,1.8287143840552327e-07,0.0,1.295733614091024e-08,-7.200966042803694e-12
50,3060.0,3060,1.770989871612404e-06,1.7709826579648382e-06,1.3635006414884326e-05,0.0,1.953865687221421e-06,1.828830312423279e-07,0.0,1.295732257101995e-08,-7.211698659308573e-12
51,3120.0,3120,1.7700576871807769e-06,1.770050462788847e-06,1.3659637767597525e-05,0.0,1.9529450360826203e-06,1.8289457521104725e-07,0.0,1.2957309047601085e-08,-7.222366295714222e-12
52,3180.0,3180,1.7691305012408931e-06,1.7691232662330093e-06,1.3684255884886766e-05,0.0,1.952029334787569e-06,1.8290607046611357e-07,0.0,1.2957295569868303e-08,-7.232971010248428e-12
53,3240.0,3240,1.7682082868272326e-06,1.7682010413176883e-06,1.3708860837690076e-05,0.0,1.9511185565155693e-06,1.8291751715862994e-07,0.0,1.2957282137014123e-08,-7.2435126971555965e-12
54,3300.0,3300,1.767291017254358e-06,1.7672837612706574e-06,1.3733452696563e-05,0.0,1.950212674735117e-06,1.8292891543648078e-07,0.0,1.2957268748245322e-08,-7.2539928318861375e-12
55,3360.0,3360,1.7663786661260604e-06,1.7663713997005403e-06,1.3758031531684295e-05,0.0,1.949311663189852e-06,1.829402654446081e-07,0.0,1.2957255402757003e-08,-7.264410445153336e-12
56,3420.0,3420,1.7654712073228395e-06,1.7654639305013638e-06,1.3782597412856638e-05,0.0,1.948415495905446e-06,1.829515673250917e-07,0.0,1.2957242099771833e-08,-7.274765247287269e-12
57,3480.0,3480,1.76456861500361e-06,1.7645613278994982e-06,1.3807150409513153e-05,0.0,1.9475241471804883e-06,1.829628212174384e-07,0.0,1.2957228838529194e-08,-7.285055905895507e-12
58,3540.0,3540,1.7636708635985368e-06,1.763663566255218e-06,1.3831690590720336e-05,0.0,1.9466375915842996e-06,1.8297402725866443e-07,0.0,1.2957215618303097e-08,-7.295280662264301e-12
59,3600.0,3600,1.762777927804098e-06,1.7627706203196622e-06,1.3856218025181397e-05,0.0,1.9457558039521645e-06,1.829851855835955e-07,0.0,1.2957202438406811e-08,-7.305438096590701e-12
60,3660.0,3660,1.7618897825811732e-06,1.7618824649715457e-06,1.3880732781242507e-05,0.0,1.9448787593758416e-06,1.8299629632497107e-07,0.0,1.2957189298188644e-08,-7.315525073533858e-12
61,3720.0,3720,1.7610064031432547e-06,1.76099907556282e-06,1.3905234926892948e-05,0.0,1.9440064332031455e-06,1.8300735961367672e-07,0.0,1.2957176197061558e-08,-7.325539352748509e-12
62,3780.0,3780,1.7601277649519983e-06,1.760120427466161e-06,1.3929724529772344e-05,0.0,1.943138801031165e-06,1.8301837557881394e-07,0.0,1.2957163134483205e-08,-7.335478961141328e-12
63,3840.0,3840,1.7592538437143706e-06,1.7592464963542513e-06,1.3954201657170238e-05,0.0,1.942275838694513e-06,1.830293443479934e-07,0.0,1.2957150109957822e-08,-7.34534079318431e-12
64,3900.0,3900,1.7583846153723925e-06,1.7583772583014858e-06,1.397866637603347e-05,0.0,1.9414175222647338e-06,1.8304026604741533e-07,0.0,1.2957137123049135e-08,-7.355122794732835e-12
65,3960.0,3960,1.7575200561004268e-06,1.7575126892561092e-06,1.4003118752967144e-05,0.0,1.940563828040079e-06,1.8305114080199122e-07,0.0,1.29571241733676e-08,-7.364822360648746e-12
66,4020.0,4020,1.7566601422947983e-06,1.7566527658550992e-06,1.4027558854238532e-05,0.0,1.9397147325445718e-06,1.8306196873550906e-07,0.0,1.295711126057406e-08,-7.37443775589151e-12
67,4080.0,4080,1.7558048505704218e-06,1.7557974645937397e-06,1.4051986745779703e-05,0.0,1.938870212520738e-06,1.8307274997067242e-07,0.0,1.2957098384369972e-08,-7.383968017540235e-12
68,4140.0,4140,1.7549541577607503e-06,1.7549467623857006e-06,1.4076402493192408e-05,0.0,1.9380302449183048e-06,1.8308348462929162e-07,0.0,1.2957085544482596e-08,-7.393410405038783e-12
69,4200.0,4200,1.754108040902248e-06,1.7541006361869857e-06,1.4100806161748479e-05,0.0,1.9371948069031737e-06,1.8309417283224907e-07,0.0,1.295707274069244e-08,-7.40276564875575e-12
70,4260.0,4260,1.7532664772425456e-06,1.7532590631654607e-06,1.4125197816395962e-05,0.0,1.9363638758382587e-06,1.8310481469968395e-07,0.0,1.2957059972778789e-08,-7.412031989990023e-12
71,4320.0,4320,1.7524294442284092e-06,1.7524220209527526e-06,1.414957752175828e-05,0.0,1.935537429290826e-06,1.831154103509487e-07,0.0,1.2957047240558275e-08,-7.421209872803344e-12
72,4380.0,4380,1.7515969195060353e-06,1.7515894870821384e-06,1.4173945342139514e-05,0.0,1.934715445024634e-06,1.8312595990466126e-07,0.0,1.2957034543850662e-08,-7.430298726534057e-12
73,4440.0,4440,1.7507688809153316e-06,1.7507614395450767e-06,1.4198301341527742e-05,0.0,1.9338979010019504e-06,1.8313646347875715e-07,0.0,1.2957021882491462e-08,-7.439300028232342e-12
74,4500.0,4500,1.7499453064945059e-06,1.7499378562188708e-06,1.4222645583595878e-05,0.0,1.9330847753725993e-06,1.83146921190483e-07,0.0,1.2957009256303155e-08,-7.44821340464208e-12
75,4560.0,4560,1.7491261744701401e-06,1.749118715360215e-06,1.424697813170612e-05,0.0,1.9322760464817846e-06,1.8315733315647258e-07,0.0,1.2956996665120845e-08,-7.457040394753578e-12
76,4620.0,4620,1.7483114632619704e-06,1.748303995460752e-06,1.42712990489105e-05,0.0,1.931471692861849e-06,1.8316769949259252e-07,0.0,1.2956984108763614e-08,-7.465781533296226e-12
77,4680.0,4680,1.747501151476646e-06,1.7474936749924276e-06,1.4295608397957577e-05,0.0,1.930671693235961e-06,1.8317802031411404e-07,0.0,1.295697158704946e-08,-7.474438531153536e-12
78,4740.0,4740,1.7466952179112936e-06,1.7466877328161557e-06,1.4319906241289356e-05,0.0,1.9298760265117498e-06,1.831882957355868e-07,0.0,1.2956959099777081e-08,-7.483011890231747e-12
79,4800.0,4800,1.7458936415476574e-06,1.745886147868061e-06,1.4344192641049092e-05,0.0,1.929084671786696e-06,1.831985258708607e-07,0.0,1.2956946646744378e-08,-7.491503665127027e-12
80,4860.0,4860,1.745096401556308e-06,1.7450888995153805e-06,1.4368467659082397e-05,0.0,1.928297608340135e-06,1.8320871083311627e-07,0.0,1.2956934227722345e-08,-7.499914356269327e-12
81,4920.0,4920,1.7443034772906248e-06,1.7442959669899335e-06,1.4392731356937519e-05,0.0,1.927514815639618e-06,1.8321885073473655e-07,0.0,1.2956921842482388e-08,-7.508245670712884e-12
82,4980.0,4980,1.743514848290224e-06,1.743507329757203e-06,1.441698379587174e-05,0.0,1.926736273334377e-06,1.832289456874417e-07,0.0,1.2956909490775675e-08,-7.516498860492363e-12
83,5040.0,5040,1.7427304942790427e-06,1.7427229675854775e-06,1.4441225036851097e-05,0.0,1.925961961255532e-06,1.8323899580215426e-07,0.0,1.2956897172339385e-08,-7.524674439550737e-12
84,5100.0,5100,1.7419503951613602e-06,1.7419428602593882e-06,1.4465455140554834e-05,0.0,1.9251918594189434e-06,1.832490011890558e-07,0.0,1.2956884886910287e-08,-7.53277387753573e-12
85,5160.0,5160,1.7411745310241616e-06,1.7411669882035493e-06,1.4489674167375955e-05,0.0,1.9244259480203435e-06,1.8325896195753901e-07,0.0,1.2956872634208176e-08,-7.54079807931571e-12
86,5220.0,5220,1.740402882134686e-06,1.740395331277576e-06,1.4513882177427074e-05,0.0,1.9236642074351972e-06,1.8326887821619677e-07,0.0,1.2956860413944826e-08,-7.548747900225741e-12
87,5280.0,5280,1.7396354289409664e-06,1.7396278702344455e-06,1.4538079230538734e-05,0.0,1.9229066182158853e-06,1.8327875007291355e-07,0.0,1.2956848225825637e-08,-7.556623674674274e-12
88,5340.0,5340,1.7388721520665602e-06,1.738864585517079e-06,1.4562265386266094e-05,0.0,1.922153161095392e-06,1.8328857763467408e-07,0.0,1.295683606955763e-08,-7.564426642200474e-12
89,5400.0,5400,1.7381130323138725e-06,1.7381054580695042e-06,1.458644070388948e-05,0.0,1.921403816979791e-06,1.832983610077612e-07,0.0,1.2956823944834384e-08,-7.57215689176904e-12
90,5460.0,5460,1.7373580506588677e-06,1.7373504687011662e-06,1.4610605242413825e-05,0.0,1.920658566951136e-06,1.8330810029757968e-07,0.0,1.2956811851354502e-08,-7.579815226542248e-12
91,5520.0,5520,1.736607188252811e-06,1.7365995987327706e-06,1.4634759060578416e-05,0.0,1.9199173922629707e-06,1.833177956088368e-07,0.0,1.2956799788810477e-08,-7.587401652032648e-12
92,5580.0,5580,1.7358604264166333e-06,1.7358528294334565e-06,1.4658902216853267e-05,0.0,1.9191802743427307e-06,1.833274470453357e-07,0.0,1.2956787756902813e-08,-7.594917033436734e-12
93,5640.0,5640,1.73511774664354e-06,1.7351101421333345e-06,1.468303476944246e-05,0.0,1.918447194785484e-06,1.8333705471019505e-07,0.0,1.2956775755322236e-08,-7.602361470780575e-12
94,5700.0,5700,1.7343791305955863e-06,1.7343715187439265e-06,1.4707156776290548e-05,0.0,1.9177181353540357e-06,1.833466187056663e-07,0.0,1.2956763783766126e-08,-7.609735017374341e-12
95,5760.0,5760,1.733644560100599e-06,1.733636940923984e-06,1.4731268295078933e-05,0.0,1.916993077979031e-06,1.833561391332599e-07,0.0,1.2956751841936891e-08,-7.617038265615664e-12
96,5820.0,5820,1.7329140171536205e-06,1.7329063906635769e-06,1.4755369383233099e-05,0.0,1.9162720047540544e-06,1.8336561609371264e-07,0.0,1.295673992953422e-08,-7.62427093016861e-12
97,5880.0,5880,1.7321874839106493e-06,1.732179850326358e-06,1.4779460097923728e-05,0.0,1.915554897937645e-06,1.8337504968697025e-07,0.0,1.2956728046267855e-08,-7.631433935448522e-12
98,5940.0,5940,1.7314649426931605e-06,1.7314573020005912e-06,1.4803540496065583e-05,0.0,1.91484173994596e-06,1.8338444001223307e-07,0.0,1.2956716191840204e-08,-7.638526387947283e-12
99,6000.0,6000,1.7307463759783e-06,1.7307387283117743e-06,1.4827610634326693e-05,0.0,1.9141325133598333e-06,1.8339378716792121e-07,0.0,1.2956704365974045e-08,-7.645549614451759e-12
100,6060.0,6060,1.7300317664059962e-06,1.7300241117433994e-06,1.4851670569123341e-05,0.0,1.9134272009118413e-06,1.8340309125174203e-07,0.0,1.2956692568375452e-08,-7.652502596464848e-12
101,6120.0,6120,1.729321096769066e-06,1.7293134352046807e-06,1.487572035662702e-05,0.0,1.9127257854954814e-06,1.8341235236061184e-07,0.0,1.2956680798775085e-08,-7.659386314409973e-12
102,6180.0,6180,1.728614350017337e-06,1.7286066815671926e-06,1.4899760052764711e-05,0.0,1.912028250156063e-06,1.8342157059071883e-07,0.0,1.2956669056892328e-08,-7.666200618131618e-12
103,6240.0,6240,1.7279115092547775e-06,1.7279038341977743e-06,1.4923789713221666e-05,0.0,1.911334578090289e-06,1.834307460375494e-07,0.0,1.295665734245553e-08,-7.67294527774796e-12
104,6300.0,6300,1.727212557734246e-06,1.727204875946529e-06,1.4947809393444465e-05,0.0,1.910644752648657e-06,1.834398787958096e-07,0.0,1.2956645655203228e-08,-7.679620977268913e-12
105,6360.0,6360,1.726517478861404e-06,1.7265097905848943e-06,1.49718191486413e-05,0.0,1.9099587573281543e-06,1.8344896895952759e-07,0.0,1.2956633994866893e-08,-7.68622728799257e-12
106,6420.0,6420,1.7258262561881262e-06,1.7258185613532989e-06,1.4995819033785027e-05,0.0,1.9092765757749034e-06,1.834580166220273e-07,0.0,1.295662236119267e-08,-7.69276450217468e-12
107,6480.0,6480,1.7251388734135612e-06,1.7251311720338203e-06,1.5019809103615119e-05,0.0,1.9085981917810657e-06,1.8346702187585693e-07,0.0,1.2956610753926835e-08,-7.699232873978964e-12
108,6540.0,6540,1.7244553143821494e-06,1.7244476065919382e-06,1.5043789412640721e-05,0.0,1.907923589282409e-06,1.8347598481293216e-07,0.0,1.2956599172816757e-08,-7.705632215449245e-12
109,6600.0,6600,1.7237755630814842e-06,1.7237678489504846e-06,1.5067760015140657e-05,0.0,1.9072527523580273e-06,1.8348490552440162e-07,0.0,1.2956587617619439e-08,-7.711962729201786e-12
110,6660.0,6660,1.7230996036407832e-06,1.7230918832303662e-06,1.5091720965167319e-05,0.0,1.906585665229021e-06,1.834937841008054e-07,0.0,1.2956576088093252e-08,-7.718224942075908e-12
111,6720.0,6720,1.7224274203318778e-06,1.722419693777217e-06,1.5115672316548337e-05,0.0,1.9059223122530027e-06,1.8350262063194687e-07,0.0,1.2956564583993706e-08,-7.7244180269144e-12
112,6780.0,6780,1.7217589975631469e-06,1.721751264872257e-06,1.5139614122888246e-05,0.0,1.9052626779291037e-06,1.8351141520692968e-07,0.0,1.2956553105095199e-08,-7.730542533827784e-12
113,6840.0,6840,1.721094319879585e-06,1.7210865811880219e-06,1.5163546437569328e-05,0.0,1.9046067468940806e-06,1.83520167914225e-07,0.0,1.2956541651168729e-08,-7.736599119132166e-12
114,6900.0,6900,1.7204333719658983e-06,1.7204256272479138e-06,1.5187469313755498e-05,0.0,1.9039545039153952e-06,1.8352887884161946e-07,0.0,1.2956530221979452e-08,-7.742586915308465e-12
115,6960.0,6960,1.7197761386381587e-06,1.7197683880058555e-06,1.5211382804394254e-05,0.0,1.903305933898064e-06,1.8353754807622173e-07,0.0,1.2956518817312358e-08,-7.748506491269921e-12
116,7020.0,7020,1.7191226048462033e-06,1.7191148483561717e-06,1.5235286962216402e-05,0.0,1.9026610218788528e-06,1.8354617570451666e-07,0.0,1.2956507436948088e-08,-7.754358045867004e-12
117,7080.0,7080,1.7184727556725392e-06,1.7184649933722768e-06,1.5259181839740223e-05,0.0,1.9020197530247104e-06,1.835547618122894e-07,0.0,1.2956496080669457e-08,-7.760141247407448e-12
118,7140.0,7140,1.7178265763280317e-06,1.7178188083094215e-06,1.5283067489271752e-05,0.0,1.9013821126341257e-06,1.8356330648469265e-07,0.0,1.2956484748269742e-08,-7.765856817384127e-12
119,7200.0,7200,1.7171840521550333e-06,1.717176278423152e-06,1.5306943962908408e-05,0.0,1.9007480861313206e-06,1.835718098062576e-07,0.0,1.2956473439534742e-08,-7.771504260997567e-12
120,7260.0,7260,1.7165451686222384e-06,1.7165373893354346e-06,1.5330811312538687e-05,0.0,1.9001176590689968e-06,1.8358027186087e-07,0.0,1.2956462154263844e-08,-7.777083771415413e-12
121,7320.0,7320,1.7159099113235704e-06,1.7159021265029153e-06,1.5354669589844975e-05,0.0,1.8994908171268758e-06,1.835886927317506e-07,0.0,1.2956450892259426e-08,-7.782595981816087e-12
122,7380.0,7380,1.7152782659805801e-06,1.7152704757263717e-06,1.537851884630519e-05,0.0,1.898867546105926e-06,1.8359707250152468e-07,0.0,1.295643965331598e-08,-7.78804046427288e-12
123,7440.0,7440,1.7146502184373184e-06,1.7146424227574495e-06,1.5402359133196427e-05,0.0,1.8982478319318066e-06,1.8360541125220686e-07,0.0,1.2956428437242263e-08,-7.793417305780949e-12
124,7500.0,7500,1.714025754660213e-06,1.7140179537578178e-06,1.5426190501592424e-05,0.0,1.8976316606531618e-06,1.8361370906515327e-07,0.0,1.2956417243848938e-08,-7.798726798117329e-12
125,7560.0,7560,1.7134048607357572e-06,1.713397054617529e-06,1.5450013002370816e-05,0.0,1.8970190184397104e-06,1.8362196602112454e-07,0.0,1.295640607294775e-08,-7.803969388903613e-12
126,7620.0,7620,1.7127875228739868e-06,1.7127797115436983e-06,1.5473826686209514e-05,0.0,1.8964098915774458e-06,1.8363018220028812e-07,0.0,1.2956394924346234e-08,-7.809144498270157e-12
127,7680.0,7680,1.7121737274007952e-06,1.7121659109781986e-06,1.5497631603591142e-05,0.0,1.895804266474061e-06,1.8363835768216375e-07,0.0,1.2956383797868632e-08,-7.814252776579926e-12
128,7740.0,7740,1.7115634607610986e-06,1.7115556392661354e-06,1.5521427804806397e-05,0.0,1.8952021296533852e-06,1.8364649254574313e-07,0.0,1.2956372693330492e-08,-7.819294292349518e-12
129,7800.0,7800,1.7109567095176868e-06,1.7109488829804865e-06,1.5545215339951533e-05,0.0,1.8946034677536455e-06,1.8365458686937248e-07,0.0,1.2956361610553206e-08,-7.824268578603819e-12
130,7860.0,7860,1.7103534603450187e-06,1.71034562894514e-06,1.5568994258933093e-05,0.0,1.8940082675327162e-06,1.8366264073076347e-07,0.0,1.2956350549368622e-08,-7.82917708294741e-12
131,7920.0,7920,1.7097537000375484e-06,1.7097458637498344e-06,1.5592764611468737e-05,0.0,1.8934165158559853e-06,1.8367065420717358e-07,0.0,1.2956339509590657e-08,-7.834018533446426e-12
132,7980.0,7980,1.709157415498686e-06,1.7091495745479328e-06,1.5616526447088923e-05,0.0,1.8928281997068886e-06,1.8367862737514312e-07,0.0,1.2956328491057952e-08,-7.838793878626487e-12
133,8040.0,8040,1.7085645937463085e-06,1.7085567480273158e-06,1.5640279815137446e-05,0.0,1.89224330617794e-06,1.836865603107234e-07,0.0,1.2956317493598281e-08,-7.843503165065843e-12
134,8100.0,8100,1.707975221910274e-06,1.7079673716927975e-06,1.566402476477508e-05,0.0,1.891661822471948e-06,1.836944530893421e-07,0.0,1.2956306517043218e-08,-7.84814598743037e-12
135,8160.0,8160,1.7073892872270666e-06,1.7073814323464296e-06,1.568776134497983e-05,0.0,1.891083735905666e-06,1.8370230578586394e-07,0.0,1.2956295561236568e-08,-7.852723505755504e-12
136,8220.0,8220,1.7068067770469947e-06,1.7067989176071283e-06,1.5711489604548336e-05,0.0,1.8905090338987013e-06,1.837101184746256e-07,0.0,1.29562846260042e-08,-7.857234900114919e-12
137,8280.0,8280,1.7062276788251146e-06,1.7062198148556961e-06,1.5735209592097822e-05,0.0,1.8899377039834245e-06,1.8371789122934873e-07,0.0,1.2956273711193309e-08,-7.861681135011696e-12
138,8340.0,8340,1.705651980126934e-06,1.7056441119094197e-06,1.5758921356067755e-05,0.0,1.8893697337948859e-06,1.8372562412322696e-07,0.0,1.2956262816638463e-08,-7.866061757672852e-12
139,8400.0,8400,1.7050796686218744e-06,1.705071796103499e-06,1.5782624944721805e-05,0.0,1.8888051110766218e-06,1.837333172289083e-07,0.0,1.295625194218482e-08,-7.870377097041436e-12
140,8460.0,8460,1.7045107320854098e-06,1.7045028553109761e-06,1.5806320406146724e-05,0.0,1.888243823677109e-06,1.8374097061847156e-07,0.0,1.2956241087679167e-08,-7.874627683456962e-12
141,8520.0,8520,1.703945158399206e-06,1.7039372773260843e-06,1.5830007788259854e-05,0.0,1.8876858595465296e-06,1.8374858436344337e-07,0.0,1.2956230252960283e-08,-7.878813061410567e-12
142,8580.0,8580,1.7033829355455914e-06,1.7033750504593584e-06,1.585368713880162e-05,0.0,1.8871312067409446e-06,1.8375615853481376e-07,0.0,1.2956219437881339e-08,-7.882933922117312e-12
143,8640.0,8640,1.7028240516120602e-06,1.7028161624188855e-06,1.5877358505347222e-05,0.0,1.8865798534165216e-06,1.8376369320303798e-07,0.0,1.2956208642287085e-08,-7.88699014805393e-12
144,8700.0,8700,1.7022684947867173e-06,1.7022606016410723e-06,1.5901021935298e-05,0.0,1.8860317878323164e-06,1.8377118843803896e-07,0.0,1.2956197866029202e-08,-7.89098222225597e-12
145,8760.0,8760,1.701716253360017e-06,1.7017083562748543e-06,1.5924677475892004e-05,0.0,1.88548699834544e-06,1.837786443091811e-07,0.0,1.295618710895475e-08,-7.894909767776417e-12
146,8820.0,8820,1.7011673157205384e-06,1.7011594147622535e-06,1.5948325174198437e-05,0.0,1.8849454734160652e-06,1.8378606088532025e-07,0.0,1.2956176370922062e-08,-7.898773576138282e-12
147,8880.0,8880,1.7006216703576966e-06,1.7006137656150085e-06,1.597196507712127e-05,0.0,1.8844072016001248e-06,1.8379343823479283e-07,0.0,1.2956165651780102e-08,-7.902573511337017e-12
148,8940.0,8940,1.7000793058589802e-06,1.7000713973390518e-06,1.5995597231404524e-05,0.0,1.8838721715529287e-06,1.8380077642536811e-07,0.0,1.2956154951383808e-08,-7.90630994457432e-12
149,9000.0,9000,1.6995402109102972e-06,1.6995322987198938e-06,1.601922168362866e-05,0.0,1.8833403720255812e-06,1.8380807552436115e-07,0.0,1.295614426958608e-08,-7.909982276533861e-12
150,9060.0,9060,1.6990043742910729e-06,1.698996458506587e-06,1.604283848021168e-05,0.0,1.882811791869293e-06,1.8381533559848937e-07,0.0,1.2956133606254624e-08,-7.913592051145156e-12
151,9120.0,9120,1.6984717848809613e-06,1.6984638655372512e-06,1.6066447667415543e-05,0.0,1.8822864200265499e-06,1.8382255671402683e-07,0.0,1.2956122961235145e-08,-7.917138520197396e-12
152,9180.0,9180,1.6979424316536032e-06,1.697934508845525e-06,1.6090049291342807e-05,0.0,1.8817642455355973e-06,1.838297389367e-07,0.0,1.295611233438869e-08,-7.920621816352631e-12
153,9240.0,9240,1.6974163036756523e-06,1.6974083774420104e-06,1.6113643397940536e-05,0.0,1.8812452575306846e-06,1.8383688233170716e-07,0.0,1.2956101725580388e-08,-7.924042693175763e-12
154,9300.0,9300,1.6968933901099571e-06,1.69688546039936e-06,1.6137230032999462e-05,0.0,1.880729445236362e-06,1.8384398696379254e-07,0.0,1.2956091134664361e-08,-7.927400754961403e-12
155,9360.0,9360,1.6963736802102065e-06,1.696365747230395e-06,1.6160809242157884e-05,0.0,1.8802167979718969e-06,1.8385105289716345e-07,0.0,1.2956080561506412e-08,-7.9306967302146e-12
156,9420.0,9420,1.6958571633242322e-06,1.6958492272090063e-06,1.618438107090082e-05,0.0,1.8797073051467532e-06,1.8385808019554484e-07,0.0,1.2956070005965014e-08,-7.933930070371626e-12
157,9480.0,9480,1.6953438288887242e-06,1.6953358895568233e-06,1.6207945564563642e-05,0.0,1.8792009562644513e-06,1.838650689221074e-07,0.0,1.295605946791018e-08,-7.937101777916558e-12
158,9540.0,9540,1.6948336664336116e-06,1.6948257239971385e-06,1.6231502768329554e-05,0.0,1.8786977409154747e-06,1.8387201913961992e-07,0.0,1.2956048947199023e-08,-7.940211750182104e-12
159,9600.0,9600,1.694326665579733e-06,1.694318720135717e-06,1.6255052727234338e-05,0.0,1.8781976487797383e-06,1.8387893091029902e-07,0.0,1.2956038443695579e-08,-7.943259490922486e-12
160,9660.0,9660,1.6938228160324737e-06,1.6938148675785851e-06,1.627859548616801e-05,0.0,1.877700669631005e-06,1.8388580429584641e-07,0.0,1.2956027957275978e-08,-7.946246618075643e-12
161,9720.0,9720,1.6933221075929093e-06,1.6933141561256883e-06,1.63021310898726e-05,0.0,1.8772067933236724e-06,1.8389263935754646e-07,0.0,1.2956017487790949e-08,-7.94917161573915e-12
162,9780.0,9780,1.6928245301436195e-06,1.69281657582477e-06,1.6325659582946604e-05,0.0,1.8767160098073417e-06,1.8389943615616423e-07,0.0,1.2956007035123e-08,-7.952036103304922e-12
163,9840.0,9840,1.6923300736585802e-06,1.6923221164843468e-06,1.634918100984498e-05,0.0,1.8762283091132223e-06,1.8390619475196048e-07,0.0,1.2955996599129651e-08,-7.954839601694198e-12
164,9900.0,9900,1.6918387281980347e-06,1.6918307683402227e-06,1.637269541487887e-05,0.0,1.875743681359591e-06,1.8391291520475057e-07,0.0,1.295598617968092e-08,-7.957581970982925e-12
165,9960.0,9960,1.6913504839055217e-06,1.6913425213917913e-06,1.639620284222172e-05,0.0,1.8752621167535655e-06,1.8391959757388257e-07,0.0,1.2955975776652522e-08,-7.960264317781397e-12
166,10020.0,10020,1.6908653310138713e-06,1.6908573658883997e-06,1.6419703335902902e-05,0.0,1.8747836055827237e-06,1.8392624191816776e-07,0.0,1.2955965389906326e-08,-7.962886042304116e-12
167,10080.0,10080,1.6903832598383404e-06,1.6903752921722345e-06,1.6443196939817405e-05,0.0,1.8743081382210162e-06,1.8393284829602625e-07,0.0,1.2955955019316284e-08,-7.965447507719508e-12
168,10140.0,10140,1.6899042607780007e-06,1.689896290534334e-06,1.646668369772059e-05,0.0,1.873835705126539e-06,1.8393941676536316e-07,0.0,1.2955944664754859e-08,-7.967949078723632e-12
169,10200.0,10200,1.689428324316298e-06,1.6894203515556065e-06,1.6490163653231523e-05,0.0,1.873366296840006e-06,1.8394594738359887e-07,0.0,1.2955934326092742e-08,-7.970390966319796e-12
170,10260.0,10260,1.6889554410206836e-06,1.6889474660067604e-06,1.651363684983601e-05,0.0,1.8728999039825562e-06,1.8395244020774747e-07,0.0,1.2955924003199406e-08,-7.972772624793646e-12
171,10320.0,10320,1.6884856015369505e-06,1.6884776241877177e-06,1.6537103330883002e-05,0.0,1.8724365172617699e-06,1.8395889529428188e-07,0.0,1.2955913695958315e-08,-7.975095458333058e-12
172,10380.0,10380,1.688018796596723e-06,1.6880108170447813e-06,1.6560563139592105e-05,0.0,1.8719761274612384e-06,1.8396531269928818e-07,0.0,1.2955903404231874e-08,-7.977358567509152e-12
173,10440.0,10440,1.6875550170100883e-06,1.6875470351778799e-06,1.6584016319049962e-05,0.0,1.871518725449116e-06,1.8397169247837654e-07,0.0,1.2955893127901374e-08,-7.97956290756912e-12
174,10500.0,10500,1.687094253669575e-06,1.6870862697065817e-06,1.66074629122133e-05,0.0,1.8710643021699843e-06,1.8397803468666817e-07,0.0,1.2955882866836967e-08,-7.98170797025024e-12
175,10560.0,10560,1.6866364975462262e-06,1.6866285114247528e-06,1.6630902961908117e-05,0.0,1.8706128486500685e-06,1.8398433937887135e-07,0.0,1.2955872620918444e-08,-7.983794409897191e-12
176,10620.0,10620,1.686181739690085e-06,1.686173751581293e-06,1.665433651083523e-05,0.0,1.870164355994802e-06,1.839906066091858e-07,0.0,1.2955862390020305e-08,-7.985822201736065e-12
177,10680.0,10680,1.6857299712309768e-06,1.6857219811705418e-06,1.6677763601564985e-05,0.0,1.8697188153864635e-06,1.839968364314788e-07,0.0,1.2955852174020444e-08,-7.987791471718032e-12
178,10740.0,10740,1.68528118337559e-06,1.6852731914209193e-06,1.6701184276545905e-05,0.0,1.8692762180863662e-06,1.840030288990243e-07,0.0,1.295584197279675e-08,-7.989702654015336e-12
179,10800.0,10800,1.6848353674093518e-06,1.6848273736857437e-06,1.672459857809827e-05,0.0,1.8688365554320077e-06,1.8400918406474643e-07,0.0,1.295583178622549e-08,-7.99155576981874e-12
180,10860.0,10860,1.6843925146949167e-06,1.6843845191728157e-06,1.674800654842135e-05,0.0,1.8683998188367565e-06,1.8401530198113672e-07,0.0,1.2955821614184556e-08,-7.993350787029677e-12
181,10920.0,10920,1.6839526166702364e-06,1.6839446193370724e-06,1.6771408229589248e-05,0.0,1.8679659997918684e-06,1.840213827001783e-07,0.0,1.2955811456556186e-08,-7.995088119705613e-12
182,10980.0,10980,1.6835156648498808e-06,1.6835076658015011e-06,1.679480366355756e-05,0.0,1.8675350898634622e-06,1.840274262734696e-07,0.0,1.2955801313218953e-08,-7.996767862184185e-12
183,11040.0,11040,1.6830816508235265e-06,1.683073650208561e-06,1.681819289215921e-05,0.0,1.8671070806922412e-06,1.8403343275213963e-07,0.0,1.2955791184052924e-08,-7.99839033212318e-12
184,11100.0,11100,1.6826505662566334e-06,1.6826425641165818e-06,1.684157595710946e-05,0.0,1.8666819639931448e-06,1.8403940218692188e-07,0.0,1.2955781068936805e-08,-7.999955264039517e-12
185,11160.0,11160,1.6822224028878732e-06,1.6822143991642498e-06,1.686495290000451e-05,0.0,1.8662597315559407e-06,1.8404533462809563e-07,0.0,1.2955770967757185e-08,-8.001463237211354e-12
186,11220.0,11220,1.6817971525295101e-06,1.6817891473736921e-06,1.6888323762323732e-05,0.0,1.8658403752441467e-06,1.8405123012547943e-07,0.0,1.2955760880393992e-08,-8.002914537256278e-12
187,11280.0,11280,1.6813748070692973e-06,1.681366800531616e-06,1.691168858542966e-05,0.0,1.8654238869919353e-06,1.8405708872854852e-07,0.0,1.2955750806724982e-08,-8.00430901039476e-12
188,11340.0,11340,1.6809553584671212e-06,1.6809473505323294e-06,1.6935047410570512e-05,0.0,1.8650102588064297e-06,1.840629104862891e-07,0.0,1.2955740746635386e-08,-8.005646384537111e-12
189,11400.0,11400,1.6805387987518368e-06,1.6805307896254847e-06,1.6958400278879608e-05,0.0,1.864599482770902e-06,1.8406869544724407e-07,0.0,1.2955730700016405e-08,-8.006928071409965e-12
190,11460.0,11460,1.680125120029717e-06,1.6801171095863676e-06,1.698174723137873e-05,0.0,1.8641915510331942e-06,1.8407444365961518e-07,0.0,1.2955720666740501e-08,-8.008152799389473e-12
191,11520.0,11520,1.679714314472562e-06,1.6797063028969028e-06,1.7005088308976723e-05,0.0,1.8637864558191412e-06,1.8408015517109774e-07,0.0,1.295571064670363e-08,-8.00932212720747e-12
192,11580.0,11580,1.6793063743288768e-06,1.6792983616714134e-06,1.702842355247088e-05,0.0,1.863384189418452e-06,1.8408583002904809e-07,0.0,1.295570063977934e-08,-8.010434921836212e-12
193,11640.0,11640,1.678901291913024e-06,1.678893278162125e-06,1.705175300254974e-05,0.0,1.8629847441954898e-06,1.8409146828033138e-07,0.0,1.2955690645862636e-08,-8.011492151327084e-12
194,11700.0,11700,1.678499059610629e-06,1.678491044866766e-06,1.7075076699792508e-05,0.0,1.8625881125834302e-06,1.8409706997146076e-07,0.0,1.295568066483671e-08,-8.012494106019342e-12
195,11760.0,11760,1.6780996698793814e-06,1.6780916542022222e-06,1.7098394684669354e-05,0.0,1.8621942870807496e-06,1.8410263514853211e-07,0.0,1.295567069658231e-08,-8.013440005736577e-12
196,11820.0,11820,1.6777031152420795e-06,1.6776950986009386e-06,1.7121706997545297e-05,0.0,1.8618032602592216e-06,1.8410816385718925e-07,0.0,1.2955660740995523e-08,-8.014330684082396e-12
197,11880.0,11880,1.6773093882903697e-06,1.677301370897908e-06,1.714501367867771e-05,0.0,1.861415024758807e-06,1.8411365614268704e-07,0.0,1.295565079796389e-08,-8.015166846506059e-12
198,11940.0,11940,1.6769184816887951e-06,1.6769104635203077e-06,1.716831476821964e-05,0.0,1.8610295732814981e-06,1.8411911204990214e-07,0.0,1.2955640867363945e-08,-8.015947320008242e-12
199,12000.0,12000,1.6765303881641407e-06,1.676522369191028e-06,1.719161030621983e-05,0.0,1.8606468986022378e-06,1.8412453162327666e-07,0.0,1.2955630949095992e-08,-8.016672953379389e-12
200,12060.0,12060,1.6761451005112206e-06,1.6761370809375558e-06,1.7214900332623543e-05,0.0,1.8602669935628335e-06,1.8412991490684404e-07,0.0,1.295562104304947e-08,-8.01734452391742e-12
201,12120.0,12120,1.6757626115949309e-06,1.67575459138024e-06,1.7238184887275062e-05,0.0,1.8598898510668126e-06,1.8413526194428357e-07,0.0,1.2955611149104037e-08,-8.017960998376467e-12
202,12180.0,12180,1.6753829143431906e-06,1.6753748935618666e-06,1.726146400991603e-05,0.0,1.8595154640879395e-06,1.8414057277881817e-07,0.0,1.2955601267158366e-08,-8.018523549134616e-12
203,12240.0,12240,1.675006001753235e-06,1.6749979804716389e-06,1.7284737740189057e-05,0.0,1.8591438256615246e-06,1.8414584745333385e-07,0.0,1.2955591397095513e-08,-8.019031273724176e-12
204,12300.0,12300,1.6746318668830454e-06,1.6746238450867472e-06,1.7308006117636333e-05,0.0,1.8587749288934986e-06,1.8415108601025809e-07,0.0,1.295558153881714e-08,-8.019485321334268e-12
205,12360.0,12360,1.674260502859154e-06,1.6742524806821624e-06,1.7331269181701577e-05,0.0,1.8584087669507459e-06,1.8415628849165986e-07,0.0,1.2955571692207118e-08,-8.019885461760536e-12
206,12420.0,12420,1.6738919028720556e-06,1.6738838804451105e-06,1.7354526971732825e-05,0.0,1.8580453330647909e-06,1.8416145493919946e-07,0.0,1.2955561857158142e-08,-8.020231691226895e-12
207,12480.0,12480,1.6735260601764321e-06,1.6735180373758e-06,1.7377779526978794e-05,0.0,1.85768462053152e-06,1.841665853942004e-07,0.0,1.295555203356386e-08,-8.020524470100118e-12
208,12540.0,12540,1.6731629680912403e-06,1.6731549450612048e-06,1.7401026886595853e-05,0.0,1.8573266227099294e-06,1.8417167989751684e-07,0.0,1.2955542221315482e-08,-8.020763718734177e-12
209,12600.0,12600,1.6728026199991037e-06,1.6727945967886224e-06,1.7424269089641904e-05,0.0,1.8569713330219162e-06,1.84176738489679e-07,0.0,1.2955532420305428e-08,-8.020949412761236e-12
210,12660.0,12660,1.6724450093436167e-06,1.6724369860109839e-06,1.7447506175083047e-05,0.0,1.8566187449540174e-06,1.8418176121079128e-07,0.0,1.2955522630433054e-08,-8.021082152179016e-12
211,12720.0,12720,1.6720901296334137e-06,1.6720821061927637e-06,1.7470738181793026e-05,0.0,1.8562688520531683e-06,1.8418674810061676e-07,0.0,1.2955512851588476e-08,-8.021161832753886e-12
212,12780.0,12780,1.6717379744387088e-06,1.6717299509374525e-06,1.749396514855213e-05,0.0,1.8559216479287525e-06,1.8419169919848616e-07,0.0,1.295550308366548e-08,-8.02118860383177e-12
213,12840.0,12840,1.6713885373913138e-06,1.671380513991242e-06,1.751718711404996e-05,0.0,1.8555771262523954e-06,1.8419661454338243e-07,0.0,1.2955493326560567e-08,-8.02116279563575e-12
214,12900.0,12900,1.6710418121860108e-06,1.67103378880482e-06,1.754040411688515e-05,0.0,1.8552352807544846e-06,1.8420149417391692e-07,0.0,1.29554835801663e-08,-8.021084038787364e-12
215,12960.0,12960,1.6706977925760681e-06,1.6706897693585628e-06,1.756361619556927e-05,0.0,1.8548961052306396e-06,1.8420633812829676e-07,0.0,1.2955473844384745e-08,-8.020953200919125e-12
216,13020.0,13020,1.6703564723787842e-06,1.6703484493076837e-06,1.758682338852182e-05,0.0,1.854559593532357e-06,1.8421114644437485e-07,0.0,1.2955464119105616e-08,-8.020769793396567e-12
217,13080.0,13080,1.670017845469405e-06,1.6700098226427292e-06,1.76100257340769e-05,0.0,1.8542257395744519e-06,1.8421591915961077e-07,0.0,1.2955454404229894e-08,-8.020534521942106e-12
218,13140.0,13140,1.6696819057854685e-06,1.6696738832596165e-06,1.7633223270482372e-05,0.0,1.853894537329147e-06,1.8422065631112933e-07,0.0,1.2955444699650414e-08,-8.020247072390048e-12
219,13200.0,13200,1.6693486473234501e-06,1.6693406251709375e-06,1.7656416035896534e-05,0.0,1.8535659808289236e-06,1.8422535793565122e-07,0.0,1.2955435005267073e-08,-8.019907417343677e-12
220,13260.0,13260,1.669018064137007e-06,1.669010042382052e-06,1.767960406839645e-05,0.0,1.8532400641678772e-06,1.842300240695103e-07,0.0,1.2955425320983025e-08,-8.019516461327422e-12
221,13320.0,13320,1.6686901503415324e-06,1.668682128934864e-06,1.7702787405973795e-05,0.0,1.8529167814958078e-06,1.8423465474869917e-07,0.0,1.2955415646689749e-08,-8.019074015870113e-12
222,13380.0,13380,1.66836490011207e-06,1.66835687924653e-06,1.7725966086535674e-05,0.0,1.8525961270199223e-06,1.8423925000888013e-07,0.0,1.2955405982283607e-08,-8.018579753312656e-12
223,13440.0,13440,1.6680423076794363e-06,1.6680342873452537e-06,1.7749140147907133e-05,0.0,1.8522780950084859e-06,1.842438098852765e-07,0.0,1.2955396327670204e-08,-8.018034259713846e-12
224,13500.0,13500,1.6677223673330202e-06,1.667714347647044e-06,1.7772309627831158e-05,0.0,1.851962679786963e-06,1.8424833441278998e-07,0.0,1.295538668274821e-08,-8.017437868570593e-12
225,13560.0,13560,1.6674050734223128e-06,1.6673970543390101e-06,1.779547456397146e-05,0.0,1.8516498757355123e-06,1.8425282362596804e-07,0.0,1.2955377047411685e-08,-8.016789953864418e-12
226,13620.0,13620,1.6670904203505965e-06,1.6670824019997512e-06,1.781863499390913e-05,0.0,1.8513396772952482e-06,1.8425727755897777e-07,0.0,1.295536742156976e-08,-8.016091520389588e-12
227,13680.0,13680,1.666778402580943e-06,1.6667703849871032e-06,1.7841790955146534e-05,0.0,1.8510320789615266e-06,1.8426169624560387e-07,0.0,1.295535780511622e-08,-8.01534219710329e-12
228,13740.0,13740,1.6664690146321617e-06,1.666460997858351e-06,1.786494248510843e-05,0.0,1.8507270752869036e-06,1.842660797193376e-07,0.0,1.2955348197955444e-08,-8.014542286142429e-12
229,13800.0,13800,1.66616225107974e-06,1.6661542350441064e-06,1.7888089621141416e-05,0.0,1.8504246608801591e-06,1.8427042801324864e-07,0.0,1.2955338599986647e-08,-8.01369203922555e-12
230,13860.0,13860,1.6658581065564857e-06,1.6658500915962757e-06,1.7911232400514755e-05,0.0,1.850124830404387e-06,1.8427474116009589e-07,0.0,1.295532901111041e-08,-8.012791149643836e-12
231,13920.0,13920,1.6655565757485452e-06,1.6655485616823226e-06,1.7934370860422878e-05,0.0,1.8498275785809574e-06,1.8427901919225794e-07,0.0,1.2955319431233553e-08,-8.011840472784494e-12
232,13980.0,13980,1.6652576534013502e-06,1.6652496402578362e-06,1.795750503798261e-05,0.0,1.8495329001827016e-06,1.8428326214178956e-07,0.0,1.2955309860249997e-08,-8.010838975923906e-12
233,14040.0,14040,1.664961334310282e-06,1.664953322248329e-06,1.798063497023873e-05,0.0,1.8492407900430923e-06,1.842874700403544e-07,0.0,1.2955300298076074e-08,-8.009788398903211e-12
234,14100.0,14100,1.664667613331536e-06,1.6646596023280558e-06,1.8003760694159244e-05,0.0,1.8489512430436563e-06,1.842916429192683e-07,0.0,1.2955290744600815e-08,-8.008687530069146e-12
235,14160.0,14160,1.6643764853722998e-06,1.6643684755158551e-06,1.802688224664317e-05,0.0,1.8486642541244405e-06,1.8429578080955165e-07,0.0,1.2955281199734982e-08,-8.007536907148309e-12
236,14220.0,14220,1.6640879453944398e-06,1.6640799367360747e-06,1.80499996645133e-05,0.0,1.848379818279491e-06,1.8429988374181401e-07,0.0,1.2955271663384041e-08,-8.00633698947731e-12
237,14280.0,14280,1.6638019884152986e-06,1.6637939809963738e-06,1.8073112984523455e-05,0.0,1.8480979305550118e-06,1.843039517463434e-07,0.0,1.2955262135447618e-08,-8.005087642312223e-12
238,14340.0,14340,1.663518609505455e-06,1.6635106034314662e-06,1.80962222433554e-05,0.0,1.8478185860512751e-06,1.8430798485310393e-07,0.0,1.2955252615830905e-08,-8.003789008738872e-12
239,14400.0,14400,1.663237803789643e-06,1.6632297991556203e-06,1.811932747762219e-05,0.0,1.8475417799209547e-06,1.8431198309168817e-07,0.0,1.2955243104439097e-08,-8.002440823460566e-12
240,14460.0,14460,1.6629595664428242e-06,1.662951563214779e-06,1.814242872386734e-05,0.0,1.8472675073739223e-06,1.843159464913388e-07,0.0,1.29552336011835e-08,-8.001044476150663e-12
241,14520.0,14520,1.6626838926986544e-06,1.6626758908582097e-06,1.816552601856594e-05,0.0,1.8469957636652875e-06,1.8431987508097028e-07,0.0,1.2955224105955725e-08,-7.999598538827673e-12
242,14580.0,14580,1.6624107778388082e-06,1.6624027774426065e-06,1.81886193981252e-05,0.0,1.846726544108575e-06,1.8432376888918417e-07,0.0,1.295521461867319e-08,-7.998104089622495e-12
243,14640.0,14640,1.6621402171996902e-06,1.6621322184712933e-06,1.821170889888446e-05,0.0,1.8464598440671376e-06,1.8432762794418003e-07,0.0,1.2955205139237829e-08,-7.99656091015676e-12
244,14700.0,14700,1.6618722061685753e-06,1.6618642089469925e-06,1.823479455711825e-05,0.0,1.8461956589574235e-06,1.8433145227387048e-07,0.0,1.2955195667557962e-08,-7.994969353986764e-12
245,14760.0,14760,1.6616067401857651e-06,1.6615987446832576e-06,1.8257876409037104e-05,0.0,1.8459339842467513e-06,1.8433524190583351e-07,0.0,1.2955186203538236e-08,-7.993329307806665e-12
246,14820.0,14820,1.6613438147421707e-06,1.6613358208726796e-06,1.8280954490783704e-05,0.0,1.845674815454527e-06,1.8433899686723638e-07,0.0,1.2955176747087922e-08,-7.991641379444769e-12
247,14880.0,14880,1.6610834253830327e-06,1.6610754332605556e-06,1.830402883843841e-05,0.0,1.845418148148593e-06,1.8434271718501378e-07,0.0,1.295516729810814e-08,-7.989904634586048e-12
248,14940.0,14940,1.6608255677000468e-06,1.6608175774141199e-06,1.8327099488018714e-05,0.0,1.8451639779532952e-06,1.84346402885681e-07,0.0,1.2955157856518207e-08,-7.988120749117363e-12
249,15000.0,15000,1.6605702373412556e-06,1.6605622487951103e-06,1.8350166475478692e-05,0.0,1.8449123005369298e-06,1.843500539954904e-07,0.0,1.2955148422212453e-08,-7.986288505125582e-12
250,15060.0,15060,1.6603174300019208e-06,1.660309443329079e-06,1.8373229836711222e-05,0.0,1.844663111622837e-06,1.8435367054031827e-07,0.0,1.2955138995106395e-08,-7.98440856902195e-12
251,15120.0,15120,1.6600671414287483e-06,1.660059156726691e-06,1.83962896075477e-05,0.0,1.844416406983627e-06,1.843572525457194e-07,0.0,1.2955129575109163e-08,-7.982481109727184e-12
252,15180.0,15180,1.6598193674191232e-06,1.6598113847154243e-06,1.8419345823760275e-05,0.0,1.8441721824410426e-06,1.8436080003691167e-07,0.0,1.2955120162127312e-08,-7.98050618703475e-12
253,15240.0,15240,1.6595741038196146e-06,1.6595661230217128e-06,1.8442398521059625e-05,0.0,1.8439304338674528e-06,1.8436431303880866e-07,0.0,1.2955110756070108e-08,-7.978483989840379e-12
254,15300.0,15300,1.659331346528514e-06,1.6593233678573114e-06,1.8465447735099115e-05,0.0,1.8436911571835243e-06,1.8436779157597416e-07,0.0,1.2955101356845329e-08,-7.97641445889466e-12
255,15360.0,15360,1.6590910914921838e-06,1.65908311495919e-06,1.8488493501473705e-05,0.0,1.8434543483598209e-06,1.8437123567265243e-07,0.0,1.2955091964364687e-08,-7.97429762581785e-12
256,15420.0,15420,1.6588533347052498e-06,1.6588453603138023e-06,1.851153585572105e-05,0.0,1.8432200034182632e-06,1.8437464535274874e-07,0.0,1.2955082578540709e-08,-7.97213421491781e-12
257,15480.0,15480,1.6586180722142157e-06,1.6586101000870747e-06,1.8534574833320374e-05,0.0,1.8429881184258702e-06,1.843780206398489e-07,0.0,1.2955073199277096e-08,-7.96992376578904e-12
258,15540.0,15540,1.6583853001132916e-06,1.6583773301614428e-06,1.8557610469696958e-05,0.0,1.8427586895003927e-06,1.8438136155723878e-07,0.0,1.2955063826487871e-08,-7.967666609779128e-12
259,15600.0,15600,1.6581550145453852e-06,1.6581470469867924e-06,1.858064280021821e-05,0.0,1.8425317128074259e-06,1.843846681278588e-07,0.0,1.2955054460082438e-08,-7.965362688031513e-12
260,15660.0,15660,1.6579272117010754e-06,1.657919246404442e-06,1.860367186020064e-05,0.0,1.842307184562393e-06,1.8438794037431026e-07,0.0,1.295504509997482e-08,-7.96301277813749e-12
261,15720.0,15720,1.657701887822663e-06,1.6576939250110819e-06,1.8626697684903168e-05,0.0,1.8420851010247026e-06,1.8439117831893153e-07,0.0,1.2955035746067628e-08,-7.96061589167306e-12
262,15780.0,15780,1.6574790391962094e-06,1.657471078750293e-06,1.8649720309532426e-05,0.0,1.8418654585066159e-06,1.8439438198365246e-07,0.0,1.295502639828263e-08,-7.958172978705939e-12
263,15840.0,15840,1.6572586621572893e-06,1.657250704208369e-06,1.8672739769243584e-05,0.0,1.8416482533660484e-06,1.8439755139017249e-07,0.0,1.2955017056527734e-08,-7.955684375740997e-12
264,15900.0,15900,1.6570407530920876e-06,1.6570327977836646e-06,1.8695756099138394e-05,0.0,1.8414334820053884e-06,1.8440068655981295e-07,0.0,1.2955007720707998e-08,-7.953149067799412e-12
265,15960.0,15960,1.656825308429645e-06,1.6568173556353602e-06,1.8718769334267163e-05,0.0,1.8412211408795288e-06,1.8440378751358007e-07,0.0,1.2954998390746955e-08,-7.950568411502018e-12
266,16020.0,16020,1.6566123246499243e-06,1.6566043744682325e-06,1.8741779509631223e-05,0.0,1.8410112264862006e-06,1.8440685427221923e-07,0.0,1.2954989066547895e-08,-7.947941777304476e-12
267,16080.0,16080,1.656401798278404e-06,1.656393850797242e-06,1.876478666018073e-05,0.0,1.8408037353722321e-06,1.8440988685608903e-07,0.0,1.2954979748027557e-08,-7.945269544660952e-12
268,16140.0,16140,1.6561937258875907e-06,1.6561857810693884e-06,1.8787790820815776e-05,0.0,1.8405986641308363e-06,1.844128852852634e-07,0.0,1.2954970435097927e-08,-7.942552081271586e-12
269,16200.0,16200,1.6559881040990537e-06,1.6559801621634438e-06,1.8810792026389987e-05,0.0,1.8403960093993163e-06,1.8441584957952283e-07,0.0,1.295496112766705e-08,-7.939788636991856e-12
270,16260.0,16260,1.6557849295768874e-06,1.6557769903472488e-06,1.883379031170776e-05,0.0,1.8401957678659844e-06,1.8441877975829362e-07,0.0,1.2954951825658051e-08,-7.936980435598389e-12
271,16320.0,16320,1.6555841990353262e-06,1.655576262716184e-06,1.8856785711526755e-05,0.0,1.8399979362610876e-06,1.8442167584070648e-07,0.0,1.2954942528975443e-08,-7.934126690671559e-12
272,16380.0,16380,1.6553859092318775e-06,1.6553779757258199e-06,1.8879778260557345e-05,0.0,1.8398025113639697e-06,1.8442453784557489e-07,0.0,1.2954933237539634e-08,-7.93122828303475e-12
273,16440.0,16440,1.6551900569732504e-06,1.6551821264179367e-06,1.890276799346345e-05,0.0,1.8396094899970212e-06,1.8442736579140585e-07,0.0,1.2954923951258397e-08,-7.92828495722222e-12
274,16500.0,16500,1.6549966391112167e-06,1.6549887115758594e-06,1.8925754944865597e-05,0.0,1.8394188690283223e-06,1.8443015969641952e-07,0.0,1.2954914670044667e-08,-7.925296355993824e-12
275,16560.0,16560,1.6548056525409093e-06,1.6547977280528384e-06,1.8948739149338133e-05,0.0,1.8392306453749112e-06,1.8443291957847532e-07,0.0,1.2954905393821161e-08,-7.922263543301465e-12
276,16620.0,16620,1.654617094206105e-06,1.6546091727812632e-06,1.897172064141145e-05,0.0,1.8390448159954817e-06,1.8443564545515443e-07,0.0,1.2954896122495111e-08,-7.919186020713832e-12
277,16680.0,16680,1.6544309610945318e-06,1.654423042774958e-06,1.899469945557339e-05,0.0,1.8388613778953916e-06,1.844383373437252e-07,0.0,1.2954886855982849e-08,-7.916063884274097e-12
278,16740.0,16740,1.654247250238704e-06,1.6542393351135338e-06,1.9017675626268396e-05,0.0,1.8386803281259304e-06,1.8444099526114297e-07,0.0,1.2954877594201518e-08,-7.912897735216126e-12
279,16800.0,16800,1.65406595871818e-06,1.6540580468697695e-06,1.904064918789946e-05,0.0,1.8385016637806703e-06,1.8444361922406536e-07,0.0,1.2954868337061341e-08,-7.909687240388806e-12
280,16860.0,16860,1.6538870836563133e-06,1.6538791749979952e-06,1.9063620174827295e-05,0.0,1.8383253819992898e-06,1.8444620924883485e-07,0.0,1.2954859084479326e-08,-7.906432471504457e-12
281,16920.0,16920,1.6537106222209654e-06,1.653702716908689e-06,1.9086588621372005e-05,0.0,1.8381514799668096e-06,1.8444876535147236e-07,0.0,1.295484983637398e-08,-7.903133821268634e-12
282,16980.0,16980,1.653536571624591e-06,1.6535286696043388e-06,1.9109554561814187e-05,0.0,1.8379799549124446e-06,1.8445128754769666e-07,0.0,1.2954840592658509e-08,-7.899791620104802e-12
283,17040.0,17040,1.6533649291263081e-06,1.6533570304342248e-06,1.9132518030394662e-05,0.0,1.8378108041067872e-06,1.8445377585300487e-07,0.0,1.2954831353243948e-08,-7.896405260023289e-12
284,17100.0,17100,1.6531956920271865e-06,1.6531877967310764e-06,1.9155479061314478e-05,0.0,1.8376440248681014e-06,1.8445623028245733e-07,0.0,1.2954822118052607e-08,-7.892975338593604e-12
285,17160.0,17160,1.6530288576732202e-06,1.6530209659441578e-06,1.9178437688737675e-05,0.0,1.83747961455742e-06,1.8445865085089052e-07,0.0,1.2954812886999048e-08,-7.889501924998401e-12
286,17220.0,17220,1.6528644234545457e-06,1.6528565351989616e-06,1.9201393946788807e-05,0.0,1.8373175705797963e-06,1.8446103757281927e-07,0.0,1.2954803659999196e-08,-7.885985149679617e-12
287,17280.0,17280,1.6527023868056326e-06,1.6526945020717719e-06,1.922434786955876e-05,0.0,1.8371578903832954e-06,1.8446339046243892e-07,0.0,1.2954794436968571e-08,-7.882425199041172e-12
288,17340.0,17340,1.652542745205423e-06,1.652534864133866e-06,1.9247299491099195e-05,0.0,1.837000571458995e-06,1.844657095336798e-07,0.0,1.2954785217821191e-08,-7.878821892632053e-12
289,17400.0,17400,1.6523854961751933e-06,1.6523776187490587e-06,1.9270248845426175e-05,0.0,1.8368456113429663e-06,1.844679948001548e-07,0.0,1.295477600247733e-08,-7.875175401038068e-12
290,17460.0,17460,1.652230637279823e-06,1.6522227635366637e-06,1.9293195966521825e-05,0.0,1.83669300761471e-06,1.844702462751531e-07,0.0,1.2954766790855356e-08,-7.871486356898188e-12
291,17520.0,17520,1.6520781661294637e-06,1.6520702960953235e-06,1.9316140888333216e-05,0.0,1.8365427578941662e-06,1.8447246397171177e-07,0.0,1.2954757582865757e-08,-7.867754027491939e-12
292,17580.0,17580,1.6519280803751581e-06,1.6519202141987883e-06,1.9339083644773212e-05,0.0,1.8363948598483895e-06,1.8447464790248756e-07,0.0,1.295474837843234e-08,-7.863979307200966e-12
293,17640.0,17640,1.6517803777134123e-06,1.6517725153543568e-06,1.9362024269722396e-05,0.0,1.8362493111834831e-06,1.8447679807993945e-07,0.0,1.2954739177467088e-08,-7.860161734942833e-12
294,17700.0,17700,1.651635055882041e-06,1.6516271972869778e-06,1.9384962797025485e-05,0.0,1.8361061096512742e-06,1.844789145161396e-07,0.0,1.2954729979891492e-08,-7.856301975598041e-12
295,17760.0,17760,1.651492112664148e-06,1.6514842579426938e-06,1.9407899260499916e-05,0.0,1.8359652530432992e-06,1.8448099722293196e-07,0.0,1.2954720785616996e-08,-7.852399407935549e-12
296,17820.0,17820,1.6513515458827376e-06,1.6513436951788978e-06,1.943083369392865e-05,0.0,1.8358267391970616e-06,1.8448304621180197e-07,0.0,1.295471159456944e-08,-7.848454772502061e-12
297,17880.0,17880,1.6512133534049737e-06,1.651205506757883e-06,1.9453766131064315e-05,0.0,1.835690565991095e-06,1.844850614939677e-07,0.0,1.2954702406662166e-08,-7.844468179817832e-12
298,17940.0,17940,1.6510775331422137e-06,1.6510696904953865e-06,1.947669660562895e-05,0.0,1.835556731344373e-06,1.8448704308036252e-07,0.0,1.2954693221809875e-08,-7.840439046387943e-12
299,18000.0,18000,1.6509440830449513e-06,1.6509362443624688e-06,1.9499625151315372e-05,0.0,1.8354252332223226e-06,1.8448899098158519e-07,0.0,1.2954684039938273e-08,-7.836368557849926e-12
300,18060.0,18060,1.6508130011102208e-06,1.6508051665737802e-06,1.95225518017886e-05,0.0,1.8352960696272983e-06,1.844909052079845e-07,0.0,1.295467486095554e-08,-7.832255552774227e-12
301,18120.0,18120,1.6506842853729048e-06,1.6506764550612284e-06,1.954547659068304e-05,0.0,1.8351692386092217e-06,1.844927857695637e-07,0.0,1.2954665684791997e-08,-7.828101436961603e-12
302,18180.0,18180,1.6505579339140285e-06,1.6505501077722993e-06,1.9568399551605285e-05,0.0,1.8350447382554282e-06,1.8449463267608052e-07,0.0,1.2954656511354878e-08,-7.823905469085862e-12
303,18240.0,18240,1.6504339448553678e-06,1.6504261229184442e-06,1.959132071813773e-05,0.0,1.8349225666964395e-06,1.8449644593695146e-07,0.0,1.295464734056744e-08,-7.819667889108578e-12
304,18300.0,18300,1.6503123163599554e-06,1.6503044987022652e-06,1.9614240123832167e-05,0.0,1.8348027221059974e-06,1.8449822556132785e-07,0.0,1.2954638172349274e-08,-7.815388861273833e-12
305,18360.0,18360,1.6501930466320978e-06,1.6501852333712029e-06,1.963715780221758e-05,0.0,1.8346852026998134e-06,1.8449997155806553e-07,0.0,1.2954629006620515e-08,-7.811069097394879e-12
306,18420.0,18420,1.6500761339221902e-06,1.6500683249281327e-06,1.96600737867943e-05,0.0,1.834570006730143e-06,1.8450168393571823e-07,0.0,1.2954619843290569e-08,-7.806707498006698e-12
307,18480.0,18480,1.6499615765176248e-06,1.6499537720401147e-06,1.9682988111042077e-05,0.0,1.8344571324967398e-06,1.8450336270255066e-07,0.0,1.295461068228894e-08,-7.802305076672718e-12
308,18540.0,18540,1.6498493727486319e-06,1.6498415727015234e-06,1.9705900808412287e-05,0.0,1.83434657833917e-06,1.845050078665276e-07,0.0,1.2954601523531012e-08,-7.797861952478054e-12
309,18600.0,18600,1.649739520989619e-06,1.6497317254011985e-06,1.9728811912334322e-05,0.0,1.834238342635179e-06,1.8450661943532702e-07,0.0,1.2954592366931483e-08,-7.79337770147372e-12
310,18660.0,18660,1.649632019654128e-06,1.649624228565652e-06,1.9751721456213667e-05,0.0,1.834132423806776e-06,1.8450819741632474e-07,0.0,1.2954583212414021e-08,-7.7888524767393e-12
311,18720.0,18720,1.6495268671959846e-06,1.6495190807045167e-06,1.9774629473436877e-05,0.0,1.8340288203180086e-06,1.8450974181661196e-07,0.0,1.2954574059901615e-08,-7.78428718453329e-12
312,18780.0,18780,1.6494240621136941e-06,1.6494162801690595e-06,1.979753599736325e-05,0.0,1.833927530670756e-06,1.845112526430104e-07,0.0,1.2954564909304888e-08,-7.779681150197004e-12
313,18840.0,18840,1.6493236029455589e-06,1.649315825721301e-06,1.9820441061334292e-05,0.0,1.8338285534090047e-06,1.8451272990200483e-07,0.0,1.295455576054615e-08,-7.775034272167714e-12
314,18900.0,18900,1.6492254882684764e-06,1.6492177156876987e-06,1.9843344698670072e-05,0.0,1.833731887120971e-06,1.84514173599815e-07,0.0,1.2954546613552056e-08,-7.770347914130211e-12
315,18960.0,18960,1.6491297167058862e-06,1.6491219489195134e-06,1.9866246942670088e-05,0.0,1.8336375304293291e-06,1.8451558374237597e-07,0.0,1.2954537468228748e-08,-7.765620607327023e-12
316,19020.0,19020,1.6490362869177373e-06,1.649028523887382e-06,1.988914782661436e-05,0.0,1.8335454820032424e-06,1.845169603353076e-07,0.0,1.2954528324507773e-08,-7.760853354148832e-12
317,19080.0,19080,1.6489451976051309e-06,1.648937439376552e-06,1.9912047383763432e-05,0.0,1.8334557405518268e-06,1.8451830338393645e-07,0.0,1.2954519182307091e-08,-7.756046765075764e-12
318,19140.0,19140,1.6488564475148572e-06,1.6488486941985753e-06,1.993494564736201e-05,0.0,1.8333683048192127e-06,1.8451961289338908e-07,0.0,1.295451004153502e-08,-7.751199396238225e-12
319,19200.0,19200,1.6487700354281305e-06,1.6487622869007249e-06,1.9957842650632524e-05,0.0,1.8332831735983497e-06,1.8452088886835314e-07,0.0,1.2954500902126773e-08,-7.74631300217977e-12
320,19260.0,19260,1.6486859601727755e-06,1.6486782166043474e-06,1.9980738426784344e-05,0.0,1.8332003457154629e-06,1.8452213131333148e-07,0.0,1.295449176398985e-08,-7.741386271939941e-12
321,19320.0,19320,1.6486042206122753e-06,1.6485964820290072e-06,2.0003633009007643e-05,0.0,1.8331198200430932e-06,1.8452334023252275e-07,0.0,1.2954482627055117e-08,-7.736420431128726e-12
322,19380.0,19380,1.6485248156538202e-06,1.6485170820212888e-06,2.002652643047813e-05,0.0,1.833041595490709e-06,1.8452451562977784e-07,0.0,1.2954473491235239e-08,-7.731415140061413e-12
323,19440.0,19440,1.6484477442456655e-06,1.6484400156587269e-06,2.0049418724353704e-05,0.0,1.8329656710077992e-06,1.845256575087456e-07,0.0,1.2954464356449671e-08,-7.726370327331736e-12
324,19500.0,19500,1.6483730053746801e-06,1.6483652818442177e-06,2.0072309923780867e-05,0.0,1.8328920455862752e-06,1.8452676587271844e-07,0.0,1.2954455222622487e-08,-7.721286076746275e-12
325,19560.0,19560,1.6483005980678245e-06,1.648292879714825e-06,2.0095200061888317e-05,0.0,1.8328207182590776e-06,1.8452784072471054e-07,0.0,1.2954446089675995e-08,-7.716163354867162e-12
326,19620.0,19620,1.6482305213963742e-06,1.6482228082934227e-06,2.011808917179279e-05,0.0,1.8327516880944051e-06,1.8452888206748845e-07,0.0,1.2954436957520686e-08,-7.711000871400513e-12
327,19680.0,19680,1.6481627744671073e-06,1.648155066524285e-06,2.0140977286598222e-05,0.0,1.832684954206842e-06,1.8452988990348832e-07,0.0,1.2954427826087695e-08,-7.705800135654695e-12
328,19740.0,19740,1.648097356432004e-06,1.648089653679962e-06,2.0163864439394093e-05,0.0,1.8326205157449081e-06,1.8453086423486377e-07,0.0,1.29544186952867e-08,-7.700560004215419e-12
329,19800.0,19800,1.6480342664793634e-06,1.6480265689432935e-06,2.0186750663260138e-05,0.0,1.8325583719025707e-06,1.8453180506350334e-07,0.0,1.2954409565048158e-08,-7.6952814369027e-12
330,19860.0,19860,1.6479735038395228e-06,1.6479658118121296e-06,2.0209635991261353e-05,0.0,1.8324985219111754e-06,1.8453271239097174e-07,0.0,1.295440043528677e-08,-7.689964404340433e-12
331,19920.0,19920,1.647915067784093e-06,1.647907380965822e-06,2.023252045645467e-05,0.0,1.8324409650412555e-06,1.8453358621858157e-07,0.0,1.2954391305921178e-08,-7.684608575215144e-12
332,19980.0,19980,1.6478589576228816e-06,1.6478512762605043e-06,2.0255404091886443e-05,0.0,1.8323857006054516e-06,1.8453442654731731e-07,0.0,1.295438217687654e-08,-7.679214379638642e-12
333,20040.0,20040,1.647805172706343e-06,1.6477974967171042e-06,2.0278286930592463e-05,0.0,1.8323327279559748e-06,1.845352333779222e-07,0.0,1.2954373048072585e-08,-7.673782192069894e-12
334,20100.0,20100,1.6477537124270231e-06,1.6477460419800327e-06,2.0301169005599335e-05,0.0,1.8322820464827627e-06,1.845360067108091e-07,0.0,1.295436391942551e-08,-7.668311394178895e-12
335,20160.0,20160,1.6477045762143597e-06,1.6476969113225006e-06,2.0324050349923934e-05,0.0,1.8322336556187305e-06,1.8453674654611066e-07,0.0,1.2954354790861286e-08,-7.662803003841244e-12
336,20220.0,20220,1.6476577635416893e-06,1.6476501041437118e-06,2.0346930996579235e-05,0.0,1.8321875548331636e-06,1.8453745288372901e-07,0.0,1.2954345662293939e-08,-7.657256340765745e-12
337,20280.0,20280,1.647613273919919e-06,1.647605620061895e-06,2.0369810978565146e-05,0.0,1.832143743637178e-06,1.8453812572319478e-07,0.0,1.2954336533647541e-08,-7.651671634625168e-12
338,20340.0,20340,1.647571106899195e-06,1.6475634586424786e-06,2.0392690328877955e-05,0.0,1.832102221583267e-06,1.845387650637908e-07,0.0,1.2954327404845895e-08,-7.646049451022507e-12
339,20400.0,20400,1.647531262072259e-06,1.64752361946094e-06,2.0415569080507825e-05,0.0,1.8320629882604338e-06,1.8453937090450652e-07,0.0,1.2954318275804383e-08,-7.640389651716776e-12
340,20460.0,20460,1.6474937390710387e-06,1.6474861021796846e-06,2.0438447266437137e-05,0.0,1.832026043298121e-06,1.8453994324406192e-07,0.0,1.2954309146443e-08,-7.634691972505376e-12
341,20520.0,20520,1.6474585375660248e-06,1.6474509064151155e-06,2.046132491964549e-05,0.0,1.83199138636767e-06,1.8454048208084452e-07,0.0,1.2954300016687182e-08,-7.628956887575829e-12
342,20580.0,20580,1.647425657268024e-06,1.6474180319121678e-06,2.0484202073105806e-05,0.0,1.83195901717961e-06,1.8454098741299399e-07,0.0,1.2954290886457197e-08,-7.623185023989337e-12
343,20640.0,20640,1.6473950979310988e-06,1.6473874783731299e-06,2.0507078759786828e-05,0.0,1.8319289354795196e-06,1.8454145923838065e-07,0.0,1.2954281755663265e-08,-7.617375188884288e-12
344,20700.0,20700,1.64736685934504e-06,1.6473592456431997e-06,2.0529955012655365e-05,0.0,1.8319011410589793e-06,1.8454189755451397e-07,0.0,1.2954272624237473e-08,-7.611528421723175e-12
345,20760.0,20760,1.6473409413409279e-06,1.6473333334937736e-06,2.0552830864674878e-05,0.0,1.8318756337463235e-06,1.845423023586666e-07,0.0,1.2954263492097511e-08,-7.605644771476843e-12
346,20820.0,20820,1.6473173437907698e-06,1.6473097418637237e-06,2.057570634880438e-05,0.0,1.8318524134094213e-06,1.8454267364783297e-07,0.0,1.2954254359160798e-08,-7.599724004832976e-12
347,20880.0,20880,1.647296066605134e-06,1.6472884706784827e-06,2.0598581498003993e-05,0.0,1.8318314799565805e-06,1.845430114186881e-07,0.0,1.2954245225350593e-08,-7.593766642996166e-12
348,20940.0,20940,1.6472771097362444e-06,1.647269519880035e-06,2.0621456345232176e-05,0.0,1.8318128333343233e-06,1.8454331566764399e-07,0.0,1.2954236090583497e-08,-7.587772340801826e-12
349,21000.0,21000,1.6472604731751475e-06,1.647252889209091e-06,2.0644330923443773e-05,0.0,1.8317964735295057e-06,1.8454358639079109e-07,0.0,1.295422695478277e-08,-7.581741354320634e-12
350,21060.0,21060,1.647246156952251e-06,1.6472385790938067e-06,2.066720526559779e-05,0.0,1.8317824005699103e-06,1.8454382358397422e-07,0.0,1.295421781787045e-08,-7.57567387499608e-12
351,21120.0,21120,1.6472341611380537e-06,1.6472265894333805e-06,2.0690079404648238e-05,0.0,1.8317706145224371e-06,1.8454402724271439e-07,0.0,1.2954208679765852e-08,-7.569570157084132e-12
352,21180.0,21180,1.6472244858446232e-06,1.6472169202532127e-06,2.0712953373557743e-05,0.0,1.8317611154914691e-06,1.845441973622653e-07,0.0,1.2954199540385585e-08,-7.563429861286022e-12
353,21240.0,21240,1.6472171312214067e-06,1.647209571805569e-06,2.073582720528226e-05,0.0,1.8317539036248542e-06,1.8454433393757212e-07,0.0,1.2954190399655076e-08,-7.557253581197826e-12
354,21300.0,21300,1.6472120974602546e-06,1.6472045443404027e-06,2.0758700932785528e-05,0.0,1.8317489791062892e-06,1.845444369633061e-07,0.0,1.2954181257489709e-08,-7.551041151743822e-12
355,21360.0,21360,1.6472093847924658e-06,1.6472018379173817e-06,2.078157458903213e-05,0.0,1.8317463421601878e-06,1.8454450643387563e-07,0.0,1.2954172113810839e-08,-7.544792514915412e-12
356,21420.0,21420,1.6472089934875526e-06,1.6472014528052184e-06,2.080444820698997e-05,0.0,1.831745993052759e-06,1.8454454234334565e-07,0.0,1.2954162968541592e-08,-7.538508100908891e-12
357,21480.0,21480,1.6472109238564399e-06,1.6472033895808552e-06,2.0827321819630585e-05,0.0,1.831747932087904e-06,1.845445446855182e-07,0.0,1.2954153821599925e-08,-7.532187920675384e-12
358,21540.0,21540,1.6472151762501609e-06,1.6472076482533851e-06,2.0850195459930514e-05,0.0,1.831752159609511e-06,1.8454451345391926e-07,0.0,1.2954144672904754e-08,-7.525831899629111e-12
359,21600.0,21600,1.6472217510592846e-06,1.647214229548259e-06,2.087306916087074e-05,0.0,1.8317586760014895e-06,1.845444486417663e-07,0.0,1.2954135522378792e-08,-7.519440343620334e-12
360,21660.0,21660,1.647230648714401e-06,1.6472231336585963e-06,2.08959429554381e-05,0.0,1.8317674816874586e-06,1.8454435024196162e-07,0.0,1.2954126369940002e-08,-7.513013298103976e-12
361,21720.0,21720,1.6472418696862788e-06,1.6472343609987495e-06,2.0918816876624424e-05,0.0,1.8317785771308845e-06,1.8454421824719453e-07,0.0,1.2954117215509061e-08,-7.506550814062627e-12
362,21780.0,21780,1.6472554144860734e-06,1.6472479123439964e-06,2.0941690957431565e-05,0.0,1.8317919628346991e-06,1.8454405264978713e-07,0.0,1.295410805900529e-08,-7.5000529857947e-12
363,21840.0,21840,1.647271283663745e-06,1.6472637880176755e-06,2.0964565230864434e-05,0.0,1.8318076393427606e-06,1.8454385344180718e-07,0.0,1.2954098900350044e-08,-7.493520483232399e-12
364,21900.0,21900,1.6472894778135694e-06,1.6472819887712813e-06,2.0987439729938515e-05,0.0,1.8318256072343586e-06,1.845436206150726e-07,0.0,1.2954089739453681e-08,-7.486951727942317e-12
365,21960.0,21960,1.6473099975622647e-06,1.6473025151188726e-06,2.1010314487675963e-05,0.0,1.8318458671376363e-06,1.845433541609666e-07,0.0,1.295408057625562e-08,-7.480349057003964e-12
366,22020.0,22020,1.6473328435840115e-06,1.6473253677398978e-06,2.1033189537109782e-05,0.0,1.8318684197116143e-06,1.8454305407074856e-07,0.0,1.2954071410657255e-08,-7.473711177154292e-12
367,22080.0,22080,1.6473580165904737e-06,1.6473505474084702e-06,2.1056064911280496e-05,0.0,1.8318932656593677e-06,1.8454272033531274e-07,0.0,1.29540622425832e-08,-7.46703844315308e-12
368,22140.0,22140,1.6473855173335808e-06,1.6473780548739806e-06,2.1078940643240295e-05,0.0,1.831920405723125e-06,1.8454235294524916e-07,0.0,1.2954053071953455e-08,-7.460330958555833e-12
369,22200.0,22200,1.6474153466052833e-06,1.6474078909278584e-06,2.1101816766051402e-05,0.0,1.8319498406859353e-06,1.8454195189086967e-07,0.0,1.2954043898689377e-08,-7.453588889624342e-12
370,22260.0,22260,1.6474475052379889e-06,1.6474400563960787e-06,2.1124693312786877e-05,0.0,1.831981571370905e-06,1.8454151716219927e-07,0.0,1.2954034722709335e-08,-7.446812547152858e-12
371,22320.0,22320,1.6474819941054478e-06,1.6474745520214252e-06,2.114757031653202e-05,0.0,1.8320155986394928e-06,1.8454104874896956e-07,0.0,1.2954025543929797e-08,-7.440001613181648e-12
372,22380.0,22380,1.6475188141207542e-06,1.6475113788651009e-06,2.1170447810385486e-05,0.0,1.8320519233951955e-06,1.845405466406209e-07,0.0,1.2954016362272119e-08,-7.433156398284526e-12
373,22440.0,22440,1.6475579662376329e-06,1.6475505378536213e-06,2.1193325827457614e-05,0.0,1.8320905465814284e-06,1.8454001082628296e-07,0.0,1.2954007177656029e-08,-7.426277116126502e-12
374,22500.0,22500,1.647599451450664e-06,1.6475920298898406e-06,2.121620440087209e-05,0.0,1.8321314691812453e-06,1.8453944129479411e-07,0.0,1.2953997989998265e-08,-7.419363921621987e-12
375,22560.0,22560,1.6476432707960496e-06,1.647635856220466e-06,2.1239083563766795e-05,0.0,1.8321746922168526e-06,1.8453883803474506e-07,0.0,1.2953988799214754e-08,-7.412416349170314e-12
376,22620.0,22620,1.6476894253486747e-06,1.647682017816764e-06,2.1261963349295736e-05,0.0,1.8322202167529474e-06,1.845382010343809e-07,0.0,1.2953979605231467e-08,-7.405434819303605e-12
377,22680.0,22680,1.6477379162228898e-06,1.6477305156551996e-06,2.128484379062739e-05,0.0,1.8322680438965084e-06,1.8453753028162733e-07,0.0,1.2953970407967455e-08,-7.398420421780284e-12
378,22740.0,22740,1.6477887445798995e-06,1.6477813511376642e-06,2.1307724920944976e-05,0.0,1.8323181747875472e-06,1.845368257642166e-07,0.0,1.295396120732669e-08,-7.391371359962574e-12
379,22800.0,22800,1.6478419116155232e-06,1.647834525262007e-06,2.1330606773449513e-05,0.0,1.8323706106137469e-06,1.8453608746949197e-07,0.0,1.2953952003243838e-08,-7.38428898323229e-12
380,22860.0,22860,1.6478974185676888e-06,1.6478900392503e-06,2.1353489381358436e-05,0.0,1.8324253526020127e-06,1.8453531538451848e-07,0.0,1.2953942795632785e-08,-7.377173453527655e-12
381,22920.0,22920,1.6479552667172833e-06,1.6479478945788801e-06,2.1376372777906423e-05,0.0,1.8324824020173588e-06,1.845345094960961e-07,0.0,1.2953933584406605e-08,-7.37002437624596e-12
382,22980.0,22980,1.6480154573854597e-06,1.6480080923837947e-06,2.1399256996347624e-05,0.0,1.8325417601667339e-06,1.8453366979070533e-07,0.0,1.2953924369486112e-08,-7.362842087457598e-12
383,23040.0,23040,1.6480779919343138e-06,1.6480706342039172e-06,2.1422142069954274e-05,0.0,1.8326034283974907e-06,1.8453279625455932e-07,0.0,1.295391515078845e-08,-7.355626406434384e-12
384,23100.0,23100,1.6481428717657545e-06,1.64813552126351e-06,2.144502803201613e-05,0.0,1.8326674080999943e-06,1.8453188887351272e-07,0.0,1.2953905928235386e-08,-7.3483777897493e-12
385,23160.0,23160,1.648210098324251e-06,1.648202755194094e-06,2.146791491584576e-05,0.0,1.8327337007034142e-06,1.8453094763316146e-07,0.0,1.2953896701741756e-08,-7.341096207233753e-12
386,23220.0,23220,1.6482796730943633e-06,1.6482723371872645e-06,2.149080275477437e-05,0.0,1.8328023076792714e-06,1.8452997251879085e-07,0.0,1.295388747122593e-08,-7.33378209935311e-12
387,23280.0,23280,1.6483515976050899e-06,1.648344269138074e-06,2.15136915821543e-05,0.0,1.832873230537127e-06,1.8452896351544697e-07,0.0,1.295387823659935e-08,-7.326434649902366e-12
388,23340.0,23340,1.6484258734225467e-06,1.6484185522992626e-06,2.1536581431361545e-05,0.0,1.8329464708319533e-06,1.8452792060775228e-07,0.0,1.2953868997788532e-08,-7.319055052683666e-12
389,23400.0,23400,1.6485025021579837e-06,1.648495188436934e-06,2.155947233579073e-05,0.0,1.8330220301563796e-06,1.8452684378014875e-07,0.0,1.2953859754703427e-08,-7.311642596066086e-12
390,23460.0,23460,1.648581485461907e-06,1.6485741792426769e-06,2.1582364328864025e-05,0.0,1.8330999101465343e-06,1.8452573301672202e-07,0.0,1.2953850507264576e-08,-7.304197983525784e-12
391,23520.0,23520,1.6486628250286347e-06,1.6486555261812663e-06,2.160525744402112e-05,0.0,1.8331801124780113e-06,1.845245883012513e-07,0.0,1.2953841255384371e-08,-7.296720638387491e-12
392,23580.0,23580,1.6487465225918115e-06,1.6487392313461257e-06,2.16281517147323e-05,0.0,1.8332626388699728e-06,1.8452340961724195e-07,0.0,1.2953831998986344e-08,-7.289211109996588e-12
393,23640.0,23640,1.6488325799274506e-06,1.648825296192416e-06,2.1651047174486776e-05,0.0,1.833347491083411e-06,1.8452219694786246e-07,0.0,1.2953822737985194e-08,-7.281669834914464e-12
394,23700.0,23700,1.648920998856003e-06,1.6489137227042918e-06,2.1673943856802964e-05,0.0,1.8334346709175316e-06,1.8452095027601407e-07,0.0,1.2953813472291008e-08,-7.27409604043061e-12
395,23760.0,23760,1.6490117812363767e-06,1.6490045127709989e-06,2.169684179522236e-05,0.0,1.8335241802172645e-06,1.8451966958427854e-07,0.0,1.295380420182772e-08,-7.266490671121971e-12
396,23820.0,23820,1.6491049289730652e-06,1.6490976680201643e-06,2.171974102331567e-05,0.0,1.8336160208660666e-06,1.84518354854916e-07,0.0,1.2953794926505144e-08,-7.2588532384981955e-12
397,23880.0,23880,1.649200444009801e-06,1.649193190834143e-06,2.1742641574676977e-05,0.0,1.8337101947922842e-06,1.8451700606991921e-07,0.0,1.2953785646243687e-08,-7.251184289283059e-12
398,23940.0,23940,1.6492983283353627e-06,1.649291082835085e-06,2.1765543482930676e-05,0.0,1.8338067039631376e-06,1.8451562321095074e-07,0.0,1.2953776360954517e-08,-7.243483276506901e-12
399,24000.0,24000,1.6493985839775951e-06,1.6493913461737519e-06,2.1788446781727868e-05,0.0,1.8339055503923022e-06,1.8451420625935573e-07,0.0,1.295376707055981e-08,-7.235751410575908e-12
400,24060.0,24060,1.6495012130116142e-06,1.6494939830098403e-06,2.1811351504750527e-05,0.0,1.8340067361295457e-06,1.8451275519622515e-07,0.0,1.2953757774964484e-08,-7.227987307803005e-12
401,24120.0,24120,1.6496062175496366e-06,1.6495989952826324e-06,2.183425768570817e-05,0.0,1.8341102632744628e-06,1.8451127000228265e-07,0.0,1.2953748474097232e-08,-7.2201926309983835e-12
402,24180.0,24180,1.6497135997517593e-06,1.649706385312486e-06,2.185716535834036e-05,0.0,1.8342161339619765e-06,1.8450975065796722e-07,0.0,1.2953739167859582e-08,-7.212366111913792e-12
403,24240.0,24240,1.6498233618167975e-06,1.6498161552226232e-06,2.1880074556418087e-05,0.0,1.834324350375376e-06,1.845081971434179e-07,0.0,1.2953729856177236e-08,-7.204508996395889e-12
404,24300.0,24300,1.6499355059899331e-06,1.6499283073932606e-06,2.1902985313742937e-05,0.0,1.83443491473606e-06,1.8450660943843697e-07,0.0,1.2953720538955796e-08,-7.196620568574335e-12
405,24360.0,24360,1.6500500345574312e-06,1.650042843808396e-06,2.1925897664149055e-05,0.0,1.834547829310804e-06,1.8450498752257666e-07,0.0,1.2953711216114582e-08,-7.1887012112702185e-12
406,24420.0,24420,1.6501669498492811e-06,1.6501597670319255e-06,2.1948811641502285e-05,0.0,1.8346630964089087e-06,1.8450333137500687e-07,0.0,1.295370188756816e-08,-7.180750902926528e-12
407,24480.0,24480,1.6502862542374416e-06,1.6502790794461694e-06,2.1971727279702133e-05,0.0,1.8347807183840428e-06,1.8450164097461486e-07,0.0,1.2953692553232045e-08,-7.172770378853864e-12
408,24540.0,24540,1.6504079501403425e-06,1.6504007833334632e-06,2.199464461268176e-05,0.0,1.8349006976296535e-06,1.8449991630000107e-07,0.0,1.2953683213012927e-08,-7.164758997693894e-12
409,24600.0,24600,1.6505320400190268e-06,1.6505248812494796e-06,2.2017563674407168e-05,0.0,1.8350230365835559e-06,1.8449815732943563e-07,0.0,1.2953673866827543e-08,-7.156716977463477e-12
410,24660.0,24660,1.6506585263763666e-06,1.6506513757481525e-06,2.2040484498881335e-05,0.0,1.8351477377290813e-06,1.844963640408366e-07,0.0,1.295366451459209e-08,-7.1486446796848444e-12
411,24720.0,24720,1.6507874117609936e-06,1.6507802691614536e-06,2.2063407120140624e-05,0.0,1.8352748035910427e-06,1.8449453641188951e-07,0.0,1.2953655156217468e-08,-7.140541905079118e-12
412,24780.0,24780,1.6509186987638732e-06,1.650911564287898e-06,2.208633157226063e-05,0.0,1.8354042367399423e-06,1.8449267441987782e-07,0.0,1.295364579161987e-08,-7.132409267185066e-12
413,24840.0,24840,1.6510523900221817e-06,1.6510452637844473e-06,2.2109257889350877e-05,0.0,1.8355360397872786e-06,1.8449077804181772e-07,0.0,1.2953636420705986e-08,-7.124246197506816e-12
414,24900.0,24900,1.651188488215065e-06,1.6511813701081106e-06,2.213218610555872e-05,0.0,1.8356702153918035e-06,1.8448884725440373e-07,0.0,1.2953627043394456e-08,-7.116053473452299e-12
415,24960.0,24960,1.651326996068818e-06,1.6513198862360752e-06,2.2155116255071017e-05,0.0,1.8358067662522558e-06,1.8448688203401965e-07,0.0,1.2953617659591288e-08,-7.107830627911471e-12
416,25020.0,25020,1.6514679163518444e-06,1.6514608147298033e-06,2.2178048372112177e-05,0.0,1.8359456951151509e-06,1.8448488235671238e-07,0.0,1.2953608269213222e-08,-7.09957807556015e-12
417,25080.0,25080,1.6516112518782023e-06,1.6516041585297817e-06,2.2200982490944996e-05,0.0,1.8360870047701196e-06,1.8448284819820508e-07,0.0,1.2953598872170611e-08,-7.091295749604919e-12
418,25140.0,25140,1.6517570055062483e-06,1.6517499205766357e-06,2.2223918645874557e-05,0.0,1.8362306980516136e-06,1.844807795339383e-07,0.0,1.2953589468376938e-08,-7.082984174242756e-12
419,25200.0,25200,1.651905180141124e-06,1.6518981034486914e-06,2.224685687124516e-05,0.0,1.836376777836853e-06,1.844786763389854e-07,0.0,1.2953580057737667e-08,-7.074642704151665e-12
420,25260.0,25260,1.6520557787302524e-06,1.6520487105336463e-06,2.2269797201441714e-05,0.0,1.83652524705139e-06,1.8447653858812196e-07,0.0,1.2953570640171438e-08,-7.066272328692393e-12
421,25320.0,25320,1.6522088042695636e-06,1.6522017443883208e-06,2.2292739670891976e-05,0.0,1.8366761086617026e-06,1.8447436625581935e-07,0.0,1.2953561215581272e-08,-7.0578721103316414e-12
422,25380.0,25380,1.652364259796451e-06,1.6523572084179193e-06,2.2315684314065146e-05,0.0,1.8368293656842356e-06,1.8447215931617514e-07,0.0,1.2953551783887305e-08,-7.04944330241445e-12
423,25440.0,25440,1.652522148398032e-06,1.6525151054091352e-06,2.2338631165475206e-05,0.0,1.8369850211754895e-06,1.8446991774301304e-07,0.0,1.2953542344990788e-08,-7.040985176575781e-12
424,25500.0,25500,1.652682473204853e-06,1.6526754387620445e-06,2.2361580259678145e-05,0.0,1.8371430782408885e-06,1.8446764150981127e-07,0.0,1.295353289880602e-08,-7.032498071849245e-12
425,25560.0,25560,1.652845237393393e-06,1.6528382114380311e-06,2.23845316312753e-05,0.0,1.837303540031129e-06,1.8446533058968722e-07,0.0,1.2953523445243626e-08,-7.023982338596732e-12
426,25620.0,25620,1.6530104441878032e-06,1.653003426816152e-06,2.240748531491222e-05,0.0,1.8374664097407888e-06,1.8446298495551068e-07,0.0,1.2953513984209478e-08,-7.015437653281446e-12
427,25680.0,25680,1.6531780968564978e-06,1.6531710880054823e-06,2.2430441345282596e-05,0.0,1.8376316906124996e-06,1.8446060457975791e-07,0.0,1.2953504515616376e-08,-7.00686446841022e-12
428,25740.0,25740,1.6533481987160321e-06,1.6533411984463633e-06,2.2453399757123224e-05,0.0,1.8377993859336785e-06,1.844581894345902e-07,0.0,1.2953495039371283e-08,-6.998262737511796e-12
429,25800.0,25800,1.6535207531289994e-06,1.653513761454533e-06,2.2476360585220977e-05,0.0,1.837969499038162e-06,1.8445573949184715e-07,0.0,1.2953485555383464e-08,-6.9896324250608884e-12
430,25860.0,25860,1.653695763503542e-06,1.653688780507973e-06,2.249932386440751e-05,0.0,1.838142033308189e-06,1.8445325472303147e-07,0.0,1.295347606356409e-08,-6.980974190297685e-12
431,25920.0,25920,1.6538732332973176e-06,1.6538662589966928e-06,2.25222896295651e-05,0.0,1.8383169921691485e-06,1.8445073509932214e-07,0.0,1.2953466563814552e-08,-6.9722873813173626e-12
432,25980.0,25980,1.6540531660132905e-06,1.6540462004237958e-06,2.2545257915621936e-05,0.0,1.8384943790961534e-06,1.844481805915504e-07,0.0,1.2953457056049418e-08,-6.963572424653861e-12
433,26040.0,26040,1.6542355652009487e-06,1.6542286083941613e-06,2.2568228757562106e-05,0.0,1.8386741976118138e-06,1.8444559117021276e-07,0.0,1.2953447540176595e-08,-6.954829881215545e-12
434,26100.0,26100,1.6544204344603213e-06,1.654413486369636e-06,2.2591202190413654e-05,0.0,1.8388564512824819e-06,1.844429668055016e-07,0.0,1.295343801609639e-08,-6.946059192080479e-12
435,26160.0,26160,1.6546077774368125e-06,1.6546008381629798e-06,2.261417824925859e-05,0.0,1.8390411437248243e-06,1.8444030746722666e-07,0.0,1.2953428483721193e-08,-6.937260817184244e-12
436,26220.0,26220,1.6547975978250638e-06,1.6547906674023853e-06,2.2637156969230383e-05,0.0,1.839228278601788e-06,1.8443761312491965e-07,0.0,1.2953418942954705e-08,-6.9284345958600855e-12
437,26280.0,26280,1.6549898993664139e-06,1.654982977820881e-06,2.2660138385515358e-05,0.0,1.8394178596253824e-06,1.8443488374768845e-07,0.0,1.2953409393707281e-08,-6.919581033698264e-12
438,26340.0,26340,1.6551846858520638e-06,1.6551777732238204e-06,2.2683122533350185e-05,0.0,1.8396098905541408e-06,1.84432119304391e-07,0.0,1.2953399835880586e-08,-6.910699903171072e-12
439,26400.0,26400,1.6553819611211295e-06,1.6553750574106273e-06,2.2706109448030228e-05,0.0,1.8398043751952416e-06,1.844293197634702e-07,0.0,1.2953390269382392e-08,-6.901791419278965e-12
440,26460.0,26460,1.6555817290613718e-06,1.655574834218175e-06,2.272909916490065e-05,0.0,1.8400013174046124e-06,1.8442648509309943e-07,0.0,1.2953380694118707e-08,-6.892855478825315e-12
441,26520.0,26520,1.6557839936077186e-06,1.6557771078024847e-06,2.2752091719363907e-05,0.0,1.8402007210892251e-06,1.844236152610153e-07,0.0,1.2953371109997715e-08,-6.883893040788833e-12
442,26580.0,26580,1.6559887587489762e-06,1.6559818818930386e-06,2.2775087146878934e-05,0.0,1.840402590198786e-06,1.844207102347088e-07,0.0,1.2953361516913607e-08,-6.8749030028174824e-12
443,26640.0,26640,1.6561960285195708e-06,1.6561891607271356e-06,2.2798085482958898e-05,0.0,1.8406069287366181e-06,1.844177699812863e-07,0.0,1.2953351914780541e-08,-6.865885982993209e-12
444,26700.0,26700,1.6564058070025908e-06,1.6563989482919654e-06,2.282108676317706e-05,0.0,1.8408137407564977e-06,1.844147944674456e-07,0.0,1.2953342303503577e-08,-6.8568427778899785e-12
445,26760.0,26760,1.656618098335542e-06,1.6566112486240575e-06,2.2844091023162034e-05,0.0,1.841023030356465e-06,1.8441178365963893e-07,0.0,1.295333268297582e-08,-6.847772276309562e-12
446,26820.0,26820,1.656832906701585e-06,1.6568260660529424e-06,2.286709829860335e-05,0.0,1.841234801688908e-06,1.8440873752391425e-07,0.0,1.2953323053111153e-08,-6.838675439328693e-12
447,26880.0,26880,1.657050236336454e-06,1.6570434049203893e-06,2.289010862524729e-05,0.0,1.8414490589543378e-06,1.8440565602597192e-07,0.0,1.2953313413808393e-08,-6.829551989323838e-12
448,26940.0,26940,1.6572700915247026e-06,1.657263269200253e-06,2.2913122038903555e-05,0.0,1.8416658064045185e-06,1.8440253913115576e-07,0.0,1.2953303764972049e-08,-6.820402511308742e-12
449,27000.0,27000,1.657492476604832e-06,1.6574856634217724e-06,2.293613857543971e-05,0.0,1.8418850483383641e-06,1.843993868044946e-07,0.0,1.2953294106498895e-08,-6.811226270984273e-12
450,27060.0,27060,1.6577173959623536e-06,1.6577105920579963e-06,2.29591582707859e-05,0.0,1.8421067891101444e-06,1.8439619901059992e-07,0.0,1.2953284438299152e-08,-6.802024237569731e-12
451,27120.0,27120,1.657944854036432e-06,1.6579380592740733e-06,2.2982181160935426e-05,0.0,1.8423310331214532e-06,1.8439297571377247e-07,0.0,1.295327476026864e-08,-6.792796018476042e-12
452,27180.0,27180,1.658174855317362e-06,1.6581680697713084e-06,2.3005207281943333e-05,0.0,1.8425577848264235e-06,1.843897168779675e-07,0.0,1.2953265072311332e-08,-6.783541977590692e-12
453,27240.0,27240,1.6584074043467963e-06,1.6584006281418416e-06,2.3028236669927817e-05,0.0,1.842787048730302e-06,1.843864224667533e-07,0.0,1.295325537432563e-08,-6.774262022083145e-12
454,27300.0,27300,1.658642505718492e-06,1.658635738790466e-06,2.3051269361072994e-05,0.0,1.8430188293898666e-06,1.8438309244329849e-07,0.0,1.2953245666214148e-08,-6.7649565059237064e-12
455,27360.0,27360,1.6588801640790582e-06,1.6588734065391596e-06,2.3074305391627798e-05,0.0,1.8432531314132527e-06,1.8437972677053896e-07,0.0,1.2953235947874743e-08,-6.755625070489232e-12
456,27420.0,27420,1.6591203841254885e-06,1.6591136359283927e-06,2.3097344797907093e-05,0.0,1.843489959463012e-06,1.843763254109044e-07,0.0,1.2953226219211661e-08,-6.7462685825525036e-12
457,27480.0,27480,1.6593631706109314e-06,1.6593564318162367e-06,2.3120387616291104e-05,0.0,1.843729318249925e-06,1.8437288832652662e-07,0.0,1.2953216480117463e-08,-6.736886137946544e-12
458,27540.0,27540,1.6596085283369897e-06,1.6596017989834312e-06,2.3143433883229328e-05,0.0,1.8439712125430826e-06,1.8436941547916593e-07,0.0,1.295320673050101e-08,-6.7274791540432825e-12
459,27600.0,27600,1.6598564621634905e-06,1.6598497422184525e-06,2.316648363523802e-05,0.0,1.8442156471584483e-06,1.843659068302523e-07,0.0,1.295319697024875e-08,-6.718046522685376e-12
460,27660.0,27660,1.6601069770003661e-06,1.6601002664828165e-06,2.318953690890242e-05,0.0,1.8444626269693227e-06,1.8436236234077664e-07,0.0,1.2953187199266832e-08,-6.70858906081819e-12
461,27720.0,27720,1.660360077813218e-06,1.6603533768683791e-06,2.321259374087926e-05,0.0,1.8447121568999818e-06,1.8435878197142348e-07,0.0,1.2953177417449716e-08,-6.699106566191101e-12
462,27780.0,27780,1.6606157696202218e-06,1.6606090780717858e-06,2.3235654167894818e-05,0.0,1.8449642419306481e-06,1.8435516568244494e-07,0.0,1.2953167624697301e-08,-6.689599194875203e-12
463,27840.0,27840,1.660874057494022e-06,1.6608673755818066e-06,2.3258718226743233e-05,0.0,1.8452188870950226e-06,1.843515134337649e-07,0.0,1.2953157820906223e-08,-6.680067454223344e-12
464,27900.0,27900,1.6611349465641324e-06,1.661128274128398e-06,2.3281785954294874e-05,0.0,1.8454760974790676e-06,1.8434782518493782e-07,0.0,1.295314800596823e-08,-6.670510987134177e-12
465,27960.0,27960,1.6613984420138049e-06,1.661391779151668e-06,2.3304857387492993e-05,0.0,1.8457358782237186e-06,1.84344100895127e-07,0.0,1.2953138179781724e-08,-6.660929691592675e-12
466,28020.0,28020,1.6616645490786573e-06,1.6616578959431114e-06,2.3327932563350095e-05,0.0,1.8459982345294398e-06,1.84340340523085e-07,0.0,1.2953128342248365e-08,-6.651324703114064e-12
467,28080.0,28080,1.6619332730553661e-06,1.6619266295013802e-06,2.335101151895797e-05,0.0,1.8462631716442623e-06,1.8433654402723185e-07,0.0,1.295311849325189e-08,-6.641694826717401e-12
468,28140.0,28140,1.6622046192912864e-06,1.6621979854331016e-06,2.3374094291481012e-05,0.0,1.8465306948786317e-06,1.8433271136559863e-07,0.0,1.2953108632698714e-08,-6.6320413902910084e-12
469,28200.0,28200,1.6624785931930936e-06,1.6624719689634796e-06,2.3397180918158164e-05,0.0,1.8468008095939335e-06,1.8432884249583823e-07,0.0,1.2953098760472978e-08,-6.622363526631679e-12
470,28260.0,28260,1.662755200222784e-06,1.6627485857722308e-06,2.34202714363082e-05,0.0,1.8470735212101432e-06,1.8432493737518632e-07,0.0,1.2953088876476074e-08,-6.612661989785637e-12
471,28320.0,28320,1.6630344458991353e-06,1.6630278411484862e-06,2.3443365883323336e-05,0.0,1.8473488352028702e-06,1.8432099596052867e-07,0.0,1.2953078980596623e-08,-6.602936608272327e-12
472,28380.0,28380,1.6633163357980548e-06,1.6633097407394864e-06,2.3466464296678953e-05,0.0,1.847626757104192e-06,1.8431701820833814e-07,0.0,1.2953069072729904e-08,-6.593187565545645e-12
473,28440.0,28440,1.6636008755523006e-06,1.6635942902208101e-06,2.3489566713927774e-05,0.0,1.847907292504498e-06,1.8431300407472247e-07,0.0,1.295305915276821e-08,-6.5834152088080295e-12
474,28500.0,28500,1.6638880708545072e-06,1.6638814953318766e-06,2.3512673172700127e-05,0.0,1.848190447048282e-06,1.843089535153809e-07,0.0,1.295304922059921e-08,-6.573619009604414e-12
475,28560.0,28560,1.6641779274519342e-06,1.66417136182231e-06,2.3535783710708117e-05,0.0,1.8484762264421736e-06,1.8430486648563662e-07,0.0,1.295303927612158e-08,-6.56379995868875e-12
476,28620.0,28620,1.664470451153787e-06,1.6644638952761197e-06,2.355889836574731e-05,0.0,1.8487646364460025e-06,1.843007429404e-07,0.0,1.2953029319218375e-08,-6.553957255385869e-12
477,28680.0,28680,1.664765647824192e-06,1.6647591017924509e-06,2.3582017175693653e-05,0.0,1.8490556828829173e-06,1.8429658283420103e-07,0.0,1.295301934978854e-08,-6.544091955971017e-12
478,28740.0,28740,1.6650635233900029e-06,1.6650569872800762e-06,2.3605140178507384e-05,0.0,1.849349371630344e-06,1.8429238612113507e-07,0.0,1.2953009367713906e-08,-6.534203434882219e-12
479,28800.0,28800,1.6653640838350807e-06,1.6653575577958765e-06,2.3628267412232194e-05,0.0,1.8496457086269764e-06,1.8428815275498896e-07,0.0,1.2952999372888125e-08,-6.524292217656634e-12
480,28860.0,28860,1.665667335204415e-06,1.6656608190003404e-06,2.3651398914996892e-05,0.0,1.849944699869715e-06,1.842838826890083e-07,0.0,1.295298936519873e-08,-6.51435804632281e-12
481,28920.0,28920,1.665973283600976e-06,1.6659667773234447e-06,2.3674534725016792e-05,0.0,1.850246351417457e-06,1.8427957587617575e-07,0.0,1.2952979344537335e-08,-6.504401730540033e-12
482,28980.0,28980,1.6662819351915218e-06,1.666275438858737e-06,2.3697674880591228e-05,0.0,1.8505506693849434e-06,1.8427523226898947e-07,0.0,1.295296931078509e-08,-6.494422553957949e-12
483,29040.0,29040,1.6665932962006357e-06,1.6665868100419136e-06,2.372081942010993e-05,0.0,1.8508576599509285e-06,1.842708518195606e-07,0.0,1.2952959263835646e-08,-6.484420972380782e-12
484,29100.0,29100,1.6669073729141327e-06,1.6669008966858135e-06,2.374396838205025e-05,0.0,1.8511673293553292e-06,1.8426643447956367e-07,0.0,1.2952949203576948e-08,-6.4743975141415485e-12
485,29160.0,29160,1.667224171681042e-06,1.6672177055173953e-06,2.3767121804977733e-05,0.0,1.85147968389627e-06,1.8426198020031876e-07,0.0,1.295293912988933e-08,-6.464351977701353e-12
486,29220.0,29220,1.6675436989125472e-06,1.6675372428228045e-06,2.3790279727547475e-05,0.0,1.8517947299337327e-06,1.8425748893269628e-07,0.0,1.2952929042658296e-08,-6.4542842482301225e-12
487,29280.0,29280,1.6678659610810806e-06,1.6678595150327657e-06,2.38134421885075e-05,0.0,1.8521124738905322e-06,1.8425296062715147e-07,0.0,1.2952918941772465e-08,-6.444194366543255e-12
488,29340.0,29340,1.668190964719386e-06,1.6681845287930115e-06,2.3836609226696502e-05,0.0,1.8524329222547823e-06,1.8424839523370708e-07,0.0,1.2952908827121412e-08,-6.43408353028382e-12
489,29400.0,29400,1.668518716428793e-06,1.6685122907215275e-06,2.3859780881046653e-05,0.0,1.8527560815699887e-06,1.842437927020491e-07,0.0,1.2952898698576784e-08,-6.423950382039472e-12
490,29460.0,29460,1.6688492228688735e-06,1.6688428073144258e-06,2.3882957190581905e-05,0.0,1.8530819584496511e-06,1.8423915298130928e-07,0.0,1.29528885560325e-08,-6.413796037092943e-12
491,29520.0,29520,1.6691824907652649e-06,1.669176085313599e-06,2.3906138194422747e-05,0.0,1.853410559567389e-06,1.8423447602031732e-07,0.0,1.2952878399368219e-08,-6.403620391878942e-12
492,29580.0,29580,1.6695185269083485e-06,1.6695121316964806e-06,2.3929323931783135e-05,0.0,1.8537418916603487e-06,1.842297617674074e-07,0.0,1.2952868228464141e-08,-6.393423281495899e-12
493,29640.0,29640,1.669857338151442e-06,1.66985095305995e-06,2.395251444197576e-05,0.0,1.854075961531847e-06,1.8422501017051608e-07,0.0,1.2952858043206449e-08,-6.383205476122451e-12
494,29700.0,29700,1.6701989314154232e-06,1.6701925565714309e-06,2.3975709764409026e-05,0.0,1.8544127760465018e-06,1.842202211771604e-07,0.0,1.2952847843469094e-08,-6.372966145684249e-12
495,29760.0,29760,1.6705433136835152e-06,1.6705369491951094e-06,2.399890993858868e-05,0.0,1.8547523421383693e-06,1.8421539473438803e-07,0.0,1.2952837629142191e-08,-6.362706318523415e-12
496,29820.0,29820,1.6708904920067104e-06,1.6708841377444546e-06,2.4022115004122004e-05,0.0,1.8550946668038512e-06,1.842105307888207e-07,0.0,1.2952827400099156e-08,-6.3524259175596355e-12
497,29880.0,29880,1.6712404735037004e-06,1.6712341295413275e-06,2.404532500071336e-05,0.0,1.8554397571041624e-06,1.8420562928670854e-07,0.0,1.2952817156216928e-08,-6.342124255642093e-12
498,29940.0,29940,1.6715932653554703e-06,1.671586931691763e-06,2.4068539968169214e-05,0.0,1.855787620171764e-06,1.8420069017375828e-07,0.0,1.2952806897384673e-08,-6.331802787197997e-12
499,30000.0,30000,1.6719488748146683e-06,1.671942551606376e-06,2.4091759946400046e-05,0.0,1.8561382632007325e-06,1.8419571339532688e-07,0.0,1.2952796623470371e-08,-6.321460691581768e-12
500,30060.0,30060,1.672307309199278e-06,1.6723009962960667e-06,2.4114984975415934e-05,0.0,1.8564916934547559e-06,1.8419069889627796e-07,0.0,1.2952786334355038e-08,-6.311098384701243e-12
501,30120.0,30120,1.6726685758956784e-06,1.6726622733344231e-06,2.4138215095333765e-05,0.0,1.8568479182649442e-06,1.8418564662105998e-07,0.0,1.2952776029916565e-08,-6.300716017656882e-12
502,30180.0,30180,1.6730326823590779e-06,1.6730263902726918e-06,2.416145034637197e-05,0.0,1.8572069450296547e-06,1.8418055651362599e-07,0.0,1.2952765710029997e-08,-6.290313759428879e-12
503,30240.0,30240,1.6733996361136884e-06,1.6733933544071416e-06,2.4184690768856904e-05,0.0,1.8575687812165092e-06,1.8417542851756607e-07,0.0,1.2952755374569828e-08,-6.279891459725586e-12
504,30300.0,30300,1.6737694447521696e-06,1.6737631734966043e-06,2.4207936403221453e-05,0.0,1.8579334343622902e-06,1.8417026257591182e-07,0.0,1.2952745023414765e-08,-6.269449786396079e-12
505,30360.0,30360,1.6741421159385838e-06,1.6741358552020994e-06,2.4231187290004776e-05,0.0,1.8583009120720003e-06,1.8416505863132974e-07,0.0,1.2952734656433876e-08,-6.258988164047565e-12
506,30420.0,30420,1.6745176574050755e-06,1.674511407170669e-06,2.425444346985841e-05,0.0,1.8586712220228632e-06,1.8415981662597124e-07,0.0,1.2952724273506274e-08,-6.24850764857679e-12
507,30480.0,30480,1.674896076958878e-06,1.6748898371768958e-06,2.4277704983537647e-05,0.0,1.8590443719577501e-06,1.8415453650158354e-07,0.0,1.2952713874496678e-08,-6.238007182961177e-12
508,30540.0,30540,1.6752773824727502e-06,1.67527115320898e-06,2.430097187191461e-05,0.0,1.8594203696969334e-06,1.841492181993749e-07,0.0,1.2952703459288005e-08,-6.227488181857467e-12
509,30600.0,30600,1.6756615818964535e-06,1.6756553631900995e-06,2.4324244175970465e-05,0.0,1.8597992231260904e-06,1.8414386166020155e-07,0.0,1.2952693027740628e-08,-6.216949796512678e-12
510,30660.0,30660,1.6760486832492039e-06,1.6760424752028936e-06,2.4347521936797373e-05,0.0,1.8601809402060735e-06,1.8413846682433291e-07,0.0,1.2952682579732169e-08,-6.20639247862643e-12
511,30720.0,30720,1.6764386946232199e-06,1.676432497072259e-06,2.4370805195603764e-05,0.0,1.8605655289694687e-06,1.8413303363162986e-07,0.0,1.2952672115132776e-08,-6.19581642848469e-12
512,30780.0,30780,1.676831624184018e-06,1.6768254372304608e-06,2.439409399371129e-05,0.0,1.860952997522125e-06,1.8412756202149255e-07,0.0,1.295266163381111e-08,-6.185222037027297e-12
513,30840.0,30840,1.677227480172986e-06,1.677221303863895e-06,2.441738837256037e-05,0.0,1.8613433540405811e-06,1.8412205193281696e-07,0.0,1.2952651135631207e-08,-6.174608661500949e-12
514,30900.0,30900,1.6776262709021837e-06,1.6776201051577413e-06,2.4440688373703816e-05,0.0,1.8617366067795423e-06,1.841165033040427e-07,0.0,1.2952640620469737e-08,-6.163977345311764e-12
515,30960.0,30960,1.6780280047614197e-06,1.6780218497170604e-06,2.4463994038814887e-05,0.0,1.862132764064438e-06,1.8411091607312037e-07,0.0,1.2952630088186122e-08,-6.153327751133121e-12
516,31020.0,31020,1.6784326902153656e-06,1.6784265458099788e-06,2.4487305409686163e-05,0.0,1.862531834296708e-06,1.8410529017753118e-07,0.0,1.2952619538648884e-08,-6.142659902152855e-12
517,31080.0,31080,1.6788403358031903e-06,1.678834202145297e-06,2.4510622528230412e-05,0.0,1.8629338259545322e-06,1.8409962555422181e-07,0.0,1.295260897172627e-08,-6.131974415681278e-12
518,31140.0,31140,1.6792509501428889e-06,1.679244827206115e-06,2.453394543647973e-05,0.0,1.863338747589041e-06,1.8409392213973456e-07,0.0,1.2952598387277975e-08,-6.121270789063569e-12
519,31200.0,31200,1.6796645419272324e-06,1.679658429646434e-06,2.4557274176590267e-05,0.0,1.8637466078313031e-06,1.8408817987006207e-07,0.0,1.2952587785173877e-08,-6.110549716139448e-12
520,31260.0,31260,1.680081119927714e-06,1.6800750183579862e-06,2.4580608790840305e-05,0.0,1.864157415386973e-06,1.8408239868070573e-07,0.0,1.295257716527394e-08,-6.0998110548075e-12
521,31320.0,31320,1.6805006929933147e-06,1.6804946022877906e-06,2.4603949321633017e-05,0.0,1.8645711790410869e-06,1.8407657850668885e-07,0.0,1.295256652744193e-08,-6.089055016336423e-12
522,31380.0,31380,1.6809232700520855e-06,1.6809171900935334e-06,2.4627295811497032e-05,0.0,1.864987907655874e-06,1.8407071928254798e-07,0.0,1.2952555871539851e-08,-6.078281747481068e-12
523,31440.0,31440,1.6813488601110258e-06,1.681342790931609e-06,2.4650648303088936e-05,0.0,1.8654076101727717e-06,1.8406482094225894e-07,0.0,1.2952545197428751e-08,-6.067491638002259e-12
524,31500.0,31500,1.6817774722584992e-06,1.681771413852985e-06,2.4674006839190497e-05,0.0,1.8658302956107583e-06,1.840588834193825e-07,0.0,1.2952534504963708e-08,-6.0566841483132285e-12
525,31560.0,31560,1.6822091156605664e-06,1.682203068093803e-06,2.4697371462713935e-05,0.0,1.8662559730719843e-06,1.8405290664688826e-07,0.0,1.2952523794012424e-08,-6.045860242039234e-12
526,31620.0,31620,1.6826437995672605e-06,1.682637762873793e-06,2.472074221670278e-05,0.0,1.8666846517356887e-06,1.840468905572917e-07,0.0,1.2952513064426445e-08,-6.035019336962134e-12
527,31680.0,31680,1.6830815333076147e-06,1.6830755075201286e-06,2.474411914432711e-05,0.0,1.8671163408652567e-06,1.8404083508256277e-07,0.0,1.2952502316068991e-08,-6.024162190445763e-12
528,31740.0,31740,1.6835223262941313e-06,1.6835163112850332e-06,2.4767502288894995e-05,0.0,1.8675510498042564e-06,1.8403474015415857e-07,0.0,1.2952491548793376e-08,-6.013288664301784e-12
529,31800.0,31800,1.6839661880229894e-06,1.6839601839322334e-06,2.479089169384524e-05,0.0,1.8679887879775853e-06,1.840286057030407e-07,0.0,1.2952480762455078e-08,-6.002398736776401e-12
530,31860.0,31860,1.6844131280718893e-06,1.684407134923068e-06,2.481428740275016e-05,0.0,1.86842956489554e-06,1.8402243165961874e-07,0.0,1.295246995691216e-08,-5.991492803729093e-12
531,31920.0,31920,1.6848631561034254e-06,1.6848571738352545e-06,2.4837689459321452e-05,0.0,1.8688733901513117e-06,1.8401621795378942e-07,0.0,1.2952459132018067e-08,-5.980571269870989e-12
532,31980.0,31980,1.6853162818672422e-06,1.6853103106076798e-06,2.486109790740432e-05,0.0,1.8693202734187254e-06,1.840099645149214e-07,0.0,1.2952448287620946e-08,-5.969633471597905e-12
533,32040.0,32040,1.6857725151942274e-06,1.6857665547404527e-06,2.4884512790984724e-05,0.0,1.8697702244624297e-06,1.8400367127186394e-07,0.0,1.2952437423581577e-08,-5.958680284079834e-12
534,32100.0,32100,1.6862318660035525e-06,1.6862259165538141e-06,2.4907934154185216e-05,0.0,1.8702232531291332e-06,1.8399733815288382e-07,0.0,1.2952426539747697e-08,-5.947711803319923e-12
535,32160.0,32160,1.6866943443021353e-06,1.6866884059433612e-06,2.4931362041272432e-05,0.0,1.8706793693506295e-06,1.8399096508575674e-07,0.0,1.2952415635966507e-08,-5.936727687266295e-12
536,32220.0,32220,1.6871599601818736e-06,1.6871540327989884e-06,2.4954796496654593e-05,0.0,1.8711385831483183e-06,1.8398455199768898e-07,0.0,1.2952404712094164e-08,-5.925728612046601e-12
537,32280.0,32280,1.6876287238241845e-06,1.6876228074697797e-06,2.497823756487957e-05,0.0,1.8716009046299707e-06,1.8397809881536095e-07,0.0,1.2952393767975556e-08,-5.914714489885002e-12
538,32340.0,32340,1.6881006454987172e-06,1.688094740142003e-06,2.5001685290642937e-05,0.0,1.8720663439911211e-06,1.8397160546489887e-07,0.0,1.295238280345856e-08,-5.903685667736193e-12
539,32400.0,32400,1.6885757355659086e-06,1.6885698412995676e-06,2.5025139718785202e-05,0.0,1.8725349115152747e-06,1.8396507187188562e-07,0.0,1.295237181838847e-08,-5.892641852540409e-12
540,32460.0,32460,1.689054004474306e-06,1.6890481212406527e-06,2.5048600894293177e-05,0.0,1.873006617577525e-06,1.8395849796131084e-07,0.0,1.2952360812615743e-08,-5.881583518435993e-12
541,32520.0,32520,1.6895354627633317e-06,1.6895295905582284e-06,2.507206886230279e-05,0.0,1.8734814726435437e-06,1.839518836576361e-07,0.0,1.2952349785984859e-08,-5.87051114373644e-12
542,32580.0,32580,1.6900201210661687e-06,1.6900142599953548e-06,2.5095543668097937e-05,0.0,1.8739594872666967e-06,1.8394522888475352e-07,0.0,1.2952338738334456e-08,-5.8594241741372055e-12
543,32640.0,32640,1.690507990105936e-06,1.6905021401511394e-06,2.511902535711525e-05,0.0,1.8744406720954485e-06,1.8393853356601414e-07,0.0,1.295232766951309e-08,-5.8483233072993084e-12
544,32700.0,32700,1.6909990806997043e-06,1.6909932418557264e-06,2.514251397494211e-05,0.0,1.874925037869122e-06,1.839317976241366e-07,0.0,1.295231657936076e-08,-5.8372085228540426e-12
545,32760.0,32760,1.6914934037584794e-06,1.691487576111049e-06,2.516600956732002e-05,0.0,1.8754125954205046e-06,1.8392502098133102e-07,0.0,1.2952305467718139e-08,-5.826079879893548e-12
546,32820.0,32820,1.6919909702865582e-06,1.6919851538063109e-06,2.5189512180145415e-05,0.0,1.875903355677066e-06,1.8391820355919682e-07,0.0,1.2952294334427128e-08,-5.8149379303076475e-12
547,32880.0,32880,1.692491791386119e-06,1.6924859860084846e-06,2.521302185946995e-05,0.0,1.8763973296584547e-06,1.8391134527876182e-07,0.0,1.2952283179322023e-08,-5.803782272600966e-12
548,32940.0,32940,1.6929958782525096e-06,1.6929900839942998e-06,2.5236538651503007e-05,0.0,1.8768945284826178e-06,1.839044460604585e-07,0.0,1.2952272002245262e-08,-5.792613647281943e-12
549,33000.0,33000,1.6935032421806627e-06,1.6934974591101858e-06,2.5260062602613074e-05,0.0,1.8773949633609674e-06,1.838975058241564e-07,0.0,1.2952260803029105e-08,-5.7814312873318774e-12
550,33060.0,33060,1.6940138945582288e-06,1.6940081227396902e-06,2.528359375932971e-05,0.0,1.8778986456067955e-06,1.838905244891035e-07,0.0,1.2952249581519793e-08,-5.770236889729761e-12
551,33120.0,33120,1.6945278468777464e-06,1.694522086135151e-06,2.5307132168341016e-05,0.0,1.878405586624669e-06,1.8388350197394805e-07,0.0,1.295223833753777e-08,-5.7590290888702774e-12
552,33180.0,33180,1.695045110725931e-06,1.6950393613119271e-06,2.533067787650146e-05,0.0,1.878915797922912e-06,1.8387643819678195e-07,0.0,1.295222707092629e-08,-5.747808855600766e-12
553,33240.0,33240,1.6955656977913095e-06,1.6955599595679246e-06,2.5354230930829606e-05,0.0,1.879429291107e-06,1.838693330750494e-07,0.0,1.2952215781516115e-08,-5.736576355838521e-12
554,33300.0,33300,1.6960896198637666e-06,1.6960838929218232e-06,2.537779137850593e-05,0.0,1.87994607788241e-06,1.838621865256123e-07,0.0,1.2952204469135428e-08,-5.7253314879217816e-12
555,33360.0,33360,1.6966168888345454e-06,1.6966111731078738e-06,2.540135926688254e-05,0.0,1.8804661700560826e-06,1.838549984647174e-07,0.0,1.2952193133616616e-08,-5.714074480288688e-12
556,33420.0,33420,1.6971475166968038e-06,1.6971418122920996e-06,2.5424934643478988e-05,0.0,1.880989579537081e-06,1.8384776880797049e-07,0.0,1.2952181774789767e-08,-5.702805527968806e-12
557,33480.0,33480,1.6976815155470745e-06,1.6976758224414757e-06,2.544851755598425e-05,0.0,1.8815163183378436e-06,1.8384049747038398e-07,0.0,1.2952170392482651e-08,-5.691524963111692e-12
558,33540.0,33540,1.6982188975867778e-06,1.6982132157012144e-06,2.5472108052258082e-05,0.0,1.8820463985727585e-06,1.838331843663423e-07,0.0,1.295215898652087e-08,-5.680232710962656e-12
559,33600.0,33600,1.6987596751214744e-06,1.698754004529905e-06,2.54957061803355e-05,0.0,1.8825798324628917e-06,1.8382582940958213e-07,0.0,1.2952147556731381e-08,-5.668929393630933e-12
560,33660.0,33660,1.699303860565263e-06,1.6992982013457494e-06,2.551931198842509e-05,0.0,1.8831166323308763e-06,1.8381843251325354e-07,0.0,1.2952136102933945e-08,-5.657614204052074e-12
561,33720.0,33720,1.699851466434801e-06,1.6998458185675756e-06,2.5542925524909855e-05,0.0,1.8836568106111702e-06,1.8381099358980892e-07,0.0,1.2952124624961766e-08,-5.64628862696233e-12
562,33780.0,33780,1.7004025053589522e-06,1.7003968688704931e-06,2.556654683835333e-05,0.0,1.8842003798398326e-06,1.8380351255110523e-07,0.0,1.2952113122626593e-08,-5.634951768568663e-12
563,33840.0,33840,1.7009569900718506e-06,1.7009513649539866e-06,2.5590175977495407e-05,0.0,1.8847473526653037e-06,1.8379598930832354e-07,0.0,1.2952101595755791e-08,-5.623604476714434e-12
564,33900.0,33900,1.7015149334201326e-06,1.7015093196019998e-06,2.5613812991259576e-05,0.0,1.8852977418415545e-06,1.8378842377203642e-07,0.0,1.2952090044165181e-08,-5.612246416240509e-12
565,33960.0,33960,1.7020763483580346e-06,1.7020707459742849e-06,2.5637457928747905e-05,0.0,1.885851560236154e-06,1.8378081585208845e-07,0.0,1.2952078467677781e-08,-5.600878364966463e-12
566,34020.0,34020,1.7026412479545208e-06,1.702635656879317e-06,2.5661110839249404e-05,0.0,1.8864088208236274e-06,1.8377316545775043e-07,0.0,1.2952066866104252e-08,-5.58949994786225e-12
567,34080.0,34080,1.70320964538885e-06,1.703204065659345e-06,2.5684771772238053e-05,0.0,1.886969536692967e-06,1.8376547249759127e-07,0.0,1.2952055239265169e-08,-5.5781115619939166e-12
568,34140.0,34140,1.7037815539543478e-06,1.7037759856219512e-06,2.5708440777371432e-05,0.0,1.887533721045303e-06,1.8375773687948227e-07,0.0,1.2952043586974721e-08,-5.566713396660731e-12
569,34200.0,34200,1.7043569870579731e-06,1.704351430163889e-06,2.5732117904499335e-05,0.0,1.8881013871965799e-06,1.837499585106514e-07,0.0,1.295203190904615e-08,-5.5553059529991285e-12
570,34260.0,34260,1.704935958225272e-06,1.704930412800794e-06,2.575580320366071e-05,0.0,1.8886725485737324e-06,1.8374213729767258e-07,0.0,1.2952020205286313e-08,-5.543888642842674e-12
571,34320.0,34320,1.7055184810937363e-06,1.7055129470670796e-06,2.5779496725085057e-05,0.0,1.8892472187252904e-06,1.837342731463895e-07,0.0,1.295200847551388e-08,-5.532462452655462e-12
572,34380.0,34380,1.706104569422193e-06,1.706099046844471e-06,2.5803198519197426e-05,0.0,1.8898254113113645e-06,1.8372636596198735e-07,0.0,1.295199671953245e-08,-5.5210271752956015e-12
573,34440.0,34440,1.7066942370861785e-06,1.706688725881729e-06,2.5826908636615916e-05,0.0,1.8904071401123399e-06,1.8371841564896025e-07,0.0,1.2951984937151189e-08,-5.509582891201508e-12
574,34500.0,34500,1.7072874980800424e-06,1.7072819983913757e-06,2.5850627128158355e-05,0.0,1.8909924190287709e-06,1.8371042211107433e-07,0.0,1.2951973128179531e-08,-5.498130054233314e-12
575,34560.0,34560,1.7078843665196782e-06,1.7078788783625803e-06,2.5874354044837565e-05,0.0,1.8915812620798168e-06,1.8370238525143065e-07,0.0,1.2951961292420668e-08,-5.486669190034059e-12
576,34620.0,34620,1.7084848566452514e-06,1.7084793799333506e-06,2.5898089437868602e-05,0.0,1.8921736834022682e-06,1.8369430497240449e-07,0.0,1.2951949429672081e-08,-5.475199509168842e-12
577,34680.0,34680,1.7090889828158627e-06,1.709083517638973e-06,2.5921833358667916e-05,0.0,1.8927696972603872e-06,1.8368618117568434e-07,0.0,1.295193753974525e-08,-5.463721937440057e-12
578,34740.0,34740,1.7096967595156854e-06,1.7096913057567494e-06,2.5945585858856135e-05,0.0,1.893369318039579e-06,1.836780137621829e-07,0.0,1.2951925622438333e-08,-5.452236595729582e-12
579,34800.0,34800,1.7103082013547822e-06,1.710302759050953e-06,2.596934699025778e-05,0.0,1.8939725602489307e-06,1.836698026321479e-07,0.0,1.2951913677549224e-08,-5.4407435249925195e-12
580,34860.0,34860,1.710923323068201e-06,1.7109178923208543e-06,2.599311680490823e-05,0.0,1.8945794385240616e-06,1.8366154768507497e-07,0.0,1.2951901704877445e-08,-5.429243202737453e-12
581,34920.0,34920,1.7115421395200784e-06,1.711536720282864e-06,2.601689535504649e-05,0.0,1.8951899676252115e-06,1.8365324881974066e-07,0.0,1.295188970421559e-08,-5.417735340111812e-12
582,34980.0,34980,1.7121646657009792e-06,1.7121592578907242e-06,2.6040682693127688e-05,0.0,1.8958041624425957e-06,1.836449059341433e-07,0.0,1.2951877675364133e-08,-5.406220487700482e-12
583,35040.0,35040,1.7127909167316694e-06,1.7127855204995941e-06,2.6064478871816156e-05,0.0,1.8964220379949433e-06,1.8363651892557936e-07,0.0,1.2951865618114715e-08,-5.394699106357445e-12
584,35100.0,35100,1.7134209078657413e-06,1.713415523152109e-06,2.608828394399151e-05,0.0,1.8970436094283866e-06,1.8362808769059777e-07,0.0,1.2951853532254367e-08,-5.3831705827409564e-12
585,35160.0,35160,1.714054654485024e-06,1.7140492812967537e-06,2.6112097962748685e-05,0.0,1.897668892024491e-06,1.836196121249694e-07,0.0,1.2951841417582061e-08,-5.371635958780158e-12
586,35220.0,35220,1.7146921721071629e-06,1.714686810492222e-06,2.613592098140487e-05,0.0,1.8982979011947627e-06,1.8361109212368492e-07,0.0,1.2951829273880888e-08,-5.360095207287643e-12
587,35280.0,35280,1.7153334763851855e-06,1.715328126353327e-06,2.6159753053493384e-05,0.0,1.8989306524833258e-06,1.836025275810331e-07,0.0,1.2951817100937059e-08,-5.3485481298625e-12
588,35340.0,35340,1.715978583104772e-06,1.7159732446252409e-06,2.618359423276982e-05,0.0,1.8995671615721026e-06,1.8359391839045947e-07,0.0,1.2951804898540721e-08,-5.336995422142195e-12
589,35400.0,35400,1.7166275081905657e-06,1.7166221812657436e-06,2.620744457321507e-05,0.0,1.9002074442776849e-06,1.8358526444469025e-07,0.0,1.2951792666473198e-08,-5.325437065021105e-12
590,35460.0,35460,1.7172802677044525e-06,1.7172749523831586e-06,2.623130412903397e-05,0.0,1.9008515165550543e-06,1.8357656563561716e-07,0.0,1.2951780404517574e-08,-5.3138736515307825e-12
591,35520.0,35520,1.7179368778505504e-06,1.7179315741028811e-06,2.625517295466278e-05,0.0,1.9014993944942088e-06,1.835678218544082e-07,0.0,1.2951768112450692e-08,-5.302304504274293e-12
592,35580.0,35580,1.7185973549689499e-06,1.7185920628484358e-06,2.6279051104764206e-05,0.0,1.9021510943316388e-06,1.835590329913361e-07,0.0,1.2951755790060526e-08,-5.290730903248018e-12
593,35640.0,35640,1.719261715545799e-06,1.7192564349049577e-06,2.630293863423321e-05,0.0,1.9028066324401024e-06,1.8355019893596498e-07,0.0,1.2951743437116036e-08,-5.2791525874009185e-12
594,35700.0,35700,1.719929976210764e-06,1.7199247072257294e-06,2.6326835598199264e-05,0.0,1.9034660253354074e-06,1.8354131957702455e-07,0.0,1.2951731053393249e-08,-5.267569324204857e-12
595,35760.0,35760,1.7206021537352387e-06,1.7205968963641114e-06,2.6350742052028833e-05,0.0,1.9041292896807919e-06,1.8353239480237743e-07,0.0,1.2951718638673619e-08,-5.2559822188389605e-12
596,35820.0,35820,1.721278265039595e-06,1.721273019308975e-06,2.6374658051323998e-05,0.0,1.9047964422821255e-06,1.8352342449916903e-07,0.0,1.2951706192722035e-08,-5.244391167660304e-12
597,35880.0,35880,1.7219583271924867e-06,1.7219530930393682e-06,2.639858365192801e-05,0.0,1.9054675000910042e-06,1.8351440855361243e-07,0.0,1.2951693715307592e-08,-5.232795917663949e-12
598,35940.0,35940,1.7226423574087978e-06,1.7226371348558523e-06,2.6422518909925576e-05,0.0,1.9061424802103843e-06,1.8350534685117106e-07,0.0,1.2951681206205363e-08,-5.221197156502898e-12
599,36000.0,36000,1.723330373054773e-06,1.7233251620366645e-06,2.6446463881646742e-05,0.0,1.9068213998921465e-06,1.8349623927638678e-07,0.0,1.2951668665180915e-08,-5.209595385212005e-12
600,36060.0,36060,1.7240223916510748e-06,1.7240171921691426e-06,2.6470418623666628e-05,0.0,1.9075042765363673e-06,1.8348708571302135e-07,0.0,1.2951656091993157e-08,-5.197989926743691e-12
601,36120.0,36120,1.7247184308671012e-06,1.7247132430519808e-06,2.6494383192809593e-05,0.0,1.9081911277007414e-06,1.8347788604396726e-07,0.0,1.2951643486414582e-08,-5.186382277999623e-12
602,36180.0,36180,1.7254185085325972e-06,1.7254133323690587e-06,2.6518357646151185e-05,0.0,1.9088819710908803e-06,1.8346864015122808e-07,0.0,1.2951630848194999e-08,-5.17477134505526e-12
603,36240.0,36240,1.7261226426289803e-06,1.7261174780254188e-06,2.6542342041017306e-05,0.0,1.909576824573561e-06,1.83459347915986e-07,0.0,1.2951618177104592e-08,-5.163158382349608e-12
604,36300.0,36300,1.7268308512986769e-06,1.7268256983244786e-06,2.6566336434991156e-05,0.0,1.9102757061683447e-06,1.8345000921853212e-07,0.0,1.295160547289317e-08,-5.151543098354136e-12
605,36360.0,36360,1.7275431528418527e-06,1.7275380115277902e-06,2.659034088591298e-05,0.0,1.9109786340559243e-06,1.8344062393825788e-07,0.0,1.2951592735319916e-08,-5.139925844870998e-12
606,36420.0,36420,1.7282595657201694e-06,1.7282544360189362e-06,2.661435545188338e-05,0.0,1.9116856265767303e-06,1.834311919536811e-07,0.0,1.295157996413844e-08,-5.128307104322614e-12
607,36480.0,36480,1.7289801085585047e-06,1.728974990468171e-06,2.6638380191261104e-05,0.0,1.9123967022310725e-06,1.834217131424198e-07,0.0,1.2951567159097062e-08,-5.116686690163304e-12
608,36540.0,36540,1.7297048001451092e-06,1.729699693768094e-06,2.6662415162673052e-05,0.0,1.913111879685015e-06,1.8341218738122938e-07,0.0,1.2951554319949119e-08,-5.105065023786278e-12
609,36600.0,36600,1.73043365943298e-06,1.7304285645265447e-06,2.6686460425011226e-05,0.0,1.9138311777692996e-06,1.8340261454587414e-07,0.0,1.2951541446442658e-08,-5.09344281343803e-12
610,36660.0,36660,1.73116670554605e-06,1.7311616223033667e-06,2.6710516037436056e-05,0.0,1.914554615478127e-06,1.8339299451130134e-07,0.0,1.2951528538316622e-08,-5.081819478073695e-12
611,36720.0,36720,1.7319039577738675e-06,1.7318988862426248e-06,2.6734582059378918e-05,0.0,1.91528221197799e-06,1.8338332715145414e-07,0.0,1.2951515595322312e-08,-5.070196042725836e-12
612,36780.0,36780,1.7326454355796112e-06,1.7326403756139091e-06,2.6758658550546845e-05,0.0,1.9160139866015536e-06,1.8337361233939123e-07,0.0,1.2951502617194328e-08,-5.05857199571125e-12
613,36840.0,36840,1.7333911585951187e-06,1.7333861102231216e-06,2.6782745570919766e-05,0.0,1.916749958857703e-06,1.8336384994718475e-07,0.0,1.295148960367922e-08,-5.046948529761366e-12
614,36900.0,36900,1.7341411466312117e-06,1.7341361099344585e-06,2.6806843180758833e-05,0.0,1.917490148423131e-06,1.8335403984605047e-07,0.0,1.2951476554505742e-08,-5.0353250350795856e-12
615,36960.0,36960,1.7348954196714565e-06,1.73489039457997e-06,2.6830951440605313e-05,0.0,1.918234575153845e-06,1.8334418190613065e-07,0.0,1.2951463469415422e-08,-5.02370222594014e-12
616,37020.0,37020,1.7356539978780914e-06,1.735648984418628e-06,2.6855070411281714e-05,0.0,1.918983259080891e-06,1.8333427599667872e-07,0.0,1.2951450348137694e-08,-5.012080306113205e-12
617,37080.0,37080,1.7364169015932786e-06,1.7364118997160286e-06,2.6879200153900383e-05,0.0,1.9197362204141785e-06,1.8332432198598537e-07,0.0,1.2951437190403489e-08,-5.00045951617898e-12
618,37140.0,37140,1.7371841513403565e-06,1.7371791610802998e-06,2.6903340729858807e-05,0.0,1.920493479544255e-06,1.833143197413329e-07,0.0,1.2951423995941019e-08,-4.988840099816959e-12
619,37200.0,37200,1.7379557678260995e-06,1.7379507892421034e-06,2.6927492200847376e-05,0.0,1.9212550570435896e-06,1.8330426912901273e-07,0.0,1.2951410764476052e-08,-4.977222404340469e-12
620,37260.0,37260,1.738731771942734e-06,1.7387268049701418e-06,2.695165462884995e-05,0.0,1.922020973668384e-06,1.8329417001435338e-07,0.0,1.295139749573137e-08,-4.9656065160445415e-12
621,37320.0,37320,1.7395121847683916e-06,1.7395072293663643e-06,2.697582807614609e-05,0.0,1.922791250362571e-06,1.8328402226165993e-07,0.0,1.295138418943084e-08,-4.953992719565256e-12
622,37380.0,37380,1.7402970275698908e-06,1.7402920839046001e-06,2.700001260531411e-05,0.0,1.9235659082581592e-06,1.8327382573420946e-07,0.0,1.2951370845295205e-08,-4.942381996437702e-12
623,37440.0,37440,1.7410863218079163e-06,1.7410813896826614e-06,2.7024208279234965e-05,0.0,1.924344968673428e-06,1.8326358029430332e-07,0.0,1.2951357463031354e-08,-4.930773586051956e-12
624,37500.0,37500,1.7418800891340306e-06,1.7418751686100091e-06,2.7048415161095334e-05,0.0,1.9251284531213076e-06,1.8325328580317145e-07,0.0,1.29513440423603e-08,-4.91916834479916e-12
625,37560.0,37560,1.7426783513950024e-06,1.742673442505803e-06,2.7072633314382305e-05,0.0,1.92591638330795e-06,1.832429421210376e-07,0.0,1.2951330582992873e-08,-4.907566144748488e-12
626,37620.0,37620,1.7434811306328057e-06,1.743476233293778e-06,2.7096862802901762e-05,0.0,1.926708781137602e-06,1.832325491070324e-07,0.0,1.2951317084642616e-08,-4.895967918775414e-12
627,37680.0,37680,1.7442884490902542e-06,1.7442835634539742e-06,2.7121103690766683e-05,0.0,1.9275056687102003e-06,1.8322210661929984e-07,0.0,1.2951303547010848e-08,-4.884373584168805e-12
628,37740.0,37740,1.7451003292115912e-06,1.7450954551243526e-06,2.7145356042406876e-05,0.0,1.928307068325306e-06,1.8321161451487773e-07,0.0,1.2951289969802425e-08,-4.872783369014408e-12
629,37800.0,37800,1.7459167936429598e-06,1.7459119311527646e-06,2.7169619922570668e-05,0.0,1.929113002485995e-06,1.8320107264969994e-07,0.0,1.2951276352720156e-08,-4.861197868096763e-12
630,37860.0,37860,1.7467378652378964e-06,1.7467330142824688e-06,2.7193895396327384e-05,0.0,1.9299234938972264e-06,1.831904808786963e-07,0.0,1.295126269545898e-08,-4.84961675713743e-12
631,37920.0,37920,1.7475635670539925e-06,1.7475587276450161e-06,2.7218182529068472e-05,0.0,1.9307385654745684e-06,1.8317983905564263e-07,0.0,1.2951248997723747e-08,-4.838041034622855e-12
632,37980.0,37980,1.748393922361258e-06,1.7483890946198582e-06,2.7242481386516126e-05,0.0,1.931558240338914e-06,1.831691470332108e-07,0.0,1.2951235259202332e-08,-4.826470874315318e-12
633,38040.0,38040,1.7492289546425197e-06,1.7492241384263083e-06,2.726679203472134e-05,0.0,1.9323825418210007e-06,1.8315840466302953e-07,0.0,1.2951221479583421e-08,-4.814906000437736e-12
634,38100.0,38100,1.7500686875909541e-06,1.7500638829476721e-06,2.729111454006529e-05,0.0,1.933211493468852e-06,1.8314761179551274e-07,0.0,1.2951207658563176e-08,-4.803347454367278e-12
635,38160.0,38160,1.7509131451190225e-06,1.7509083519713036e-06,2.7315448969269635e-05,0.0,1.9340451190427696e-06,1.8313676828001375e-07,0.0,1.2951193795821724e-08,-4.791795350090255e-12
636,38220.0,38220,1.751762351359445e-06,1.7517575698033102e-06,2.7339795389391232e-05,0.0,1.934883442519368e-06,1.8312587396471463e-07,0.0,1.2951179891040015e-08,-4.780249412792053e-12
637,38280.0,38280,1.7526163306612014e-06,1.7526115606518827e-06,2.7364153867831593e-05,0.0,1.9357264881005105e-06,1.831149286966521e-07,0.0,1.2951165943906464e-08,-4.768710952288264e-12
638,38340.0,38340,1.753475107601824e-06,1.7534703491449715e-06,2.7388524472336315e-05,0.0,1.9365742802051367e-06,1.8310393232169373e-07,0.0,1.2951151954089794e-08,-4.757179549686478e-12
639,38400.0,38400,1.7543387069818498e-06,1.7543339600841574e-06,2.7412907271001783e-05,0.0,1.937426843479765e-06,1.8309288468454438e-07,0.0,1.295113792126769e-08,-4.745655731337742e-12
640,38460.0,38460,1.7552071538316203e-06,1.7552024184114795e-06,2.7437302332271524e-05,0.0,1.938284202797239e-06,1.8308178562873108e-07,0.0,1.2951123845112403e-08,-4.734139892511252e-12
641,38520.0,38520,1.7560804734110363e-06,1.7560757494498446e-06,2.746170972494931e-05,0.0,1.939146383261459e-06,1.8307063499655296e-07,0.0,1.2951109725291982e-08,-4.722632522203868e-12
642,38580.0,38580,1.7569586912159047e-06,1.7569539787955136e-06,2.748612951819329e-05,0.0,1.940013410205607e-06,1.8305943262918563e-07,0.0,1.295109556146781e-08,-4.7111335289309924e-12
643,38640.0,38640,1.7578418329764607e-06,1.757837132093706e-06,2.7510561781525185e-05,0.0,1.940885309199378e-06,1.8304817836651597e-07,0.0,1.2951081353306709e-08,-4.6996432678770724e-12
644,38700.0,38700,1.7587299246595576e-06,1.758725235233005e-06,2.7535006584831682e-05,0.0,1.9417621060528423e-06,1.8303687204720304e-07,0.0,1.2951067100471016e-08,-4.688162775830356e-12
645,38760.0,38760,1.7596229924776387e-06,1.7596183145611142e-06,2.755946399836748e-05,0.0,1.9426438268103935e-06,1.830255135087258e-07,0.0,1.2951052802608673e-08,-4.67669136837001e-12
646,38820.0,38820,1.7605210628820263e-06,1.760516396418783e-06,2.7583934092756415e-05,0.0,1.94353049776497e-06,1.8301410258725279e-07,0.0,1.2951038459381745e-08,-4.6652306482542885e-12
647,38880.0,38880,1.7614241625765859e-06,1.7614195075017407e-06,2.760841693900118e-05,0.0,1.944422145448077e-06,1.8300263911775725e-07,0.0,1.2951024070428529e-08,-4.653779491248291e-12
648,38940.0,38940,1.7623323185094172e-06,1.7623276749436962e-06,2.763291260848252e-05,0.0,1.9453187966450146e-06,1.829911229338912e-07,0.0,1.295100963540729e-08,-4.642339318701597e-12
649,39000.0,39000,1.7632455578824505e-06,1.7632409257548154e-06,2.7657421172961144e-05,0.0,1.9462204783904975e-06,1.829795538680287e-07,0.0,1.295099515395714e-08,-4.63091039245115e-12
650,39060.0,39060,1.7641639081547835e-06,1.764159287424483e-06,2.7681942704584982e-05,0.0,1.947127217969941e-06,1.8296793175128343e-07,0.0,1.2950980625713523e-08,-4.6194923112456604e-12
651,39120.0,39120,1.7650873970387543e-06,1.765082787726338e-06,2.770647727589196e-05,0.0,1.9480390429306247e-06,1.8295625641342605e-07,0.0,1.2950966050322749e-08,-4.6080863927333875e-12
652,39180.0,39180,1.7660160525114145e-06,1.7660114545473742e-06,2.7731024959811662e-05,0.0,1.9489559810749084e-06,1.82944527682921e-07,0.0,1.2950951427411163e-08,-4.5966923595466805e-12
653,39240.0,39240,1.766949902811087e-06,1.766945316269034e-06,2.7755585829670345e-05,0.0,1.9498780604697274e-06,1.8293274538690505e-07,0.0,1.2950936756612173e-08,-4.5853112507355816e-12
654,39300.0,39300,1.7678889764465112e-06,1.7678844012469583e-06,2.778015995919818e-05,0.0,1.9508053094434973e-06,1.829209093511718e-07,0.0,1.2950922037545061e-08,-4.573942189473149e-12
655,39360.0,39360,1.768833302189715e-06,1.7688287383613135e-06,2.7804747422525323e-05,0.0,1.9517377566003003e-06,1.8290901940015668e-07,0.0,1.2950907269845948e-08,-4.562586981583641e-12
656,39420.0,39420,1.769782909090896e-06,1.7697783567454705e-06,2.7829348294190307e-05,0.0,1.9526754308091066e-06,1.828970753568955e-07,0.0,1.2950892453124338e-08,-4.551245501752342e-12
657,39480.0,39480,1.7707378264759195e-06,1.770733285357136e-06,2.7853962649147244e-05,0.0,1.9536183612139273e-06,1.828850770431246e-07,0.0,1.2950877586993402e-08,-4.539917260070903e-12
658,39540.0,39540,1.7716980839449953e-06,1.771693554150283e-06,2.7878590562762494e-05,0.0,1.9545665772415675e-06,1.828730242791046e-07,0.0,1.2950862671077988e-08,-4.528604131988195e-12
659,39600.0,39600,1.7726637113862055e-06,1.7726591928858349e-06,2.790323211082523e-05,0.0,1.9555201085935967e-06,1.8286091688369444e-07,0.0,1.2950847704974423e-08,-4.517305367788454e-12
660,39660.0,39660,1.7736347389700442e-06,1.7736302316779564e-06,2.7927887369543834e-05,0.0,1.95647898525935e-06,1.8284875467436878e-07,0.0,1.295083268829452e-08,-4.5060219533957074e-12
661,39720.0,39720,1.7746111971564072e-06,1.7746067012199975e-06,2.795255641555897e-05,0.0,1.957443237514054e-06,1.828365374671592e-07,0.0,1.2950817620635826e-08,-4.494754049179201e-12
662,39780.0,39780,1.7755931166973385e-06,1.7755886320107982e-06,2.7977239325942175e-05,0.0,1.958412895924594e-06,1.8282426507661522e-07,0.0,1.295080250159698e-08,-4.483502039340818e-12
663,39840.0,39840,1.7765805286405428e-06,1.7765760551636065e-06,2.800193617820061e-05,0.0,1.959387991351884e-06,1.8281193731586281e-07,0.0,1.2950787330771861e-08,-4.4722667157106495e-12
664,39900.0,39900,1.7775734643340438e-06,1.7775690020945633e-06,2.802664705028122e-05,0.0,1.960368554952219e-06,1.827995539965177e-07,0.0,1.2950772107745117e-08,-4.461047778947521e-12
665,39960.0,39960,1.778571955426081e-06,1.7785675043924148e-06,2.8051372020577416e-05,0.0,1.9613546181862823e-06,1.8278711492872641e-07,0.0,1.295075683210832e-08,-4.449846315007217e-12
666,40020.0,40020,1.7795760338725158e-06,1.7795715940283906e-06,2.80761111679274e-05,0.0,1.962346212817093e-06,1.8277461992111213e-07,0.0,1.2950741503438783e-08,-4.438662377614669e-12
667,40080.0,40080,1.780585731938604e-06,1.7805813032653822e-06,2.8100864571629192e-05,0.0,1.963343370916718e-06,1.827620687807876e-07,0.0,1.2950726121315311e-08,-4.427496565958984e-12
668,40140.0,40140,1.7816010822030646e-06,1.7815966647255733e-06,2.8125632311429777e-05,0.0,1.9643461248686353e-06,1.8274946131333784e-07,0.0,1.2950710685309373e-08,-4.416349042532584e-12
669,40200.0,40200,1.782622117560549e-06,1.7826177111603222e-06,2.8150414467546526e-05,0.0,1.965354507373369e-06,1.827367973227614e-07,0.0,1.2950695194993938e-08,-4.4052208457738314e-12
670,40260.0,40260,1.7836488712295335e-06,1.7836444759586239e-06,2.8175211120658018e-05,0.0,1.966368551447199e-06,1.8272407661152698e-07,0.0,1.2950679649925804e-08,-4.394111488120113e-12
671,40320.0,40320,1.7846813767493635e-06,1.7846769925624987e-06,2.8200022351915445e-05,0.0,1.9673882904337788e-06,1.827112989804906e-07,0.0,1.2950664049674543e-08,-4.383022306589509e-12
672,40380.0,40380,1.7857196679903382e-06,1.7857152949335903e-06,2.8224848242946223e-05,0.0,1.968413758001525e-06,1.826984642289394e-07,0.0,1.2950648393790165e-08,-4.371953350131785e-12
673,40440.0,40440,1.7867637791557956e-06,1.7867594171475913e-06,2.8249688875857335e-05,0.0,1.9694449881484864e-06,1.8268557215452833e-07,0.0,1.2950632681823358e-08,-4.360904956206651e-12
674,40500.0,40500,1.7878137447840609e-06,1.7878093937942881e-06,2.8274544333240338e-05,0.0,1.9704820152101668e-06,1.826726225532803e-07,0.0,1.2950616913324406e-08,-4.3498777744442715e-12
675,40560.0,40560,1.7888695997545652e-06,1.788865259743689e-06,2.8299414698177478e-05,0.0,1.971524873859943e-06,1.8265961521958612e-07,0.0,1.2950601087834762e-08,-4.3388721262072165e-12
676,40620.0,40620,1.789931379290976e-06,1.7899270502562494e-06,2.832430005424615e-05,0.0,1.972573599114975e-06,1.8264654994615458e-07,0.0,1.2950585204893843e-08,-4.327888803855158e-12
677,40680.0,40680,1.7909991189676285e-06,1.7909948008921873e-06,2.834920048552111e-05,0.0,1.9736282263374246e-06,1.8263342652401236e-07,0.0,1.2950569264030334e-08,-4.31692773236749e-12
678,40740.0,40740,1.7920728547094921e-06,1.7920685475901377e-06,2.8374116076585064e-05,0.0,1.9746887912441547e-06,1.8262024474249544e-07,0.0,1.2950553264778762e-08,-4.305989887754567e-12
679,40800.0,40800,1.7931526228008977e-06,1.7931483266216002e-06,2.839904691252586e-05,0.0,1.9757553299056873e-06,1.826070043892555e-07,0.0,1.2950537206658984e-08,-4.295075695778719e-12
680,40860.0,40860,1.794238459888875e-06,1.7942341745547786e-06,2.8423993078948758e-05,0.0,1.976827878751384e-06,1.8259370525015357e-07,0.0,1.295052108918814e-08,-4.284185044412083e-12
681,40920.0,40920,1.7953304029832928e-06,1.7953261285504136e-06,2.8448954661977518e-05,0.0,1.97790647458019e-06,1.825803471093338e-07,0.0,1.295050491188772e-08,-4.273319294447091e-12
682,40980.0,40980,1.7964284894680886e-06,1.7964242258877472e-06,2.8473931748263312e-05,0.0,1.9789911545551076e-06,1.8256692974917788e-07,0.0,1.2950488674260462e-08,-4.262478528379867e-12
683,41040.0,41040,1.7975327571023132e-06,1.797528504319988e-06,2.8498924424985284e-05,0.0,1.9800819562141804e-06,1.8255345295026808e-07,0.0,1.295047237580966e-08,-4.251663082065423e-12
684,41100.0,41100,1.7986432440243028e-06,1.7986390020560931e-06,2.8523932779854436e-05,0.0,1.981178917474808e-06,1.8253991649138076e-07,0.0,1.295045601603846e-08,-4.240873821679054e-12
685,41160.0,41160,1.799759988757555e-06,1.7997557575590924e-06,2.854895690112977e-05,0.0,1.9822820766360733e-06,1.8252632014946457e-07,0.0,1.2950439594436973e-08,-4.230110779956619e-12
686,41220.0,41220,1.8008830302145882e-06,1.8008788097772845e-06,2.857399687761104e-05,0.0,1.9833914723871253e-06,1.8251266369963403e-07,0.0,1.2950423110499118e-08,-4.219375032082407e-12
687,41280.0,41280,1.802012407703584e-06,1.802008197966624e-06,2.8599052798654912e-05,0.0,1.984507143807593e-06,1.8249894691514336e-07,0.0,1.2950406563703865e-08,-4.208666685685066e-12
688,41340.0,41340,1.803148160930994e-06,1.8031439618561642e-06,2.8624124754169373e-05,0.0,1.9856291303763152e-06,1.8248516956734088e-07,0.0,1.2950389953532226e-08,-4.197986549052782e-12
689,41400.0,41400,1.804290330009225e-06,1.804286141664051e-06,2.864921283462933e-05,0.0,1.9867574719739136e-06,1.8247133142572554e-07,0.0,1.295037327945394e-08,-4.1873350411330465e-12
690,41460.0,41460,1.8054389554597327e-06,1.805434777598764e-06,2.867431713107826e-05,0.0,1.9878922088884933e-06,1.824574322577947e-07,0.0,1.2950356540936437e-08,-4.176712712542253e-12
691,41520.0,41520,1.80659407821949e-06,1.806589910999615e-06,2.8699437735133803e-05,0.0,1.989033381821348e-06,1.8244347182916598e-07,0.0,1.2950339737441572e-08,-4.1661200852443714e-12
692,41580.0,41580,1.807755739645612e-06,1.807751582977781e-06,2.8724574738992165e-05,0.0,1.9901810318915826e-06,1.824294499035141e-07,0.0,1.2950322868425368e-08,-4.155557590235696e-12
693,41640.0,41640,1.8089239815197701e-06,1.8089198353744277e-06,2.874972823544097e-05,0.0,1.991335200643068e-06,1.8241536624244493e-07,0.0,1.2950305933339635e-08,-4.145025823563414e-12
694,41700.0,41700,1.8100988460538271e-06,1.810094710422941e-06,2.877489831785365e-05,0.0,1.9924959300502136e-06,1.824012206055997e-07,0.0,1.2950288931631697e-08,-4.134525856628022e-12
695,41760.0,41760,1.8112803759000237e-06,1.8112762507739623e-06,2.8800085080210054e-05,0.0,1.993663262517237e-06,1.8238701275062685e-07,0.0,1.2950271862731903e-08,-4.124057477498279e-12
696,41820.0,41820,1.8124686141492058e-06,1.812464499479185e-06,2.8825288617087545e-05,0.0,1.994837240892071e-06,1.823727424330712e-07,0.0,1.2950254726080924e-08,-4.113621676867683e-12
697,41880.0,41880,1.8136636043412905e-06,1.8136595000540821e-06,2.8850509023677683e-05,0.0,1.9960179084683484e-06,1.8235840940645424e-07,0.0,1.2950237521102997e-08,-4.1032190134005596e-12
698,41940.0,41940,1.8148653904697867e-06,1.814861296589661e-06,2.8875746395790674e-05,0.0,1.997205308990789e-06,1.8234401342215686e-07,0.0,1.295022024722005e-08,-4.092850234553834e-12
699,42000.0,42000,1.8160740169894442e-06,1.8160699334123305e-06,2.890100082985928e-05,0.0,1.9983994866600693e-06,1.8232955422948242e-07,0.0,1.295020290384355e-08,-4.082515459987628e-12
700,42060.0,42060,1.8172895288187923e-06,1.8172854555765415e-06,2.892627242294547e-05,0.0,1.9996004861428006e-06,1.8231503157558275e-07,0.0,1.295018549038646e-08,-4.072215543034745e-12
701,42120.0,42120,1.818511971347894e-06,1.8185079083865407e-06,2.8951561272748796e-05,0.0,2.000808352574797e-06,1.8230044520543216e-07,0.0,1.2950168006251966e-08,-4.061951372057036e-12
702,42180.0,42180,1.8197413904472818e-06,1.8197373377150865e-06,2.897686747761415e-05,0.0,2.0020231315658775e-06,1.822857948618339e-07,0.0,1.2950150450831974e-08,-4.051722923680497e-12
703,42240.0,42240,1.8209778324678886e-06,1.8209737899853315e-06,2.9002191136536795e-05,0.0,2.003244869211127e-06,1.8227108028537027e-07,0.0,1.2950132823523421e-08,-4.041531421797292e-12
704,42300.0,42300,1.8222213442548165e-06,1.8222173118761365e-06,2.9027532349165694e-05,0.0,2.0044736120911425e-06,1.8225630121439377e-07,0.0,1.295011512370477e-08,-4.031377410672199e-12
705,42360.0,42360,1.8234719731508151e-06,1.823467950888947e-06,2.9052891215819085e-05,0.0,2.005709407280413e-06,1.8224145738502072e-07,0.0,1.2950097350751226e-08,-4.021260654738166e-12
706,42420.0,42420,1.8247297669974622e-06,1.8247257547895047e-06,2.9078267837482816e-05,0.0,2.0069523023607047e-06,1.8222654853103342e-07,0.0,1.2950079504044782e-08,-4.0111833182635895e-12
707,42480.0,42480,1.825994774153733e-06,1.8259907719881766e-06,2.9103662315820913e-05,0.0,2.008202345414249e-06,1.8221157438395403e-07,0.0,1.2950061582936056e-08,-4.0011442523571405e-12
708,42540.0,42540,1.827267043488523e-06,1.8272630513423148e-06,2.9129074753187264e-05,0.0,2.009459585046931e-06,1.8219653467293158e-07,0.0,1.2950043586798216e-08,-3.991145834791427e-12
709,42600.0,42600,1.8285466244023467e-06,1.8285426421827167e-06,2.915450525262396e-05,0.0,2.010724070378035e-06,1.8218142912477232e-07,0.0,1.2950025514968705e-08,-3.981187279930894e-12
710,42660.0,42660,1.8298335668220167e-06,1.8298295945408911e-06,2.9179953917878512e-05,0.0,2.011995851061836e-06,1.821662574638899e-07,0.0,1.2950007366802488e-08,-3.9712700716225124e-12
711,42720.0,42720,1.8311279212144477e-06,1.8311239588524247e-06,2.920542085339944e-05,0.0,2.0132749772868003e-06,1.8215101941227692e-07,0.0,1.2949989141634158e-08,-3.961394602779639e-12
712,42780.0,42780,1.8324297385935074e-06,1.8324257860499239e-06,2.9230906164357946e-05,0.0,2.0145614997835486e-06,1.8213571468952471e-07,0.0,1.2949970838795451e-08,-3.9515613575334195e-12
713,42840.0,42840,1.8337390705244315e-06,1.8337351277751213e-06,2.9256409956645124e-05,0.0,2.0158554698356e-06,1.8212034301267746e-07,0.0,1.2949952457614036e-08,-3.941771213976332e-12
714,42900.0,42900,1.8350559691342906e-06,1.8350520361422572e-06,2.9281932336883674e-05,0.0,2.0171569392839264e-06,1.8210490409636286e-07,0.0,1.2949933997408067e-08,-3.932024613184504e-12
715,42960.0,42960,1.8363804871177962e-06,1.8363765638440259e-06,2.9307473412434548e-05,0.0,2.0184659605359936e-06,1.8208939765263983e-07,0.0,1.2949915457491216e-08,-3.9223227871047375e-12
716,43020.0,43020,1.8377126777485672e-06,1.8377087641515086e-06,2.9333033291409206e-05,0.0,2.0197825865695173e-06,1.8207382339103987e-07,0.0,1.2949896837162494e-08,-3.9126654021788106e-12
717,43080.0,43080,1.8390525948807642e-06,1.8390486908946647e-06,2.935861208267072e-05,0.0,2.0211068709483175e-06,1.8205818101848443e-07,0.0,1.294987813572973e-08,-3.903053786640648e-12
718,43140.0,43140,1.8404002929626152e-06,1.840396398517063e-06,2.938420989584714e-05,0.0,2.0224388678237797e-06,1.820424702393284e-07,0.0,1.294985935248392e-08,-3.893488330679051e-12
719,43200.0,43200,1.8417558270409708e-06,1.8417519421165981e-06,2.940982684133982e-05,0.0,2.023778631946225e-06,1.8202669075524285e-07,0.0,1.2949840486712385e-08,-3.8839700159497075e-12
720,43260.0,43260,1.8431192527738912e-06,1.8431153773352317e-06,2.9435463030328996e-05,0.0,2.0251262186691864e-06,1.8201084226524525e-07,0.0,1.2949821537693212e-08,-3.87449908792672e-12
721,43320.0,43320,1.8444906264356887e-06,1.8444867603671622e-06,2.9461118574785463e-05,0.0,2.0264816839616498e-06,1.8199492446569527e-07,0.0,1.2949802504701642e-08,-3.865076157156606e-12
722,43380.0,43380,1.8458700049241242e-06,1.8458661483083825e-06,2.9486793587475582e-05,0.0,2.0278450844176833e-06,1.8197893705016007e-07,0.0,1.2949783387010461e-08,-3.855702367741406e-12
723,43440.0,43440,1.8472574457742823e-06,1.8472535984745e-06,2.951248818197797e-05,0.0,2.029216477259291e-06,1.8196287970951414e-07,0.0,1.2949764183876163e-08,-3.8463776461369715e-12
724,43500.0,43500,1.8486530071622905e-06,1.84864916913097e-06,2.9538202472679055e-05,0.0,2.0305959203516408e-06,1.819467521317938e-07,0.0,1.294974489456176e-08,-3.837103018230117e-12
725,43560.0,43560,1.8500567479167603e-06,1.8500529191017796e-06,2.9563936574796438e-05,0.0,2.0319834722083857e-06,1.8193055400222104e-07,0.0,1.2949725518317225e-08,-3.827879081383416e-12
726,43620.0,43620,1.8514687275276178e-06,1.8514649079060278e-06,2.9589690604378887e-05,0.0,2.0333791920017116e-06,1.8191428500321446e-07,0.0,1.2949706054388997e-08,-3.818706386876784e-12
727,43680.0,43680,1.8528890061563274e-06,1.8528851956437728e-06,2.9615464678321927e-05,0.0,2.034783139569988e-06,1.8189794481425445e-07,0.0,1.294968650201727e-08,-3.809585370246829e-12
728,43740.0,43740,1.8543176446423936e-06,1.854313843207928e-06,2.9641258914370612e-05,0.0,2.0361953754307378e-06,1.8188153311194407e-07,0.0,1.2949666860442236e-08,-3.800516818122217e-12
729,43800.0,43800,1.8557547045166786e-06,1.8557509121023384e-06,2.9667073431133992e-05,0.0,2.037615960786442e-06,1.8186504956991128e-07,0.0,1.294964712889363e-08,-3.791501081121898e-12
730,43860.0,43860,1.8572002480075914e-06,1.8571964645590986e-06,2.9692908348093462e-05,0.0,2.0390449575364355e-06,1.8184849385884153e-07,0.0,1.2949627306602002e-08,-3.782538883002973e-12
731,43920.0,43920,1.858654338053536e-06,1.8586505635242274e-06,2.9718763785613883e-05,0.0,2.0404824282863255e-06,1.8183186564637775e-07,0.0,1.2949607392790295e-08,-3.773630622308296e-12
732,43980.0,43980,1.8601170383121956e-06,1.8601132725947322e-06,2.9744639864950265e-05,0.0,2.0419284363568615e-06,1.818151645971269e-07,0.0,1.2949587386681043e-08,-3.7647765208996355e-12
733,44040.0,44040,1.8615884131681817e-06,1.8615846562866253e-06,2.977053670826334e-05,0.0,2.0433830457971465e-06,1.8179839037260787e-07,0.0,1.2949567287497327e-08,-3.7559778916691005e-12
734,44100.0,44100,1.8630685277495857e-06,1.8630647796307776e-06,2.979645443862401e-05,0.0,2.0448463213884634e-06,1.817815426312405e-07,0.0,1.2949547094446197e-08,-3.74723402947499e-12
735,44160.0,44160,1.8645574479309345e-06,1.8645537085381564e-06,2.982239318002726e-05,0.0,2.046318328663433e-06,1.8176462102830653e-07,0.0,1.294952680675209e-08,-3.738546056039056e-12
736,44220.0,44220,1.8660552403486636e-06,1.8660515095194984e-06,2.9848353057404397e-05,0.0,2.0477991339093863e-06,1.817476252158649e-07,0.0,1.2949506423625863e-08,-3.729914227025499e-12
737,44280.0,44280,1.8675619724109916e-06,1.8675582501668586e-06,2.9874334196628618e-05,0.0,2.049288804181788e-06,1.8173055484277113e-07,0.0,1.2949485944281084e-08,-3.721338369509391e-12
738,44340.0,44340,1.8690777123066838e-06,1.8690739986009198e-06,2.990033672453057e-05,0.0,2.0507874073158837e-06,1.817134095546384e-07,0.0,1.294946536793839e-08,-3.712818809289367e-12
739,44400.0,44400,1.8706025290161083e-06,1.8705988237813962e-06,2.9926360768906717e-05,0.0,2.0522950119387645e-06,1.8169618899374184e-07,0.0,1.294944469382113e-08,-3.704356222302336e-12
740,44460.0,44460,1.8721364923281004e-06,1.8721327954887777e-06,2.9952406458532126e-05,0.0,2.053811687471316e-06,1.816788927990902e-07,0.0,1.2949423921145455e-08,-3.6959494466226316e-12
741,44520.0,44520,1.8736796728427795e-06,1.8736759843814607e-06,2.9978473923172146e-05,0.0,2.0553375041507157e-06,1.8166152060627821e-07,0.0,1.2949403049154548e-08,-3.6875983126005404e-12
742,44580.0,44580,1.8752321419839273e-06,1.8752284618504027e-06,3.0004563293592434e-05,0.0,2.0568725330367934e-06,1.816440720474886e-07,0.0,1.2949382077100145e-08,-3.679302585470007e-12
743,44640.0,44640,1.87679397201387e-06,1.8767903000667245e-06,3.003067470157173e-05,0.0,2.058416846020031e-06,1.8162654675149648e-07,0.0,1.2949361004244988e-08,-3.671060693264029e-12
744,44700.0,44700,1.8783652360382768e-06,1.8783615723088744e-06,3.005680827991301e-05,0.0,2.05997051583561e-06,1.8160894434358476e-07,0.0,1.2949339829884687e-08,-3.662871338340943e-12
745,44760.0,44760,1.8799460080212851e-06,1.8799423524243664e-06,3.0082964162457936e-05,0.0,2.0615336160685907e-06,1.8159126444555035e-07,0.0,1.2949318553342965e-08,-3.654731665865586e-12
746,44820.0,44820,1.8815363627890128e-06,1.8815327152743333e-06,3.0109142484092415e-05,0.0,2.063106221167788e-06,1.8157350667568492e-07,0.0,1.2949297173999238e-08,-3.646638462156483e-12
747,44880.0,44880,1.883136376039468e-06,1.8831327366087316e-06,3.0135343380765525e-05,0.0,2.0646884064501866e-06,1.8155567064872253e-07,0.0,1.2949275691293225e-08,-3.638586701600171e-12
748,44940.0,44940,1.8847461243470344e-06,1.884742492923327e-06,3.0161566989504532e-05,0.0,2.0662802481100846e-06,1.8153775597587884e-07,0.0,1.2949254104756873e-08,-3.6305700656424377e-12
749,45000.0,45000,1.8863656851682089e-06,1.886362061749305e-06,3.0187813448414338e-05,0.0,2.0678818232191646e-06,1.8151976226489456e-07,0.0,1.294923241403459e-08,-3.6225793246804895e-12
750,45060.0,45060,1.8879951368395838e-06,1.8879915214119227e-06,3.0214082896702505e-05,0.0,2.0694932097302844e-06,1.8150168912003107e-07,0.0,1.2949210618934593e-08,-3.6146021637012133e-12
751,45120.0,45120,1.8896345585731197e-06,1.88963095111716e-06,3.0240375474689838e-05,0.0,2.0711144864742404e-06,1.814835361421813e-07,0.0,1.2949188719476981e-08,-3.6066221409339432e-12
752,45180.0,45180,1.8912840304478681e-06,1.8912804310112463e-06,3.026669132381705e-05,0.0,2.0727457331488866e-06,1.814653029290023e-07,0.0,1.294916671596614e-08,-3.59861703704042e-12
753,45240.0,45240,1.8929436333897359e-06,1.8929400420051024e-06,3.0293030586659798e-05,0.0,2.0743870303060607e-06,1.8144698907512164e-07,0.0,1.2949144609086493e-08,-3.5905573743174404e-12
754,45300.0,45300,1.894613449144641e-06,1.894609865932687e-06,3.0319393406945915e-05,0.0,2.0760384593205664e-06,1.814285941723917e-07,0.0,1.2949122400023662e-08,-3.5824034269183612e-12
755,45360.0,45360,1.896293560234145e-06,1.8962899852819723e-06,3.034577992955819e-05,0.0,2.07770010235443e-06,1.814101178103852e-07,0.0,1.2949100090634922e-08,-3.5741023677202145e-12
756,45420.0,45420,1.8979840498903254e-06,1.8979804835018004e-06,3.0372190300553866e-05,0.0,2.0793720423020655e-06,1.8139155957679066e-07,0.0,1.29490776836706e-08,-3.565585462308354e-12
757,45480.0,45480,1.899685001975594e-06,1.8996814444300348e-06,3.039862466716794e-05,0.0,2.081054362702338e-06,1.8137291905838822e-07,0.0,1.2949055183038256e-08,-3.5567600888286e-12
758,45540.0,45540,1.9013965008577292e-06,1.9013929525406797e-06,3.0425083177829883e-05,0.0,2.0827471476327535e-06,1.813541958418776e-07,0.0,1.2949032594201058e-08,-3.547505140734237e-12
759,45600.0,45600,1.9031186312511435e-06,1.9031150928190857e-06,3.045156598216196e-05,0.0,2.0844504815516005e-06,1.8133538951548192e-07,0.0,1.29490099246548e-08,-3.5376595660529865e-12
760,45660.0,45660,1.904851477989863e-06,1.9048479501694473e-06,3.047807323099536e-05,0.0,2.08616444909982e-06,1.8131649967065807e-07,0.0,1.2948987184594127e-08,-3.5270119963167415e-12
761,45720.0,45720,1.906595125734266e-06,1.9065916096269427e-06,3.0504605076362412e-05,0.0,2.08788913481703e-06,1.8129752590476754e-07,0.0,1.2948964387751933e-08,-3.5152834424839586e-12
762,45780.0,45780,1.908349658576707e-06,1.908346155699269e-06,3.053116167150271e-05,0.0,2.0896246227659236e-06,1.8127846782446875e-07,0.0,1.2948941552528752e-08,-3.5021038425558046e-12
763,45840.0,45840,1.910115159501136e-06,1.910111671710788e-06,3.0557743170852534e-05,0.0,2.09137099604259e-06,1.812593250504395e-07,0.0,1.2948918703509924e-08,-3.486985575693561e-12
764,45900.0,45900,1.9118917096779014e-06,1.9118882396080825e-06,3.05843497300326e-05,0.0,2.0931283361029533e-06,1.8124009722382267e-07,0.0,1.2948895873429361e-08,-3.4692824718904364e-12
765,45960.0,45960,1.913679387511609e-06,1.9136759386125003e-06,3.061098150581806e-05,0.0,2.0948967218767353e-06,1.8122078401562965e-07,0.0,1.294887310581271e-08,-3.448141896987974e-12
766,46020.0,46020,1.915478267378228e-06,1.9154748441531634e-06,3.063763865611675e-05,0.0,2.0966762285711826e-06,1.81201385140386e-07,0.0,1.2948850458420111e-08,-3.4224473289842114e-12
767,46080.0,46080,1.917288417948209e-06,1.91728502638644e-06,3.06643213399008e-05,0.0,2.0984669260598327e-06,1.811819003778503e-07,0.0,1.294882800764953e-08,-3.3907728208732477e-12
768,46140.0,46140,1.9191098999877946e-06,1.9191065477827128e-06,3.069102971713539e-05,0.0,2.100268876670924e-06,1.8116232961040436e-07,0.0,1.2948805853691456e-08,-3.351442964800211e-12
769,46200.0,46200,1.9209427636252267e-06,1.920939459727137e-06,3.071776394867476e-05,0.0,2.102082131941075e-06,1.811426728966595e-07,0.0,1.2948784124697525e-08,-3.303103380736388e-12
770,46260.0,46260,1.9227870456041297e-06,1.922783797048273e-06,3.074452419609914e-05,0.0,2.1039067269769127e-06,1.811229306393412e-07,0.0,1.2948762971429408e-08,-3.2477972512867004e-12
771,46320.0,46320,1.924642770513824e-06,1.924639562806864e-06,3.077131062147894e-05,0.0,2.105742666155969e-06,1.8110310404185564e-07,0.0,1.2948742510637152e-08,-3.2069390718431213e-12
772,46380.0,46380,1.9265099804149156e-06,1.9265066711257105e-06,3.079812338692848e-05,0.0,2.107589866983248e-06,1.8108319658642823e-07,0.0,1.294872250221262e-08,-3.3085638119538968e-12
773,46440.0,46440,1.9283889429162092e-06,1.9283846507051855e-06,3.082496265333426e-05,0.0,2.1094478697181077e-06,1.8106321969607623e-07,0.0,1.294870057217746e-08,-4.2914492026135395e-12
774,46500.0,46500,1.9302814785021096e-06,1.930270922623121e-06,3.085182857487998e-05,0.0,2.111314139820599e-06,1.810432179276489e-07,0.0,1.294866203359133e-08,-1.0555171370758853e-11
775,46560.0,46560,1.9321994336536404e-06,1.9321501687588555e-06,3.087872126909983e-05,0.0,2.1131735637076675e-06,1.8102339560829496e-07,0.0,1.2948518872915049e-08,-4.9264123790225435e-11
776,46620.0,46620,1.9342196337822133e-06,1.9339264890202196e-06,3.09056406360144e-05,0.0,2.1149313027913538e-06,1.8100481445309488e-07,0.0,1.2947730334430898e-08,-2.9314402157413924e-10
777,46680.0,46680,1.936846518179664e-06,1.9349805626491628e-06,3.0932585214401e-05,0.0,2.11597406006487e-06,1.8099349807722436e-07,0.0,1.2942876887236487e-08,-1.865954777714687e-09
778,46740.0,46740,1.9434601364749995e-06,1.9312313295098307e-06,3.095954475427118e-05,0.0,2.1122571760330717e-06,1.81025847233271e-07,0.0,1.2911809597419243e-08,-1.2228806280723758e-08
779,46800.0,46800,1.9780132151629324e-06,1.8954252896898144e-06,3.098645109961372e-05,0.0,2.076762267273179e-06,1.81336978215137e-07,0.0,1.270802735092112e-08,-8.258792478324255e-08
780,46860.0,46860,2.280770405997238e-06,1.642765256061896e-06,3.101284941537944e-05,0.0,1.8265763066305659e-06,1.838110510235001e-07,0.0,1.1331590459710918e-08,-6.380051494677549e-07
781,46920.0,46920,184.41171919204248,-6.170127770662206e-05,3.1035662195966874e-05,300.0,5.126776780759073e-08,6.175254548097362e-05,0.0,6.981903480264064e-10,115.58821910667984
782,46980.0,46980,184.41171918802488,-6.168989776800642e-05,3.0007179198900696e-05,300.0,5.486811023945369e-08,6.174476588440498e-05,0.0,1.9264703191431152,115.58821912207742
783,47040.0,47040,184.4117191833604,-6.167613669032621e-05,2.8978876867127505e-05,300.0,5.90141742631984e-08,6.173515087039417e-05,0.0,3.852940637844638,115.58821914050297
784,47100.0,47100,184.41171917788165,-6.165912591076497e-05,2.795079352199347e-05,300.0,6.383830848074653e-08,6.17229642245703e-05,0.0,5.779410956853236,115.58821916299244
785,47160.0,47160,184.41171917135534,-6.163748351725657e-05,2.6922981630007156e-05,300.0,6.952159311998212e-08,6.170700511532946e-05,0.0,7.705881276236634,115.58821919116116
786,47220.0,47220,184.411719163449,-6.16088573318117e-05,2.589551623683295e-05,300.0,7.631662094935547e-08,6.16851739573605e-05,0.0,9.632351596089492,115.5882192276937
787,47280.0,47280,184.41171915367175,-6.156883393438558e-05,2.486851095960551e-05,300.0,8.458643380195921e-08,6.165342037237278e-05,0.0,11.558821916551201,115.58821927749435
788,47340.0,47340,184.41171914126772,-6.15078338362585e-05,2.384215206485331e-05,300.0,9.487253143870154e-08,6.16027063715178e-05,0.0,13.485292237842891,115.58821935089844
789,47400.0,47400,184.4117191030488,-6.112170700924322e-05,2.281678412349052e-05,170.00000000000014,1.2521287238314258e-07,6.124691988565437e-05,0.0,15.411762560357966,-14.411780224755642
790,47460.0,47460,184.41171907060382,-4.257847291411634e-05,2.17977757786548e-05,0.0,1.4950392325859071e-07,4.2727976840592105e-05,0.0,15.171566223278782,-184.41176164907674
791,47520.0,47520,184.41171901919503,-1.2785287648952284e-05,2.108776060798995e-05,0.0,1.853911355209787e-07,1.2970678785483641e-05,0.0,12.098036862460887,-184.41173180448268
792,47580.0,47580,184.41171892376678,-1.4561029539082928e-06,2.0874208807256957e-05,0.0,2.4470468523576857e-07,1.7008076389680056e-06,0.0,9.024507999052876,-184.41172037986976
793,47640.0,47640,184.41171867813125,-1.6846038851684253e-07,2.084932846774615e-05,0.0,3.642832004412822e-07,5.327435882942538e-07,0.0,5.9509793260550525,-184.41171884659164
794,47700.0,47700,172.64702701961406,4.731150417003267e-07,2.084560989153546e-05,0.0,7.583128907991804e-07,2.851978491522059e-07,0.0,2.877450678611841,-172.64702654649903
795,47760.0,47760,1.3983039587163986e-05,1.4995379403333718e-06,2.085159916507925e-05,0.0,1.7061837432190434e-06,2.0664580246768358e-07,0.0,2.3617015171287044e-07,-1.2483501647213776e-05
796,47820.0,47820,2.4370002526135176e-06,1.6866978034309236e-06,2.0872325809967438e-05,0.0,1.8746429991965157e-06,1.879451961199115e-07,0.0,2.811172886711067e-08,-7.503024487513693e-07
797,47880.0,47880,2.0092597372280763e-06,1.8885672153087443e-06,2.0895750637911098e-05,0.0,2.07145729829565e-06,1.8289008358636706e-07,0.0,1.560667363222057e-08,-1.206925212855511e-07
798,47940.0,47940,1.9633755045386585e-06,1.936719619678019e-06,2.092204792045933e-05,0.0,2.118257372786044e-06,1.8153775373869171e-07,0.0,1.3595146204824761e-08,-2.6655884178922684e-08
799,48000.0,48000,1.9553568111601456e-06,1.9466450001948505e-06,2.0949030743054348e-05,0.0,2.1277751772123468e-06,1.811301776656592e-07,0.0,1.3150906548531118e-08,-8.711810290724542e-09
800,48060.0,48060,1.952576526478403e-06,1.9502672830780073e-06,2.0976155194309247e-05,0.0,2.1312235992278177e-06,1.8095631678373473e-07,0.0,1.3005737973859035e-08,-2.3092427112895366e-09
801,48120.0,48120,1.9517665800267226e-06,1.9511779579903573e-06,2.1003331396056134e-05,0.0,2.1320720810016997e-06,1.8089412367569142e-07,0.0,1.2967279483311925e-08,-5.886213809338201e-10
802,48180.0,48180,1.951554862871361e-06,1.9513715726398087e-06,2.103052065467875e-05,0.0,2.1322362260761614e-06,1.808646540504921e-07,0.0,1.2957498038593982e-08,-1.832895279785661e-10
803,48240.0,48240,1.9515121770558405e-06,1.9514594004452424e-06,2.1057712730017524e-05,0.0,2.1323069207057186e-06,1.8084752087882483e-07,0.0,1.2954472069455014e-08,-5.277591538561138e-11
804,48300.0,48300,1.9515227558356894e-06,1.951522025168089e-06,2.108490609258649e-05,0.0,2.132360175150826e-06,1.8083815061090841e-07,0.0,1.2953621280385071e-08,-7.29987283755233e-13
805,48360.0,48360,1.951546477094718e-06,1.951518786727097e-06,2.1112100365936055e-05,0.0,2.1323531868690816e-06,1.8083440077499402e-07,0.0,1.2953637855990105e-08,-2.7689695161729202e-11
806,48420.0,48420,1.951614895097188e-06,1.9516402666014855e-06,2.1139294602955463e-05,0.0,2.1324685469840104e-06,1.8082828100152982e-07,0.0,1.2953205007974366e-08,2.537218761588903e-11
807,48480.0,48480,1.951670669219327e-06,1.951662818798786e-06,2.1166490576414e-05,0.0,2.132490359256271e-06,1.8082754107921313e-07,0.0,1.295365645783965e-08,-7.84974464455362e-12
808,48540.0,48540,1.951741911194128e-06,1.951746806094402e-06,2.119368687138905e-05,0.0,2.1325720025099744e-06,1.808251970234707e-07,0.0,1.2953554114467963e-08,4.895585139364304e-12
809,48600.0,48600,1.9518128831919914e-06,1.9518088854397465e-06,2.1220884362224236e-05,0.0,2.132633087101282e-06,1.8082420225455084e-07,0.0,1.2953664109124727e-08,-3.99705601075012e-12
810,48660.0,48660,1.951894217985003e-06,1.9519076397109035e-06,2.124808273518375e-05,0.0,2.132729861378936e-06,1.80822222274844e-07,0.0,1.2953625805380919e-08,1.342240388688757e-11
811,48720.0,48720,1.9519693123562237e-06,1.951955851523433e-06,2.1275282512295125e-05,0.0,2.1327782205473357e-06,1.808223696257896e-07,0.0,1.295387774290377e-08,-1.3460151800290148e-11
812,48780.0,48780,1.9520627811053276e-06,1.9520670992915154e-06,2.130248297222234e-05,0.0,2.132887624094112e-06,1.8082052542177153e-07,0.0,1.2953681541630509e-08,4.318845731929345e-12
813,48840.0,48840,1.9521552585042254e-06,1.9521618598894476e-06,2.1329685012955432e-05,0.0,2.132981213579054e-06,1.808193543320776e-07,0.0,1.2953781572992397e-08,6.602017619535935e-12
814,48900.0,48900,1.9522411387987335e-06,1.9522314316373088e-06,2.1356888399246035e-05,0.0,2.1330506531327195e-06,1.8081922210791344e-07,0.0,1.295391956798324e-08,-9.706502553105351e-12
815,48960.0,48960,1.9523366017557745e-06,1.952333922799102e-06,2.1384092771656616e-05,0.0,2.133151914015177e-06,1.8081799184304074e-07,0.0,1.2953785658230275e-08,-2.6783124451641357e-12
816,49020.0,49020,1.952435180976144e-06,1.9524453987883546e-06,2.1411298599293358e-05,0.0,2.1332619119323457e-06,1.8081651377070665e-07,0.0,1.2953768796706199e-08,1.0218451379712152e-11
817,49080.0,49080,1.9525236370439314e-06,1.9525276905070888e-06,2.1438506010060374e-05,0.0,2.1333439133289723e-06,1.8081622347598115e-07,0.0,1.2953966793970102e-08,4.0540706742660774e-12
818,49140.0,49140,1.9526086764037335e-06,1.952602468066144e-06,2.1465714587546686e-05,0.0,2.1334188316075183e-06,1.808163641403659e-07,0.0,1.2954061954122321e-08,-6.207674983249502e-12
819,49200.0,49200,1.952702148574924e-06,1.9526947843757977e-06,2.14929242242286e-05,0.0,2.1335106779299173e-06,1.8081589413973757e-07,0.0,1.2953985982728371e-08,-7.363529273602336e-12
820,49260.0,49260,1.9528062854537204e-06,1.952799397369037e-06,2.1520135170097246e-05,0.0,2.1336143522487462e-06,1.8081495545264235e-07,0.0,1.2953890648214554e-08,-6.887404012777394e-12
821,49320.0,49320,1.9529207479917506e-06,1.9529154333895966e-06,2.1547347600531514e-05,0.0,2.1337291441861497e-06,1.808137114101839e-07,0.0,1.29538031537214e-08,-5.3139648510430425e-12
822,49380.0,49380,1.953044108451924e-06,1.953040780505452e-06,2.1574561678120305e-05,0.0,2.133853133993506e-06,1.808123540679829e-07,0.0,1.2953741789597387e-08,-3.327279214796681e-12
823,49440.0,49440,1.9531742665450346e-06,1.9531725410782633e-06,2.160177753505767e-05,0.0,2.133983570676786e-06,1.808110302012136e-07,0.0,1.2953713443399102e-08,-1.7248269084096196e-12
824,49500.0,49500,1.9533090773660324e-06,1.953308391350474e-06,2.1628995262117265e-05,0.0,2.134118163433656e-06,1.8080977265760118e-07,0.0,1.2953711710257435e-08,-6.85349216245458e-13
825,49560.0,49560,1.95344679219693e-06,1.9534464038651883e-06,2.1656214917074796e-05,0.0,2.134254973250389e-06,1.8080857001026878e-07,0.0,1.2953727206224836e-08,-3.8771891581595873e-13
826,49620.0,49620,1.953586543100402e-06,1.95358599689889e-06,2.1683436530423573e-05,0.0,2.1343933951438043e-06,1.8080739886820713e-07,0.0,1.295374756639848e-08,-5.455917194721694e-13
827,49680.0,49680,1.953728179611676e-06,1.953727356227293e-06,2.17106601244787e-05,0.0,2.134533591848384e-06,1.8080623622948462e-07,0.0,1.2953765198374942e-08,-8.22763491678644e-13
828,49740.0,49740,1.9538718568102993e-06,1.9538707661340875e-06,2.173788572424268e-05,0.0,2.1346758298442216e-06,1.8080506431796468e-07,0.0,1.2953778113170411e-08,-1.0900577428171208e-12
829,49800.0,49800,1.9540178189535464e-06,1.954016490432583e-06,2.1765113358792106e-05,0.0,2.134820360723699e-06,1.8080387088321453e-07,0.0,1.2953786474761687e-08,-1.3278901498353904e-12
830,49860.0,49860,1.9541663366256695e-06,1.9541647982766455e-06,2.179234306096749e-05,0.0,2.1349674459147095e-06,1.808026482369624e-07,0.0,1.2953790773537e-08,-1.537729101925144e-12
831,49920.0,49920,1.9543176844019017e-06,1.954315963952037e-06,2.1819574867444197e-05,0.0,2.1351173552782987e-06,1.808013919515253e-07,0.0,1.2953791475391737e-08,-1.7198588250473868e-12
832,49980.0,49980,1.954472123205988e-06,1.954470249122818e-06,2.184680881879393e-05,0.0,2.1352703480360172e-06,1.8080009951100682e-07,0.0,1.2953789041447708e-08,-1.873468116639044e-12
833,50040.0,50040,1.9546298867589437e-06,1.954627887817973e-06,2.1874044959303357e-05,0.0,2.1354266565299555e-06,1.8079876928506794e-07,0.0,1.2953783946301541e-08,-1.9983042099316964e-12
834,50100.0,50100,1.9547911741658493e-06,1.9547890784481303e-06,2.1901283336574928e-05,0.0,2.1355864778512066e-06,1.8079740000617338e-07,0.0,1.295377666872297e-08,-2.0951164623542523e-12
835,50160.0,50160,1.9549561476917055e-06,1.9549539814083954e-06,2.1928524001027303e-05,0.0,2.135749971488074e-06,1.8079599064825707e-07,0.0,1.2953767674959307e-08,-2.1656495789433504e-12
836,50220.0,50220,1.955124933734264e-06,1.9551227205922907e-06,2.1955767005354004e-05,0.0,2.135917260479091e-06,1.8079454048316466e-07,0.0,1.2953757402158773e-08,-2.2125390228362543e-12
837,50280.0,50280,1.9552976255437684e-06,1.955295385790977e-06,2.1983012404004933e-05,0.0,2.1360884343784848e-06,1.8079304913892157e-07,0.0,1.2953746243533889e-08,-2.239108763461239e-12
838,50340.0,50340,1.9554742869115975e-06,1.955472037208514e-06,2.201026025270484e-05,0.0,2.136263553213469e-06,1.807915165874304e-07,0.0,1.2953734536892379e-08,-2.2490923627520597e-12
839,50400.0,50400,1.9556549564955006e-06,1.9556527095176172e-06,2.2037510608026617e-05,0.0,2.1364426520409122e-06,1.8078994306710923e-07,0.0,1.2953722557816977e-08,-2.246334754017205e-12
840,50460.0,50460,1.955839652582431e-06,1.955837417431342e-06,2.206476352703997e-05,0.0,2.1366257458521792e-06,1.8078832897645012e-07,0.0,1.2953710517809776e-08,-2.234521370812061e-12
841,50520.0,50520,1.9560283780080915e-06,1.9560261603773875e-06,2.209201906701767e-05,0.0,2.136812834623939e-06,1.807866747718784e-07,0.0,1.2953698566954402e-08,-2.2169745174398275e-12
842,50580.0,50580,1.956221124977767e-06,1.9562189278539195e-06,2.2119277285225254e-05,0.0,2.1370039081808244e-06,1.8078498088928488e-07,0.0,1.2953686799968674e-08,-2.196508258226401e-12
843,50640.0,50640,1.95641787945373e-06,1.956415703491378e-06,2.2146538238776653e-05,0.0,2.137198950621123e-06,1.807832476940506e-07,0.0,1.2953675264675476e-08,-2.175354210696502e-12
844,50700.0,50700,1.956618624886549e-06,1.956616469128231e-06,2.2173801984554368e-05,0.0,2.137397944030875e-06,1.8078147545672232e-07,0.0,1.2953663971711838e-08,-2.1551416008202063e-12
845,50760.0,50760,1.9568233451206822e-06,1.956821207588676e-06,2.2201068579183032e-05,0.0,2.1376008713701635e-06,1.807796643475207e-07,0.0,1.2953652904569274e-08,-2.1369336932942657e-12
846,50820.0,50820,1.9570320264635074e-06,1.957029904591587e-06,2.2228338079042762e-05,0.0,2.1378077184503546e-06,1.8077781444314473e-07,0.0,1.2953642029027533e-08,-2.12129438163091e-12
847,50880.0,50880,1.957244658921859e-06,1.957242549937084e-06,2.225561054031006e-05,0.0,2.1380184751141973e-06,1.8077592574046283e-07,0.0,1.2953631301478663e-08,-2.108389211317383e-12
848,50940.0,50940,1.9574612367661585e-06,1.9574591381064755e-06,2.2282886019021786e-05,0.0,2.13823313569571e-06,1.8077399817326172e-07,0.0,1.2953620675564107e-08,-2.0980878468405873e-12
849,51000.0,51000,1.9576817585454e-06,1.957679667872231e-06,2.2310164571130515e-05,0.0,2.1384516989575553e-06,1.8077203162927796e-07,0.0,1.2953610107110606e-08,-2.0900684756325445e-12
850,51060.0,51060,1.9579062267357166e-06,1.957904142270301e-06,2.2337446252576297e-05,0.0,2.1386741676508385e-06,1.8077002596609267e-07,0.0,1.29535995573153e-08,-2.083903559122455e-12
851,51120.0,51120,1.9581346471413405e-06,1.9581325674211287e-06,2.2364731119339527e-05,0.0,2.1389005478875876e-06,1.8076798102477932e-07,0.0,1.2953588994513355e-08,-2.0791342102372396e-12
852,51180.0,51180,1.95836702821354e-06,1.9583649523291922e-06,2.2392019227490163e-05,0.0,2.1391308483993956e-06,1.8076589664118918e-07,0.0,1.295357839469642e-08,-2.0753164233542774e-12
853,51240.0,51240,1.958603380347296e-06,1.958601307679641e-06,2.24193106332239e-05,0.0,2.1393650798144216e-06,1.8076377265453106e-07,0.0,1.2953567741263917e-08,-2.0720537294610214e-12
854,51300.0,51300,1.9588437152285804e-06,1.9588416456269187e-06,2.2446605392889985e-05,0.0,2.1396032539963865e-06,1.8076160891352813e-07,0.0,1.2953557024231597e-08,-2.069013710495103e-12
855,51360.0,51360,1.959088045266397e-06,1.959085978754791e-06,2.2473903563009844e-05,0.0,2.1398453834860794e-06,1.8075940528037955e-07,0.0,1.295354623916082e-08,-2.0659343990518e-12
856,51420.0,51420,1.9593363831442717e-06,1.959334319951029e-06,2.250120520028155e-05,0.0,2.140091481034098e-06,1.8075716163305118e-07,0.0,1.2953535385985443e-08,-2.0626192085209687e-12
857,51480.0,51480,1.959588741455809e-06,1.959586681952774e-06,2.2528510361588994e-05,0.0,2.1403415592700364e-06,1.807548778659143e-07,0.0,1.295352446791882e-08,-2.0589339009290892e-12
858,51540.0,51540,1.959845132462237e-06,1.959843077084051e-06,2.2555819103994643e-05,0.0,2.140595630442952e-06,1.8075255388948502e-07,0.0,1.2953513490417055e-08,-2.0547942163856248e-12
859,51600.0,51600,1.960105567916287e-06,1.9601035171820846e-06,2.2583131484737608e-05,0.0,2.140853706275499e-06,1.8075018962922237e-07,0.0,1.2953502460342725e-08,-2.050159169141005e-12
860,51660.0,51660,1.960370058973667e-06,1.9603680133580775e-06,2.2610447561222796e-05,0.0,2.1411157978708813e-06,1.807477850240158e-07,0.0,1.2953491385243511e-08,-2.0450202943480262e-12
861,51720.0,51720,1.9606386161557188e-06,1.9606365761919593e-06,2.2637767391014493e-05,0.0,2.1413819156839576e-06,1.8074534002420324e-07,0.0,1.2953480272810659e-08,-2.0393938551183287e-12
862,51780.0,51780,1.960911249356961e-06,1.9609092154743183e-06,2.2665091031825816e-05,0.0,2.141652069536053e-06,1.8074285458951512e-07,0.0,1.2953469130464851e-08,-2.033314250776362e-12
863,51840.0,51840,1.9611879678888332e-06,1.9611859404958003e-06,2.2692418541509514e-05,0.0,2.141926268655782e-06,1.807403286872361e-07,0.0,1.2953457965056576e-08,-2.026826005459487e-12
864,51900.0,51900,1.9614687805346337e-06,1.9614667599932838e-06,2.2719749978048256e-05,0.0,2.1422045217533183e-06,1.8073776229011408e-07,0.0,1.2953446782693221e-08,-2.0199825840218137e-12
865,51960.0,51960,1.961753695636412e-06,1.9617516822408757e-06,2.274708539955154e-05,0.0,2.142486837086496e-06,1.8073515537471977e-07,0.0,1.295343558859374e-08,-2.0128380523365613e-12
866,52020.0,52020,1.962042721167991e-06,1.9620407151590245e-06,2.2774424864242928e-05,0.0,2.1427732225578564e-06,1.807325079198818e-07,0.0,1.2953424387076836e-08,-2.0054481682460516e-12
867,52080.0,52080,1.962335864828152e-06,1.9623338663927557e-06,2.2801768430460577e-05,0.0,2.1430636857909362e-06,1.8072981990537632e-07,0.0,1.2953413181531897e-08,-1.9978651786654723e-12
868,52140.0,52140,1.962633134119219e-06,1.962631143372416e-06,2.2829116156651417e-05,0.0,2.1433582342200465e-06,1.8072709131085563e-07,0.0,1.2953401974481196e-08,-1.990137910684229e-12
869,52200.0,52200,1.96293453642724e-06,1.9629325535558913e-06,2.2856468101364185e-05,0.0,2.1436568751649955e-06,1.8072432211490272e-07,0.0,1.2953390767633146e-08,-1.9823097675075096e-12
870,52260.0,52260,1.9632400790914956e-06,1.9632381041041205e-06,2.288382432325805e-05,0.0,2.1439596159038327e-06,1.8072151229439474e-07,0.0,1.2953379561975064e-08,-1.9744184837993425e-12
871,52320.0,52320,1.9635497694674715e-06,1.963547802387088e-06,2.291118488108843e-05,0.0,2.144266463737869e-06,1.8071866182395295e-07,0.0,1.2953368357867018e-08,-1.966496389890779e-12
872,52380.0,52380,1.963863614984853e-06,1.9638616559015542e-06,2.2938549833721457e-05,0.0,2.1445774260383747e-06,1.807157706756908e-07,0.0,1.2953357155131761e-08,-1.9585683400322523e-12
873,52440.0,52440,1.964181623185673e-06,1.9641796719704226e-06,2.296591924012117e-05,0.0,2.1448925103008934e-06,1.807128388189009e-07,0.0,1.2953345953181302e-08,-1.950655038339486e-12
874,52500.0,52500,1.9645038017678092e-06,1.964501858472068e-06,2.2993293159365115e-05,0.0,2.1452117241728836e-06,1.807098662200398e-07,0.0,1.2953334751082659e-08,-1.9427704677168473e-12
875,52560.0,52560,1.9648301586084887e-06,1.964828223136984e-06,2.3020671650634307e-05,0.0,2.145535075485258e-06,1.8070685284277586e-07,0.0,1.2953323547675474e-08,-1.93492407538587e-12
876,52620.0,52620,1.965160701784249e-06,1.9651587741026265e-06,2.3048054773224646e-05,0.0,2.1458625722737664e-06,1.8070379864797397e-07,0.0,1.2953312341641697e-08,-1.9271216388648683e-12
877,52680.0,52680,1.965495439588981e-06,1.9654935196419895e-06,2.3075442586545533e-05,0.0,2.1461942227860554e-06,1.8070070359392161e-07,0.0,1.295330113157092e-08,-1.9193644885769065e-12
878,52740.0,52740,1.9658343805373413e-06,1.9658324683688963e-06,2.3102835150123746e-05,0.0,2.14653003549415e-06,1.8069756763652883e-07,0.0,1.2953289916033306e-08,-1.9116512149733934e-12
879,52800.0,52800,1.966177533368224e-06,1.966175628855061e-06,2.313023252360847e-05,0.0,2.14687001909602e-06,1.8069439072941504e-07,0.0,1.2953278693625104e-08,-1.903978694005459e-12
880,52860.0,52860,1.9665249070457376e-06,1.9665230101738797e-06,2.3157634766768217e-05,0.0,2.1472141825106062e-06,1.8069117282428943e-07,0.0,1.2953267462997021e-08,-1.8963415108082808e-12
881,52920.0,52920,1.9668765107540943e-06,1.966874621515265e-06,2.3185041939505023e-05,0.0,2.1475625348767776e-06,1.8068791387100746e-07,0.0,1.2953256222893356e-08,-1.8887329676779885e-12
882,52980.0,52980,1.9672323538866185e-06,1.967230472194064e-06,2.3212454101844984e-05,0.0,2.1479150855495416e-06,1.8068461381790984e-07,0.0,1.2953244972172356e-08,-1.881147375673555e-12
883,53040.0,53040,1.96759244604975e-06,1.9675905719613293e-06,2.3239871313951618e-05,0.0,2.1482718440810947e-06,1.8068127261194862e-07,0.0,1.2953233709791157e-08,-1.8735764761745288e-12
884,53100.0,53100,1.9679567970418302e-06,1.9679549304783e-06,2.3267293636124468e-05,0.0,2.1486328202256183e-06,1.8067789019888278e-07,0.0,1.295322243484516e-08,-1.8660139321202276e-12
885,53160.0,53160,1.9683254168506343e-06,1.9683235578555626e-06,2.3294721128799098e-05,0.0,2.148998023925095e-06,1.8067446652342596e-07,0.0,1.2953211146540197e-08,-1.8584537118996116e-12
886,53220.0,53220,1.9686983156471135e-06,1.968696464222413e-06,2.3322153852557394e-05,0.0,2.1493674652969267e-06,1.8067100152941814e-07,0.0,1.295319984418505e-08,-1.850889231859429e-12
887,53280.0,53280,1.9690755037728063e-06,1.9690736599274475e-06,2.3349591868122827e-05,0.0,2.1497411546328953e-06,1.8066749515987356e-07,0.0,1.295318852719961e-08,-1.843315926557082e-12
888,53340.0,53340,1.969456991738727e-06,1.969455155490061e-06,2.3377035236364634e-05,0.0,2.150119102386016e-06,1.8066394735714358e-07,0.0,1.2953177195083633e-08,-1.835728551690065e-12
889,53400.0,53400,1.969842790211213e-06,1.9698409615988794e-06,2.340448401830309e-05,0.0,2.1505013191723464e-06,1.8066035806294932e-07,0.0,1.295316584742706e-08,-1.828124030238865e-12
890,53460.0,53460,1.970232910012203e-06,1.9702310889498643e-06,2.3431938275108138e-05,0.0,2.1508878157602442e-06,1.8065672721842517e-07,0.0,1.2953154483872675e-08,-1.8204995836320246e-12
891,53520.0,53520,1.9706273621180207e-06,1.9706255487244907e-06,2.345939806810465e-05,0.0,2.151278603063061e-06,1.8065305476423175e-07,0.0,1.2953143104113642e-08,-1.8128519481946797e-12
892,53580.0,53580,1.9710261576473083e-06,1.9710243519416416e-06,2.3486863458773833e-05,0.0,2.1516736921462046e-06,1.8064934064044723e-07,0.0,1.2953131707898009e-08,-1.805180356485052e-12
893,53640.0,53640,1.97142930786673e-06,1.9714275099106456e-06,2.35143345087524e-05,0.0,2.152073094213994e-06,1.8064558478676085e-07,0.0,1.2953120294991748e-08,-1.7974828617287017e-12
894,53700.0,53700,1.9718368241842594e-06,1.9718350339477497e-06,2.3541811279839224e-05,0.0,2.152476820615744e-06,1.8064178714229455e-07,0.0,1.2953108865193296e-08,-1.7897589936863302e-12
895,53760.0,53760,1.9722487181497726e-06,1.9722469356418435e-06,2.3569293833990912e-05,0.0,2.152884882841281e-06,1.8063794764575095e-07,0.0,1.2953097418312493e-08,-1.782008354974239e-12
896,53820.0,53820,1.9726650014563345e-06,1.972663226732411e-06,2.3596782233332632e-05,0.0,2.1532972925181945e-06,1.8063406623535007e-07,0.0,1.2953085954168152e-08,-1.7742302387516329e-12
897,53880.0,53880,1.9730856859335903e-06,1.9730839189601183e-06,2.3624276540152566e-05,0.0,2.1537140614209134e-06,1.8063014284875137e-07,0.0,1.2953074472592392e-08,-1.7664255301390805e-12
898,53940.0,53940,1.9735107835586158e-06,1.973509024491788e-06,2.365177681690719e-05,0.0,2.154135201456554e-06,1.8062617742318835e-07,0.0,1.2953062973405515e-08,-1.7585935665325424e-12
899,54000.0,54000,1.973940306445556e-06,1.9739385552648922e-06,2.367928312622294e-05,0.0,2.1545607246796282e-06,1.8062216989532073e-07,0.0,1.2953051456441e-08,-1.7507351159332312e-12
900,54060.0,54060,1.974374266853899e-06,1.974372523529983e-06,2.3706795530898995e-05,0.0,2.154990643283037e-06,1.8061812020127146e-07,0.0,1.2953039921522002e-08,-1.7428502207439361e-12
901,54120.0,54120,1.9748126771842354e-06,1.9748109417765953e-06,2.3734314093906446e-05,0.0,2.1554249696055133e-06,1.806140282766115e-07,0.0,1.2953028368472897e-08,-1.7349396467203828e-12
902,54180.0,54180,1.975255549984586e-06,1.9752538224919004e-06,2.3761838878393574e-05,0.0,2.1558637161257434e-06,1.8060989405636204e-07,0.0,1.2953016797107201e-08,-1.727003164230506e-12
903,54240.0,54240,1.975702897944908e-06,1.9757011784108146e-06,2.378936994768502e-05,0.0,2.156306895471096e-06,1.8060571747494437e-07,0.0,1.2953005207244671e-08,-1.7190418118743913e-12
904,54300.0,54300,1.97615473390304e-06,1.9761530224045576e-06,2.3816907365287913e-05,0.0,2.1567545204131365e-06,1.8060149846615182e-07,0.0,1.2952993598690262e-08,-1.7110555030434576e-12
905,54360.0,54360,1.9766110708457823e-06,1.976609367360414e-06,2.3844451194889628e-05,0.0,2.1572066038681836e-06,1.8059723696320828e-07,0.0,1.295298197125151e-08,-1.703044593649794e-12
906,54420.0,54420,1.977071921905974e-06,1.977070226443212e-06,2.387200150036169e-05,0.0,2.157663158904053e-06,1.805929328986596e-07,0.0,1.2952970324733232e-08,-1.6950095984881017e-12
907,54480.0,54480,1.9775373003675694e-06,1.977535612928353e-06,2.3899558345761447e-05,0.0,2.1581241987350887e-06,1.8058858620448014e-07,0.0,1.2952958658932372e-08,-1.6869503295089882e-12
908,54540.0,54540,1.9780072196630675e-06,1.978005540346147e-06,2.3927121795337897e-05,0.0,2.1585897367278965e-06,1.80584196811927e-07,0.0,1.2952946973652933e-08,-1.6788677901180273e-12
909,54600.0,54600,1.978481693380881e-06,1.978480022142096e-06,2.3954691913524757e-05,0.0,2.159059786395366e-06,1.8057976465164885e-07,0.0,1.2952935268682483e-08,-1.6707611481654139e-12
910,54660.0,54660,1.9789607352568166e-06,1.9789590721811492e-06,2.398226876495434e-05,0.0,2.1595343614087695e-06,1.8057528965358587e-07,0.0,1.2952923543824891e-08,-1.6626314162678268e-12
911,54720.0,54720,1.9794443591832587e-06,1.9794427042476203e-06,2.400985241444897e-05,0.0,2.1600134755884443e-06,1.805707717470372e-07,0.0,1.2952911798870172e-08,-1.654478528075315e-12
912,54780.0,54780,1.9799325792090257e-06,1.9799309324310456e-06,2.403744292703151e-05,0.0,2.160497142907338e-06,1.8056621086061954e-07,0.0,1.2952900033610512e-08,-1.6463020760715525e-12
913,54840.0,54840,1.9804254095340533e-06,1.9804237709795883e-06,2.4065040367919833e-05,0.0,2.1609853774987304e-06,1.8056160692223023e-07,0.0,1.2952888247846655e-08,-1.638103012582824e-12
914,54900.0,54900,1.9809228645189897e-06,1.9809212342090068e-06,2.409264480253877e-05,0.0,2.1614781936470154e-06,1.8055695985907996e-07,0.0,1.2952876441366171e-08,-1.629880867393541e-12
915,54960.0,54960,1.981424958680189e-06,1.9814233366067603e-06,2.412025629651177e-05,0.0,2.161975605797092e-06,1.805522695977165e-07,0.0,1.2952864613966951e-08,-1.6216359797669553e-12
916,55020.0,55020,1.981931706694022e-06,1.981930092861981e-06,2.414787491567145e-05,0.0,2.162477628549739e-06,1.805475360639423e-07,0.0,1.295285276544159e-08,-1.613368233043995e-12
917,55080.0,55080,1.982443123395279e-06,1.98244151786398e-06,2.4175500726056015e-05,0.0,2.16298427666697e-06,1.805427591828491e-07,0.0,1.2952840895587573e-08,-1.6050781646911629e-12
918,55140.0,55140,1.982959223782904e-06,1.9829576265827025e-06,2.4203133793914785e-05,0.0,2.163495565068381e-06,1.8053793887884633e-07,0.0,1.2952829004196135e-08,-1.596765162974996e-12
919,55200.0,55200,1.983480023013913e-06,1.98347843413782e-06,2.423077418571267e-05,0.0,2.164011508838872e-06,1.8053307507558702e-07,0.0,1.2952817091069515e-08,-1.588430259872577e-12
920,55260.0,55260,1.984005536414483e-06,1.984003955870252e-06,2.4258421968125152e-05,0.0,2.164532123220022e-06,1.8052816769602893e-07,0.0,1.295280515599569e-08,-1.5800723132475805e-12
921,55320.0,55320,1.98453577946754e-06,1.9845342073480106e-06,2.428607720804636e-05,0.0,2.165057423625909e-06,1.8052321666235168e-07,0.0,1.2952793198782331e-08,-1.5716927343275046e-12
922,55380.0,55380,1.985070767828372e-06,1.9850692040852475e-06,2.4313739972591288e-05,0.0,2.1655874256278844e-06,1.8051822189608736e-07,0.0,1.2952781219217416e-08,-1.5632908029002422e-12
923,55440.0,55440,1.9856105173163876e-06,1.9856089620437236e-06,2.434141032909579e-05,0.0,2.1661221449675723e-06,1.8051318331794652e-07,0.0,1.2952769217101959e-08,-1.5548669179893035e-12
924,55500.0,55500,1.9861550439198437e-06,1.9861534970546695e-06,2.4369088345119377e-05,0.0,2.166661597552387e-06,1.8050810084792917e-07,0.0,1.2952757192231949e-08,-1.5464212140363372e-12
925,55560.0,55560,1.986704363797065e-06,1.9867028254277e-06,2.4396774088450774e-05,0.0,2.167205799459322e-06,1.8050297440528544e-07,0.0,1.2952745144403651e-08,-1.5379536321417084e-12
926,55620.0,55620,1.987258493275572e-06,1.987256963426321e-06,2.442446762710596e-05,0.0,2.1677547669366556e-06,1.8049780390850277e-07,0.0,1.2952733073416721e-08,-1.5294647417660543e-12
927,55680.0,55680,1.9878174488581333e-06,1.98781592753755e-06,2.4452169029330977e-05,0.0,2.168308516401479e-06,1.804925892753666e-07,0.0,1.2952720979063212e-08,-1.520954193160569e-12
928,55740.0,55740,1.9883812472183487e-06,1.9883797344096737e-06,2.4479878363609688e-05,0.0,2.1688670644465838e-06,1.8048733042281915e-07,0.0,1.2952708861141692e-08,-1.512422460550094e-12
929,55800.0,55800,1.9889499052067694e-06,1.9889484009481813e-06,2.4507595698658794e-05,0.0,2.1694304278380263e-06,1.804820272670899e-07,0.0,1.2952696719447203e-08,-1.5038697190957082e-12
930,55860.0,55860,1.989523439850097e-06,1.9895219441015742e-06,2.4535321103434493e-05,0.0,2.1699986235174937e-06,1.8047667972360853e-07,0.0,1.2952684553772067e-08,-1.4952960171589591e-12
931,55920.0,55920,1.9901018683533413e-06,1.9901003812217014e-06,2.4563054647138613e-05,0.0,2.170571668603936e-06,1.8047128770704843e-07,0.0,1.2952672363910782e-08,-1.4867015163378797e-12
932,55980.0,55980,1.990685208100584e-06,1.9906837295939975e-06,2.4590796399209983e-05,0.0,2.171149580396314e-06,1.8046585113129637e-07,0.0,1.2952660149656889e-08,-1.4780866084437646e-12
933,56040.0,56040,1.9912734766580733e-06,1.9912720068246643e-06,2.4618546429338897e-05,0.0,2.171732376373219e-06,1.8046036990945234e-07,0.0,1.2952647910799457e-08,-1.4694513555059774e-12
934,56100.0,56100,1.9918666917752676e-06,1.991865230573276e-06,2.464630480746322e-05,0.0,2.1723200741934946e-06,1.804548439538123e-07,0.0,1.2952635647128496e-08,-1.4607956780987887e-12
935,56160.0,56160,1.9924648713828184e-06,1.992463418840791e-06,2.4674071603772836e-05,0.0,2.172912691705454e-06,1.8044927317590284e-07,0.0,1.2952623358438367e-08,-1.4521204293201395e-12
936,56220.0,56220,1.993068033601507e-06,1.9930665897883254e-06,2.4701846888709937e-05,0.0,2.173510246936517e-06,1.8044365748639218e-07,0.0,1.295261104450985e-08,-1.4434254714930608e-12
937,56280.0,56280,1.993676196738488e-06,1.993674761633429e-06,2.4729630732978192e-05,0.0,2.1741127581029467e-06,1.804379967952118e-07,0.0,1.2952598705129424e-08,-1.4347109408978267e-12
938,56340.0,56340,1.994289379291011e-06,1.994287952941955e-06,2.475742320753496e-05,0.0,2.174720243609884e-06,1.804322910114239e-07,0.0,1.2952586340082487e-08,-1.425976909857894e-12
939,56400.0,56400,1.9949075999448914e-06,1.9949061823506555e-06,2.4785224383604637e-05,0.0,2.1753327220552067e-06,1.8042654004329964e-07,0.0,1.295257394915498e-08,-1.4172243237368643e-12
940,56460.0,56460,1.995530877583166e-06,1.995529468760023e-06,2.4813034332674786e-05,0.0,2.1759502122243488e-06,1.804207437982735e-07,0.0,1.295256153212143e-08,-1.4084525079911398e-12
941,56520.0,56520,1.9961592312795574e-06,1.9961578312175287e-06,2.4840853126499718e-05,0.0,2.176572733101567e-06,1.8041490218293456e-07,0.0,1.2952549088767505e-08,-1.3996622829298681e-12
942,56580.0,56580,1.996792680306333e-06,1.996791289084419e-06,2.4868680837104413e-05,0.0,2.1772003038645505e-06,1.8040901510303307e-07,0.0,1.2952536618867735e-08,-1.3908539518582363e-12
943,56640.0,56640,1.997431244135834e-06,1.997429861722566e-06,2.489651753679007e-05,0.0,2.177832943886959e-06,1.8040308246351738e-07,0.0,1.2952524122194477e-08,-1.3820273644814116e-12
944,56700.0,56700,1.99807494243825e-06,1.9980735688952433e-06,2.4924363298130217e-05,0.0,2.1784706727448222e-06,1.8039710416845561e-07,0.0,1.2952511598524844e-08,-1.3731829910179918e-12
945,56760.0,56760,1.998723795087705e-06,1.99872243039201e-06,2.4952218193978226e-05,0.0,2.1791135102132e-06,1.803910801210467e-07,0.0,1.2952499047629152e-08,-1.3643208580199121e-12
946,56820.0,56820,1.999377822160934e-06,1.9993764663633863e-06,2.4980082297471756e-05,0.0,2.1797614762732413e-06,1.8038501022363546e-07,0.0,1.2952486469280165e-08,-1.355441405524155e-12
947,56880.0,56880,2.000037043939684e-06,2.0000356970168137e-06,2.500795568202997e-05,0.0,2.1804145911114903e-06,1.803788943776909e-07,0.0,1.2952473863245625e-08,-1.3465453612156845e-12
948,56940.0,56940,2.000701480919025e-06,2.0007001429133917e-06,2.5035838421361333e-05,0.0,2.181072875116998e-06,1.8037273248383451e-07,0.0,1.2952461229283217e-08,-1.337632227350558e-12
949,57000.0,57000,2.0013711538009496e-06,2.0013698247653364e-06,2.5063730589462775e-05,0.0,2.181736348890851e-06,1.8036652444175546e-07,0.0,1.2952448567160135e-08,-1.3287021825128383e-12
950,57060.0,57060,2.002046083496983e-06,2.00204476341383e-06,2.5091632260628863e-05,0.0,2.1824050332490586e-06,1.8036027015030405e-07,0.0,1.2952435876644664e-08,-1.319756469815249e-12
951,57120.0,57120,2.0027262911380567e-06,2.0027249799936992e-06,2.5119543509445134e-05,0.0,2.18307894921476e-06,1.8035396950740044e-07,0.0,1.2952423157485525e-08,-1.3107943138903319e-12
952,57180.0,57180,2.003411798067764e-06,2.0034104958938436e-06,2.5147464410802276e-05,0.0,2.1837581180309913e-06,1.803476224100673e-07,0.0,1.2952410409446384e-08,-1.3018165004068097e-12
953,57240.0,57240,2.004102625849348e-06,2.004101332678098e-06,2.517539503988973e-05,0.0,2.184442561157028e-06,1.8034122875442106e-07,0.0,1.2952397632280173e-08,-1.2928233662890012e-12
954,57300.0,57300,2.004798796268136e-06,2.0047975121091183e-06,2.5203335472204038e-05,0.0,2.1851323002704423e-06,1.803347884356632e-07,0.0,1.2952384825736836e-08,-1.2838147728984159e-12
955,57360.0,57360,2.0055003313297666e-06,2.005499056194525e-06,2.5231285783551073e-05,0.0,2.1858273572732193e-06,1.8032830134805638e-07,0.0,1.2952371989570805e-08,-1.2747912653463422e-12
956,57420.0,57420,2.006207253265266e-06,2.006205987173864e-06,2.5259246050047693e-05,0.0,2.18652775429141e-06,1.803217673849353e-07,0.0,1.2952359123528626e-08,-1.2657534103354267e-12
957,57480.0,57480,2.006919584536402e-06,2.006918327507685e-06,2.5287216348126768e-05,0.0,2.18723351367322e-06,1.8031518643870676e-07,0.0,1.2952346227350737e-08,-1.2567006218135212e-12
958,57540.0,57540,2.007637347828696e-06,2.007636099886135e-06,2.5315196754539386e-05,0.0,2.1879446580024296e-06,1.803085584008039e-07,0.0,1.2952333300789667e-08,-1.247634276883121e-12
959,57600.0,57600,2.0083605660661317e-06,2.008359327194219e-06,2.534318734635765e-05,0.0,2.1886612100865037e-06,1.80301883161758e-07,0.0,1.2952320343576616e-08,-1.2385536550321574e-12
960,57660.0,57660,2.009089262401452e-06,2.0090880326368707e-06,2.5371188200979952e-05,0.0,2.1893831929716456e-06,1.802951606110637e-07,0.0,1.2952307355457046e-08,-1.2294597592545748e-12
961,57720.0,57720,2.009823460227843e-06,2.0098222395371088e-06,2.5399199396131532e-05,0.0,2.190110629936159e-06,1.8028839063731163e-07,0.0,1.2952294336162841e-08,-1.2203521593378406e-12
962,57780.0,57780,2.0105631831728166e-06,2.01056197160221e-06,2.542722100987061e-05,0.0,2.190843544501049e-06,1.8028157312804924e-07,0.0,1.2952281285433893e-08,-1.2112322861699087e-12
963,57840.0,57840,2.011308455112706e-06,2.0113072526842376e-06,2.545525312058948e-05,0.0,2.1915819604200467e-06,1.8027470796994168e-07,0.0,1.2952268202990265e-08,-1.2020989503847324e-12
964,57900.0,57900,2.0120593001601167e-06,2.012058106916415e-06,2.548329580701925e-05,0.0,2.192325901698209e-06,1.8026779504852618e-07,0.0,1.2952255088572532e-08,-1.1929537465178665e-12
965,57960.0,57960,2.012815742679223e-06,2.0128145585687234e-06,2.5511349148233732e-05,0.0,2.1930753925797148e-06,1.8026083424844687e-07,0.0,1.2952241941898043e-08,-1.1837958928012145e-12
966,58020.0,58020,2.0135778072794427e-06,2.0135766323424444e-06,2.553941322365028e-05,0.0,2.1938304575618792e-06,1.802538254532785e-07,0.0,1.2952228762699626e-08,-1.1746266484421421e-12
967,58080.0,58080,2.014345518824927e-06,2.01434435308278e-06,2.556748811303675e-05,0.0,2.194591121388302e-06,1.8024676854560938e-07,0.0,1.2952215550690149e-08,-1.1654457959702439e-12
968,58140.0,58140,2.015118902434493e-06,2.015117745882398e-06,2.5595573896513145e-05,0.0,2.195357409055196e-06,1.8023966340697146e-07,0.0,1.2952202305589675e-08,-1.1562532579810218e-12
969,58200.0,58200,2.015897983478457e-06,2.015896836150074e-06,2.5623670654554706e-05,0.0,2.1961293458210185e-06,1.8023250991789497e-07,0.0,1.295218902712112e-08,-1.147050289896033e-12
970,58260.0,58260,2.016682787592999e-06,2.0166816494616223e-06,2.5651778467997735e-05,0.0,2.196906957194895e-06,1.8022530795784523e-07,0.0,1.2952175714989064e-08,-1.1378362690266842e-12
971,58320.0,58320,2.0174733406728207e-06,2.0174722117715533e-06,2.5679897418041818e-05,0.0,2.197690268951532e-06,1.8021805740525526e-07,0.0,1.2952162368910855e-08,-1.1286119024657984e-12
972,58380.0,58380,2.0182696688772706e-06,2.0182685492288183e-06,2.5708027586251512e-05,0.0,2.1984793071301426e-06,1.8021075813742585e-07,0.0,1.2952148988594602e-08,-1.1193776748051387e-12
973,58440.0,58440,2.0190717986356252e-06,2.019070688210432e-06,2.573616905456717e-05,0.0,2.1992740980338535e-06,1.802034100307103e-07,0.0,1.2952135573742307e-08,-1.1101335895379554e-12
974,58500.0,58500,2.019879756647822e-06,2.019878655495611e-06,2.5764321905297736e-05,0.0,2.2000746682354077e-06,1.8019601296028406e-07,0.0,1.2952122124058277e-08,-1.1008799779888465e-12
975,58560.0,58560,2.020693569885952e-06,2.0206924780140942e-06,2.5792486221135734e-05,0.0,2.200881044581686e-06,1.8018856680027714e-07,0.0,1.2952108639243697e-08,-1.0916171393868126e-12
976,58620.0,58620,2.0215132655977734e-06,2.02151218299556e-06,2.582066208515312e-05,0.0,2.2016932541955137e-06,1.8018107142370918e-07,0.0,1.295209511899812e-08,-1.0823456133276326e-12
977,58680.0,58680,2.0223388713130407e-06,2.022337797986487e-06,2.5848849580809902e-05,0.0,2.2025113244751394e-06,1.8017352670248488e-07,0.0,1.2952081563012816e-08,-1.0730653218880126e-12
978,58740.0,58740,2.0231704148409292e-06,2.0231693507712933e-06,2.587704879195413e-05,0.0,2.20333528310331e-06,1.801659325074224e-07,0.0,1.2952067970983536e-08,-1.063776959641481e-12
979,58800.0,58800,2.024007924278069e-06,2.02400686953618e-06,2.5905259802832192e-05,0.0,2.204165158045046e-06,1.8015828870819893e-07,0.0,1.2952054342597065e-08,-1.0544807174654814e-12
980,58860.0,58860,2.024851428010179e-06,2.024850382584006e-06,2.5933482698082704e-05,0.0,2.205000977552232e-06,1.8015059517333984e-07,0.0,1.295204067753897e-08,-1.0451767427041682e-12
981,58920.0,58920,2.0257009547126916e-06,2.025699918587909e-06,2.5961717562753185e-05,0.0,2.205842770168622e-06,1.8014285177026004e-07,0.0,1.2952026975494949e-08,-1.0358653576135503e-12
982,58980.0,58980,2.0265565333562485e-06,2.026555506566237e-06,2.5989964482292837e-05,0.0,2.2066905647320656e-06,1.8013505836517045e-07,0.0,1.295201323614785e-08,-1.0265472529530943e-12
983,59040.0,59040,2.027418193210385e-06,2.0274171757580297e-06,2.6018223542565888e-05,0.0,2.2075443903765243e-06,1.8012721482318023e-07,0.0,1.2951999459171016e-08,-1.0172224635639952e-12
984,59100.0,59100,2.028285963847146e-06,2.0282849557140537e-06,2.6046494829847427e-05,0.0,2.2084042765345766e-06,1.801193210081749e-07,0.0,1.2951985644240636e-08,-1.0078910520774959e-12
985,59160.0,59160,2.029159875138967e-06,2.029158876357614e-06,2.6074778430833967e-05,0.0,2.2092702529468044e-06,1.8011137678286227e-07,0.0,1.2951971791033582e-08,-9.985541294709003e-13
986,59220.0,59220,2.0300399572717803e-06,2.030038967827006e-06,2.6103074432644846e-05,0.0,2.2101423496548043e-06,1.801033820087917e-07,0.0,1.2951957899209749e-08,-9.892112443819158e-13
987,59280.0,59280,2.0309262407400796e-06,2.030925260624443e-06,2.613138292282889e-05,0.0,2.2110205970136027e-06,1.800953365462695e-07,0.0,1.2951943968440573e-08,-9.798628648987701e-13
988,59340.0,59340,2.0318187563516466e-06,2.031817785605865e-06,2.615970398936582e-05,0.0,2.2119050256942607e-06,1.8008724025438505e-07,0.0,1.2951929998391653e-08,-9.705098445591866e-13
989,59400.0,59400,2.032717535236559e-06,2.032716573848428e-06,2.6188037720671514e-05,0.0,2.212795666680399e-06,1.8007909299099112e-07,0.0,1.2951915988715957e-08,-9.611519470779868e-13
990,59460.0,59460,2.0336226088447914e-06,2.0336216568606953e-06,2.621638420560499e-05,0.0,2.2136925512786995e-06,1.8007089461275392e-07,0.0,1.2951901939074461e-08,-9.5178974886846e-13
991,59520.0,59520,2.0345340089513928e-06,2.034533066315559e-06,2.624474353346811e-05,0.0,2.214595711121024e-06,1.800626449750466e-07,0.0,1.2951887849119727e-08,-9.424236539778472e-13
992,59580.0,59580,2.0354517676634105e-06,2.03545083438401e-06,2.6273115794018922e-05,0.0,2.21550517816511e-06,1.800543439319862e-07,0.0,1.2951873718500237e-08,-9.330537777061126e-13
993,59640.0,59640,2.036375917417801e-06,2.036374993527623e-06,2.6301501077465576e-05,0.0,2.2164209847031982e-06,1.8004599133642282e-07,0.0,1.2951859546865429e-08,-9.23680653571041e-13
994,59700.0,59700,2.037306490990541e-06,2.037305576469314e-06,2.6329899474477127e-05,0.0,2.2173431633612603e-06,1.8003758703994816e-07,0.0,1.295184533385835e-08,-9.143045325294784e-13
995,59760.0,59760,2.0382435214955846e-06,2.038242616366396e-06,2.6358311076188308e-05,0.0,2.2182717471076284e-06,1.8002913089277627e-07,0.0,1.2951831079120151e-08,-9.049262759152617e-13
996,59820.0,59820,2.0391870423980056e-06,2.039186146647539e-06,2.6386735974202552e-05,0.0,2.2192067692470466e-06,1.8002062274393014e-07,0.0,1.2951816782280708e-08,-8.955451553730381e-13
997,59880.0,59880,2.040137087504089e-06,2.040136201122156e-06,2.641517426059842e-05,0.0,2.2201482634391688e-06,1.8001206244103764e-07,0.0,1.2951802442983751e-08,-8.861623749943572e-13
998,59940.0,59940,2.0410936909757604e-06,2.0410928139932727e-06,2.6443626027934584e-05,0.0,2.221096263693101e-06,1.800034498303988e-07,0.0,1.2951788060855217e-08,-8.767784090985017e-13
999,60000.0,60000,2.04205688733462e-06,2.0420560197382253e-06,2.647209136925124e-05,0.0,2.2220508043684785e-06,1.7999478475699883e-07,0.0,1.2951773635517241e-08,-8.673928318817166e-13
1000,60060.0,60060,2.0430267114574907e-06,2.0430258532559173e-06,2.6500570378079823e-05,0.0,2.2230119201919476e-06,1.7998606706444297e-07,0.0,1.2951759166600512e-08,-8.580067585361948e-13
1001,60120.0,60120,2.0440031985909548e-06,2.044002349789522e-06,2.652906314844664e-05,0.0,2.2239796462484727e-06,1.799772965949804e-07,0.0,1.2951744653719285e-08,-8.486201703743593e-13
1002,60180.0,60180,2.044986384348152e-06,2.0449855449176873e-06,2.6557569774877307e-05,0.0,2.22495401799448e-06,1.7996847318946294e-07,0.0,1.2951730096491895e-08,-8.392335948633083e-13
1003,60240.0,60240,2.0459763047175097e-06,2.0459754746884724e-06,2.658609035240149e-05,0.0,2.225935071256641e-06,1.7995959668736887e-07,0.0,1.2951715494529333e-08,-8.298476151205943e-13
1004,60300.0,60300,2.0469729960669833e-06,2.046972175412599e-06,2.6614624976560968e-05,0.0,2.2269228422373288e-06,1.7995066692677266e-07,0.0,1.295170084743703e-08,-8.204619982083416e-13
1005,60360.0,60360,2.0479764951447525e-06,2.04797568388578e-06,2.6643173743411296e-05,0.0,2.2279173675227945e-06,1.799416837442992e-07,0.0,1.2951686154824894e-08,-8.110776132507892e-13
1006,60420.0,60420,2.0489868390864185e-06,2.0489860372125657e-06,2.6671736749529598e-05,0.0,2.2289186840851793e-06,1.7993264697514995e-07,0.0,1.295167141629197e-08,-8.016948013932544e-13
1007,60480.0,60480,2.0500040654209158e-06,2.050003272923455e-06,2.6700314092019302e-05,0.0,2.2299268292849506e-06,1.799235564530964e-07,0.0,1.2951656631434718e-08,-7.923138668235736e-13
1008,60540.0,60540,2.051028212072354e-06,2.051027428972844e-06,2.6728905868516526e-05,0.0,2.2309418408795597e-06,1.7991441201042358e-07,0.0,1.2951641799846481e-08,-7.829352267062574e-13
1009,60600.0,60600,2.0520593173670786e-06,2.0520585436578683e-06,2.6757512177195652e-05,0.0,2.2319637570257364e-06,1.7990521347794308e-07,0.0,1.2951626921116246e-08,-7.735594794318084e-13
1010,60660.0,60660,2.053097420038709e-06,2.0530966556826286e-06,2.678613311677182e-05,0.0,2.232992616282723e-06,1.7989596068499734e-07,0.0,1.2951611994826764e-08,-7.641864777219534e-13
1011,60720.0,60720,2.054142559229115e-06,2.054141804255721e-06,2.6814768786511788e-05,0.0,2.2340284576237495e-06,1.7988665345939683e-07,0.0,1.2951597020563898e-08,-7.548172719865709e-13
1012,60780.0,60780,2.055194774499128e-06,2.055194028898961e-06,2.684341928623615e-05,0.0,2.2350713204330762e-06,1.7987729162745018e-07,0.0,1.295158199790048e-08,-7.454517870925986e-13
1013,60840.0,60840,2.0562541058276308e-06,2.0562533696025346e-06,2.6872084716327398e-05,0.0,2.236121244517888e-06,1.7986787501391228e-07,0.0,1.2951566926413412e-08,-7.360910090064016e-13
1014,60900.0,60900,2.0573205936248124e-06,2.0573198667350434e-06,2.6900765177733275e-05,0.0,2.2371782701053354e-06,1.7985840344201673e-07,0.0,1.2951551805664116e-08,-7.267346094122072e-13
1015,60960.0,60960,2.0583942787275736e-06,2.05839356119848e-06,2.692946077197538e-05,0.0,2.2382424378578734e-06,1.7984887673340637e-07,0.0,1.2951536635223113e-08,-7.173835821668854e-13
1016,61020.0,61020,2.059475202413055e-06,2.059474494227077e-06,2.695817160115336e-05,0.0,2.2393137888695364e-06,1.798392947081528e-07,0.0,1.2951521414647473e-08,-7.080380058679657e-13
1017,61080.0,61080,2.0605634063977674e-06,2.060562707581262e-06,2.6986897767954628e-05,0.0,2.2403923646792578e-06,1.7982965718472816e-07,0.0,1.2951506143496037e-08,-6.986988984442382e-13
1018,61140.0,61140,2.0616589328509435e-06,2.0616582433619418e-06,2.7015639375655764e-05,0.0,2.241478207266037e-06,1.798199639800072e-07,0.0,1.2951490821311346e-08,-6.893657475553419e-13
1019,61200.0,61200,2.062761824390088e-06,2.0627611442167325e-06,2.7044396528130305e-05,0.0,2.2425713590672628e-06,1.7981021490919797e-07,0.0,1.2951475447650066e-08,-6.800397588687875e-13
1020,61260.0,61260,2.06387212409325e-06,2.063871453261133e-06,2.7073169329858193e-05,0.0,2.2436718629761064e-06,1.79800409785898e-07,0.0,1.2951460022049845e-08,-6.707214463697043e-13
1021,61320.0,61320,2.064989875507719e-06,2.0649892139706988e-06,2.710195788592996e-05,0.0,2.2447797623443724e-06,1.797905484220338e-07,0.0,1.295144454404236e-08,-6.614106097726038e-13
1022,61380.0,61380,2.066115122646962e-06,2.0661144704193298e-06,2.7130762302051723e-05,0.0,2.245895100998667e-06,1.797806306278475e-07,0.0,1.2951429013166483e-08,-6.521081996244781e-13
1023,61440.0,61440,2.0672479100032825e-06,2.0672472670835428e-06,2.7159582684554936e-05,0.0,2.2470179232379647e-06,1.7977065621190144e-07,0.0,1.2951413428947368e-08,-6.428142401340507e-13
1024,61500.0,61500,2.0683882825491395e-06,2.0683876489004693e-06,2.718841914040193e-05,0.0,2.2481482738457787e-06,1.7976062498100193e-07,0.0,1.2951397790912887e-08,-6.33529988385712e-13
1025,61560.0,61560,2.0695362857503976e-06,2.0695356613780477e-06,2.7217271777191498e-05,0.0,2.249286198088246e-06,1.7975053674027333e-07,0.0,1.2951382098571624e-08,-6.242550796913087e-13
1026,61620.0,61620,2.070691965565526e-06,2.070691350453571e-06,2.7246140703168066e-05,0.0,2.250431741727935e-06,1.797403912930752e-07,0.0,1.2951366351443298e-08,-6.149904883540484e-13
1027,61680.0,61680,2.071855368455404e-06,2.0718547626121546e-06,2.727502602722587e-05,0.0,2.251584951027042e-06,1.7973018844098957e-07,0.0,1.2951350549032827e-08,-6.05736460331162e-13
1028,61740.0,61740,2.073026541389303e-06,2.0730259447854464e-06,2.7303927858922564e-05,0.0,2.2527458727535116e-06,1.7971992798380333e-07,0.0,1.2951334690843635e-08,-5.964935760353589e-13
1029,61800.0,61800,2.074205531850691e-06,2.0742049445100457e-06,2.73328463084762e-05,0.0,2.2539145541896954e-06,1.7970960971951695e-07,0.0,1.2951318776373303e-08,-5.872624409710695e-13
1030,61860.0,61860,2.07539238784624e-06,2.075391809742589e-06,2.736178148677994e-05,0.0,2.2550910431354114e-06,1.7969923344430552e-07,0.0,1.2951302805112077e-08,-5.780431687841219e-13
1031,61920.0,61920,2.076587157908295e-06,2.076586589009544e-06,2.739073350540624e-05,0.0,2.25627538791987e-06,1.7968879895250117e-07,0.0,1.2951286776550072e-08,-5.688367904886094e-13
1032,61980.0,61980,2.0777898911074606e-06,2.0777893313723703e-06,2.741970247662186e-05,0.0,2.257467637402509e-06,1.7967830603656273e-07,0.0,1.29512706901649e-08,-5.596433172931583e-13
1033,62040.0,62040,2.079000637053886e-06,2.079000086511387e-06,2.7448688513380382e-05,0.0,2.2586678409862427e-06,1.7966775448706928e-07,0.0,1.29512545454354e-08,-5.504636519023746e-13
1034,62100.0,62100,2.080219445909508e-06,2.0802189045527847e-06,2.7477691729343867e-05,0.0,2.2598760486194764e-06,1.796571440926982e-07,0.0,1.2951238341829138e-08,-5.41297990225897e-13
1035,62160.0,62160,2.081446368391039e-06,2.0814458361875106e-06,2.750671223888456e-05,0.0,2.2610923108074076e-06,1.7964647464020375e-07,0.0,1.2951222078813406e-08,-5.321471896502793e-13
1036,62220.0,62220,2.0826814557810924e-06,2.0826809326901115e-06,2.7535750157093764e-05,0.0,2.2623166786157486e-06,1.7963574591440376e-07,0.0,1.295120575584436e-08,-5.23011598374406e-13
1037,62280.0,62280,2.0839247599340285e-06,2.0839242459962774e-06,2.7564805599789655e-05,0.0,2.2635492036798336e-06,1.7962495769813845e-07,0.0,1.295118937237435e-08,-5.138917738418603e-13
1038,62340.0,62340,2.0851763332840868e-06,2.0851758284404194e-06,2.7593878683525326e-05,0.0,2.2647899382127573e-06,1.7961410977225959e-07,0.0,1.2951172927850705e-08,-5.047879490877691e-13
1039,62400.0,62400,2.0864362288491435e-06,2.0864357330990384e-06,2.7622969525597972e-05,0.0,2.2660389350160143e-06,1.7960320191562828e-07,0.0,1.2951156421718714e-08,-4.957014273348163e-13
1040,62460.0,62460,2.0877045002471923e-06,2.087704013566414e-06,2.7652078244055026e-05,0.0,2.267296247479081e-06,1.7959223390503454e-07,0.0,1.2951139853406415e-08,-4.866319741055097e-13
1041,62520.0,62520,2.0889812016956497e-06,2.088980724067612e-06,2.768120495770498e-05,0.0,2.268561929597533e-06,1.7958120551526039e-07,0.0,1.2951123222347688e-08,-4.775807202261097e-13
1042,62580.0,62580,2.09026638802641e-06,2.0902659194183587e-06,2.7710349786125205e-05,0.0,2.2698360359725923e-06,1.795701165189885e-07,0.0,1.2951106527960793e-08,-4.685479898451603e-13
1043,62640.0,62640,2.0915601146907134e-06,2.0915596551082816e-06,2.77395128496711e-05,0.0,2.2711186218245826e-06,1.7955896668680654e-07,0.0,1.295108976966209e-08,-4.595341913646623e-13
1044,62700.0,62700,2.0928624377655805e-06,2.0928619871706235e-06,2.776869426948251e-05,0.0,2.272409743001973e-06,1.7954775578714425e-07,0.0,1.2951072946864405e-08,-4.505402959879808e-13
1045,62760.0,62760,2.0941734139687607e-06,2.0941729723646866e-06,2.779789416749374e-05,0.0,2.2737094559850947e-06,1.7953648358636028e-07,0.0,1.2951056058966304e-08,-4.4156662295205254e-13
1046,62820.0,62820,2.0954931006619347e-06,2.095492667999785e-06,2.782711266644578e-05,0.0,2.2750178179001563e-06,1.7952514984856616e-07,0.0,1.2951039105365807e-08,-4.3261380672491414e-13
1047,62880.0,62880,2.0968215558614553e-06,2.0968211321619544e-06,2.7856349889891046e-05,0.0,2.276334886526302e-06,1.795137543357285e-07,0.0,1.2951022085452924e-08,-4.236826638754177e-13
1048,62940.0,62940,2.098158838249582e-06,2.0981584234544875e-06,2.788560596220312e-05,0.0,2.2776607203020783e-06,1.7950229680754724e-07,0.0,1.2951004998606524e-08,-4.147734410973878e-13
1049,63000.0,63000,2.0995050071807027e-06,2.099504601253887e-06,2.791488100859203e-05,0.0,2.278995378339448e-06,1.7949077702150348e-07,0.0,1.2950987844205072e-08,-4.0588697202340084e-13
1050,63060.0,63060,2.100860122691209e-06,2.1008597256594465e-06,2.7944175155103985e-05,0.0,2.2803389204311954e-06,1.7947919473279862e-07,0.0,1.2950970621617659e-08,-3.97023858717723e-13
1051,63120.0,63120,2.1022242455107627e-06,2.1022238573162287e-06,2.7973488528640584e-05,0.0,2.2816914070598276e-06,1.7946754969432612e-07,0.0,1.2950953330203868e-08,-3.881848507368367e-13
1052,63180.0,63180,2.103597437072415e-06,2.103597057704017e-06,2.8002821256959896e-05,0.0,2.283052899406756e-06,1.7945584165666718e-07,0.0,1.2950935969315948e-08,-3.7937051095465357e-13
1053,63240.0,63240,2.1049797595210186e-06,2.1049793889312597e-06,2.8032173468696786e-05,0.0,2.2844234593632816e-06,1.7944407036804285e-07,0.0,1.2950918538300171e-08,-3.7058136240063135e-13
1054,63300.0,63300,2.1063712757244973e-06,2.1063709138956434e-06,2.806154529336097e-05,0.0,2.285803149541619e-06,1.7943223557429455e-07,0.0,1.295090103649629e-08,-3.6181796721503057e-13
1055,63360.0,63360,2.1077720492804133e-06,2.1077716962032856e-06,2.8090936861357034e-05,0.0,2.287192033287831e-06,1.7942033701881663e-07,0.0,1.2950883463239168e-08,-3.5308163602852605e-13
1056,63420.0,63420,2.109182144534992e-06,2.1091818001887614e-06,2.8120348303991946e-05,0.0,2.288590174682245e-06,1.794083744426456e-07,0.0,1.2950865817843703e-08,-3.443722379891621e-13
1057,63480.0,63480,2.1106016265855513e-06,2.110601290896538e-06,2.81497797534823e-05,0.0,2.2899976385619176e-06,1.7939634758426217e-07,0.0,1.2950848099632126e-08,-3.3569089539349243e-13
1058,63540.0,63540,2.11203056129424e-06,2.1120302342639046e-06,2.817923134296765e-05,0.0,2.2914144905262997e-06,1.793842561796979e-07,0.0,1.2950830307909418e-08,-3.2703835027509106e-13
1059,63600.0,63600,2.113469015302187e-06,2.11346869690313e-06,2.820870320652165e-05,0.0,2.2928407969465907e-06,1.7937209996243953e-07,0.0,1.2950812441973498e-08,-3.1841493500816003e-13
1060,63660.0,63660,2.114917056035241e-06,2.114916746235785e-06,2.823819547916596e-05,0.0,2.2942766249822216e-06,1.7935987866342248e-07,0.0,1.2950794501118752e-08,-3.098218043328039e-13
1061,63720.0,63720,2.1163747517213538e-06,2.116374450478139e-06,2.8267708296873575e-05,0.0,2.2957220425871467e-06,1.7934759201099602e-07,0.0,1.2950776484624494e-08,-3.0125951435144624e-13
1062,63780.0,63780,2.117842171399518e-06,2.1178418786878225e-06,2.8297241796584423e-05,0.0,2.2971771185228836e-06,1.793352397308885e-07,0.0,1.295075839176324e-08,-2.927285127319613e-13
1063,63840.0,63840,2.1193193849303715e-06,2.11931910072975e-06,2.8326796116223143e-05,0.0,2.298641922375516e-06,1.7932282154614446e-07,0.0,1.2950740221805068e-08,-2.842300167260493e-13
1064,63900.0,63900,2.120806463012124e-06,2.12080618728391e-06,2.835637139469855e-05,0.0,2.300116524560563e-06,1.7931033717713964e-07,0.0,1.2950721974001983e-08,-2.7576438941144106e-13
1065,63960.0,63960,2.1223034771897e-06,2.1223032098839624e-06,2.83859677719242e-05,0.0,2.3016009963403975e-06,1.7929778634156375e-07,0.0,1.2950703647603554e-08,-2.673324407478296e-13
1066,64020.0,64020,2.1238104998685446e-06,2.1238102409674804e-06,2.8415585388827312e-05,0.0,2.303095409837496e-06,1.7928516875428785e-07,0.0,1.2950685241850106e-08,-2.589352070776474e-13
1067,64080.0,64080,2.1253276043300608e-06,2.1253273537943786e-06,2.8445224387361545e-05,0.0,2.3045998380419124e-06,1.7927248412743171e-07,0.0,1.295066675596744e-08,-2.5057333904065466e-13
1068,64140.0,64140,2.126854864741972e-06,2.126854622536831e-06,2.8474884910520364e-05,0.0,2.30611435482884e-06,1.79259732170303e-07,0.0,1.2950648189175369e-08,-2.422471558997653e-13
1069,64200.0,64200,2.128392356170075e-06,2.1283921222706485e-06,2.850456710234761e-05,0.0,2.307639034975821e-06,1.7924691258928422e-07,0.0,1.2950629540690185e-08,-2.339584749865806e-13
1070,64260.0,64260,2.129940154601188e-06,2.1299399289453046e-06,2.853427110795083e-05,0.0,2.3091739541641033e-06,1.792340250879327e-07,0.0,1.2950610809702502e-08,-2.2570700081573697e-13
1071,64320.0,64320,2.1314983369440552e-06,2.131498119511965e-06,2.8563997073517447e-05,0.0,2.3107191890076057e-06,1.7922106936683501e-07,0.0,1.2950591995411222e-08,-2.1749434844131362e-13
1072,64380.0,64380,2.1330669810556343e-06,2.133066771790556e-06,2.859374514632141e-05,0.0,2.312274817055595e-06,1.7920804512360262e-07,0.0,1.2950573096992703e-08,-2.093206914368401e-13
1073,64440.0,64440,2.134646165746069e-06,2.1346459646249487e-06,2.8623515474744897e-05,0.0,2.313840916816573e-06,1.7919495205284146e-07,0.0,1.2950554113622755e-08,-2.0118740559405612e-13
1074,64500.0,64500,2.1362359708010795e-06,2.136235777774438e-06,2.8653308208281655e-05,0.0,2.3154175677648146e-06,1.7918178984610404e-07,0.0,1.2950535044459124e-08,-1.9309510934109585e-13
1075,64560.0,64560,2.1378364769931625e-06,2.1378362920151014e-06,2.8683123497561484e-05,0.0,2.317004850361334e-06,1.7916855819185918e-07,0.0,1.2950515888651816e-08,-1.8504483532635474e-13
1076,64620.0,64620,2.139447766099877e-06,2.139447589148352e-06,2.8712961494355785e-05,0.0,2.318602846065291e-06,1.791552567753984e-07,0.0,1.2950496645338611e-08,-1.770369505137904e-13
1077,64680.0,64680,2.1410699209148357e-06,2.141069751924163e-06,2.8742822351597053e-05,0.0,2.3202116373561037e-06,1.7914188527892079e-07,0.0,1.2950477313654302e-08,-1.6907297928050294e-13
1078,64740.0,64740,2.1427030252706165e-06,2.1427028641959416e-06,2.87727062233911e-05,0.0,2.321831307741204e-06,1.7912844338132217e-07,0.0,1.295045789271154e-08,-1.6115334778037204e-13
1079,64800.0,64800,2.144347164050099e-06,2.144347010860023e-06,2.880261326503319e-05,0.0,2.3234619417791244e-06,1.7911493075827327e-07,0.0,1.2950438381620129e-08,-1.5327919843979824e-13
1080,64860.0,64860,2.1460024232056235e-06,2.146002277845869e-06,2.8832543633020295e-05,0.0,2.3251036250942433e-06,1.7910134708214597e-07,0.0,1.2950418779475334e-08,-1.4545136527394292e-13
1081,64920.0,64920,2.1476688897765855e-06,2.147668752203584e-06,2.8862497485067206e-05,0.0,2.326756444391908e-06,1.7908769202195013e-07,0.0,1.2950399085361148e-08,-1.3767055098097716e-13
1082,64980.0,64980,2.14934665190397e-06,2.149346522066294e-06,2.889247498012379e-05,0.0,2.328420487481559e-06,1.790739652432924e-07,0.0,1.2950379298353554e-08,-1.29938200710091e-13
1083,65040.0,65040,2.151035798854377e-06,2.151035676712423e-06,2.8922476278390576e-05,0.0,2.330095843286361e-06,1.7906016640833715e-07,0.0,1.2950359417509649e-08,-1.222545195351186e-13
1084,65100.0,65100,2.1527364210299346e-06,2.1527363065150985e-06,2.895250154133154e-05,0.0,2.331782601872098e-06,1.790462951757758e-07,0.0,1.295033944188545e-08,-1.146212482323415e-13
1085,65160.0,65160,2.1544486099970515e-06,2.15444850307557e-06,2.8982550931693574e-05,0.0,2.3334808544534332e-06,1.7903235120072281e-07,0.0,1.295031937051279e-08,-1.0703859386732883e-13
1086,65220.0,65220,2.1561724584961195e-06,2.156172359097094e-06,2.9012624613519292e-05,0.0,2.3351906934254444e-06,1.7901833413469374e-07,0.0,1.2950299202423238e-08,-9.950815457608893e-14
1087,65280.0,65280,2.157908060468462e-06,2.1579079685535053e-06,2.9042722752168726e-05,0.0,2.3369122123731196e-06,1.7900424362562495e-07,0.0,1.2950278936626353e-08,-9.203027989186386e-14
1088,65340.0,65340,2.159655511070728e-06,2.1596554265797904e-06,2.9072845514333222e-05,0.0,2.3386455060989958e-06,1.7899007931768218e-07,0.0,1.2950258572128846e-08,-8.46063849873007e-14
1089,65400.0,65400,2.161414906699442e-06,2.161414829591145e-06,2.9102993068052707e-05,0.0,2.340390670638394e-06,1.789758408513412e-07,0.0,1.2950238107918408e-08,-7.723727246855519e-14
1090,65460.0,65460,2.1631863450104738e-06,2.1631862752109986e-06,2.9133165582730687e-05,0.0,2.3421478032813554e-06,1.7896152786321153e-07,0.0,1.2950217542973227e-08,-6.992377350201462e-14
1091,65520.0,65520,2.1649699249388964e-06,2.164969862404917e-06,2.9163363229158748e-05,0.0,2.3439170025967412e-06,1.7894713998609312e-07,0.0,1.2950196876260487e-08,-6.266710960165234e-14
1092,65580.0,65580,2.166765746723322e-06,2.1667656913854355e-06,2.919358617953045e-05,0.0,2.345698368450346e-06,1.7893267684884154e-07,0.0,1.2950176106732837e-08,-5.5467900358337714e-14
1093,65640.0,65640,2.1685739119257932e-06,2.1685738637438737e-06,2.9223834607458578e-05,0.0,2.3474920020299693e-06,1.789181380763832e-07,0.0,1.2950155233333964e-08,-4.832755755380085e-14
1094,65700.0,65700,2.170394523458488e-06,2.1703944823568034e-06,2.92541086879974e-05,0.0,2.349298005863983e-06,1.78903523289548e-07,0.0,1.295013425498949e-08,-4.124640867224278e-14
1095,65760.0,65760,2.1722276856013473e-06,2.1722276515277754e-06,2.92844085976599e-05,0.0,2.351116483851165e-06,1.788888321051303e-07,0.0,1.2950113170622996e-08,-3.422592006612595e-14
1096,65820.0,65820,2.174073504031075e-06,2.174073476913987e-06,2.9314734514432818e-05,0.0,2.3529475412778776e-06,1.7887406413571258e-07,0.0,1.2950091979137833e-08,-2.72666560776212e-14
1097,65880.0,65880,2.1759320858418267e-06,2.1759320656298304e-06,2.934508661781057e-05,0.0,2.354791284847168e-06,1.7885921898971803e-07,0.0,1.2950070679430554e-08,-2.036972662162221e-14
1098,65940.0,65940,2.177803539573096e-06,2.1778035261945283e-06,2.9375465088795824e-05,0.0,2.356647822699947e-06,1.7884429627127546e-07,0.0,1.29500492703844e-08,-1.3535716267051815e-14
1099,66000.0,66000,2.17968797523103e-06,2.179687968630048e-06,2.9405870109934516e-05,0.0,2.3585172644458298e-06,1.7882929558013681e-07,0.0,1.2950027750874604e-08,-6.766028222685942e-15
1100,66060.0,66060,2.1815855043208713e-06,2.1815855044298446e-06,2.9436301865331472e-05,0.0,2.3603997211804528e-06,1.7881421651168817e-07,0.0,1.2950006119759145e-08,-6.121897833315389e-17
1101,66120.0,66120,2.183496239868583e-06,2.1834962466159874e-06,2.9466760540674287e-05,0.0,2.362295305520104e-06,1.7879905865678443e-07,0.0,1.29499843758884e-08,6.577804987276907e-15
1102,66180.0,66180,2.1854202964499217e-06,2.185420309775463e-06,2.949724632324671e-05,0.0,2.3642041316256143e-06,1.7878382160180148e-07,0.0,1.2949962518101464e-08,1.3149956303860623e-14
1103,66240.0,66240,2.187357790217833e-06,2.187357810043868e-06,2.9527759401962568e-05,0.0,2.366126315232187e-06,1.7876850492843197e-07,0.0,1.2949940545222911e-08,1.9654058428978185e-14
1104,66300.0,66300,2.189308838933819e-06,2.1893088652005404e-06,2.955829996738022e-05,0.0,2.3680619736759664e-06,1.787531082136875e-07,0.0,1.2949918456060868e-08,2.6088965890210194e-14
1105,66360.0,66360,2.1912735619956138e-06,2.1912735946385208e-06,2.9588868211726507e-05,0.0,2.370011225925818e-06,1.787376310298442e-07,0.0,1.294989624940785e-08,3.2452953900736334e-14
1106,66420.0,66420,2.193252080470564e-06,2.1932521194047457e-06,2.9619464328922868e-05,0.0,2.3719741926133004e-06,1.7872207294427985e-07,0.0,1.29498739240307e-08,3.874441498677852e-14
1107,66480.0,66480,2.195244517124317e-06,2.1952445622798824e-06,2.965008851460317e-05,0.0,2.3739509960679233e-06,1.7870643351944988e-07,0.0,1.29498514786714e-08,4.496033631209814e-14
1108,66540.0,66540,2.197250996462336e-06,2.1972510477532957e-06,2.9680740966144287e-05,0.0,2.375941760343715e-06,1.786907123128005e-07,0.0,1.2949828912025757e-08,5.109796899448659e-14
1109,66600.0,66600,2.1992716447575082e-06,2.199271702110739e-06,2.9711421882689482e-05,0.0,2.377946611263587e-06,1.7867490887663822e-07,0.0,1.2949806222745296e-08,5.715260155780593e-14
1110,66660.0,66660,2.2013065900930546e-06,2.2013066534178027e-06,2.9742131465168983e-05,0.0,2.379965676453901e-06,1.7865902275803658e-07,0.0,1.2949783409405483e-08,6.311811210456501e-14
1111,66720.0,66720,2.2033559624041843e-06,2.2033560315974223e-06,2.9772869916328905e-05,0.0,2.381999085383026e-06,1.78643053498723e-07,0.0,1.2949760470481674e-08,6.898615352986754e-14
1112,66780.0,66780,2.2054198935249666e-06,2.20541996848172e-06,2.980363744075909e-05,0.0,2.3840469694068566e-06,1.786270006349527e-07,0.0,1.2949737404312322e-08,7.474590372570245e-14
1113,66840.0,66840,2.20749851723409e-06,2.2074985978356153e-06,2.9834434244914223e-05,0.0,2.3861094618206566e-06,1.786108636973828e-07,0.0,1.2949714209056854e-08,8.038176916917468e-14
1114,66900.0,66900,2.209591969313939e-06,2.2095920554083204e-06,2.9865260537149454e-05,0.0,2.388186697912884e-06,1.7859464221082014e-07,0.0,1.2949690882615409e-08,8.587291035567157e-14
1115,66960.0,66960,2.2117003876163814e-06,2.2117004790285104e-06,2.989611652774153e-05,0.0,2.3902788150259024e-06,1.7857833569411258e-07,0.0,1.2949667422541777e-08,9.119095918106367e-14
1116,67020.0,67020,2.213823912138221e-06,2.2138240086651374e-06,2.9927002428923297e-05,0.0,2.392385952627297e-06,1.7856194365991655e-07,0.0,1.2949643825917068e-08,9.62984032771378e-14
1117,67080.0,67080,2.2159626851033983e-06,2.215962786474999e-06,2.9957918454908727e-05,0.0,2.394508252400801e-06,1.785454656143602e-07,0.0,1.2949620089195969e-08,1.0114325812896657e-13
1118,67140.0,67140,2.2181168510768308e-06,2.218116956969047e-06,2.9988864821929085e-05,0.0,2.39664585833785e-06,1.7852890105683902e-07,0.0,1.2949596207966736e-08,1.0565737059482656e-13
1119,67200.0,67200,2.2202865570825306e-06,2.220286667074074e-06,3.0019841748265747e-05,0.0,2.398798916866649e-06,1.7851224947959872e-07,0.0,1.2949572176679543e-08,1.0974902509040999e-13
1120,67260.0,67260,2.222471952764077e-06,2.2224720663044474e-06,3.0050849454275802e-05,0.0,2.40096757699255e-06,1.7849551036739173e-07,0.0,1.294954798825341e-08,1.1329802874386272e-13
1121,67320.0,67320,2.2246731905683426e-06,2.2246733069660788e-06,3.0081888162441002e-05,0.0,2.4031519904827176e-06,1.7847868319707747e-07,0.0,1.294952363360189e-08,1.1614738296183767e-13
1122,67380.0,67380,2.2268904259737373e-06,2.226890544324925e-06,3.011295809740503e-05,0.0,2.4053523120857114e-06,1.7846176743724627e-07,0.0,1.2949499101016566e-08,1.180964721475085e-13
1123,67440.0,67440,2.2291238177690016e-06,2.2291239369211115e-06,3.0144059486005797e-05,0.0,2.407568699797835e-06,1.784447625480325e-07,0.0,1.2949474375441332e-08,1.1889733792609198e-13
1124,67500.0,67500,2.2313735283664625e-06,2.231373646879789e-06,3.017519255733382e-05,0.0,2.4098013151958594e-06,1.784276679809538e-07,0.0,1.2949449437681075e-08,1.182546852604108e-13
1125,67560.0,67560,2.233639724174085e-06,2.2336398402843322e-06,3.0206357542773964e-05,0.0,2.412050323801779e-06,1.7841048317958475e-07,0.0,1.294942426361267e-08,1.15846841533777e-13
1126,67620.0,67620,2.2359225759502794e-06,2.2359226875810107e-06,3.02375546760661e-05,0.0,2.414315895505416e-06,1.783932075808586e-07,0.0,1.294939882374449e-08,1.1136508852095133e-13
1127,67680.0,67680,2.238222259119868e-06,2.238222363978125e-06,3.0268784193368498e-05,0.0,2.4165982049484746e-06,1.7837584061835312e-07,0.0,1.294937308343224e-08,1.0459488487432373e-13
1128,67740.0,67740,2.2405389539141088e-06,2.2405390497095066e-06,3.030004633332127e-05,0.0,2.418897431788277e-06,1.7835838172844526e-07,0.0,1.2949347004448685e-08,9.552179445400077e-14
1129,67800.0,67800,2.2428728452199967e-06,2.2428729299116e-06,3.033134133711868e-05,0.0,2.4212137606313535e-06,1.7834083036247225e-07,0.0,1.2949320548320887e-08,8.441862388335759e-14
1130,67860.0,67860,2.2452241220512884e-06,2.2452241940301938e-06,3.0362669448579262e-05,0.0,2.4235473804000466e-06,1.7832318601025015e-07,0.0,1.294929368112157e-08,7.170102553443126e-14
1131,67920.0,67920,2.247592977033364e-06,2.2475930340516426e-06,3.0394030914208118e-05,0.0,2.425898482661959e-06,1.7830544825012702e-07,0.0,1.2949266375860333e-08,5.673198994148619e-14
1132,67980.0,67980,2.2499796083574113e-06,2.2499796395052916e-06,3.0425425983229174e-05,0.0,2.4282672567518213e-06,1.7828761687779763e-07,0.0,1.2949238594953215e-08,3.086310408303753e-14
1133,68040.0,68040,2.2523842388266415e-06,2.252384172365488e-06,3.0456854907554055e-05,0.0,2.4306538650849507e-06,1.782696923501611e-07,0.0,1.2949210156732296e-08,-6.675273562496271e-14
1134,68100.0,68100,2.254807248041412e-06,2.254806601346935e-06,3.048831794138483e-05,0.0,2.4330582795148893e-06,1.7825167779314365e-07,0.0,1.2949179865520806e-08,-6.469921180083621e-13
1135,68160.0,68160,2.257250082644696e-06,2.2572455687051717e-06,3.05198153384746e-05,0.0,2.4354791588654193e-06,1.7823358978270283e-07,0.0,1.2949139677905853e-08,-4.514242015927307e-12
1136,68220.0,68220,2.2597216224069096e-06,2.259690599427135e-06,3.05513473333015e-05,0.0,2.4379061218127777e-06,1.782155220047058e-07,0.0,1.2949034811060032e-08,-3.102328435760814e-11
1137,68280.0,68280,2.2622831901270534e-06,2.262067905453587e-06,3.058291401171222e-05,0.0,2.4402659494663037e-06,1.7819804362930457e-07,0.0,1.294848790309058e-08,-2.1528498244067745e-10
1138,68340.0,68340,2.265370112731077e-06,2.263857845496569e-06,3.061451441279682e-05,0.0,2.442042641282017e-06,1.781847953974504e-07,0.0,1.2944869745444771e-08,-1.512267548174579e-09
1139,68400.0,68400,2.2721271034195722e-06,2.2613588698164477e-06,3.064614020496025e-05,0.0,2.439558859330657e-06,1.7819998912127652e-07,0.0,1.2919634995237624e-08,-1.076823391693319e-08
1140,68460.0,68460,2.3063651782080158e-06,2.2279046186797523e-06,3.067773055746062e-05,0.0,2.406317309147031e-06,1.784126900737025e-07,0.0,1.2740133944260231e-08,-7.84605598408017e-08
1141,68520.0,68520,2.6172015593219407e-06,1.9659417058625134e-06,3.070884644345781e-05,0.0,2.146205277090035e-06,1.8026357086691928e-07,0.0,1.1432427465390088e-08,-6.51259853752975e-07
1142,68580.0,68580,184.41171920009393,-6.172213216119528e-05,3.073624656146124e-05,300.0,4.422887889435842e-08,6.176636104820571e-05,0.0,5.780682561216843e-10,115.58821907777394
1143,68640.0,68640,184.4117191972149,-6.171444221454131e-05,2.9707433723007124e-05,300.0,4.688137576586469e-08,6.176132359811823e-05,0.0,1.926470318541323,115.58821908834294
1144,68700.0,68700,184.41171919395063,-6.170549334734977e-05,2.867874241958944e-05,300.0,4.987307709528106e-08,6.1755366431855e-05,0.0,3.8529406366807066,115.58821910055607
1145,68760.0,68760,184.41171919022034,-6.169494377014951e-05,2.7650192785208063e-05,300.0,5.32718573829116e-08,6.174821563451616e-05,0.0,5.779410955023616,115.58821911483594
1146,68820.0,68820,184.41171918591704,-6.168230665421862e-05,2.662181048065523e-05,300.0,5.716645611133812e-08,6.173947311688631e-05,0.0,7.705881273604503,115.58821913177636
1147,68880.0,68880,184.4117191808979,-6.166686681386366e-05,2.5593629058669437e-05,300.0,6.1673771241453e-08,6.172854059132793e-05,0.0,9.632351592467709,115.58821915223531
1148,68940.0,68940,184.41171917496828,-6.164752544860708e-05,2.4565693699498583e-05,300.0,6.695072863429996e-08,6.171447618299536e-05,0.0,11.558821911671869,115.58821917750628
1149,69000.0,69000,184.41171916785578,-6.162249333240238e-05,2.3538067504410465e-05,300.0,7.321293927566129e-08,6.169570627719882e-05,0.0,13.485292231297192,115.58821920965093
1150,69060.0,69060,184.41171915916712,-6.158862308213857e-05,2.251084285606712e-05,300.0,8.076494077251602e-08,6.166938802794002e-05,0.0,15.411762551458235,115.58821925220981
1151,69120.0,69120,184.411719148313,-6.153975073377264e-05,2.148416383217071e-05,300.0,9.005133150794051e-08,6.162980206988039e-05,0.0,17.33823287232857,115.58821931193631
1152,69180.0,69180,184.41171911595777,-6.131351596050887e-05,2.045827613165126e-05,39.99999999999986,1.1680518289217061e-07,6.143032114888151e-05,0.0,19.264703194194325,-144.41178042947385
1153,69240.0,69240,184.41171909007394,-6.0871256604104116e-05,1.9436092126175044e-05,0.0,1.3725842092271445e-07,6.100851503049006e-05,0.0,16.857840187036555,-184.41177996133055
1154,69300.0,69300,184.41171905123127,-2.324391893261026e-05,1.842122797692743e-05,0.0,1.665487308657557e-07,2.341046766604757e-05,0.0,13.784310521014477,-184.41174229515022
1155,69360.0,69360,184.41171898670723,-8.252868487222236e-07,1.8033412896434808e-05,0.0,2.1166647548062684e-07,1.0369533247987456e-06,0.0,10.710781482762053,-184.4117198119941
1156,69420.0,69420,184.41171885840063,-4.647267840356355e-07,1.8019128889621305e-05,0.0,2.902478240432494e-07,7.54974608254619e-07,0.0,7.637252819228874,-184.4117193231274
1157,69480.0,69480,184.41171847676029,9.702495169485736e-08,1.8010657763794538e-05,0.0,4.6299491502571193e-07,3.659699630291604e-07,0.0,4.563724163843449,-184.41171837973536
1158,69540.0,69540,89.41172943078408,9.31871042983631e-07,1.8011117299115798e-05,0.0,1.1568200820508358e-06,2.2494903900457297e-07,0.0,1.4901955241812006,-89.41172849891302
1159,69600.0,69600,4.0138882012601565e-06,2.0890157868752253e-06,1.8023756372975896e-05,0.0,2.278102550567002e-06,1.8908676314553513e-07,0.0,4.9199302083938126e-08,-1.924872414859629e-06
1160,69660.0,69660,2.4461047140630257e-06,2.2495914809010343e-06,1.8052877986344834e-05,0.0,2.430672929893721e-06,1.8108144850757252e-07,0.0,1.711805172431029e-08,-1.965132335755135e-07
1161,69720.0,69720,2.29431261227794e-06,2.2720980603553426e-06,1.8084294435277088e-05,0.0,2.45127267851943e-06,1.7917461773004393e-07,0.0,1.3842778399495674e-08,-2.221455227745948e-08
1162,69780.0,69780,2.2877533456665184e-06,2.2674766801434967e-06,1.8116034494441175e-05,0.0,2.4460328488052248e-06,1.7855616825898726e-07,0.0,1.3472494716143193e-08,-2.027666585709606e-08
1163,69840.0,69840,2.282752102582832e-06,2.2748009212327635e-06,1.8147710630126583e-05,0.0,2.453090998252237e-06,1.7829007661598327e-07,0.0,1.3134516702142791e-08,-7.95118168025952e-09
1164,69900.0,69900,2.2797375267555897e-06,2.2776960094826284e-06,1.8179491191079506e-05,0.0,2.4558797253837615e-06,1.7818371549469768e-07,0.0,1.3001965082186841e-08,-2.041517608267707e-09
1165,69960.0,69960,2.278359316121588e-06,2.2778061038155846e-06,1.8211313031642286e-05,0.0,2.4559456204981413e-06,1.781395162726904e-07,0.0,1.2967907855399169e-08,-5.53212639798875e-10
1166,70020.0,70020,2.2775291260153938e-06,2.2773472015250395e-06,1.8243136542335064e-05,0.0,2.45546727733012e-06,1.7812007539246913e-07,0.0,1.295865563984883e-08,-1.81924823929608e-10
1167,70080.0,70080,2.2769299045715277e-06,2.276861431646792e-06,1.8274953600479016e-05,0.0,2.454972339756413e-06,1.7811090769646178e-07,0.0,1.2955591537951982e-08,-6.847325748331951e-11
1168,70140.0,70140,2.2764299619415704e-06,2.276447306720617e-06,1.830676379977103e-05,0.0,2.454552443207983e-06,1.781051360769323e-07,0.0,1.295441830510811e-08,1.7344440521381885e-11
1169,70200.0,70200,2.27592520875888e-06,2.275919887011608e-06,1.833856814669455e-05,0.0,2.45402720262833e-06,1.781073152008442e-07,0.0,1.2954675408716677e-08,-5.322084030361781e-12
1170,70260.0,70260,2.2754165148679896e-06,2.2754009272589963e-06,1.8370365016365646e-05,0.0,2.4535109324429556e-06,1.7811000476757928e-07,0.0,1.2954554729640348e-08,-1.5587945279190777e-11
1171,70320.0,70320,2.2749808384752503e-06,2.2750172475015454e-06,1.8402154527362776e-05,0.0,2.4531275186326925e-06,1.7811027071624108e-07,0.0,1.2954262950796636e-08,3.640868746845596e-11
1172,70380.0,70380,2.274522608351414e-06,2.274494354140405e-06,1.8433938602212403e-05,0.0,2.452609704615626e-06,1.7811535006051484e-07,0.0,1.295483780259016e-08,-2.825454902115481e-11
1173,70440.0,70440,2.274086188037683e-06,2.274124790823529e-06,1.8465715256693775e-05,0.0,2.4522407415375283e-06,1.781159502995753e-07,0.0,1.295433491647615e-08,3.8602447532989154e-11
1174,70500.0,70500,2.27365089742409e-06,2.2736442020762298e-06,1.8497486674182866e-05,0.0,2.451764753254881e-06,1.7812055076546864e-07,0.0,1.2954946334280782e-08,-6.6956876699287435e-12
1175,70560.0,70560,2.273221376490879e-06,2.2732092691946322e-06,1.8529251271822283e-05,0.0,2.451333168673758e-06,1.781238990648018e-07,0.0,1.2954802765882437e-08,-1.2107637265462258e-11
1176,70620.0,70620,2.2728305974057707e-06,2.2728577234023495e-06,1.8561009699536446e-05,0.0,2.450982718891325e-06,1.7812499507198083e-07,0.0,1.2954568992826068e-08,2.7125658442995212e-11
1177,70680.0,70680,2.272397737489332e-06,2.272392576943789e-06,1.8592763144277363e-05,0.0,2.4505220726527538e-06,1.7812949529048814e-07,0.0,1.2954989115620646e-08,-5.160882783599205e-12
1178,70740.0,70740,2.272008935283678e-06,2.2719998424296702e-06,1.862450998819465e-05,0.0,2.450132202566287e-06,1.7813235971958498e-07,0.0,1.2954871112415049e-08,-9.093194537656372e-12
1179,70800.0,70800,2.2716180224458548e-06,2.2716364198795743e-06,1.8656251261216774e-05,0.0,2.4497706551426736e-06,1.7813423484478995e-07,0.0,1.2954687560589103e-08,1.8397097201045944e-11
1180,70860.0,70860,2.2712043906773066e-06,2.271214071172592e-06,1.868798738107297e-05,0.0,2.449352257251142e-06,1.7813818566260914e-07,0.0,1.2954962179882766e-08,9.680153255044797e-12
1181,70920.0,70920,2.270809795911169e-06,2.270803594242853e-06,1.871971750779006e-05,0.0,2.4489460282824097e-06,1.7814243362110847e-07,0.0,1.2955091498666517e-08,-6.202008855011287e-12
1182,70980.0,70980,2.270421085979242e-06,2.2704120980869013e-06,1.8751441808812412e-05,0.0,2.448557895152227e-06,1.781457966456907e-07,0.0,1.2954956088272442e-08,-8.98823227083658e-12
1183,71040.0,71040,2.270034241462454e-06,2.2700357412354064e-06,1.8783160555248725e-05,0.0,2.4481841529314523e-06,1.781484112773477e-07,0.0,1.2954774222967059e-08,1.4994327103946334e-12
1184,71100.0,71100,2.269676729226311e-06,2.26969002220618e-06,1.8814873963447375e-05,0.0,2.447840615130343e-06,1.7815059250641794e-07,0.0,1.2954767142920534e-08,1.329263686024213e-11
1185,71160.0,71160,2.269354075387818e-06,2.2693615843864637e-06,1.884658246853048e-05,0.0,2.447514342805393e-06,1.781527579988183e-07,0.0,1.2954956603608261e-08,7.508658420181607e-12
1186,71220.0,71220,2.269030985841523e-06,2.2690273272130346e-06,1.8878286315359145e-05,0.0,2.4471824159145973e-06,1.7815508828194728e-07,0.0,1.295504964006032e-08,-3.6589707788254605e-12
1187,71280.0,71280,2.2686868811448364e-06,2.2686808460529173e-06,1.890998542108201e-05,0.0,2.446838492303082e-06,1.781576458284714e-07,0.0,1.2954956520502835e-08,-6.035433125998566e-12
1188,71340.0,71340,2.26834633028163e-06,2.2683403228301417e-06,1.894167961196222e-05,0.0,2.446500655588713e-06,1.781603323408592e-07,0.0,1.2954823769175585e-08,-6.007798078825641e-12
1189,71400.0,71400,2.26802402643626e-06,2.2680204546018555e-06,1.8973368972082606e-05,0.0,2.446183499014771e-06,1.7816304399016855e-07,0.0,1.2954691457381652e-08,-3.5721743446324858e-12
1190,71460.0,71460,2.2677146552065073e-06,2.267721979556202e-06,1.9005053793997413e-05,0.0,2.4458876999244023e-06,1.781657199491235e-07,0.0,1.2954599717001e-08,7.324003776912849e-12
1191,71520.0,71520,2.2674029608296076e-06,2.267407009618808e-06,1.9036734380867812e-05,0.0,2.4455754399337694e-06,1.7816842989050607e-07,0.0,1.2954689555190109e-08,4.048446317919281e-12
1192,71580.0,71580,2.2670919123950466e-06,2.2670942942493836e-06,1.906841049893558e-05,0.0,2.445265387778941e-06,1.7817109310579098e-07,0.0,1.2954724777123965e-08,2.3815106353290447e-12
1193,71640.0,71640,2.2667850990156755e-06,2.266788023017435e-06,1.9100082180259847e-05,0.0,2.4449617247378258e-06,1.7817370129500984e-07,0.0,1.2954732191509778e-08,2.923658878255946e-12
1194,71700.0,71700,2.2664824234739506e-06,2.26648540839797e-06,1.9131749516272425e-05,0.0,2.4446616699328343e-06,1.781762611099001e-07,0.0,1.295474861461132e-08,2.9845787935410986e-12
1195,71760.0,71760,2.2661840237432652e-06,2.2661867461646103e-06,1.916341255890048e-05,0.0,2.4443655149762625e-06,1.7817876839207154e-07,0.0,1.2954766024503673e-08,2.722072109203663e-12
1196,71820.0,71820,2.265890386395806e-06,2.2658927762359963e-06,1.919507136427045e-05,0.0,2.444073998160638e-06,1.7818122150071472e-07,0.0,1.2954779029352036e-08,2.389492585739572e-12
1197,71880.0,71880,2.265601955224918e-06,2.2656040286912002e-06,1.9226725998993828e-05,0.0,2.4437876507486828e-06,1.7818362163358113e-07,0.0,1.2954786459959744e-08,2.0731180278530813e-12
1198,71940.0,71940,2.2653190475001826e-06,2.265320843403891e-06,1.9258376537190778e-05,0.0,2.4435068150743075e-06,1.7818597124721478e-07,0.0,1.2954788585142982e-08,1.7955546175019216e-12
1199,72000.0,72000,2.2650419039086952e-06,2.265043469349111e-06,1.9290023057788795e-05,0.0,2.4432317426872647e-06,1.781882729130071e-07,0.0,1.2954786050492867e-08,1.5650913292093653e-12
1200,72060.0,72060,2.264770730585215e-06,2.264772118761581e-06,1.932166564323618e-05,0.0,2.442962647891967e-06,1.78190528703188e-07,0.0,1.2954779639725541e-08,1.3878258694366964e-12
1201,72120.0,72120,2.2645056990150104e-06,2.2645069650702854e-06,1.935330437898435e-05,0.0,2.442699705498306e-06,1.7819274000123772e-07,0.0,1.2954770238145821e-08,1.2657045066972043e-12
1202,72180.0,72180,2.264246924661688e-06,2.264248118774672e-06,1.9384939352935974e-05,0.0,2.4424430267722972e-06,1.7819490756912567e-07,0.0,1.2954758763454912e-08,1.193761862268465e-12
1203,72240.0,72240,2.26399445168771e-06,2.263995613266586e-06,1.941657065455703e-05,0.0,2.442192645414625e-06,1.781970317193436e-07,0.0,1.2954746050553113e-08,1.1612268214829238e-12
1204,72300.0,72300,2.2637482558302946e-06,2.26374941131119e-06,1.9448198373789445e-05,0.0,2.441948524236836e-06,1.7819911249386264e-07,0.0,1.295473275478095e-08,1.1551312808781353e-12
1205,72360.0,72360,2.2635082629372256e-06,2.263509427023807e-06,1.947982260004162e-05,0.0,2.4417105772577987e-06,1.7820114980363787e-07,0.0,1.2954719315306369e-08,1.163735073560543e-12
1206,72420.0,72420,2.263274374426743e-06,2.2632755531520388e-06,1.951144342151024e-05,0.0,2.441478697100632e-06,1.7820314351639714e-07,0.0,1.295470597559701e-08,1.178372861324059e-12
1207,72480.0,72480,2.2630464913541427e-06,2.263047685461737e-06,1.954306092487291e-05,0.0,2.441252779391652e-06,1.7820509350022464e-07,0.0,1.295469283467812e-08,1.1937516370908899e-12
1208,72540.0,72540,2.2628245319390486e-06,2.2628257396277883e-06,1.9574675195327084e-05,0.0,2.441032739700214e-06,1.782069996385692e-07,0.0,1.2954679903350667e-08,1.2073345932712087e-12
1209,72600.0,72600,2.2626084408221207e-06,2.26260965961396e-06,1.96062863168802e-05,0.0,2.4408185218799297e-06,1.7820886183164588e-07,0.0,1.2954667150138208e-08,1.218435433668698e-12
1210,72660.0,72660,2.2623981907998296e-06,2.2623994185437815e-06,1.9637894372742748e-05,0.0,2.4406100989732417e-06,1.7821067999465404e-07,0.0,1.2954654532140033e-08,1.2273894966248525e-12
1211,72720.0,72720,2.262193779152469e-06,2.2621950144525007e-06,1.966949944574551e-05,0.0,2.4404074689466207e-06,1.782124540574339e-07,0.0,1.2954642012068277e-08,1.2349435437870624e-12
1212,72780.0,72780,2.2619952210875765e-06,2.2619964633269497e-06,1.9701101618693396e-05,0.0,2.440210647729387e-06,1.7821418396619644e-07,0.0,1.2954629565109004e-08,1.2418806310902908e-12
1213,72840.0,72840,2.261802542415048e-06,2.261803791598457e-06,1.9732700974615806e-05,0.0,2.440019661720914e-06,1.782158696861008e-07,0.0,1.2954617179530841e-08,1.2488242864467426e-12
1214,72900.0,72900,2.261615772977798e-06,2.261617029512797e-06,1.9764297596918218e-05,0.0,2.4398345411548408e-06,1.7821751120342324e-07,0.0,1.2954604854029731e-08,1.2561766027004095e-12
1215,72960.0,72960,2.261434941582242e-06,2.26143620607719e-06,1.9795891569433386e-05,0.0,2.4396553150425955e-06,1.7821910852643493e-07,0.0,1.2954592594035154e-08,1.2641336982386202e-12
1216,73020.0,73020,2.261260072608586e-06,2.261261345708977e-06,1.9827482976405196e-05,0.0,2.4394820078385844e-06,1.7822066168512396e-07,0.0,1.2954580408276746e-08,1.2727417563023047e-12
1217,73080.0,73080,2.261091184112031e-06,2.2610924664380806e-06,1.985907190242303e-05,0.0,2.439314637612649e-06,1.782221707300652e-07,0.0,1.2954568306282515e-08,1.2819656271811755e-12
1218,73140.0,73140,2.2609282870792285e-06,2.260929579197639e-06,1.989065843233356e-05,0.0,2.4391532153694856e-06,1.7822363573095764e-07,0.0,1.2954556297018026e-08,1.291753405948849e-12
1219,73200.0,73200,2.260771385471359e-06,2.260772687926544e-06,1.9922242651135635e-05,0.0,2.4389977451462856e-06,1.7822505677524896e-07,0.0,1.2954544388605769e-08,1.3020907068625008e-12
1220,73260.0,73260,2.260620476754498e-06,2.2606217901638577e-06,1.9953824643885957e-05,0.0,2.4388482245762355e-06,1.7822643396688576e-07,0.0,1.2954532588943853e-08,1.313043566157151e-12
1221,73320.0,73320,2.260475552676342e-06,2.2604768778345037e-06,1.9985404495603952e-05,0.0,2.4387046457047423e-06,1.7822776742548127e-07,0.0,1.295452090704565e-08,1.324790567352438e-12
1222,73380.0,73380,2.260336600151582e-06,2.260337938171054e-06,2.001698229119555e-05,0.0,2.438566995906419e-06,1.7822905728557215e-07,0.0,1.2954509354912011e-08,1.3376528070785943e-12
1223,73440.0,73440,2.2602036021638095e-06,2.260204954668898e-06,2.0048558115385598e-05,0.0,2.4384352588109756e-06,1.782303036962012e-07,0.0,1.2954497949903179e-08,1.3521315185741735e-12
1224,73500.0,73500,2.260076538615704e-06,2.2600779079562525e-06,2.008013205266305e-05,0.0,2.4383094152262586e-06,1.7823150682061964e-07,0.0,1.2954486717741222e-08,1.3689690527594507e-12
1225,73560.0,73560,2.2599553871036692e-06,2.2599567767414036e-06,2.0111704187244812e-05,0.0,2.4381894440275595e-06,1.7823266683630012e-07,0.0,1.2954475696527052e-08,1.3892650818533709e-12
1226,73620.0,73620,2.259840123550394e-06,2.2598415386166176e-06,2.0143274603043473e-05,0.0,2.438075323000647e-06,1.7823378393565834e-07,0.0,1.2954464942697332e-08,1.4146897716183105e-12
1227,73680.0,73680,2.25973072257944e-06,2.259732170727489e-06,2.0174843383654503e-05,0.0,2.4379670295101408e-06,1.7823485832960823e-07,0.0,1.2954454540534142e-08,1.447774532939873e-12
1228,73740.0,73740,2.2596271575546766e-06,2.2596286495868087e-06,2.0206410612348474e-05,0.0,2.4378645403036767e-06,1.782358902639676e-07,0.0,1.295444461652105e-08,1.4916563486572735e-12
1229,73800.0,73800,2.259529401573589e-06,2.2595309462933397e-06,2.0237976372063816e-05,0.0,2.43776782684376e-06,1.782368800959159e-07,0.0,1.2954435349439948e-08,1.5443410343097601e-12
1230,73860.0,73860,2.2594374422891355e-06,2.259438996412956e-06,2.026954074532783e-05,0.0,2.4376768255366518e-06,1.7823782867093228e-07,0.0,1.2954426884859908e-08,1.553740026615466e-12
1231,73920.0,73920,2.259351407251144e-06,2.2593525146011992e-06,2.0301103813753195e-05,0.0,2.437591254356258e-06,1.782387392972597e-07,0.0,1.2954418500235775e-08,1.1069709314717048e-12
1232,73980.0,73980,2.2592724825697775e-06,2.2592698012535247e-06,2.0332665654900193e-05,0.0,2.437509430506163e-06,1.7823962879423525e-07,0.0,1.2954402591685936e-08,-2.681696427057752e-12
1233,74040.0,74040,2.25920940470522e-06,2.2591797461872683e-06,2.0364226322213415e-05,0.0,2.437420339773653e-06,1.7824059312571729e-07,0.0,1.2954323459870931e-08,-2.96589000508551e-11
1234,74100.0,74100,2.2592242051170446e-06,2.259006769565689e-06,2.03957857114986e-05,0.0,2.4372489870596185e-06,1.7824221703588723e-07,0.0,1.2953794628236317e-08,-2.1743593820219414e-10
1235,74160.0,74160,2.259757246447699e-06,2.258224430973733e-06,2.042734264638728e-05,0.0,2.436472663922042e-06,1.7824823248557465e-07,0.0,1.2950136099070595e-08,-1.5328158596590749e-09
1236,74220.0,74220,2.2639756954384173e-06,2.253104969066649e-06,2.0458888483276046e-05,0.0,2.431388336063038e-06,1.7828336653187746e-07,0.0,1.2924554494631161e-08,-1.087072675730369e-08
1237,74280.0,74280,2.2957531795870665e-06,2.216922740242356e-06,2.049036170679128e-05,0.0,2.395442400813507e-06,1.7851966011324137e-07,0.0,1.274334100343814e-08,-7.883043972710995e-08
1238,74340.0,74340,2.6041350829947044e-06,1.9526138104199277e-06,2.0521321758170118e-05,0.0,2.1330328898093636e-06,1.8041907897476418e-07,0.0,1.142946590970571e-08,-6.515212729180998e-07
1239,74400.0,74400,184.41171920059597,-6.1723475719196e-05,2.0548532684671713e-05,300.0,4.375633980262372e-08,6.176723207440634e-05,0.0,5.70746722593191e-10,115.58821907592838
1240,74460.0,74460,184.4117191977806,-6.171599675938467e-05,1.951969864363554e-05,300.0,4.634976121972815e-08,6.176234653585806e-05,0.0,1.9264703185036687,115.5882190862227
1241,74520.0,74520,184.4117191945931,-6.170731298645392e-05,1.849098276847613e-05,300.0,4.927088144101975e-08,6.175658388231866e-05,0.0,3.8529406366081504,115.58821909809396
1242,74580.0,74580,184.41171919095635,-6.169710327688931e-05,1.7462404320083703e-05,300.0,5.258439885529943e-08,6.174968768983429e-05,0.0,5.779410954910453,115.58821911194036
1243,74640.0,74640,184.41171918676866,-6.168491284327555e-05,1.643398774962982e-05,300.0,5.6374652276698686e-08,6.174128750919602e-05,0.0,7.705881273443514,115.5882191283185
1244,74700.0,74700,184.4117191818948,-6.167007827930418e-05,1.5405764877227292e-05,300.0,6.075235613633228e-08,6.173083064884302e-05,0.0,9.632351592249517,115.58821914802695
1245,74760.0,74760,184.41171917615108,-6.165158929294811e-05,1.4377778302946947e-05,300.0,6.58655354934477e-08,6.171745484156566e-05,0.0,11.558821911383971,115.58821917225964
1246,74820.0,74820,184.4117191692818,-6.162781924391717e-05,1.3350087094979694e-05,300.0,7.191661433578845e-08,6.16997358709799e-05,0.0,13.485292230922274,115.58821920289897
1247,74880.0,74880,184.4117191609201,-6.159594919708022e-05,1.2322776926096693e-05,300.0,7.918991729057075e-08,6.167513912660391e-05,0.0,15.4117625509712,115.58821924313078
1248,74940.0,74940,184.41171915051984,-6.155057193075828e-05,1.1295979740466305e-05,300.0,8.809777787786235e-08,6.16386697207201e-05,0.0,17.33823287169065,115.58821929890829
1249,75000.0,75000,184.4117191198064,-6.134980033539088e-05,1.0269916571718135e-05,135.0,1.1356204128666001e-07,6.146336238902581e-05,0.0,19.26470319333968,-49.41178046960672
1250,75060.0,75060,184.4117190955456,-6.100040086421906e-05,9.247135933941728e-06,0.0,1.3280955552469028e-07,6.113321043242432e-05,0.0,18.441173518846785,-184.41178009594648
1251,75120.0,75120,184.41171905970955,-3.8591875751585884e-05,8.230130499766337e-06,0.0,1.5996038497139395e-07,3.8751836148714675e-05,0.0,15.367643850581555,-184.4117576515853
1252,75180.0,75180,184.4117190012904,-1.8903037459259958e-06,7.586532604250909e-06,0.0,2.013081111442038e-07,2.091611864882935e-06,0.0,12.294114556388973,-184.41172089159417
1253,75240.0,75240,184.41171888956563,-7.799721137107205e-07,7.554524203457125e-06,0.0,2.7134546146752984e-07,1.0513175825807673e-06,0.0,9.220585874862866,-184.41171966953775
1254,75300.0,75300,184.41171858679525,-6.470752995923e-08,7.540846233699165e-06,0.0,4.174177238948235e-07,4.82125260780005e-07,0.0,6.147057213704366,-184.41171865150275
1255,75360.0,75360,184.41171236315728,6.63984176810193e-07,7.538724156884474e-06,0.0,9.238565246117458e-07,2.598723539757261e-07,0.0,3.073528569513094,-184.41171169917308
1256,75420.0,75420,2.979934560473306e-06,1.8631695387963766e-06,7.547480842054275e-06,0.0,2.0622281391180087e-06,1.9905860153171643e-07,0.0,4.119395341729829e-08,-1.1167650204121756e-06
1257,75480.0,75480,2.660913507557597e-06,2.1894489170079283e-06,7.573378018172849e-06,0.0,2.373005476463619e-06,1.835565594937088e-07,0.0,2.258146235427058e-08,-4.714645904308636e-07
1258,75540.0,75540,2.263954404401915e-06,2.210515259725354e-06,7.603936237840035e-06,0.0,2.390925424897011e-06,1.804101649665632e-07,0.0,1.4723743419337174e-08,-5.343914482492443e-08
1259,75600.0,75600,2.222159374110194e-06,2.1899225008825697e-06,7.634800760621211e-06,0.0,2.369361925702997e-06,1.7943942463148694e-07,0.0,1.3833065838231259e-08,-3.22368733644895e-08
1260,75660.0,75660,2.2091896493066263e-06,2.1948203611225858e-06,7.665375976800957e-06,0.0,2.373822730527972e-06,1.7900236923261647e-07,0.0,1.3295762227562248e-08,-1.4369288288624864e-08
1261,75720.0,75720,2.2009291265789677e-06,2.196827883523477e-06,7.696021669296546e-06,0.0,2.375697153426232e-06,1.7886926974467442e-07,0.0,1.3056255233852027e-08,-4.1012431427896655e-09
1262,75780.0,75780,2.1956196458024005e-06,2.194487253801588e-06,7.726696131792327e-06,0.0,2.3733023224767516e-06,1.7881506853962954e-07,0.0,1.2987883825835739e-08,-1.1323920726612536e-09
1263,75840.0,75840,2.1912512198418168e-06,2.1909405257861868e-06,7.757337568246929e-06,0.0,2.3697437025782684e-06,1.788031766744982e-07,0.0,1.2968994464850633e-08,-3.106941085582133e-10
1264,75900.0,75900,2.187243097164805e-06,2.1871298736677453e-06,7.787928786520326e-06,0.0,2.365944850582163e-06,1.7881497682766138e-07,0.0,1.2963801199094003e-08,-1.13223542552149e-10
1265,75960.0,75960,2.183391007569519e-06,2.1833636908445765e-06,7.818465988482612e-06,0.0,2.3621954279263166e-06,1.7883173699952767e-07,0.0,1.296190022300027e-08,-2.7316738494571023e-11
1266,76020.0,76020,2.1796323883621773e-06,2.1796498504589047e-06,7.848949791741765e-06,0.0,2.3585031108576573e-06,1.7885326033050287e-07,0.0,1.296143218832031e-08,1.7462106341364092e-11
1267,76080.0,76080,2.1758977746980415e-06,2.175890721052248e-06,7.879380925931356e-06,0.0,2.3547711163067828e-06,1.7888039520846082e-07,0.0,1.2961711658731269e-08,-7.053619681588976e-12
1268,76140.0,76140,2.172206370655583e-06,2.1722020104938384e-06,7.90975873545271e-06,0.0,2.3511091254735878e-06,1.7890711495491407e-07,0.0,1.2961583671541199e-08,-4.360120492962457e-12
1269,76200.0,76200,2.168555761701082e-06,2.1685637797744705e-06,7.940084218967951e-06,0.0,2.3474979035669527e-06,1.789341237814142e-07,0.0,1.2961501701535191e-08,8.018138660417614e-12
1270,76260.0,76260,2.1649297914607e-06,2.164924253538563e-06,7.970358090908918e-06,0.0,2.3438868159336275e-06,1.7896256241009459e-07,0.0,1.2961627160507836e-08,-5.537846165677912e-12
1271,76320.0,76320,2.1613679256535327e-06,2.1613689467895236e-06,8.000580329371089e-06,0.0,2.340358863904087e-06,1.7898991713184712e-07,0.0,1.2961527788637163e-08,1.0212437692889687e-12
1272,76380.0,76380,2.1578263519223726e-06,2.1578400593193726e-06,8.030752130196797e-06,0.0,2.336857396718567e-06,1.7901733744537715e-07,0.0,1.2961538833951234e-08,1.3707514478963169e-11
1273,76440.0,76440,2.1543205471883746e-06,2.154302085957296e-06,8.060873867517501e-06,0.0,2.3333483686170363e-06,1.790462827341379e-07,0.0,1.2961762406310097e-08,-1.8461106903896056e-11
1274,76500.0,76500,2.1508437152592803e-06,2.1508535324222968e-06,8.09094540882662e-06,0.0,2.3299264743988416e-06,1.7907294206560064e-07,0.0,1.2961450901250963e-08,9.817308791226802e-12
1275,76560.0,76560,2.147409958848202e-06,2.147414467900726e-06,8.120968026641639e-06,0.0,2.326514918108132e-06,1.791004503083125e-07,0.0,1.2961611780549148e-08,4.50922091415414e-12
1276,76620.0,76620,2.1439898613408275e-06,2.1439790963987117e-06,8.150941853290136e-06,0.0,2.3231077212745265e-06,1.7912862496849536e-07,0.0,1.2961685247695454e-08,-1.076473166757313e-11
1277,76680.0,76680,2.14059027043248e-06,2.140592287334214e-06,8.180866939445013e-06,0.0,2.319748157745548e-06,1.7915587053673423e-07,0.0,1.2961505191848205e-08,2.017115722294143e-12
1278,76740.0,76740,2.137242555027781e-06,2.137246612430978e-06,8.210743975417957e-06,0.0,2.3164295436836776e-06,1.791829314076599e-07,0.0,1.296153921051428e-08,4.057623524471259e-12
1279,76800.0,76800,2.1339109694038724e-06,2.133907571243938e-06,8.240573544424941e-06,0.0,2.3131181773522633e-06,1.7921060625857632e-07,0.0,1.2961608267700263e-08,-3.3979017329676857e-12
1280,76860.0,76860,2.1305851717169093e-06,2.1305846182258045e-06,8.270355738929646e-06,0.0,2.3098229965342147e-06,1.7923837850101253e-07,0.0,1.2961554082341733e-08,-5.532394417440757e-13
1281,76920.0,76920,2.1273054376632557e-06,2.127309215019818e-06,8.300090786623536e-06,0.0,2.306574849473651e-06,1.7926563467287877e-07,0.0,1.2961548317837456e-08,3.777613252446584e-12
1282,76980.0,76980,2.1240934841050408e-06,2.124091780567203e-06,8.32977936244049e-06,0.0,2.3033840619229584e-06,1.7929228158417922e-07,0.0,1.2961615733680563e-08,-1.7032540731370424e-12
1283,77040.0,77040,2.1209104844186564e-06,2.1209049332115214e-06,8.3594222891469e-06,0.0,2.3002235385722327e-06,1.7931860560347362e-07,0.0,1.2961592786426993e-08,-5.550905465005005e-12
1284,77100.0,77100,2.1177273321188782e-06,2.117722608018567e-06,8.389020000886834e-06,0.0,2.2970675013680593e-06,1.7934489360655447e-07,0.0,1.2961506688443212e-08,-4.723780865677147e-12
1285,77160.0,77160,2.114552049627592e-06,2.114546577227784e-06,8.41857256183377e-06,0.0,2.2939177867386975e-06,1.793712097767555e-07,0.0,1.296143534963496e-08,-5.472056530767893e-12
1286,77220.0,77220,2.11139379014501e-06,2.1113873908723415e-06,8.448080061106949e-06,0.0,2.290784921403826e-06,1.7939753082893727e-07,0.0,1.2961352508479717e-08,-6.398929035049377e-12
1287,77280.0,77280,2.1082661336772423e-06,2.1082569106511286e-06,8.477542737342033e-06,0.0,2.2876807255906462e-06,1.794238152142086e-07,0.0,1.2961255182497164e-08,-9.222625172580145e-12
1288,77340.0,77340,2.105177213985384e-06,2.1051734454401453e-06,8.506960997320721e-06,0.0,2.2846234146236226e-06,1.7944996948203663e-07,0.0,1.2961111750776077e-08,-3.7681358544957494e-12
1289,77400.0,77400,2.1021200730516847e-06,2.1021245649508346e-06,8.53633550743178e-06,0.0,2.281600564301712e-06,1.794759996907867e-07,0.0,1.2961060171492379e-08,4.492297133233862e-12
1290,77460.0,77460,2.0990820950945296e-06,2.09908116741209e-06,8.565666757952934e-06,0.0,2.2785831563504615e-06,1.7950198928879242e-07,0.0,1.2961147201604598e-08,-9.272627233599628e-13
1291,77520.0,77520,2.0960678084864496e-06,2.0960657658109815e-06,8.594954826679251e-06,0.0,2.2755935948998456e-06,1.7952782944346175e-07,0.0,1.2961144836121982e-08,-2.0422311698513344e-12
1292,77580.0,77580,2.093078563330289e-06,2.093076689716079e-06,8.624200110610575e-06,0.0,2.272630227005578e-06,1.7955353768328145e-07,0.0,1.2961124809377463e-08,-1.8731771667196958e-12
1293,77640.0,77640,2.090113345862961e-06,2.0901114778205726e-06,8.653402983038008e-06,0.0,2.269690600492659e-06,1.7957912305038495e-07,0.0,1.2961108513770164e-08,-1.867559989388218e-12
1294,77700.0,77700,2.0871711907003836e-06,2.0871691778256864e-06,8.682563782362449e-06,0.0,2.266773764043768e-06,1.7960458662836303e-07,0.0,1.2961093217846492e-08,-2.0123959399478397e-12
1295,77760.0,77760,2.0842514683197433e-06,2.0842492614375067e-06,8.711682833490052e-06,0.0,2.263879190279719e-06,1.7962992926730862e-07,0.0,1.2961076406691892e-08,-2.2063857522095834e-12
1296,77820.0,77820,2.081353785102185e-06,2.0813513773956353e-06,8.7407604538403e-06,0.0,2.2610065290117656e-06,1.7965515208272394e-07,0.0,1.2961057253815017e-08,-2.4072231161054736e-12
1297,77880.0,77880,2.0784778907203403e-06,2.0784752910247595e-06,8.769796955854539e-06,0.0,2.2581555467847194e-06,1.7968025616440426e-07,0.0,1.2961035637914172e-08,-2.5991217881225368e-12
1298,77940.0,77940,2.075623606560165e-06,2.075620831271399e-06,8.798792648647192e-06,0.0,2.2553260733505076e-06,1.797052425471411e-07,0.0,1.2961011700855281e-08,-2.7747472590912486e-12
1299,78000.0,78000,2.0727907748942763e-06,2.0727878442570764e-06,8.827747838903981e-06,0.0,2.2525179560565847e-06,1.797301122801669e-07,0.0,1.2960985706797079e-08,-2.9300785052319573e-12
1300,78060.0,78060,2.069979231595463e-06,2.0699761676999966e-06,8.856662831129216e-06,0.0,2.249731033627297e-06,1.7975486645936855e-07,0.0,1.29609579869584e-08,-3.063359270000728e-12
1301,78120.0,78120,2.067188798473438e-06,2.0671856229950507e-06,8.885537927526184e-06,0.0,2.2469651286509215e-06,1.7977950619843567e-07,0.0,1.29609289018749e-08,-3.1749242669040748e-12
1302,78180.0,78180,2.0644192868261692e-06,2.0644160193259034e-06,8.914373427764176e-06,0.0,2.2442200513719953e-06,1.798040325682155e-07,0.0,1.2960898806548576e-08,-3.2668974294363977e-12
1303,78240.0,78240,2.061670504371955e-06,2.061667161210504e-06,8.943169628807415e-06,0.0,2.2414956071777498e-06,1.7982844653985938e-07,0.0,1.2960868020633682e-08,-3.342581230065847e-12
1304,78300.0,78300,2.058942260899377e-06,2.05893885458161e-06,8.971926824846213e-06,0.0,2.238791602968419e-06,1.798527489525941e-07,0.0,1.2960836808792594e-08,-3.405704118542239e-12
1305,78360.0,78360,2.0562343710436478e-06,2.0562309106749845e-06,9.00064530732144e-06,0.0,2.2361078505871505e-06,1.7987694050987125e-07,0.0,1.2960805373602998e-08,-3.459756793631537e-12
1306,78420.0,78420,2.053546654415995e-06,2.0535431462302332e-06,9.029325364996307e-06,0.0,2.2334441674083003e-06,1.799010217978631e-07,0.0,1.2960773859518424e-08,-3.507568651993284e-12
1307,78480.0,78480,2.050878934016319e-06,2.050875382199365e-06,9.057967284036744e-06,0.0,2.2308003749243274e-06,1.799249933166351e-07,0.0,1.2960742363894827e-08,-3.5511416743295482e-12
1308,78540.0,78540,2.0482310338096648e-06,2.048227441418368e-06,9.086571348071348e-06,0.0,2.2281762963304073e-06,1.799488555152803e-07,0.0,1.2960710950781743e-08,-3.5917023293677526e-12
1309,78600.0,78600,2.045602776195988e-06,2.0455991456452487e-06,9.115137838217397e-06,0.0,2.2255717538285768e-06,1.799726088258385e-07,0.0,1.2960679663851911e-08,-3.629872775981981e-12
1310,78660.0,78660,2.042993979783921e-06,2.0429903131671802e-06,9.143667033064992e-06,0.0,2.2229865662340444e-06,1.799962536918349e-07,0.0,1.2960648536474368e-08,-3.665896525772782e-12
1311,78720.0,78720,2.0404044577804112e-06,2.0404007572290793e-06,9.172159208629624e-06,0.0,2.220420547157383e-06,1.8001979059027518e-07,0.0,1.2960617598027457e-08,-3.699840727311214e-12
1312,78780.0,78780,2.037834017089448e-06,2.037830284620399e-06,9.20061463827875e-06,0.0,2.217873503982495e-06,1.8004322004628405e-07,0.0,1.2960586876842586e-08,-3.731753304727396e-12
1313,78840.0,78840,2.0352824581651552e-06,2.0352786956605245e-06,9.229033592641787e-06,0.0,2.2153452376299264e-06,1.8006654264073556e-07,0.0,1.2960556400522046e-08,-3.761752620401378e-12
1314,78900.0,78900,2.03274957554007e-06,2.0327457847238533e-06,9.25741633951833e-06,0.0,2.212835543045819e-06,1.8008975901168722e-07,0.0,1.296052619477038e-08,-3.7900554307747485e-12
1315,78960.0,78960,2.030235158866649e-06,2.0302313411319924e-06,9.28576314379261e-06,0.0,2.2103442102747456e-06,1.8011286985080526e-07,0.0,1.2960496281752794e-08,-3.8169668607300365e-12
1316,79020.0,79020,2.0277389943253304e-06,2.0277351506980224e-06,9.314074267362003e-06,0.0,2.207871025880219e-06,1.8013587589615166e-07,0.0,1.296046667862308e-08,-3.842838842658475e-12
1317,79080.0,79080,2.025260866177803e-06,2.0252569973279903e-06,9.342349969088905e-06,0.0,2.2054157745477215e-06,1.801587779228807e-07,0.0,1.2960437396744388e-08,-3.868028266989523e-12
1318,79140.0,79140,2.022800558326394e-06,2.022796664668829e-06,9.370590504770698e-06,0.0,2.2029782406526086e-06,1.8018157673307694e-07,0.0,1.2960408441603925e-08,-3.892855215758661e-12
1319,79200.0,79200,2.0203578557144844e-06,2.0203539373398854e-06,9.398796127137653e-06,0.0,2.2005582097030505e-06,1.802042731457e-07,0.0,1.2960379813427299e-08,-3.91758146738452e-12
1320,79260.0,79260,2.0179325455253857e-06,2.01792860231174e-06,9.426967085868095e-06,0.0,2.1981554695178053e-06,1.8022686798756335e-07,0.0,1.2960351508148713e-08,-3.942395745629749e-12
1321,79320.0,79320,2.015524418104859e-06,2.0155204498863768e-06,9.455103627619422e-06,0.0,2.1957698111477603e-06,1.802493620856001e-07,0.0,1.2960323518625926e-08,-3.967417058230685e-12
1322,79380.0,79380,2.0131332676195783e-06,2.013129274069166e-06,9.483205996075389e-06,0.0,2.1934010295272008e-06,1.802717562606648e-07,0.0,1.2960295835802511e-08,-3.9927058782262995e-12
1323,79440.0,79440,2.0107588924883986e-06,2.0107548733602583e-06,9.511274432001188e-06,0.0,2.1910489238636297e-06,1.8029405132293728e-07,0.0,1.2960268449679412e-08,-4.018275508666672e-12
1324,79500.0,79500,2.008401095593732e-06,2.0083970505920644e-06,9.539309173303534e-06,0.0,2.1887132978536637e-06,1.8031624806848458e-07,0.0,1.2960241350100559e-08,-4.04411140651289e-12
1325,79560.0,79560,2.006059684353453e-06,2.0060556132756804e-06,9.567310455094919e-06,0.0,2.1863939597277476e-06,1.803383472772724e-07,0.0,1.2960214527214673e-08,-4.0701838081407825e-12
1326,79620.0,79620,2.0037344706827897e-06,2.0037303733173984e-06,9.595278509756899e-06,0.0,2.1840907221923993e-06,1.803603497117939e-07,0.0,1.2960187971726955e-08,-4.0964585124833995e-12
1327,79680.0,79680,2.001425270877493e-06,2.001421147061197e-06,9.62321356700741e-06,0.0,2.181803402318944e-06,1.8038225611647853e-07,0.0,1.2960161674970117e-08,-4.1229075312345774e-12
1328,79740.0,79740,1.999131905472525e-06,1.99912775505233e-06,9.651115853958068e-06,0.0,2.1795318213870053e-06,1.8040406721752694e-07,0.0,1.2960135628801835e-08,-4.149513736473639e-12
1329,79800.0,79800,1.996854199088614e-06,1.9968500218854486e-06,9.678985595177323e-06,0.0,2.1772758047243514e-06,1.8042578372293914e-07,0.0,1.2960109825418127e-08,-4.1762737027296585e-12
1330,79860.0,79860,1.994591980280651e-06,1.9945877761406867e-06,9.706823012747191e-06,0.0,2.1750351815651653e-06,1.8044740632267103e-07,0.0,1.2960084257124215e-08,-4.203201061694073e-12
1331,79920.0,79920,1.992345081416269e-06,1.992340850113701e-06,9.734628326318211e-06,0.0,2.172809784919897e-06,1.8046893568871262e-07,0.0,1.2960058916050241e-08,-4.230325314908738e-12
1332,79980.0,79980,1.990113338580118e-06,1.9901090799159855e-06,9.762401753165338e-06,0.0,2.170599451479781e-06,1.8049037247511623e-07,0.0,1.296003379388288e-08,-4.257691356987398e-12
1333,80040.0,80040,1.9878965915064076e-06,1.987892305129972e-06,9.790143508236496e-06,0.0,2.1684040215592213e-06,1.8051171731787273e-07,0.0,1.2960008881607672e-08,-4.285359318069564e-12
1334,80100.0,80100,1.9856946835546374e-06,1.9856903691590766e-06,9.817853804209465e-06,0.0,2.1662233390599748e-06,1.8053297083464852e-07,0.0,1.295998416925395e-08,-4.3134006841102055e-12
1335,80160.0,80160,1.9835074617052142e-06,1.983503118871987e-06,9.845532851538744e-06,0.0,2.1640572514820026e-06,1.805541336243117e-07,0.0,1.295995964570332e-08,-4.341898129150076e-12
1336,80220.0,80220,1.9813347765956526e-06,1.981330404667407e-06,9.873180858509243e-06,0.0,2.1619056099503116e-06,1.80575206266415e-07,0.0,1.2959935298501279e-08,-4.3709406514131e-12
1337,80280.0,80280,1.979176482569981e-06,1.9791720809255283e-06,9.900798031285797e-06,0.0,2.159768269275944e-06,1.805961893205002e-07,0.0,1.2959911113750716e-08,-4.400621822973084e-12
1338,80340.0,80340,1.9770324377534673e-06,1.9770280056860456e-06,9.928384573967968e-06,0.0,2.1576450880280927e-06,1.806170833254963e-07,0.0,1.2959887076034095e-08,-4.431035097874894e-12
1339,80400.0,80400,1.9749025041306795e-06,1.9748980408184003e-06,9.955940688642333e-06,0.0,2.155535928622837e-06,1.8063788879886096e-07,0.0,1.295986316841318e-08,-4.462270468494433e-12
1340,80460.0,80460,1.9727865476349884e-06,1.972782052150849e-06,9.983466575437156e-06,0.0,2.153440657405623e-06,1.8065860623613074e-07,0.0,1.295983937248662e-08,-4.494408795241387e-12
1341,80520.0,80520,1.970684438222281e-06,1.970679909660663e-06,1.0010962432580237e-05,0.0,2.151359144736484e-06,1.8067923611015175e-07,0.0,1.2959815668538686e-08,-4.527517436876013e-12
1342,80580.0,80580,1.9685960499303857e-06,1.968591487231634e-06,1.003842845645288e-05,0.0,2.1492912650565605e-06,1.8069977887082103e-07,0.0,1.2959792035763784e-08,-4.561647220320985e-12
1343,80640.0,80640,1.9665212609192325e-06,1.966516663000847e-06,1.0065864841651653e-05,0.0,2.1472368969177945e-06,1.8072023494467374e-07,0.0,1.295976845254042e-08,-4.596826178556369e-12
1344,80700.0,80700,1.9644599534627873e-06,1.9644553193073953e-06,1.0093271781045267e-05,0.0,2.1451959229963857e-06,1.807406047346852e-07,0.0,1.295974489681001e-08,-4.6330630167645375e-12
1345,80760.0,80760,1.962412013921581e-06,1.9624073424199426e-06,1.0120649465832435e-05,0.0,2.143168230033159e-06,1.807608886202385e-07,0.0,1.2959721346397165e-08,-4.670346970651639e-12
1346,80820.0,80820,1.960377332651088e-06,1.9603726228754707e-06,1.0147998085603075e-05,0.0,2.141153708760022e-06,1.807810869567788e-07,0.0,1.2959697779333759e-08,-4.70866593663903e-12
1347,80880.0,80880,1.9583558039076687e-06,1.958351054765872e-06,1.0175317828390044e-05,0.0,2.1391522537533724e-06,1.8080120007536795e-07,0.0,1.2959674173877685e-08,-4.748030596225448e-12
1348,80940.0,80940,1.9563473257469364e-06,1.956342536053989e-06,1.020260888073006e-05,0.0,2.137163763285446e-06,1.8082122828166734e-07,0.0,1.2959650508136067e-08,-4.788521250854045e-12
1349,81000.0,81000,1.9543517999698227e-06,1.954346968458902e-06,1.0229871427711829e-05,0.0,2.1351881392219194e-06,1.8084117185348655e-07,0.0,1.2959626758901647e-08,-4.830361962782955e-12
1350,81060.0,81060,1.9523691322406632e-06,1.952364257047889e-06,1.0257105653029725e-05,0.0,2.1332252870167625e-06,1.8086103103736493e-07,0.0,1.2959602899256559e-08,-4.8740011163475376e-12
1351,81120.0,81120,1.9503992324319895e-06,1.950394311068259e-06,1.0284311739034138e-05,0.0,2.1312751160102273e-06,1.8088080604253868e-07,0.0,1.2959578894835895e-08,-4.920183344883764e-12
1352,81180.0,81180,1.948442015324475e-06,1.948437044210917e-06,1.0311489866787818e-05,0.0,2.1293375401486847e-06,1.809004970332218e-07,0.0,1.2959554698888025e-08,-4.9699097795996255e-12
1353,81240.0,81240,1.9464974015877974e-06,1.9464923763015744e-06,1.0338640216131364e-05,0.0,2.127412479268102e-06,1.80920104120037e-07,0.0,1.2959530248003965e-08,-5.024122631931908e-12
1354,81300.0,81300,1.944565318624088e-06,1.944560234593957e-06,1.0365762965768358e-05,0.0,2.1254998607759992e-06,1.809396273550977e-07,0.0,1.2959505463095866e-08,-5.082865867428159e-12
1355,81360.0,81360,1.9426457001755366e-06,1.9426405552519704e-06,1.0392858293372455e-05,0.0,2.123599620843132e-06,1.8095906674045762e-07,0.0,1.2959480264376651e-08,-5.1437172773748184e-12
1356,81420.0,81420,1.9407384826854347e-06,1.9407332817813394e-06,1.0419926375712422e-05,0.0,2.1217117028872194e-06,1.80978422269006e-07,0.0,1.2959454612458053e-08,-5.199692069504024e-12
1357,81480.0,81480,1.938843595780164e-06,1.9388383566988587e-06,1.0446967388757428e-05,0.0,2.1198360495713036e-06,1.809976940231052e-07,0.0,1.295942858440181e-08,-5.237838773388699e-12
1358,81540.0,81540,1.9369609453019854e-06,1.9369557029482837e-06,1.0473981507661182e-05,0.0,2.117972584163243e-06,1.8101688235109617e-07,0.0,1.2959402473166932e-08,-5.241077438793837e-12
1359,81600.0,81600,1.9350903915156435e-06,1.935085194337327e-06,1.0500968906485437e-05,0.0,2.116121181281652e-06,1.810359880989449e-07,0.0,1.2959376856421126e-08,-5.1959020106134285e-12
1360,81660.0,81660,1.9332317323588988e-06,1.933226626510407e-06,1.0527929757499832e-05,0.0,2.114281638071782e-06,1.8105501278622863e-07,0.0,1.2959352536989664e-08,-5.104624157470241e-12
1361,81720.0,81720,1.9313847068856823e-06,1.9313797124349196e-06,1.0554864230076447e-05,0.0,2.1124536697114057e-06,1.8107395853939008e-07,0.0,1.2959330279236565e-08,-4.9932483359033696e-12
1362,81780.0,81780,1.929549028617888e-06,1.9295441237868635e-06,1.0581772489516896e-05,0.0,2.1106369502518176e-06,1.8109282766645855e-07,0.0,1.2959310414202326e-08,-4.903547855822379e-12
1363,81840.0,81840,1.9277244393795724e-06,1.9277195677662244e-06,1.060865469646566e-05,0.0,2.10883118856745e-06,1.8111162202872397e-07,0.0,1.2959292576795436e-08,-4.870336254885831e-12
1364,81900.0,81900,1.9259107555552566e-06,1.925905852134695e-06,1.0635511007413309e-05,0.0,2.107036193466125e-06,1.8113034259434947e-07,0.0,1.2959275821783028e-08,-4.902160836715521e-12
1365,81960.0,81960,1.92410788151422e-06,1.9241028986551983e-06,1.0662341576123644e-05,0.0,2.1052518868941493e-06,1.81148989436307e-07,0.0,1.2959259061544604e-08,-4.981515666784633e-12
1366,82020.0,82020,1.922315788726026e-06,1.922310706961905e-06,1.0689146555255157e-05,0.0,2.1034782678222224e-06,1.811675620783059e-07,0.0,1.2959241500271897e-08,-5.08042516000646e-12
1367,82080.0,82080,1.9205344796328013e-06,1.9205293026315353e-06,1.071592609745855e-05,0.0,2.101715361173782e-06,1.8118605989947865e-07,0.0,1.2959222808442801e-08,-5.175782550211746e-12
1368,82140.0,82140,1.918763956461543e-06,1.918758699658109e-06,1.074268035574782e-05,0.0,2.0999631807806735e-06,1.812044823991491e-07,0.0,1.2959203041666938e-08,-5.255488846652332e-12
1369,82200.0,82200,1.9170042039177497e-06,1.916998885692114e-06,1.076940948334364e-05,0.0,2.0982217137251533e-06,1.8122282929621083e-07,0.0,1.2959182457218865e-08,-5.3168787769379755e-12
1370,82260.0,82260,1.915255184383404e-06,1.9152498204810162e-06,1.0796113633284482e-05,0.0,2.0964909197701257e-06,1.8124110052418557e-07,0.0,1.2959161356813027e-08,-5.3625111707849075e-12
1371,82320.0,82320,1.913516840441122e-06,1.9135114424988907e-06,1.082279295804302e-05,0.0,2.094770737346375e-06,1.8125929618608973e-07,0.0,1.2959139999536983e-08,-5.39663812593425e-12
1372,82380.0,82380,1.9117891000574774e-06,1.911783675441422e-06,1.0849447609215e-05,0.0,2.0930610906448682e-06,1.8127741650514198e-07,0.0,1.2959118573632592e-08,-5.4232581341004894e-12
1373,82440.0,82440,1.9100718817564115e-06,1.910066434963921e-06,1.0876077737320755e-05,0.0,2.0913618954575676e-06,1.812954617848023e-07,0.0,1.2959097200726036e-08,-5.445407967805804e-12
1374,82500.0,82500,1.9083650987038535e-06,1.9083596323167318e-06,1.0902683491682124e-05,0.0,2.0896730632703923e-06,1.813134323802007e-07,0.0,1.295907595185751e-08,-5.465122399089522e-12
1375,82560.0,82560,1.9066686615407111e-06,1.9066631764681572e-06,1.0929265020360278e-05,0.0,2.0879945038632776e-06,1.8133132867874158e-07,0.0,1.2959054864180818e-08,-5.483648592409958e-12
1376,82620.0,82620,1.9049824801783205e-06,1.9049769771238273e-06,1.0955822470132217e-05,0.0,2.086326126843693e-06,1.8134915108720774e-07,0.0,1.2959033954091032e-08,-5.501697103891207e-12
1377,82680.0,82680,1.9033064648599443e-06,1.9033009438255287e-06,1.098235598648784e-05,0.0,2.0846678424945763e-06,1.813669000230764e-07,0.0,1.2959013226168457e-08,-5.519647559925225e-12
1378,82740.0,82740,1.901640526750737e-06,1.9016349876548254e-06,1.1008865713638165e-05,0.0,2.0830195622114756e-06,1.813845759085058e-07,0.0,1.2958992678692454e-08,-5.537689574107981e-12
1379,82800.0,82800,1.8999845782387936e-06,1.8999790209697008e-06,1.1035351794532844e-05,0.0,2.0813811987189335e-06,1.8140217916624098e-07,0.0,1.2958972306807814e-08,-5.555913060067902e-12
1380,82860.0,82860,1.8983385330860584e-06,1.8983329573702734e-06,1.1061814370876996e-05,0.0,2.079752666156336e-06,1.8141971021648648e-07,0.0,1.2958952104189688e-08,-5.574356943006058e-12
1381,82920.0,82920,1.8967023064846529e-06,1.8966967120643465e-06,1.1088253583153456e-05,0.0,2.0781338801165794e-06,1.814371694748114e-07,0.0,1.2958932063889118e-08,-5.593036855091292e-12
1382,82980.0,82980,1.89507581507701e-06,1.8950702016666402e-06,1.1114669570641835e-05,0.0,2.076524757648746e-06,1.8145455735046302e-07,0.0,1.2958912178723387e-08,-5.611957168830137e-12
1383,83040.0,83040,1.8934589769515956e-06,1.8934533444205615e-06,1.1141062471438828e-05,0.0,2.0749252172459014e-06,1.81471874245254e-07,0.0,1.2958892441464547e-08,-5.631114883555009e-12
1384,83100.0,83100,1.891851711624829e-06,1.891846059666726e-06,1.1167432422481989e-05,0.0,2.073335178826038e-06,1.8148912055294753e-07,0.0,1.2958872844961529e-08,-5.650500277326313e-12
1385,83160.0,83160,1.8902539400079792e-06,1.8902482685282293e-06,1.1193779559565037e-05,0.0,2.0717545637029025e-06,1.8150629665869215e-07,0.0,1.2958853382252334e-08,-5.670096154707278e-12
1386,83220.0,83220,1.8886655843646408e-06,1.8886598930858041e-06,1.1220104017362338e-05,0.0,2.0701832945447924e-06,1.8152340293900668e-07,0.0,1.295883404668831e-08,-5.6898761903322165e-12
1387,83280.0,83280,1.8870865682538476e-06,1.887080856966114e-06,1.1246405929445585e-05,0.0,2.0686212953147497e-06,1.8154043976184092e-07,0.0,1.2958814832088314e-08,-5.7098026998624446e-12
1388,83340.0,83340,1.8855168164531931e-06,1.8855110851274243e-06,1.1272685428303416e-05,0.0,2.067068491201399e-06,1.815574074869082e-07,0.0,1.295879573292643e-08,-5.7298259964591384e-12
1389,83400.0,83400,1.8839562548672785e-06,1.8839505034533342e-06,1.1298942645358662e-05,0.0,2.065524808521659e-06,1.815743064661701e-07,0.0,1.295877674453366e-08,-5.749883370719698e-12
1390,83460.0,83460,1.8824048104118533e-06,1.8823990390914135e-06,1.1325177710984059e-05,0.0,2.063990174613856e-06,1.8159113704441438e-07,0.0,1.2958757863313755e-08,-5.769900273223269e-12
1391,83520.0,83520,1.8808624108854068e-06,1.880856619617928e-06,1.135139075451755e-05,0.0,2.0624645176993664e-06,1.8160789955994622e-07,0.0,1.2958739086942608e-08,-5.78978973915802e-12
1392,83580.0,83580,1.879328984817633e-06,1.8793231738925517e-06,1.1377581904273686e-05,0.0,2.0609477667358153e-06,1.8162459434527254e-07,0.0,1.295872041457362e-08,-5.809455488807831e-12
1393,83640.0,83640,1.8778044613053459e-06,1.8777986309811519e-06,1.1403751287556571e-05,0.0,2.059439851253823e-06,1.8164122172766302e-07,0.0,1.2958701846993763e-08,-5.828794189657767e-12
1394,83700.0,83700,1.8762887698416136e-06,1.87628292059676e-06,1.1429899030664994e-05,0.0,2.0579407011735193e-06,1.8165778202972562e-07,0.0,1.295868338674039e-08,-5.8476978403669294e-12
1395,83760.0,83760,1.8747818401336254e-06,1.8747759725515395e-06,1.1456025258900928e-05,0.0,2.056450246629188e-06,1.816742755696829e-07,0.0,1.2958665038181373e-08,-5.866058995762695e-12
1396,83820.0,83820,1.8732836019270973e-06,1.8732777166743445e-06,1.1482130096569237e-05,0.0,2.054968417785784e-06,1.816907026615066e-07,0.0,1.2958646807504509e-08,-5.883775065573687e-12
1397,83880.0,83880,1.871793984843229e-06,1.871788082542494e-06,1.1508213666982001e-05,0.0,2.053495144663924e-06,1.817070636147829e-07,0.0,1.2958628702636022e-08,-5.900752601579548e-12
1398,83940.0,83940,1.8703129182297443e-06,1.8703069997020817e-06,1.1534276092454195e-05,0.0,2.0520303569931555e-06,1.8172335873449522e-07,0.0,1.2958610733089256e-08,-5.91691576586074e-12
1399,84000.0,84000,1.8688403310512225e-06,1.8688343973597643e-06,1.1560317494299381e-05,0.0,2.050573984089839e-06,1.8173958832047198e-07,0.0,1.2958592909672515e-08,-5.9322114863126265e-12
1400,84060.0,84060,1.8673761518222667e-06,1.867370203605449e-06,1.1586337992825679e-05,0.0,2.0491259547860046e-06,1.8175575266708048e-07,0.0,1.29585752441097e-08,-5.946618829435446e-12
1401,84120.0,84120,1.8659203086089658e-06,1.865914346886491e-06,1.1612337707327963e-05,0.0,2.047686197416732e-06,1.8177185206294634e-07,0.0,1.2958557748504073e-08,-5.960156537284411e-12
1402,84180.0,84180,1.8644727291082766e-06,1.8644667546400367e-06,1.1638316756080512e-05,0.0,2.046254639892578e-06,1.8178788679124913e-07,0.0,1.295854043468127e-08,-5.97289101927093e-12
1403,84240.0,84240,1.8630333408225056e-06,1.8630273543119588e-06,1.1664275256331844e-05,0.0,2.044831209877814e-06,1.818038571307025e-07,0.0,1.2958523313393228e-08,-5.984946729272611e-12
1404,84300.0,84300,1.8616020713640112e-06,1.861596073170484e-06,1.1690213324301669e-05,0.0,2.0434158350723524e-06,1.818197633577991e-07,0.0,1.2958506393353548e-08,-5.9965088836914715e-12
1405,84360.0,84360,1.8601788488763527e-06,1.8601728394893204e-06,1.1716131075179486e-05,0.0,2.0420084436445446e-06,1.8183560575049624e-07,0.0,1.2958489680229273e-08,-6.007827162745653e-12
1406,84420.0,84420,1.8587636025887527e-06,1.8587575817982318e-06,1.1742028623133224e-05,0.0,2.0406089648037935e-06,1.8185138459373168e-07,0.0,1.2958473175567048e-08,-6.01921080352321e-12
1407,84480.0,84480,1.8573562635009544e-06,1.8573502309384037e-06,1.1767906081323267e-05,0.0,2.0392173294974065e-06,1.8186710018725782e-07,0.0,1.2958456875805802e-08,-6.031010302522634e-12
1408,84540.0,84540,1.8559567651457541e-06,1.855950719954409e-06,1.1793763561926955e-05,0.0,2.0378334712214625e-06,1.8188275285572559e-07,0.0,1.2958440771593823e-08,-6.04358519481757e-12
1409,84600.0,84600,1.8545650443700003e-06,1.8545589854747323e-06,1.181960117617362e-05,0.0,2.0364573268709327e-06,1.8189834296132792e-07,0.0,1.2958424847642608e-08,-6.057253053889564e-12
1410,84660.0,84660,1.8531810420382598e-06,1.853174968181635e-06,1.1845419034392432e-05,0.0,2.0350888375201247e-06,1.8191387091898633e-07,0.0,1.2958409083434652e-08,-6.072216655170248e-12
1411,84720.0,84720,1.8518047035049778e-06,1.8517986134344643e-06,1.1871217246070543e-05,0.0,2.033727949004405e-06,1.8192933721336918e-07,0.0,1.2958393455142922e-08,-6.088480902933381e-12
1412,84780.0,84780,1.8504359787063077e-06,1.8504298712521299e-06,1.1896995919921094e-05,0.0,2.0323746121146066e-06,1.8194474241742043e-07,0.0,1.2958377938936729e-08,-6.10576344198471e-12
1413,84840.0,84840,1.8490748216885792e-06,1.8490686966144313e-06,1.1922755163948171e-05,0.0,2.031028782228937e-06,1.8196008721056026e-07,0.0,1.2958362515782044e-08,-6.123411951218336e-12
1414,84900.0,84900,1.8477211894175885e-06,1.8477150474429931e-06,1.1948495085515095e-05,0.0,2.029690418215879e-06,1.8197537239466906e-07,0.0,1.2958347177612609e-08,-6.140325592637752e-12
1415,84960.0,84960,1.8463750397081428e-06,1.8463688831499457e-06,1.1974215791387257e-05,0.0,2.0283594804734333e-06,1.8199059890533576e-07,0.0,1.2958331934818521e-08,-6.154856088787148e-12
1416,85020.0,85020,1.8450363280861597e-06,1.8450301617400175e-06,1.1999917387753962e-05,0.0,2.027035927961113e-06,1.820057678179213e-07,0.0,1.2958316825381848e-08,-6.164645760434162e-12
1417,85080.0,85080,1.843705003299866e-06,1.8436988353181519e-06,1.2025599980204636e-05,0.0,2.025719713956836e-06,1.8202088035448014e-07,0.0,1.2958301926708513e-08,-6.166389554877447e-12
1418,85140.0,85140,1.8423810010701815e-06,1.8423748437311949e-06,1.2051263673647607e-05,0.0,2.0244107799675694e-06,1.8203593791421342e-07,0.0,1.2958287371429944e-08,-6.155693956493834e-12
1419,85200.0,85200,1.8410642357211624e-06,1.8410581062175343e-06,1.2076908572138053e-05,0.0,2.0231090467284663e-06,1.8205094218610846e-07,0.0,1.295827336555464e-08,-6.127844955575118e-12
1420,85260.0,85260,1.8397545904485956e-06,1.8397485061943112e-06,1.2102534778580506e-05,0.0,2.0218143999667675e-06,1.8206589548680693e-07,0.0,1.2958260193822815e-08,-6.082620452502898e-12
1421,85320.0,85320,1.8384519121392854e-06,1.8384458627923883e-06,1.2128142394222152e-05,0.0,2.0205266628948597e-06,1.820808017029853e-07,0.0,1.2958248144850053e-08,-6.047586869468126e-12
1422,85380.0,85380,1.8371560437259825e-06,1.8371498452996718e-06,1.2153731517740303e-05,0.0,2.0192455127118486e-06,1.8209566906255278e-07,0.0,1.2958237047997592e-08,-6.1967071494277495e-12
1423,85440.0,85440,1.8358670833190879e-06,1.8358595774135574e-06,1.2179302243103266e-05,0.0,2.017970095310515e-06,1.8211051953059574e-07,0.0,1.2958223833425227e-08,-7.504155706781907e-12
1424,85500.0,85500,1.8345870128081483e-06,1.8345714625450534e-06,1.2204854651812724e-05,0.0,2.0166968875433927e-06,1.8212542665845782e-07,0.0,1.295818919511896e-08,-1.5548526201570612e-11
1425,85560.0,85560,1.8333297756736097e-06,1.8332663079241815e-06,1.22303887742325e-05,0.0,2.015406998994139e-06,1.8214069276922824e-07,0.0,1.2958020849786687e-08,-6.346603991088756e-11
1426,85620.0,85620,1.8321844522010515e-06,1.8318302283031577e-06,1.2255904368074559e-05,0.0,2.013988002153219e-06,1.8215777554324928e-07,0.0,1.2957054238437927e-08,-3.5422217005238374e-10
1427,85680.0,85680,1.8317180482992654e-06,1.829556611951546e-06,1.2281399574032903e-05,0.0,2.011741129725103e-06,1.82184519473017e-07,0.0,1.295124201338507e-08,-2.1614346190291447e-09
1428,85740.0,85740,1.8356067811495225e-06,1.8219556474634e-06,1.230686250285723e-05,0.0,2.0042220852903864e-06,1.8226643957323352e-07,0.0,1.291530970202051e-08,-1.3651132017229525e-08
1429,85800.0,85800,1.8691911278852317e-06,1.7801012181241355e-06,1.233221754584565e-05,0.0,1.962789541766419e-06,1.826883252614521e-07,0.0,1.2687881560408854e-08,-8.908990810547636e-08
1430,85860.0,85860,2.1877581924956235e-06,1.5155635311987894e-06,1.2356978595673459e-05,0.0,1.7012662316776494e-06,1.8570270165047438e-07,0.0,1.1203135217289396e-08,-6.721946600980505e-07
1431,,85920,,,,,,,,,
