,time,time_x,P_Grid,P_BTMS,E_BTMS,P_Charge,P_BTMS_Ch,P_BTMS_DCh,"param: btms size, a,b,c"
0,60.0,60,3.6326811152732356e-08,3.632681116314489e-08,5.6144421230329695e-14,0.0,8.86042946316722e-08,-5.2277483453579146e-08,6.6931966639118e-07
1,120.0,120,3.632681471600609e-08,3.632681472641862e-08,4.903303098006693e-10,0.0,8.860428770384159e-08,-5.2277472962470816e-08,0.0
2,180.0,180,3.632682184259276e-08,3.6326821853004626e-08,9.806045436350322e-10,0.0,8.860427384823354e-08,-5.2277451980279416e-08,0.040740740740740744
3,240.0,240,3.632683253257213e-08,3.6326832542984665e-08,1.470878914379712e-09,0.0,8.860425306496901e-08,-5.227742050704084e-08,0.12
4,300.0,300,3.632684678606185e-08,3.6326846796474387e-08,1.9611534904913912e-09,0.0,8.860422535422615e-08,-5.22773785428036e-08,0.0
5,360.0,360,3.632686460324869e-08,3.632686461366189e-08,2.4514283404284086e-09,0.0,8.860419071626283e-08,-5.227732608765211e-08,0.0
6,420.0,420,3.632688598429814e-08,3.632688599471134e-08,2.9417035326520317e-09,0.0,8.860414915134359e-08,-5.227726314168075e-08,0.0
7,480.0,480,3.632691092948604e-08,3.632691093989924e-08,3.4319791356256467e-09,0.0,8.86041006598579e-08,-5.2277189705006515e-08,0.0
8,540.0,540,3.632693943906629e-08,3.632693944947816e-08,3.922255217817064e-09,0.0,8.860404524218598e-08,-5.227710577776032e-08,0.0
9,600.0,600,3.6326971513367895e-08,3.63269715237811e-08,4.412531847697542e-09,0.0,8.860398289882232e-08,-5.227701136009239e-08,0.0
10,660.0,660,3.6327007152763726e-08,3.632700716317626e-08,4.902809093743365e-09,0.0,8.860391363030396e-08,-5.227690645217753e-08,0.0
11,720.0,720,3.6327046357637295e-08,3.6327046368051155e-08,5.393087024436136e-09,0.0,8.860383743721312e-08,-5.227679105421182e-08,0.0
12,780.0,780,3.632708912846316e-08,3.632708913887636e-08,5.8833657082632295e-09,0.0,8.860375432022115e-08,-5.227666516639663e-08,0.0
13,840.0,840,3.6327135465703266e-08,3.63271354761158e-08,6.373645213719749e-09,0.0,8.860366428003124e-08,-5.227652878896395e-08,0.0
14,900.0,900,3.632718536987338e-08,3.632718538028592e-08,6.863925609305949e-09,0.0,8.860356731740506e-08,-5.2276381922168995e-08,0.0
15,960.0,960,3.632723884156506e-08,3.6327238851978926e-08,7.354206963531388e-09,0.0,8.860346343319342e-08,-5.227622456626832e-08,0.0
16,1020.0,1020,3.6327295881364526e-08,3.632729589177706e-08,7.844489344913185e-09,0.0,8.860335262828028e-08,-5.227605672155439e-08,0.0
17,1080.0,1080,3.632735648991517e-08,3.6327356500327704e-08,8.334772821977602e-09,0.0,8.860323490361346e-08,-5.2275878388335594e-08,0.0
18,1140.0,1140,3.632742066790358e-08,3.6327420678316114e-08,8.825057463260199e-09,0.0,8.860311026019791e-08,-5.227568956693098e-08,0.0
19,1200.0,1200,3.632748841606221e-08,3.632748842647541e-08,9.315343337307425e-09,0.0,8.86029786991064e-08,-5.227549025768216e-08,0.0
20,1260.0,1260,3.63275597351521e-08,3.6327559745564635e-08,9.805630512674617e-09,0.0,8.86028402214755e-08,-5.2275280460962695e-08,0.0
21,1320.0,1320,3.632763462598346e-08,3.632763463639599e-08,1.0295919057930242e-08,0.0,8.860269482848428e-08,-5.227506017713946e-08,0.0
22,1380.0,1380,3.632771308938778e-08,3.632771309979965e-08,1.0786209041654558e-08,0.0,8.860254252137968e-08,-5.227482940662855e-08,0.0
23,1440.0,1440,3.63277951262783e-08,3.632779513669084e-08,1.1276500532439296e-08,0.0,8.86023833014817e-08,-5.2274588149843355e-08,0.0
24,1500.0,1500,3.6327880737537694e-08,3.63278807479509e-08,1.176679359888964e-08,0.0,8.860221717012496e-08,-5.2274336407224566e-08,0.0
25,1560.0,1560,3.6327969924174904e-08,3.632796993458744e-08,1.2257088309624738e-08,0.0,8.860204412877172e-08,-5.2274074179234116e-08,0.0
26,1620.0,1620,3.632806268717762e-08,3.6328062697590156e-08,1.2747384733278355e-08,0.0,8.860186417887358e-08,-5.227380146633726e-08,0.0
27,1680.0,1680,3.632815902759333e-08,3.632815903800653e-08,1.3237682938497385e-08,0.0,8.860167732199782e-08,-5.227351826904114e-08,0.0
28,1740.0,1740,3.6328258946514746e-08,3.6328258956927944e-08,1.3727982993945839e-08,0.0,8.860148355973695e-08,-5.2273224587860856e-08,0.0
29,1800.0,1800,3.632836244505516e-08,3.63283624554677e-08,1.4218284968303175e-08,0.0,8.860128289374466e-08,-5.2272920423326145e-08,0.0
30,1860.0,1860,3.6328469524395676e-08,3.632846953480821e-08,1.4708588930265145e-08,0.0,8.860107532575435e-08,-5.227260577599665e-08,0.0
31,1920.0,1920,3.632858018573533e-08,3.632858019614787e-08,1.5198894948546268e-08,0.0,8.8600860857542e-08,-5.227228064644398e-08,0.0
32,1980.0,1980,3.632869443033366e-08,3.63286944407462e-08,1.5689203091875693e-08,0.0,8.860063949095803e-08,-5.227194503526101e-08,0.0
33,2040.0,2040,3.63288122594575e-08,3.632881226987004e-08,1.617951342900433e-08,0.0,8.860041122787542e-08,-5.227159894305789e-08,0.0
34,2100.0,2100,3.6328933674450126e-08,3.6328933684862e-08,1.6669826028700375e-08,0.0,8.860017607026823e-08,-5.227124237045607e-08,0.0
35,2160.0,2160,3.632905867667342e-08,3.6329058687085955e-08,1.7160140959751133e-08,0.0,8.8599934020157e-08,-5.2270875318118234e-08,0.0
36,2220.0,2220,3.632918726752781e-08,3.6329187277939684e-08,1.7650458290966666e-08,0.0,8.859968507959687e-08,-5.227049778670902e-08,0.0
37,2280.0,2280,3.632931944847888e-08,3.6329319458891415e-08,1.8140778091175658e-08,0.0,8.859942925075196e-08,-5.227010977691105e-08,0.0
38,2340.0,2340,3.632945522100216e-08,3.63294552314147e-08,1.8631100429226725e-08,0.0,8.859916653580102e-08,-5.2269711289438154e-08,0.0
39,2400.0,2400,3.632959458661574e-08,3.632959459702827e-08,1.9121425373994404e-08,0.0,8.859889693698793e-08,-5.226930232501282e-08,0.0
40,2460.0,2460,3.632973754690482e-08,3.632973755731736e-08,1.9611752994371848e-08,0.0,8.859862045664299e-08,-5.226888288437748e-08,0.0
41,2520.0,2520,3.632988410348187e-08,3.6329884113894404e-08,2.010208335927713e-08,0.0,8.859833709713372e-08,-5.2268452968289155e-08,0.0
42,2580.0,2580,3.6330034257956684e-08,3.633003426836789e-08,2.059241653765325e-08,0.0,8.859804686087149e-08,-5.226801257755476e-08,0.0
43,2640.0,2640,3.633018801204275e-08,3.633018802245662e-08,2.1082752598464145e-08,0.0,8.85977497503554e-08,-5.226756171295128e-08,0.0
44,2700.0,2700,3.63303453674775e-08,3.6330345377890034e-08,2.1573091610702e-08,0.0,8.859744576814972e-08,-5.2267100375311524e-08,0.0
45,2760.0,2760,3.633050632599767e-08,3.6330506336410204e-08,2.2063433643382592e-08,0.0,8.859713491683599e-08,-5.2266628565479614e-08,0.0
46,2820.0,2820,3.633067088943838e-08,3.6330670899849584e-08,2.255377876554862e-08,0.0,8.859681719909674e-08,-5.226614628430032e-08,0.0
47,2880.0,2880,3.633083905961083e-08,3.633083907002337e-08,2.3044127046268035e-08,0.0,8.859649261764114e-08,-5.2265653532668294e-08,0.0
48,2940.0,2940,3.633101083844918e-08,3.633101084886105e-08,2.353447855463738e-08,0.0,8.859616117527937e-08,-5.226515031146817e-08,0.0
49,3000.0,3000,3.633118622782975e-08,3.6331186238242286e-08,2.402483335978243e-08,0.0,8.859582287481627e-08,-5.226463662162783e-08,0.0
50,3060.0,3060,3.633136522975383e-08,3.633136524016703e-08,2.4515191530853564e-08,0.0,8.859547771918832e-08,-5.2264112464073126e-08,0.0
51,3120.0,3120,3.633154784620476e-08,3.633154785661663e-08,2.500555313703338e-08,0.0,8.85951257113293e-08,-5.226357783976384e-08,0.0
52,3180.0,3180,3.633173407924498e-08,3.6331734089657516e-08,2.5495918247530416e-08,0.0,8.859476685427539e-08,-5.226303274967037e-08,0.0
53,3240.0,3240,3.633192393093692e-08,3.633192394134945e-08,2.598628693158843e-08,0.0,8.859440115108531e-08,-5.226247719479036e-08,0.0
54,3300.0,3300,3.633211740340947e-08,3.633211741382134e-08,2.6476659258477097e-08,0.0,8.859402860490427e-08,-5.226191117613343e-08,0.0
55,3360.0,3360,3.633231449884007e-08,3.6332314509251936e-08,2.696703529750066e-08,0.0,8.859364921893323e-08,-5.22613346947318e-08,0.0
56,3420.0,3420,3.63325152194141e-08,3.6332515229825965e-08,2.7457415117995593e-08,0.0,8.859326299640377e-08,-5.22607477516323e-08,0.0
57,3480.0,3480,3.633271956739472e-08,3.6332719577805925e-08,2.794779878932563e-08,0.0,8.859286994066044e-08,-5.2260150347905026e-08,0.0
58,3540.0,3540,3.633292754504311e-08,3.633292755545498e-08,2.843818638089504e-08,0.0,8.859247005504118e-08,-5.225954248464069e-08,0.0
59,3600.0,3600,3.6333139154687565e-08,3.633313916509877e-08,2.8928577962137334e-08,0.0,8.859206334299155e-08,-5.2258924162942624e-08,0.0
60,3660.0,3660,3.6333354398688276e-08,3.633335440910214e-08,2.941897360252027e-08,0.0,8.859164980799836e-08,-5.225829538394473e-08,0.0
61,3720.0,3720,3.6333573279449324e-08,3.633357328986119e-08,2.990937337154715e-08,0.0,8.859122945359227e-08,-5.225765614878424e-08,0.0
62,3780.0,3780,3.633379579940468e-08,3.633379580981788e-08,3.039977733875717e-08,0.0,8.8590802283393e-08,-5.2257006458626967e-08,0.0
63,3840.0,3840,3.63340219610282e-08,3.633402197143874e-08,3.0890185573722755e-08,0.0,8.859036830104955e-08,-5.2256346314663316e-08,0.0
64,3900.0,3900,3.633425176685955e-08,3.6334251777271417e-08,3.1380598146055895e-08,0.0,8.858992751030126e-08,-5.2255675718084344e-08,0.0
65,3960.0,3960,3.6334485219437714e-08,3.633448522985025e-08,3.187101512540611e-08,0.0,8.858947991492075e-08,-5.225499467012167e-08,0.0
66,4020.0,4020,3.633472232135421e-08,3.6334722331766075e-08,3.236143658146016e-08,0.0,8.858902551872447e-08,-5.225430317200824e-08,0.0
67,4080.0,4080,3.6334963075253695e-08,3.633496308566424e-08,3.2851862583941355e-08,0.0,8.858856432562194e-08,-5.2253601225010214e-08,0.0
68,4140.0,4140,3.633520748380611e-08,3.633520749421732e-08,3.3342293202610876e-08,0.0,8.858809633957455e-08,-5.225288883040774e-08,0.0
69,4200.0,4200,3.63354555497339e-08,3.633545556014511e-08,3.383272850727147e-08,0.0,8.858762156458882e-08,-5.225216598949489e-08,0.0
70,4260.0,4260,3.6335707275787414e-08,3.633570728619929e-08,3.4323168567770065e-08,0.0,8.858714000473116e-08,-5.225143270358504e-08,0.0
71,4320.0,4320,3.633596266474825e-08,3.633596267516078e-08,3.481361345398418e-08,0.0,8.858665166412642e-08,-5.2250688974020136e-08,0.0
72,4380.0,4380,3.633622171945715e-08,3.6336221729869685e-08,3.530406323584248e-08,0.0,8.858615654697125e-08,-5.224993480215474e-08,0.0
73,4440.0,4440,3.6336484442784115e-08,3.633648445319598e-08,3.579451798331023e-08,0.0,8.858565465750354e-08,-5.224917018935873e-08,0.0
74,4500.0,4500,3.633675083763436e-08,3.63367508480449e-08,3.628497776639587e-08,0.0,8.858514600001827e-08,-5.224839513702654e-08,0.0
75,4560.0,4560,3.6337020906952325e-08,3.633702091736486e-08,3.6775442655149053e-08,0.0,8.858463057889026e-08,-5.224760964657856e-08,0.0
76,4620.0,4620,3.633729465372166e-08,3.633729466413552e-08,3.726591271966463e-08,0.0,8.858410839851552e-08,-5.2246813719430505e-08,0.0
77,4680.0,4680,3.633757208098451e-08,3.6337572091395715e-08,3.7756388030081325e-08,0.0,8.858357946339382e-08,-5.224600735704795e-08,0.0
78,4740.0,4740,3.633785319179364e-08,3.6337853202204844e-08,3.824686865658571e-08,0.0,8.858304377804216e-08,-5.224519056088782e-08,0.0
79,4800.0,4800,3.633813798924703e-08,3.633813799965824e-08,3.873735466940225e-08,0.0,8.858250134705199e-08,-5.224436333244692e-08,0.0
80,4860.0,4860,3.633842647650114e-08,3.6338426486911676e-08,3.922784613880724e-08,0.0,8.858195217508923e-08,-5.224352567323005e-08,0.0
81,4920.0,4920,3.633871865671774e-08,3.6338718667129616e-08,3.971834313511953e-08,0.0,8.858139626684104e-08,-5.22426775847626e-08,0.0
82,4980.0,4980,3.6339014533122434e-08,3.63390145435343e-08,4.0208845728709135e-08,0.0,8.858083362707169e-08,-5.224181906859521e-08,0.0
83,5040.0,5040,3.6339314108982667e-08,3.633931411939387e-08,4.069935398998862e-08,0.0,8.858026426062256e-08,-5.2240950126279856e-08,0.0
84,5100.0,5100,3.633961738758784e-08,3.6339617397999706e-08,4.1189867989422376e-08,0.0,8.857968817236026e-08,-5.2240070759412384e-08,0.0
85,5160.0,5160,3.6339924372259905e-08,3.633992438267111e-08,4.1680387797522006e-08,0.0,8.857910536721789e-08,-5.223918096959728e-08,0.0
86,5220.0,5220,3.6340235066385306e-08,3.634023507679585e-08,4.217091348485027e-08,0.0,8.857851585019102e-08,-5.223828075844501e-08,0.0
87,5280.0,5280,3.634054947336975e-08,3.6340549483781617e-08,4.2661445122010504e-08,0.0,8.857791962633106e-08,-5.223737012760327e-08,0.0
88,5340.0,5340,3.634086759667477e-08,3.634086760708731e-08,4.31519827796718e-08,0.0,8.857731670076118e-08,-5.2236449078725717e-08,0.0
89,5400.0,5400,3.634118943977122e-08,3.634118945018309e-08,4.364252652853985e-08,0.0,8.857670707862053e-08,-5.223551761349394e-08,0.0
90,5460.0,5460,3.6341515006189756e-08,3.634151501659963e-08,4.413307643938014e-08,0.0,8.857609076516391e-08,-5.223457573361678e-08,0.0
91,5520.0,5520,3.634184429950757e-08,3.634184430991944e-08,4.4623632583007336e-08,0.0,8.857546776565273e-08,-5.223362344078778e-08,0.0
92,5580.0,5580,3.6342177323301195e-08,3.634217733371174e-08,4.5114195030287975e-08,0.0,8.857483808542553e-08,-5.223266073676762e-08,0.0
93,5640.0,5640,3.6342514081223585e-08,3.634251409163413e-08,4.560476385214373e-08,0.0,8.857420172988066e-08,-5.2231687623296384e-08,0.0
94,5700.0,5700,3.634285457697423e-08,3.6342854587385436e-08,4.609533911954881e-08,0.0,8.857355870447898e-08,-5.223070410214737e-08,0.0
95,5760.0,5760,3.634319881423866e-08,3.63431988246492e-08,4.6585920903532565e-08,0.0,8.857290901471186e-08,-5.2229710175115153e-08,0.0
96,5820.0,5820,3.6343546796794786e-08,3.634354680720533e-08,4.70765092751762e-08,0.0,8.857225266616377e-08,-5.222870584401426e-08,0.0
97,5880.0,5880,3.63438985284119e-08,3.6343898538821777e-08,4.756710430561876e-08,0.0,8.85715896644431e-08,-5.222769111067848e-08,0.0
98,5940.0,5940,3.6344254012939017e-08,3.634425402334956e-08,4.805770606605375e-08,0.0,8.857092001524198e-08,-5.222666597694891e-08,0.0
99,6000.0,6000,3.634461325422585e-08,3.634461326463706e-08,4.854831462773255e-08,0.0,8.857024372428179e-08,-5.222563044469923e-08,0.0
100,6060.0,6060,3.6344976256203853e-08,3.63449762666144e-08,4.903893006196367e-08,0.0,8.85695607973783e-08,-5.2224584515819056e-08,0.0
101,6120.0,6120,3.634534302280049e-08,3.634534303321236e-08,4.9529552440116774e-08,0.0,8.856887124036452e-08,-5.222352819220798e-08,0.0
102,6180.0,6180,3.634571355799639e-08,3.634571356840627e-08,5.00201818336074e-08,0.0,8.856817505915594e-08,-5.22224614758015e-08,0.0
103,6240.0,6240,3.634608786581142e-08,3.634608787622196e-08,5.051081831392617e-08,0.0,8.85674722597052e-08,-5.222138436853775e-08,0.0
104,6300.0,6300,3.6346465950311283e-08,3.634646596072249e-08,5.100146195260626e-08,0.0,8.85667628480501e-08,-5.222029687238145e-08,0.0
105,6360.0,6360,3.6346847815569004e-08,3.634684782597888e-08,5.1492112821253954e-08,0.0,8.856604683024167e-08,-5.221919898932061e-08,0.0
106,6420.0,6420,3.634723346573671e-08,3.6347233476147256e-08,5.198277099152738e-08,0.0,8.856532421244393e-08,-5.2218090721351185e-08,0.0
107,6480.0,6480,3.6347622904978485e-08,3.634762291539035e-08,5.24734365351538e-08,0.0,8.856459500082628e-08,-5.221697207049241e-08,0.0
108,6540.0,6540,3.634801613749496e-08,3.634801614790683e-08,5.2964109523916283e-08,0.0,8.856385920164044e-08,-5.2215843038790114e-08,0.0
109,6600.0,6600,3.634841316752998e-08,3.6348413177939856e-08,5.3454790029657744e-08,0.0,8.856311682118477e-08,-5.221470362829807e-08,0.0
110,6660.0,6660,3.634881399937126e-08,3.6348814009781136e-08,5.3945478124291535e-08,0.0,8.856236786582133e-08,-5.2213553841096014e-08,0.0
111,6720.0,6720,3.634921863732047e-08,3.634921864773034e-08,5.443617387978285e-08,0.0,8.856161234196143e-08,-5.221239367928758e-08,0.0
112,6780.0,6780,3.634962708575437e-08,3.634962709616425e-08,5.492687736816802e-08,0.0,8.856085025608417e-08,-5.221122314497243e-08,0.0
113,6840.0,6840,3.635003934905108e-08,3.635003935946229e-08,5.541758866154849e-08,0.0,8.856008161470717e-08,-5.2210042240299385e-08,0.0
114,6900.0,6900,3.635045543164718e-08,3.635045544205839e-08,5.590830783209152e-08,0.0,8.855930642441322e-08,-5.220885096741132e-08,0.0
115,6960.0,6960,3.635087533798792e-08,3.6350875348399126e-08,5.639903495201887e-08,0.0,8.855852469183826e-08,-5.220764932849695e-08,0.0
116,7020.0,7020,3.6351299072607577e-08,3.635129908301679e-08,5.688977009363006e-08,0.0,8.855773642368603e-08,-5.220643732572971e-08,0.0
117,7080.0,7080,3.635172664002584e-08,3.635172665043506e-08,5.7380513329287754e-08,0.0,8.855694162670945e-08,-5.2205214961328223e-08,0.0
118,7140.0,7140,3.635215804481822e-08,3.635215805522876e-08,5.787126473141644e-08,0.0,8.855614030769469e-08,-5.220398223752574e-08,0.0
119,7200.0,7200,3.6352593291610727e-08,3.635259330202193e-08,5.836202437251635e-08,0.0,8.85553324735316e-08,-5.220273915656084e-08,0.0
120,7260.0,7260,3.635303238504002e-08,3.6353032395450565e-08,5.8852792325144255e-08,0.0,8.855451813110338e-08,-5.220148572071263e-08,0.0
121,7320.0,7320,3.6353475329794605e-08,3.635347534020514e-08,5.934356866193797e-08,0.0,8.85536972874102e-08,-5.2200221932260885e-08,0.0
122,7380.0,7380,3.635392213060152e-08,3.6353922141011396e-08,5.983435345559781e-08,0.0,8.85528699494682e-08,-5.219894779351064e-08,0.0
123,7440.0,7440,3.635437279221706e-08,3.6354372802627604e-08,6.032514677889322e-08,0.0,8.855203612436131e-08,-5.2197663306790195e-08,0.0
124,7500.0,7500,3.63548273194394e-08,3.635482732984994e-08,6.081594870466674e-08,0.0,8.855119581923326e-08,-5.2196368474440476e-08,0.0
125,7560.0,7560,3.635528571710725e-08,3.6355285727516465e-08,6.130675930582938e-08,0.0,8.855034904127967e-08,-5.219506329882235e-08,0.0
126,7620.0,7620,3.635574799007261e-08,3.635574800048182e-08,6.17975786553646e-08,0.0,8.854949579774261e-08,-5.219374778231861e-08,0.0
127,7680.0,7680,3.6356214143246645e-08,3.635621415365519e-08,6.228840682632697e-08,0.0,8.854863609592672e-08,-5.219242192732735e-08,0.0
128,7740.0,7740,3.635668418158304e-08,3.635668419199359e-08,6.27792438918402e-08,0.0,8.854776994320302e-08,-5.219108573626659e-08,0.0
129,7800.0,7800,3.635715811004216e-08,3.635715812045137e-08,6.327008992510907e-08,0.0,8.85468973469745e-08,-5.2189739211580286e-08,0.0
130,7860.0,7860,3.635763593363086e-08,3.63576359440414e-08,6.376094499940284e-08,0.0,8.854601831470926e-08,-5.2188382355725674e-08,0.0
131,7920.0,7920,3.635811765741517e-08,3.635811766782305e-08,6.425180918806587e-08,0.0,8.854513285394318e-08,-5.2187015171172624e-08,0.0
132,7980.0,7980,3.6358603286473733e-08,3.635860329688295e-08,6.474268256452228e-08,0.0,8.854424097224672e-08,-5.2185637660424245e-08,0.0
133,8040.0,8040,3.635909282593374e-08,3.6359092836343614e-08,6.523356520226933e-08,0.0,8.85433426772661e-08,-5.218424982597765e-08,0.0
134,8100.0,8100,3.635958628093232e-08,3.635958629134086e-08,6.572445717487338e-08,0.0,8.854243797666884e-08,-5.2182851670385126e-08,0.0
135,8160.0,8160,3.636008365668505e-08,3.6360083667094925e-08,6.621535855598651e-08,0.0,8.854152687821946e-08,-5.2181443196185676e-08,0.0
136,8220.0,8220,3.6360584958398864e-08,3.636058496881007e-08,6.67062694193313e-08,0.0,8.854060938970244e-08,-5.218002440595085e-08,0.0
137,8280.0,8280,3.636109019134184e-08,3.636109020175105e-08,6.719718983870406e-08,0.0,8.853968551897138e-08,-5.217859530227948e-08,0.0
138,8340.0,8340,3.636159936081928e-08,3.636159937122783e-08,6.768811988798887e-08,0.0,8.853875527394102e-08,-5.2177155887773675e-08,0.0
139,8400.0,8400,3.6362112472154436e-08,3.636211248256298e-08,6.817905964113825e-08,0.0,8.853781866256735e-08,-5.217570616506152e-08,0.0
140,8460.0,8460,3.6362629530722393e-08,3.636262954113293e-08,6.867000917218983e-08,0.0,8.85368756928608e-08,-5.2174246136789005e-08,0.0
141,8520.0,8520,3.636315054193613e-08,3.636315055234534e-08,6.916096855525696e-08,0.0,8.853592637290362e-08,-5.2172775805618096e-08,0.0
142,8580.0,8580,3.636367551122059e-08,3.636367552162847e-08,6.965193786452879e-08,0.0,8.853497071080864e-08,-5.217129517424197e-08,0.0
143,8640.0,8640,3.6364204444063845e-08,3.636420445447173e-08,7.014291717428222e-08,0.0,8.85340087147631e-08,-5.2169804245351187e-08,0.0
144,8700.0,8700,3.636473734596462e-08,3.6364737356373833e-08,7.063390655887386e-08,0.0,8.853304039299282e-08,-5.216830302167681e-08,0.0
145,8760.0,8760,3.6365274222468164e-08,3.636527423287538e-08,7.112490609273614e-08,0.0,8.853206575377813e-08,-5.2166791505959894e-08,0.0
146,8820.0,8820,3.636581507916025e-08,3.63658150895688e-08,7.161591585038122e-08,0.0,8.853108480546444e-08,-5.216526970095412e-08,0.0
147,8880.0,8880,3.6366359921657915e-08,3.636635993206513e-08,7.210693590641701e-08,0.0,8.853009755644774e-08,-5.216373760944242e-08,0.0
148,8940.0,8940,299.99999862079414,-1.3792058561855186e-06,7.25979663355218e-08,300.0,1.1514193814713685e-07,-1.4943477947906527e-06,0.0
149,9000.0,9000,299.99999862080983,-1.3791902087847905e-06,4.946153110434214e-08,300.0,1.15141178248869e-07,-1.49433138749169e-06,0.0
150,9060.0,9060,299.999998620819,-1.3791810146340774e-06,2.632535765678573e-08,300.0,1.1514053957626057e-07,-1.4943215546683552e-06,0.0
151,9120.0,9120,299.9999986208217,-1.3791782725547331e-06,3.1893382778402826e-09,300.0,1.1514002237625468e-07,-1.4943182953888934e-06,0.0
152,9180.0,9180,299.999998620818,-1.3791819914748501e-06,-1.9946634728184215e-08,300.0,1.1513962639625995e-07,-1.4943216183291033e-06,0.0
153,9240.0,9240,299.9999986208078,-1.3791921904318129e-06,-4.308266920545311e-08,300.0,1.1513935088436319e-07,-1.4943315417741468e-06,0.0
154,9300.0,9300,299.99999862079113,-1.3792088985738286e-06,-6.621887331444523e-08,300.0,1.1513919458962853e-07,-1.494348093621461e-06,0.0
155,9360.0,9360,299.9999986207678,-1.3792321551654142e-06,-8.9355355699809e-08,300.0,1.1513915576272215e-07,-1.494371311386204e-06,0.0
156,9420.0,9420,299.999998620738,-1.3792620095949907e-06,-1.1249222565834017e-07,300.0,1.1513923215642675e-07,-1.4944012422094866e-06,0.0
157,9480.0,9480,299.99999862070155,-1.3792985213840914e-06,-1.356295933070406e-07,300.0,1.1513942102639662e-07,-1.4944379428685372e-06,0.0
158,9540.0,9540,299.99999862065823,-1.3793417601984862e-06,-1.5876756975136466e-07,300.0,1.1513971913216787e-07,-1.4944814797886782e-06,0.0
159,9600.0,9600,299.99999862060815,-1.379391805862985e-06,-1.8190626725369714e-07,300.0,1.1514012273802921e-07,-1.4945319290590208e-06,0.0
160,9660.0,9660,299.9999986205513,-1.3794487483766445e-06,-2.0504579940190698e-07,300.0,1.1514062761426742e-07,-1.4945893764489292e-06,0.0
161,9720.0,9720,269.99999753659245,-2.4634075466951896e-06,-2.2818628127840807e-07,270.0,5.0090188409728e-08,-2.5134977361991993e-06,0.0
162,9780.0,9780,3.633227174352466e-08,3.633227175393188e-08,-2.6930817759982164e-07,0.0,8.853701626799342e-08,-5.220474449912268e-08,0.0
163,9840.0,9840,299.99999862034184,-1.3796581912691146e-06,-2.688177245089433e-07,300.0,1.1514293200721605e-07,-1.4948011237344396e-06,0.0
164,9900.0,9900,299.9999986202617,-1.3797383250617499e-06,-2.919617002041714e-07,300.0,1.1514385449110059e-07,-1.4948821800109742e-06,0.0
165,9960.0,9960,299.9999986201742,-1.3798258204018777e-06,-3.151070127025021e-07,300.0,1.1514485540190969e-07,-1.4949706762619231e-06,0.0
166,10020.0,10020,299.9999986200792,-1.3799208146449718e-06,-3.382537848015819e-07,300.0,1.1514592815646325e-07,-1.495066743259645e-06,0.0
167,10080.0,10080,299.99999861997657,-1.3800234554603209e-06,-3.61402141579776e-07,300.0,1.1514706568704804e-07,-1.4951705216055921e-06,0.0
168,10140.0,10140,299.99999861986606,-1.380133900860911e-06,-3.8455221056745867e-07,300.0,1.1514826044344088e-07,-1.4952821617626165e-06,0.0
169,10200.0,10200,299.9999986197477,-1.3802523192369256e-06,-4.0770412191869193e-07,300.0,1.1514950439510868e-07,-1.4954018240902138e-06,0.0
170,10260.0,10260,299.9999986196211,-1.38037888938903e-06,-4.308580085836165e-07,300.0,1.1515078903352405e-07,-1.4955296788808291e-06,0.0
171,10320.0,10320,299.9999986194862,-1.3805138005643383e-06,-4.540140064812789e-07,300.0,1.1515210537472038e-07,-1.4956659063973765e-06,0.0
172,10380.0,10380,299.99999861934276,-1.3806572524954424e-06,-4.771722546732933e-07,300.0,1.1515344396180277e-07,-1.4958106969155628e-06,0.0
173,10440.0,10440,299.99999861919054,-1.3808094554398435e-06,-5.003328955377002e-07,300.0,1.1515479486780748e-07,-1.4959642507659807e-06,0.0
174,10500.0,10500,299.9999986190294,-1.3809706302221305e-06,-5.234960749440163e-07,300.0,1.151561476985493e-07,-1.496126778379092e-06,0.0
175,10560.0,10560,299.999998618859,-1.381141008277963e-06,-5.4666194242864e-07,300.0,1.1515749159568827e-07,-1.4962985003320622e-06,0.0
176,10620.0,10620,299.9999986186792,-1.3813208316995023e-06,-5.698306513711457e-07,300.0,1.1515881523993468e-07,-1.4964796473979555e-06,0.0
177,10680.0,10680,269.99999978188094,-2.1811898020314063e-07,-5.930023591712214e-07,270.0,6.464384108787711e-08,-2.8276282130489913e-07,0.0
178,10740.0,10740,3.620761498010041e-08,3.620761499050829e-08,-5.967217000556582e-07,0.0,8.859685667334164e-08,-5.238924166789848e-08,0.0
179,10800.0,10800,3.61976281469384e-08,3.619762815734362e-08,-5.962334033575904e-07,0.0,8.860268254218073e-08,-5.2405054369902235e-08,0.0
180,10860.0,10860,3.6187671848801424e-08,3.618767185920864e-08,-5.957452807646279e-07,0.0,8.860853723190535e-08,-5.242086535775984e-08,0.0
181,10920.0,10920,3.6177746091623554e-08,3.617774610202878e-08,-5.952573318052782e-07,0.0,8.861442071958214e-08,-5.2436674602615175e-08,0.0
182,10980.0,10980,3.6167850881172685e-08,3.616785089157858e-08,-5.947695560078362e-07,0.0,8.862033298216076e-08,-5.2452482075645985e-08,0.0
183,11040.0,11040,3.615798622307449e-08,3.615798623348171e-08,-5.942819529006073e-07,0.0,8.862627399647653e-08,-5.246828774805929e-08,0.0
184,11100.0,11100,3.614815212283899e-08,3.6148152133245545e-08,-5.937945220116414e-07,0.0,8.863224373923586e-08,-5.248409159105545e-08,0.0
185,11160.0,11160,3.613834858575486e-08,3.6138348596162747e-08,-5.933072628689889e-07,0.0,8.863824218699358e-08,-5.249989357589464e-08,0.0
186,11220.0,11220,3.6128575617041e-08,3.6128575627448224e-08,-5.928201750004764e-07,0.0,8.864426931621548e-08,-5.2515693673829734e-08,0.0
187,11280.0,11280,3.611883322169232e-08,3.6118833232098876e-08,-5.923332579338565e-07,0.0,8.865032510319453e-08,-5.25314918561568e-08,0.0
188,11340.0,11340,3.610912140461998e-08,3.6109121415026535e-08,-5.918465111967751e-07,0.0,8.86564095241373e-08,-5.254728809417125e-08,0.0
189,11400.0,11400,3.609944017054371e-08,3.6099440180948935e-08,-5.913599343167827e-07,0.0,8.866252255510413e-08,-5.256308235921767e-08,0.0
190,11460.0,11460,3.608978952403703e-08,3.608978953444292e-08,-5.908735268212699e-07,0.0,8.866866417201844e-08,-5.2578874622637995e-08,0.0
191,11520.0,11520,3.608016946953587e-08,3.608016947994242e-08,-5.903872882375425e-07,0.0,8.867483435068801e-08,-5.259466485580806e-08,0.0
192,11580.0,11580,3.6070580011326595e-08,3.607058002173248e-08,-5.899012180928212e-07,0.0,8.868103306679164e-08,-5.261045303012097e-08,0.0
193,11640.0,11640,3.606102115353874e-08,3.6061021163945964e-08,-5.894153159141778e-07,0.0,8.868726029587128e-08,-5.262623911699045e-08,0.0
194,11700.0,11700,3.6051492900129685e-08,3.605149291053757e-08,-5.889295812286309e-07,0.0,8.869351601333986e-08,-5.264202308786144e-08,0.0
195,11760.0,11760,3.60419952549345e-08,3.6041995265343044e-08,-5.884440135630819e-07,0.0,8.869980019446946e-08,-5.265780491418423e-08,0.0
196,11820.0,11820,3.603252822164004e-08,3.603252823204792e-08,-5.879586124443051e-07,0.0,8.870611281442975e-08,-5.2673584567442974e-08,0.0
197,11880.0,11880,3.6023091803770326e-08,3.602309181417821e-08,-5.874733773990745e-07,0.0,8.87124538482429e-08,-5.2689362019127174e-08,0.0
198,11940.0,11940,3.601368600466527e-08,3.601368601507382e-08,-5.869883079539406e-07,0.0,8.87188232707875e-08,-5.27051372407715e-08,0.0
199,12000.0,12000,3.600431082755909e-08,3.600431083796631e-08,-5.865034036355179e-07,0.0,8.872522105681183e-08,-5.272091020390799e-08,0.0
200,12060.0,12060,3.599496627553382e-08,3.599496628594236e-08,-5.860186639701764e-07,0.0,8.87316471809778e-08,-5.2736680880097244e-08,0.0
201,12120.0,12120,3.598565235148403e-08,3.598565236189125e-08,-5.855340884843392e-07,0.0,8.873810161774791e-08,-5.275244924091648e-08,0.0
202,12180.0,12180,3.5976369058178695e-08,3.597636906858724e-08,-5.850496767042378e-07,0.0,8.874458434150625e-08,-5.276821525798148e-08,0.0
203,12240.0,12240,3.5967116398227264e-08,3.596711640863714e-08,-5.845654281560721e-07,0.0,8.87510953264614e-08,-5.2783978902889394e-08,0.0
204,12300.0,12300,3.595789437407235e-08,3.59578943844809e-08,-5.84081342365978e-07,0.0,8.875763454672229e-08,-5.2799740147299876e-08,0.0
205,12360.0,12360,3.594870298802431e-08,3.594870299843419e-08,-5.835974188600063e-07,0.0,8.876420197623828e-08,-5.281549896286325e-08,0.0
206,12420.0,12420,3.593954224224262e-08,3.593954225265183e-08,-5.831136571641333e-07,0.0,8.877079758885775e-08,-5.28312553212684e-08,0.0
207,12480.0,12480,3.5930412138707955e-08,3.59304121491165e-08,-5.826300568042719e-07,0.0,8.877742135826024e-08,-5.2847009194205546e-08,0.0
208,12540.0,12540,3.5921312679255435e-08,3.592131268966398e-08,-5.821466173062389e-07,0.0,8.878407325799898e-08,-5.2862760553394806e-08,0.0
209,12600.0,12600,3.591224386557596e-08,3.5912243875984506e-08,-5.816633381958297e-07,0.0,8.87907532615036e-08,-5.2878509370578905e-08,0.0
210,12660.0,12660,3.590320569921884e-08,3.5903205709628715e-08,-5.811802189987658e-07,0.0,8.879746134207612e-08,-5.289425561750589e-08,0.0
211,12720.0,12720,3.589419818154131e-08,3.5894198191950524e-08,-5.806972592406726e-07,0.0,8.880419747285105e-08,-5.2909999265959007e-08,0.0
212,12780.0,12780,3.588522131376169e-08,3.588522132417157e-08,-5.802144584471009e-07,0.0,8.881096162684593e-08,-5.292574028773417e-08,0.0
213,12840.0,12840,3.5876275096957395e-08,3.587627510736793e-08,-5.797318161436978e-07,0.0,8.881775377694669e-08,-5.294147865463923e-08,0.0
214,12900.0,12900,3.586735953204497e-08,3.586735954245485e-08,-5.792493318558866e-07,0.0,8.882457389590633e-08,-5.295721433850797e-08,0.0
215,12960.0,12960,3.5858474619773506e-08,3.585847463018338e-08,-5.787670051090906e-07,0.0,8.883142195631568e-08,-5.297294731118812e-08,0.0
216,13020.0,13020,3.584962036075182e-08,3.5849620371162364e-08,-5.782848354286694e-07,0.0,8.88382979306539e-08,-5.298867754455135e-08,0.0
217,13080.0,13080,3.584079675541527e-08,3.584079676582581e-08,-5.77802822340036e-07,0.0,8.884520179125261e-08,-5.300440501048396e-08,0.0
218,13140.0,13140,3.583200380406759e-08,3.583200381447813e-08,-5.773209653684648e-07,0.0,8.885213351030649e-08,-5.3020129680884846e-08,0.0
219,13200.0,13200,3.5823241506825774e-08,3.582324151723632e-08,-5.768392640391878e-07,0.0,8.885909305987065e-08,-5.303585152768817e-08,0.0
220,13260.0,13260,3.581450986367387e-08,3.5814509874084406e-08,-5.763577178774265e-07,0.0,8.886608041185399e-08,-5.3051570522827394e-08,0.0
221,13320.0,13320,3.580580887443573e-08,3.580580888484627e-08,-5.758763264083808e-07,0.0,8.887309553804706e-08,-5.306728663825928e-08,0.0
222,13380.0,13380,3.5797138538765084e-08,3.579713854917629e-08,-5.753950891571659e-07,0.0,8.888013841009158e-08,-5.308299984597179e-08,0.0
223,13440.0,13440,3.57884988561827e-08,3.5788498866594573e-08,-5.749140056489498e-07,0.0,8.888720899948036e-08,-5.3098710117940945e-08,0.0
224,13500.0,13500,3.577988982602127e-08,3.577988983643381e-08,-5.744330754087626e-07,0.0,8.889430727757193e-08,-5.311441742619195e-08,0.0
225,13560.0,13560,3.577131144748918e-08,3.5771311457900386e-08,-5.73952297961698e-07,0.0,8.890143321559191e-08,-5.313012174274802e-08,0.0
226,13620.0,13620,3.5762763719606066e-08,3.5762763730017934e-08,-5.73471672832786e-07,0.0,8.89085867846144e-08,-5.314582303964964e-08,0.0
227,13680.0,13680,3.57542466412666e-08,3.5754246651677804e-08,-5.729911995470459e-07,0.0,8.891576795559383e-08,-5.316152128897052e-08,0.0
228,13740.0,13740,3.5745760211160064e-08,3.57457602215726e-08,-5.725108776294543e-07,0.0,8.892297669929718e-08,-5.3177216462779736e-08,0.0
229,13800.0,13800,3.573730442788006e-08,3.5737304438293925e-08,-5.720307066050306e-07,0.0,8.893021298641836e-08,-5.319290853317694e-08,0.0
230,13860.0,13860,3.5728879289804143e-08,3.572887930021468e-08,-5.715506859986986e-07,0.0,8.89374767874399e-08,-5.3208597472278384e-08,0.0
231,13920.0,13920,3.5720484795180946e-08,3.572048480559348e-08,-5.710708153354348e-07,0.0,8.894476807275926e-08,-5.322428325221761e-08,0.0
232,13980.0,13980,3.5712120942104224e-08,3.571212095251742e-08,-5.705910941401631e-07,0.0,8.895208681259309e-08,-5.323996584512882e-08,0.0
233,14040.0,14040,3.570378772846436e-08,3.5703787738876893e-08,-5.701115219378705e-07,0.0,8.895943297702246e-08,-5.325564522319342e-08,0.0
234,14100.0,14100,3.569548515206731e-08,3.569548516248118e-08,-5.696320982534384e-07,0.0,8.896680653599554e-08,-5.3271321358572195e-08,0.0
235,14160.0,14160,3.568721321049306e-08,3.568721322090559e-08,-5.691528226118221e-07,0.0,8.897420745931957e-08,-5.328699422346448e-08,0.0
236,14220.0,14220,3.567897190120061e-08,3.567897191161381e-08,-5.686736945379348e-07,0.0,8.89816357166582e-08,-5.330266379009556e-08,0.0
237,14280.0,14280,3.567076122146355e-08,3.567076123187675e-08,-5.681947135567318e-07,0.0,8.898909127750363e-08,-5.331833003067672e-08,0.0
238,14340.0,14340,3.566258116843247e-08,3.5662581178847e-08,-5.677158791931579e-07,0.0,8.899657411125233e-08,-5.333399291745517e-08,0.0
239,14400.0,14400,3.565443173903135e-08,3.5654431749446544e-08,-5.672371909721689e-07,0.0,8.900408418709873e-08,-5.334965242269937e-08,0.0
240,14460.0,14460,3.564631293008444e-08,3.564631294049897e-08,-5.6675864841872e-07,0.0,8.901162147413223e-08,-5.3365308518679785e-08,0.0
241,14520.0,14520,3.563822473824852e-08,3.563822474866305e-08,-5.662802510577562e-07,0.0,8.901918594129868e-08,-5.338096117768149e-08,0.0
242,14580.0,14580,3.5630167159998236e-08,3.5630167170412764e-08,-5.658019984142863e-07,0.0,8.902677755738175e-08,-5.339661037201883e-08,0.0
243,14640.0,14640,3.56221401916341e-08,3.562214020204996e-08,-5.653238900133188e-07,0.0,8.903439629100955e-08,-5.3412256074006775e-08,0.0
244,14700.0,14700,3.5614143829338985e-08,3.561414383975285e-08,-5.64845925379873e-07,0.0,8.904204211069591e-08,-5.3427898255990245e-08,0.0
245,14760.0,14760,3.560617806909569e-08,3.560617807951155e-08,-5.643681040390109e-07,0.0,8.904971498478582e-08,-5.344353689031746e-08,0.0
246,14820.0,14820,3.559824290675145e-08,3.559824291716863e-08,-5.638904255157836e-07,0.0,8.905741488147272e-08,-5.3459171949350604e-08,0.0
247,14880.0,14880,3.559033833796136e-08,3.5590338348377886e-08,-5.634128893353168e-07,0.0,8.906514176882111e-08,-5.3474803405485095e-08,0.0
248,14940.0,14940,3.558246435826161e-08,3.55824643686768e-08,-5.629354950227467e-07,0.0,8.907289561473466e-08,-5.3490431231105706e-08,0.0
249,15000.0,15000,3.557462096297099e-08,3.55746209733895e-08,-5.624582421032416e-07,0.0,8.908067638697345e-08,-5.3506055398628466e-08,0.0
250,15060.0,15060,3.5566808147293334e-08,3.5566808157711184e-08,-5.619811301019697e-07,0.0,8.9088484053154e-08,-5.352167588048668e-08,0.0
251,15120.0,15120,3.555902590625102e-08,3.5559025916669537e-08,-5.615041585442054e-07,0.0,8.909631858074397e-08,-5.353729264911829e-08,0.0
252,15180.0,15180,3.5551274234686955e-08,3.5551274245105474e-08,-5.610273269552127e-07,0.0,8.910417993704215e-08,-5.355290567697788e-08,0.0
253,15240.0,15240,3.5543553127319114e-08,3.554355313773697e-08,-5.605506348603407e-07,0.0,8.911206808922908e-08,-5.35685149365353e-08,0.0
254,15300.0,15300,3.5535862578652765e-08,3.553586258907128e-08,-5.600740817849383e-07,0.0,8.911998300430843e-08,-5.358412040027902e-08,0.0
255,15360.0,15360,3.552820258306356e-08,3.5528202593481414e-08,-5.59597667254482e-07,0.0,8.9127924649155e-08,-5.35997220407128e-08,0.0
256,15420.0,15420,3.552057313477297e-08,3.552057314519149e-08,-5.59121390794342e-07,0.0,8.913589299048801e-08,-5.361531983033906e-08,0.0
257,15480.0,15480,3.551297422778378e-08,3.551297423820296e-08,-5.586452519301121e-07,0.0,8.914388799486187e-08,-5.3630913741699445e-08,0.0
258,15540.0,15540,3.550540585600972e-08,3.550540586643023e-08,-5.581692501873432e-07,0.0,8.9151909628714e-08,-5.364650374732429e-08,0.0
259,15600.0,15600,3.5497868013129886e-08,3.5497868023549735e-08,-5.576933850917033e-07,0.0,8.915995785828372e-08,-5.3662089819774527e-08,0.0
260,15660.0,15660,3.549036069270507e-08,3.549036070312492e-08,-5.572176561688712e-07,0.0,8.916803264970274e-08,-5.367767193161904e-08,0.0
261,15720.0,15720,3.54828838881073e-08,3.548288389852848e-08,-5.567420629446104e-07,0.0,8.917613396892993e-08,-5.3693250055438674e-08,0.0
262,15780.0,15780,3.5475437592547763e-08,3.547543760296828e-08,-5.562666049447379e-07,0.0,8.918426178176729e-08,-5.3708824163836896e-08,0.0
263,15840.0,15840,3.546802179907081e-08,3.546802180949132e-08,-5.557912816951665e-07,0.0,8.91924160538799e-08,-5.3724394229425794e-08,0.0
264,15900.0,15900,3.5460636500566586e-08,3.5460636510987097e-08,-5.55316092721851e-07,0.0,8.920059675076802e-08,-5.373996022481813e-08,0.0
265,15960.0,15960,3.5453281689743125e-08,3.54532817001643e-08,-5.548410375508319e-07,0.0,8.920880383778965e-08,-5.375552212265991e-08,0.0
266,16020.0,16020,3.5445957359154935e-08,3.5445957369577443e-08,-5.543661157082132e-07,0.0,8.921703728014597e-08,-5.377107989560308e-08,0.0
267,16080.0,16080,3.543866350116908e-08,3.543866351158959e-08,-5.538913267202477e-07,0.0,8.922529704286797e-08,-5.378663351631094e-08,0.0
268,16140.0,16140,3.5431400108019686e-08,3.543140011844219e-08,-5.534166701131777e-07,0.0,8.923358309087366e-08,-5.3802182957464033e-08,0.0
269,16200.0,16200,3.542416717174016e-08,3.542416718216333e-08,-5.529421454133838e-07,0.0,8.924189538887235e-08,-5.381772819174225e-08,0.0
270,16260.0,16260,3.541696468422501e-08,3.541696469464885e-08,-5.52467752147289e-07,0.0,8.925023390147765e-08,-5.3833269191859374e-08,0.0
271,16320.0,16320,3.540979263716666e-08,3.5409792647589164e-08,-5.519934898414334e-07,0.0,8.925859859309444e-08,-5.3848805930536514e-08,0.0
272,16380.0,16380,3.5402651022133925e-08,3.5402651032557095e-08,-5.515193580224953e-07,0.0,8.92669894280173e-08,-5.386433838048878e-08,0.0
273,16440.0,16440,3.5395539830475614e-08,3.5395539840898784e-08,-5.510453562171424e-07,0.0,8.927540637034005e-08,-5.387986651447117e-08,0.0
274,16500.0,16500,3.5388459053421564e-08,3.538845906384606e-08,-5.50571483952223e-07,0.0,8.928384938404752e-08,-5.3895390305232034e-08,0.0
275,16560.0,16560,3.5381408682004865e-08,3.538140869243003e-08,-5.500977407546601e-07,0.0,8.929231843294377e-08,-5.3910909725540325e-08,0.0
276,16620.0,16620,3.5374388707105746e-08,3.5374388717530246e-08,-5.496241261514723e-07,0.0,8.930081348067731e-08,-5.392642474817763e-08,0.0
277,16680.0,16680,3.536739911941567e-08,3.536739912984083e-08,-5.491506396698058e-07,0.0,8.93093344907544e-08,-5.394193534594015e-08,0.0
278,16740.0,16740,3.5360439909462595e-08,3.536043991988776e-08,-5.486772808368494e-07,0.0,8.931788142648991e-08,-5.395744149163007e-08,0.0
279,16800.0,16800,3.53535110676349e-08,3.535351107806139e-08,-5.482040491800044e-07,0.0,8.932645425109502e-08,-5.397294315806022e-08,0.0
280,16860.0,16860,3.534661258410427e-08,3.5346612594530766e-08,-5.477309442267256e-07,0.0,8.933505292757751e-08,-5.398844031807133e-08,0.0
281,16920.0,16920,3.533974444889554e-08,3.5339744459321366e-08,-5.472579655045633e-07,0.0,8.93436774187936e-08,-5.4003932944500145e-08,0.0
282,16980.0,16980,3.533290665187464e-08,3.5332906662302466e-08,-5.467851125412378e-07,0.0,8.935232768747327e-08,-5.401942101019539e-08,0.0
283,17040.0,17040,3.532609918272477e-08,3.532609919315193e-08,-5.463123848644911e-07,0.0,8.936100369615772e-08,-5.40349044880297e-08,0.0
284,17100.0,17100,3.5319322030951626e-08,3.531932204137812e-08,-5.458397820023306e-07,0.0,8.936970540723789e-08,-5.405038335088303e-08,0.0
285,17160.0,17160,3.531257518591138e-08,3.531257519633853e-08,-5.453673034828066e-07,0.0,8.937843278295592e-08,-5.406585757163799e-08,0.0
286,17220.0,17220,3.530585863676278e-08,3.5305858647191266e-08,-5.448949488340969e-07,0.0,8.938718578537844e-08,-5.4081327123206436e-08,0.0
287,17280.0,17280,3.529917237251638e-08,3.5299172382945534e-08,-5.444227175845493e-07,0.0,8.93959643764205e-08,-5.4096791978492905e-08,0.0
288,17340.0,17340,3.529251638200393e-08,3.5292516392431756e-08,-5.439506092625861e-07,0.0,8.940476851784568e-08,-5.4112252110431195e-08,0.0
289,17400.0,17400,3.528589065388037e-08,3.5285890664310186e-08,-5.434786233968106e-07,0.0,8.94135981712407e-08,-5.412770749195111e-08,0.0
290,17460.0,17460,3.527929517662784e-08,3.527929518705633e-08,-5.430067595159536e-07,0.0,8.942245329804875e-08,-5.414315809600836e-08,0.0
291,17520.0,17520,3.5272729938559665e-08,3.5272729948989486e-08,-5.425350171489264e-07,0.0,8.943133385953222e-08,-5.4158603895558014e-08,0.0
292,17580.0,17580,3.526619492782166e-08,3.5266194938252806e-08,-5.420633958246939e-07,0.0,8.944023981681525e-08,-5.41740448635744e-08,0.0
293,17640.0,17640,3.525969013238683e-08,3.525969014281731e-08,-5.41591895072423e-07,0.0,8.94491711308452e-08,-5.4189480973041166e-08,0.0
294,17700.0,17700,3.52532155400494e-08,3.525321555048054e-08,-5.411205144214822e-07,0.0,8.945812776242316e-08,-5.420491219695258e-08,0.0
295,17760.0,17760,3.524677113843741e-08,3.5246771148869224e-08,-5.406492534012619e-07,0.0,8.946710967216682e-08,-5.4220338508312214e-08,0.0
296,17820.0,17820,3.5240356914987506e-08,3.524035692542198e-08,-5.401781115414498e-07,0.0,8.947611682054896e-08,-5.423575988014094e-08,0.0
297,17880.0,17880,3.523397285700538e-08,3.523397286743785e-08,-5.397070883717657e-07,0.0,8.948514916788417e-08,-5.425117628545496e-08,0.0
298,17940.0,17940,3.5227618951564086e-08,3.522761896199656e-08,-5.392361834222272e-07,0.0,8.949420667429961e-08,-5.426658769731567e-08,0.0
299,18000.0,18000,3.5221295185598444e-08,3.522129519603158e-08,-5.387653962228944e-07,0.0,8.950328929978017e-08,-5.428199408875457e-08,0.0
300,18060.0,18060,3.52150015458884e-08,3.521500155632287e-08,-5.382947263040294e-07,0.0,8.951239700415395e-08,-5.4297395432839716e-08,0.0
301,18120.0,18120,3.5208738018994565e-08,3.520873802942837e-08,-5.378241731960644e-07,0.0,8.952152974706421e-08,-5.431279170264713e-08,0.0
302,18180.0,18180,3.520250459132668e-08,3.5202504601762476e-08,-5.373537364296126e-07,0.0,8.953068748800136e-08,-5.4328182871249514e-08,0.0
303,18240.0,18240,3.5196301249126974e-08,3.519630125956078e-08,-5.368834155355209e-07,0.0,8.953987018630029e-08,-5.434356891174416e-08,0.0
304,18300.0,18300,3.5190127978447605e-08,3.519012798888341e-08,-5.364132100446258e-07,0.0,8.954907780112042e-08,-5.435894979724299e-08,0.0
305,18360.0,18360,3.518398476516525e-08,3.518398477560105e-08,-5.359431194881572e-07,0.0,8.9558310291451e-08,-5.437432550085261e-08,0.0
306,18420.0,18420,3.517787159499773e-08,3.517787160543552e-08,-5.354731433974194e-07,0.0,8.956756761613641e-08,-5.438969599570487e-08,0.0
307,18480.0,18480,3.517178845347544e-08,3.51717884639119e-08,-5.350032813038867e-07,0.0,8.95768497338442e-08,-5.440506125493229e-08,0.0
308,18540.0,18540,3.516573532595263e-08,3.5165735336389755e-08,-5.34533532739321e-07,0.0,8.958615660306647e-08,-5.44204212516787e-08,0.0
309,18600.0,18600,3.5159712197602774e-08,3.515971220804057e-08,-5.340638972355369e-07,0.0,8.95954881821491e-08,-5.4435775959107195e-08,0.0
310,18660.0,18660,3.515371905343916e-08,3.515371906387762e-08,-5.335943743246257e-07,0.0,8.960484442925982e-08,-5.445112535038219e-08,0.0
311,18720.0,18720,3.514775587828499e-08,3.514775588872411e-08,-5.331249635388913e-07,0.0,8.961422530240554e-08,-5.446646939868208e-08,0.0
312,18780.0,18780,3.514182265679529e-08,3.514182266723574e-08,-5.326556644107653e-07,0.0,8.962363075942698e-08,-5.4481808077191234e-08,0.0
313,18840.0,18840,3.5135919373439656e-08,3.513591938387944e-08,-5.321864764729239e-07,0.0,8.96330607580027e-08,-5.4497141359119924e-08,0.0
314,18900.0,18900,3.513004601250757e-08,3.513004602294736e-08,-5.317173992582614e-07,0.0,8.964251525561851e-08,-5.451246921766649e-08,0.0
315,18960.0,18960,3.512420255814627e-08,3.5124202568586055e-08,-5.312484322998368e-07,0.0,8.965199420964057e-08,-5.4527791626049847e-08,0.0
316,19020.0,19020,3.511838899425906e-08,3.511838900469951e-08,-5.307795751309747e-07,0.0,8.96614975772117e-08,-5.454310855750422e-08,0.0
317,19080.0,19080,3.51126053046542e-08,3.511260531509598e-08,-5.303108272851278e-07,0.0,8.967102531536046e-08,-5.455841998526182e-08,0.0
318,19140.0,19140,3.5106851472871436e-08,3.5106851483313215e-08,-5.298421882960464e-07,0.0,8.968057738089999e-08,-5.4573725882578134e-08,0.0
319,19200.0,19200,3.5101127482365426e-08,3.5101127492807873e-08,-5.293736576976667e-07,0.0,8.969015373052383e-08,-5.4589026222705994e-08,0.0
320,19260.0,19260,3.509543331633561e-08,3.509543332677872e-08,-5.289052350241061e-07,0.0,8.969975432071018e-08,-5.4604320978918154e-08,0.0
321,19320.0,19320,3.508976895783519e-08,3.508976896827897e-08,-5.284369198097687e-07,0.0,8.97093791077843e-08,-5.461961012449337e-08,0.0
322,19380.0,19380,3.5084134389770504e-08,3.5084134400215604e-08,-5.279687115892609e-07,0.0,8.971902804794395e-08,-5.4634893632716375e-08,0.0
323,19440.0,19440,3.5078529594778665e-08,3.5078529605223105e-08,-5.275006098973644e-07,0.0,8.972870109712623e-08,-5.4650171476891826e-08,0.0
324,19500.0,19500,3.5072954555420386e-08,3.5072954565866823e-08,-5.270326142692387e-07,0.0,8.97383982111992e-08,-5.4665443630318415e-08,0.0
325,19560.0,19560,3.506740925402107e-08,3.506740926446551e-08,-5.265647242400697e-07,0.0,8.974811934580488e-08,-5.468071006632607e-08,0.0
326,19620.0,19620,3.5061893672724686e-08,3.5061893683169125e-08,-5.260969393454686e-07,0.0,8.975786445640852e-08,-5.46959707582261e-08,0.0
327,19680.0,19680,3.505640779350968e-08,3.505640780395744e-08,-5.256292591211637e-07,0.0,8.97676334983451e-08,-5.4711225679373034e-08,0.0
328,19740.0,19740,3.505095159819366e-08,3.505095160864142e-08,-5.25161683103229e-07,0.0,8.977742642675017e-08,-5.4726474803092136e-08,0.0
329,19800.0,19800,3.504552506836361e-08,3.5045525078812034e-08,-5.246942108278764e-07,0.0,8.978724319659051e-08,-5.474171810275919e-08,0.0
330,19860.0,19860,3.504012818547091e-08,3.504012819591934e-08,-5.242268418316323e-07,0.0,8.979708376266535e-08,-5.47569555517274e-08,0.0
331,19920.0,19920,3.50347609307722e-08,3.5034760941221296e-08,-5.237595756512294e-07,0.0,8.98069480796171e-08,-5.477218712337519e-08,0.0
332,19980.0,19980,3.502942328532273e-08,3.502942329577315e-08,-5.232924118237202e-07,0.0,8.981683610188741e-08,-5.478741279109033e-08,0.0
333,20040.0,20040,3.5024115230041486e-08,3.502411524049058e-08,-5.228253498863325e-07,0.0,8.982674778377442e-08,-5.480263252826123e-08,0.0
334,20100.0,20100,3.501883674562082e-08,3.501883675607257e-08,-5.223583893766184e-07,0.0,8.983668307938344e-08,-5.481784630828893e-08,0.0
335,20160.0,20160,3.501358781259821e-08,3.501358782305129e-08,-5.218915298323585e-07,0.0,8.984664194266432e-08,-5.483305410458777e-08,0.0
336,20220.0,20220,3.5008368411322365e-08,3.5008368421774117e-08,-5.214247707916102e-07,0.0,8.985662432738078e-08,-5.484825589058206e-08,0.0
337,20280.0,20280,3.500317852196056e-08,3.500317853241165e-08,-5.209581117926753e-07,0.0,8.986663018714232e-08,-5.4863451639705415e-08,0.0
338,20340.0,20340,3.499801812449993e-08,3.499801813495301e-08,-5.204915523741693e-07,0.0,8.98766594753604e-08,-5.4878641325378806e-08,0.0
339,20400.0,20400,3.499288719873686e-08,3.499288720919127e-08,-5.200250920749471e-07,0.0,8.988671214529625e-08,-5.4893824921073075e-08,0.0
340,20460.0,20460,3.49877857242936e-08,3.4987785734747344e-08,-5.19558730434172e-07,0.0,8.98967881500104e-08,-5.490900240023446e-08,0.0
341,20520.0,20520,3.4982713680604957e-08,3.498271369105936e-08,-5.190924669912304e-07,0.0,8.990688744242242e-08,-5.492417373633048e-08,0.0
342,20580.0,20580,3.4977671046930934e-08,3.497767105738601e-08,-5.186263012858227e-07,0.0,8.99170099752605e-08,-5.4939338902841925e-08,0.0
343,20640.0,20640,3.497265780235009e-08,3.4972657812806495e-08,-5.181602328579681e-07,0.0,8.992715570108402e-08,-5.495449787324695e-08,0.0
344,20700.0,20700,3.4967673925731616e-08,3.496767393618802e-08,-5.176942612478934e-07,0.0,8.99373245722609e-08,-5.496965062104164e-08,0.0
345,20760.0,20760,3.4962719395798465e-08,3.496271940625354e-08,-5.172283859961922e-07,0.0,8.994751654102216e-08,-5.498479711973405e-08,0.0
346,20820.0,20820,3.4957794191067566e-08,3.495779420152596e-08,-5.167626066437132e-07,0.0,8.995773155939276e-08,-5.499993734282492e-08,0.0
347,20880.0,20880,3.4952898289863075e-08,3.495289830032081e-08,-5.162969227315818e-07,0.0,8.996796957919962e-08,-5.5015071263848896e-08,0.0
348,20940.0,20940,3.4948031670352306e-08,3.494803168081137e-08,-5.158313338012954e-07,0.0,8.997823055216994e-08,-5.503019885632267e-08,0.0
349,21000.0,21000,3.49431943105045e-08,3.494319432096356e-08,-5.153658393945591e-07,0.0,8.998851442979563e-08,-5.504532009379019e-08,0.0
350,21060.0,21060,3.493838618809481e-08,3.4938386198555206e-08,-5.149004390534338e-07,0.0,8.999882116339713e-08,-5.5060434949798714e-08,0.0
351,21120.0,21120,3.4933607280748856e-08,3.493360729120925e-08,-5.144351323203265e-07,0.0,9.000915070415131e-08,-5.507554339790085e-08,0.0
352,21180.0,21180,3.4928857565853636e-08,3.492885757631535e-08,-5.139699187378406e-07,0.0,9.001950300302101e-08,-5.509064541166312e-08,0.0
353,21240.0,21240,3.492413702065457e-08,3.4924137031115626e-08,-5.135047978489942e-07,0.0,9.00298780108149e-08,-5.510574096465673e-08,0.0
354,21300.0,21300,3.491944562218639e-08,3.491944563264812e-08,-5.130397691970877e-07,0.0,9.004027567816348e-08,-5.5120830030468834e-08,0.0
355,21360.0,21360,3.491478334732831e-08,3.491478335779136e-08,-5.125748323257452e-07,0.0,9.005069595551781e-08,-5.5135912582681915e-08,0.0
356,21420.0,21420,3.4910150172741505e-08,3.491015018320588e-08,-5.121099867788731e-07,0.0,9.006113879315616e-08,-5.5150988594903074e-08,0.0
357,21480.0,21480,3.490554607491835e-08,3.490554608538207e-08,-5.116452321007817e-07,0.0,9.0071604141164e-08,-5.516605804073673e-08,0.0
358,21540.0,21540,3.490097103014717e-08,3.4900971040611554e-08,-5.111805678360154e-07,0.0,9.008209194945936e-08,-5.5181120893797294e-08,0.0
359,21600.0,21600,3.489642501456607e-08,3.489642502503178e-08,-5.107159935295013e-07,0.0,9.009260216779009e-08,-5.5196177127711777e-08,0.0
360,21660.0,21660,3.48919080041091e-08,3.4891908014574144e-08,-5.102515087265121e-07,0.0,9.010313474573255e-08,-5.521122671610789e-08,0.0
361,21720.0,21720,3.488741997451291e-08,3.488741998497929e-08,-5.097871129726344e-07,0.0,9.01136896326624e-08,-5.5226269632632594e-08,0.0
362,21780.0,21780,3.4882960901329396e-08,3.48829609117971e-08,-5.09322805813763e-07,0.0,9.012426677778778e-08,-5.5241305850937504e-08,0.0
363,21840.0,21840,3.487853075993229e-08,3.487853077040066e-08,-5.088585867962023e-07,0.0,9.013486613013606e-08,-5.5256335344678895e-08,0.0
364,21900.0,21900,3.487412952551058e-08,3.487412953598028e-08,-5.083944554665331e-07,0.0,9.014548763856311e-08,-5.527135808752501e-08,0.0
365,21960.0,21960,3.486975717306713e-08,3.486975718353549e-08,-5.079304113717403e-07,0.0,9.015613125174404e-08,-5.5286374053152055e-08,0.0
366,22020.0,22020,3.486541367739809e-08,3.486541368786779e-08,-5.074664540591174e-07,0.0,9.016679691816785e-08,-5.53013832152409e-08,0.0
367,22080.0,22080,3.486109901314212e-08,3.486109902361115e-08,-5.070025830763298e-07,0.0,9.017748458615467e-08,-5.531638554748437e-08,0.0
368,22140.0,22140,3.485681315471186e-08,3.485681316518421e-08,-5.065387979714204e-07,0.0,9.01881942038293e-08,-5.533138102358792e-08,0.0
369,22200.0,22200,3.485255607637706e-08,3.4852556086848087e-08,-5.060750982927303e-07,0.0,9.019892571916891e-08,-5.5346369617258346e-08,0.0
370,22260.0,22260,3.484832775218283e-08,3.484832776265518e-08,-5.056114835889938e-07,0.0,9.020967907992608e-08,-5.536135130221107e-08,0.0
371,22320.0,22320,3.48441281560174e-08,3.484412816648843e-08,-5.051479534093333e-07,0.0,9.022045423372438e-08,-5.537632605217149e-08,0.0
372,22380.0,22380,3.483995726153771e-08,3.483995727201139e-08,-5.046845073032009e-07,0.0,9.023125112795749e-08,-5.5391293840878955e-08,0.0
373,22440.0,22440,3.483581504225647e-08,3.483581505272948e-08,-5.042211448204476e-07,0.0,9.024206970986746e-08,-5.540625464207084e-08,0.0
374,22500.0,22500,3.4831701471477006e-08,3.4831701481951355e-08,-5.037578655112965e-07,0.0,9.02529099265196e-08,-5.542120842949912e-08,0.0
375,22560.0,22560,3.482761652231192e-08,3.482761653278759e-08,-5.032946689263377e-07,0.0,9.026377172478646e-08,-5.543615517692508e-08,0.0
376,22620.0,22620,3.482356016769831e-08,3.482356017817332e-08,-5.028315546165282e-07,0.0,9.027465505135579e-08,-5.5451094858109354e-08,0.0
377,22680.0,22680,3.4819532380365253e-08,3.481953239084226e-08,-5.023685221332076e-07,0.0,9.028555985275053e-08,-5.546602744683915e-08,0.0
378,22740.0,22740,3.4815533132871675e-08,3.4815533143348685e-08,-5.019055710281359e-07,0.0,9.02964860753062e-08,-5.548095291688373e-08,0.0
379,22800.0,22800,3.4811562397564476e-08,3.481156240804281e-08,-5.014427008533918e-07,0.0,9.030743366516285e-08,-5.5495871242044924e-08,0.0
380,22860.0,22860,3.480762014662039e-08,3.4807620157098064e-08,-5.009799111615222e-07,0.0,9.031840256829708e-08,-5.551078239612058e-08,0.0
381,22920.0,22920,3.4803706352029405e-08,3.480370636250907e-08,-5.005172015054196e-07,0.0,9.032939273050602e-08,-5.552568635292117e-08,0.0
382,22980.0,22980,3.479982098556879e-08,3.479982099604846e-08,-5.000545714383805e-07,0.0,9.03404040973927e-08,-5.5540583086258504e-08,0.0
383,23040.0,23040,3.4795964018861635e-08,3.4795964029342635e-08,-4.995920205141319e-07,0.0,9.03514366143794e-08,-5.555547256995701e-08,0.0
384,23100.0,23100,3.4792135423286436e-08,3.47921354337681e-08,-4.991295482867681e-07,0.0,9.036249022671025e-08,-5.557035477785773e-08,0.0
385,23160.0,23160,3.4788335170080766e-08,3.478833518056243e-08,-4.986671543108246e-07,0.0,9.037356487943793e-08,-5.558522968379308e-08,0.0
386,23220.0,23220,3.4784563230277494e-08,3.478456324075982e-08,-4.982048381411506e-07,0.0,9.038466051745964e-08,-5.5600097261615406e-08,0.0
387,23280.0,23280,3.4780819574718734e-08,3.478081958520238e-08,-4.97742599333148e-07,0.0,9.039577708546651e-08,-5.5614957485177714e-08,0.0
388,23340.0,23340,3.4777104174043864e-08,3.477710418452752e-08,-4.972804374425329e-07,0.0,9.040691452796755e-08,-5.562981032835362e-08,0.0
389,23400.0,23400,3.477341699870818e-08,3.47734170091925e-08,-4.968183520254572e-07,0.0,9.0418072789291e-08,-5.5644655765010094e-08,0.0
390,23460.0,23460,3.476975801898683e-08,3.476975802946982e-08,-4.963563426384927e-07,0.0,9.04292518135936e-08,-5.5659493769034716e-08,0.0
391,23520.0,23520,3.476612720496022e-08,3.4766127215446535e-08,-4.958944088386477e-07,0.0,9.044045154484202e-08,-5.567432431430642e-08,0.0
392,23580.0,23580,3.476252452648744e-08,3.4762524536973756e-08,-4.954325501833818e-07,0.0,9.045167192680617e-08,-5.568914737473869e-08,0.0
393,23640.0,23640,3.475894995328799e-08,3.4758949963776296e-08,-4.94970766230522e-07,0.0,9.046291290309113e-08,-5.570396292422044e-08,0.0
394,23700.0,23700,3.475540345484808e-08,3.4755403465336385e-08,-4.945090565383737e-07,0.0,9.047417441711056e-08,-5.571877093668178e-08,0.0
395,23760.0,23760,3.475188500048376e-08,3.47518850109734e-08,-4.940474206656729e-07,0.0,9.04854564121e-08,-5.573357138602823e-08,0.0
396,23820.0,23820,3.47483945593077e-08,3.4748394569798e-08,-4.935858581715706e-07,0.0,9.049675883110622e-08,-5.574836424620984e-08,0.0
397,23880.0,23880,3.474493210023517e-08,3.4744932110726135e-08,-4.931243686156695e-07,0.0,9.050808161698189e-08,-5.576314949115539e-08,0.0
398,23940.0,23940,3.474149759202258e-08,3.4741497602514205e-08,-4.926629515580084e-07,0.0,9.051942471242286e-08,-5.57779270948063e-08,0.0
399,24000.0,24000,3.473809100320035e-08,3.473809101368999e-08,-4.922016065590888e-07,0.0,9.053078805991626e-08,-5.579269703112457e-08,0.0
400,24060.0,24060,3.473471230210418e-08,3.473471231259648e-08,-4.917403331798268e-07,0.0,9.054217160176842e-08,-5.580745927407024e-08,0.0
401,24120.0,24120,3.473136145690425e-08,3.473136146739788e-08,-4.912791309816596e-07,0.0,9.055357528011951e-08,-5.5822213797613955e-08,0.0
402,24180.0,24180,3.472803843556071e-08,3.472803844605434e-08,-4.90817999526418e-07,0.0,9.056499903689437e-08,-5.583696057573369e-08,0.0
403,24240.0,24240,3.472474320583897e-08,3.472474321633392e-08,-4.903569383764169e-07,0.0,9.057644281386628e-08,-5.585169958242601e-08,0.0
404,24300.0,24300,3.472147573531965e-08,3.472147574581461e-08,-4.89895947094433e-07,0.0,9.058790655259451e-08,-5.586643079167288e-08,0.0
405,24360.0,24360,3.471823599139198e-08,3.4718236001887596e-08,-4.894350252436852e-07,0.0,9.059939019447613e-08,-5.58811541774762e-08,0.0
406,24420.0,24420,3.471502394123047e-08,3.471502395172742e-08,-4.889741723878758e-07,0.0,9.061089368070752e-08,-5.589586971386644e-08,0.0
407,24480.0,24480,3.47118395518528e-08,3.4711839562349745e-08,-4.885133880912122e-07,0.0,9.06224169523069e-08,-5.591057737484283e-08,0.0
408,24540.0,24540,3.470868279004998e-08,3.470868280054826e-08,-4.880526719182958e-07,0.0,9.063395995011173e-08,-5.592527713444782e-08,0.0
409,24600.0,24600,3.4705553622448196e-08,3.4705553632946475e-08,-4.875920234342697e-07,0.0,9.064552261476802e-08,-5.593996896670656e-08,0.0
410,24660.0,24660,3.470245201544299e-08,3.470245202594194e-08,-4.871314422047347e-07,0.0,9.065710488672773e-08,-5.595465284566681e-08,0.0
411,24720.0,24720,3.469937793526841e-08,3.4699377945769344e-08,-4.866709277957914e-07,0.0,9.066870670627264e-08,-5.596932874538364e-08,0.0
412,24780.0,24780,3.4696331347950446e-08,3.469633135845138e-08,-4.86210479774008e-07,0.0,9.068032801349178e-08,-5.598399663991677e-08,0.0
413,24840.0,24840,3.469331221934427e-08,3.469331222984454e-08,-4.857500977064156e-07,0.0,9.069196874829608e-08,-5.599865650332857e-08,0.0
414,24900.0,24900,3.469032051505915e-08,3.469032052556341e-08,-4.852897811605983e-07,0.0,9.070362885039572e-08,-5.601330830970337e-08,0.0
415,24960.0,24960,3.468735620057871e-08,3.468735621108164e-08,-4.848295297045495e-07,0.0,9.071530825933074e-08,-5.602795203312015e-08,0.0
416,25020.0,25020,3.468441924112206e-08,3.4684419251625655e-08,-4.843693429068369e-07,0.0,9.072700691443113e-08,-5.604258764767586e-08,0.0
417,25080.0,25080,3.468150960177006e-08,3.4681509612274985e-08,-4.839092203365067e-07,0.0,9.073872475487402e-08,-5.605721512746943e-08,0.0
418,25140.0,25140,3.4678627247374244e-08,3.467862725787917e-08,-4.834491615631105e-07,0.0,9.07504617196252e-08,-5.607183444661309e-08,0.0
419,25200.0,25200,3.467577214261866e-08,3.467577215312425e-08,-4.829891661566835e-07,0.0,9.076221774747625e-08,-5.6086445579218404e-08,0.0
420,25260.0,25260,3.467294425197336e-08,3.4672944262480275e-08,-4.825292336877872e-07,0.0,9.07739927770301e-08,-5.6101048499417544e-08,0.0
421,25320.0,25320,3.467014353970829e-08,3.467014355021654e-08,-4.820693637274834e-07,0.0,9.078578674669547e-08,-5.611564318134134e-08,0.0
422,25380.0,25380,3.466736996991997e-08,3.466736998042821e-08,-4.816095558473918e-07,0.0,9.079759959470173e-08,-5.6130229599133936e-08,0.0
423,25440.0,25440,3.4664623506502146e-08,3.466462351701106e-08,-4.811498096195842e-07,0.0,9.080943125909208e-08,-5.614480772694477e-08,0.0
424,25500.0,25500,3.466190411313792e-08,3.466190412364749e-08,-4.80690124616712e-07,0.0,9.082128167772366e-08,-5.615937753893593e-08,0.0
425,25560.0,25560,3.4659211753340863e-08,3.465921176384977e-08,-4.802305004119103e-07,0.0,9.08331507882595e-08,-5.617393900926682e-08,0.0
426,25620.0,25620,3.4656546390416535e-08,3.465654640092744e-08,-4.797709365788568e-07,0.0,9.084503852818583e-08,-5.618849211211748e-08,0.0
427,25680.0,25680,3.465390798746045e-08,3.4653907997973346e-08,-4.793114326917769e-07,0.0,9.085694483479083e-08,-5.620303682167524e-08,0.0
428,25740.0,25740,3.465129650740795e-08,3.465129651792151e-08,-4.788519883253902e-07,0.0,9.086886964519118e-08,-5.621757311212211e-08,0.0
429,25800.0,25800,3.4648711912955753e-08,3.464871192347131e-08,-4.783926030550069e-07,0.0,9.088081289628957e-08,-5.6232100957670024e-08,0.0
430,25860.0,25860,3.4646154166645064e-08,3.464615417715862e-08,-4.779332764564366e-07,0.0,9.089277452483178e-08,-5.624662033252227e-08,0.0
431,25920.0,25920,3.464362323081102e-08,3.464362324132591e-08,-4.774740081060264e-07,0.0,9.090475446736823e-08,-5.626113121089077e-08,0.0
432,25980.0,25980,3.464111906757276e-08,3.464111907808898e-08,-4.770147975806709e-07,0.0,9.091675266025392e-08,-5.6275633567014045e-08,0.0
433,26040.0,26040,3.463864163885734e-08,3.463864164937423e-08,-4.7655564445783857e-07,0.0,9.092876903964707e-08,-5.629012737511465e-08,0.0
434,26100.0,26100,3.463619090644891e-08,3.4636190916966457e-08,-4.760965483155515e-07,0.0,9.094080354156373e-08,-5.630461260944107e-08,0.0
435,26160.0,26160,3.463376683184846e-08,3.463376684236601e-08,-4.7563750873233654e-07,0.0,9.0952856101762e-08,-5.6319089244239126e-08,0.0
436,26220.0,26220,3.463136937643205e-08,3.463136938695093e-08,-4.751785252873162e-07,0.0,9.096492665588039e-08,-5.633355725376927e-08,0.0
437,26280.0,26280,3.4628998501344426e-08,3.4628998511865303e-08,-4.747195975601607e-07,0.0,9.097701513933007e-08,-5.634801661230657e-08,0.0
438,26340.0,26340,3.4626654167541574e-08,3.462665417806245e-08,-4.742607251311304e-07,0.0,9.09891214873401e-08,-5.636246729411347e-08,0.0
439,26400.0,26400,3.4624336335787386e-08,3.4624336346309593e-08,-4.738019075810173e-07,0.0,9.100124563496274e-08,-5.637690927348896e-08,0.0
440,26460.0,26460,3.462204496665368e-08,3.4622044977175885e-08,-4.733431444912251e-07,0.0,9.101338751706014e-08,-5.639134252472009e-08,0.0
441,26520.0,26520,3.461978002049957e-08,3.461978003102244e-08,-4.728844354436785e-07,0.0,9.102554706829777e-08,-5.640576702210717e-08,0.0
442,26580.0,26580,3.461754145751869e-08,3.461754146804089e-08,-4.7242578002090297e-07,0.0,9.103772422316556e-08,-5.642018273995917e-08,0.0
443,26640.0,26640,3.461532923767334e-08,3.461532924819887e-08,-4.719671778060249e-07,0.0,9.104991891596738e-08,-5.6434589652600346e-08,0.0
444,26700.0,26700,3.4613143320747736e-08,3.461314333127393e-08,-4.715086283826971e-07,0.0,9.106213108079838e-08,-5.644898773435629e-08,0.0
445,26760.0,26760,3.4610983666319344e-08,3.4610983676846865e-08,-4.7105013133522115e-07,0.0,9.107436065158754e-08,-5.646337695956453e-08,0.0
446,26820.0,26820,3.460885023379749e-08,3.460885024432435e-08,-4.7059168624841423e-07,0.0,9.108660756206445e-08,-5.6477757302566624e-08,0.0
447,26880.0,26880,3.460674298236021e-08,3.460674299288972e-08,-4.7013329270776365e-07,0.0,9.109887174578326e-08,-5.649212873771473e-08,0.0
448,26940.0,26940,3.460466187099808e-08,3.4604661881526265e-08,-4.69674950299299e-07,0.0,9.111115313609334e-08,-5.650649123938694e-08,0.0
449,27000.0,27000,3.460260685851825e-08,3.4602606869047104e-08,-4.692166586096454e-07,0.0,9.112345166615934e-08,-5.6520844781938085e-08,0.0
450,27060.0,27060,3.4600577903522495e-08,3.4600577914052676e-08,-4.6875841722607145e-07,0.0,9.113576726898371e-08,-5.653518933974891e-08,0.0
451,27120.0,27120,3.459857496442646e-08,3.4598574974958633e-08,-4.6830022573638265e-07,0.0,9.114809987734825e-08,-5.654952488720815e-08,0.0
452,27180.0,27180,3.459659799942381e-08,3.4596598009956654e-08,-4.678420837290546e-07,0.0,9.116044942386723e-08,-5.656385139872447e-08,0.0
453,27240.0,27240,3.459464696653674e-08,3.4594646977070245e-08,-4.673839907931372e-07,0.0,9.117281584095291e-08,-5.657816884869656e-08,0.0
454,27300.0,27300,3.459272182358006e-08,3.459272183411423e-08,-4.669259465182651e-07,0.0,9.118519906084606e-08,-5.6592477211544385e-08,0.0
455,27360.0,27360,3.4590822528179807e-08,3.459082253871464e-08,-4.6646795049473225e-07,0.0,9.119759901558401e-08,-5.660677646167728e-08,0.0
456,27420.0,27420,3.4588949037755984e-08,3.458894904829281e-08,-4.6601000231346565e-07,0.0,9.121001563703002e-08,-5.662106657354778e-08,0.0
457,27480.0,27480,3.458710130953253e-08,3.458710132006935e-08,-4.655521015659929e-07,0.0,9.12224488568466e-08,-5.6635347521583154e-08,0.0
458,27540.0,27540,3.458527930053463e-08,3.4585279311072117e-08,-4.650942478444106e-07,0.0,9.123489860651545e-08,-5.664961928025057e-08,0.0
459,27600.0,27600,3.458348296761068e-08,3.4583482978149506e-08,-4.646364407415544e-07,0.0,9.124736481733616e-08,-5.666388182398859e-08,0.0
460,27660.0,27660,3.458171226738577e-08,3.4581712277926584e-08,-4.641786798507759e-07,0.0,9.125984742041562e-08,-5.6678135127288306e-08,0.0
461,27720.0,27720,3.457996715631214e-08,3.457996716685295e-08,-4.637209647661391e-07,0.0,9.12723463466679e-08,-5.669237916461554e-08,0.0
462,27780.0,27780,3.4578247590616734e-08,3.457824760115622e-08,-4.6326329508233004e-07,0.0,9.128486152682498e-08,-5.670661391046204e-08,0.0
463,27840.0,27840,3.457655352635834e-08,3.457655353690182e-08,-4.628056703946198e-07,0.0,9.12973928914261e-08,-5.672083933932222e-08,0.0
464,27900.0,27900,3.45748849193804e-08,3.4574884929922546e-08,-4.623480902989866e-07,0.0,9.13099403708337e-08,-5.673505542570576e-08,0.0
465,27960.0,27960,3.4573241725333585e-08,3.4573241735878384e-08,-4.618905543920254e-07,0.0,9.132250389520813e-08,-5.674926214412171e-08,0.0
466,28020.0,28020,3.457162389969776e-08,3.457162391024323e-08,-4.6143306227096405e-07,0.0,9.13350833945463e-08,-5.676345946909636e-08,0.0
467,28080.0,28080,3.45700313977082e-08,3.4570031408254996e-08,-4.6097561353374813e-07,0.0,9.134767879863104e-08,-5.677764737516734e-08,0.0
468,28140.0,28140,3.4568464174436004e-08,3.4568464184982134e-08,-4.605182077789081e-07,0.0,9.136029003707106e-08,-5.6791825836874233e-08,0.0
469,28200.0,28200,3.456692218475953e-08,3.456692219530566e-08,-4.6006084460563925e-07,0.0,9.137291703928631e-08,-5.6805994828766626e-08,0.0
470,28260.0,28260,3.4565405383338444e-08,3.4565405393887234e-08,-4.596035236138278e-07,0.0,9.138555973451196e-08,-5.682015432540871e-08,0.0
471,28320.0,28320,3.456391372463702e-08,3.4563913735187137e-08,-4.5914624440397713e-07,0.0,9.139821805178379e-08,-5.683430430137665e-08,0.0
472,28380.0,28380,3.4562447162947377e-08,3.4562447173497496e-08,-4.5868900657735077e-07,0.0,9.141089191995944e-08,-5.684844473124194e-08,0.0
473,28440.0,28440,3.456100565234496e-08,3.45610056628984e-08,-4.582318097357599e-07,0.0,9.142358126771976e-08,-5.686257558959803e-08,0.0
474,28500.0,28500,3.455958914671844e-08,3.455958915726922e-08,-4.577746534817763e-07,0.0,9.14362860235369e-08,-5.687669685104568e-08,0.0
475,28560.0,28560,3.455819759974912e-08,3.45581976103019e-08,-4.5731753741860954e-07,0.0,9.144900611572083e-08,-5.6890808490194935e-08,0.0
476,28620.0,28620,3.4556830964940835e-08,3.4556830975493615e-08,-4.5686046115015523e-07,0.0,9.146174147237813e-08,-5.690491048165719e-08,0.0
477,28680.0,28680,3.455548919558341e-08,3.455548920613951e-08,-4.5640342428098975e-07,0.0,9.14744920214306e-08,-5.691900280006775e-08,0.0
478,28740.0,28740,3.455417224475728e-08,3.455417225531338e-08,-4.559464264163698e-07,0.0,9.148725769062058e-08,-5.6933085420074563e-08,0.0
479,28800.0,28800,3.455288006538804e-08,3.455288007594414e-08,-4.5548946716229674e-07,0.0,9.150003840748175e-08,-5.694715831630564e-08,0.0
480,28860.0,28860,3.455161261017329e-08,3.4551612620729394e-08,-4.5503254612535134e-07,0.0,9.151283409938423e-08,-5.6961221463422867e-08,0.0
481,28920.0,28920,3.455036983161258e-08,3.455036984217134e-08,-4.545756629129015e-07,0.0,9.152564469351472e-08,-5.6975274836104773e-08,0.0
482,28980.0,28980,3.4549151682056544e-08,3.4549151692614645e-08,-4.5411881713294234e-07,0.0,9.153847011686718e-08,-5.698931840901259e-08,0.0
483,29040.0,29040,3.454795811358202e-08,3.454795812414078e-08,-4.536620083942774e-07,0.0,9.155131029622816e-08,-5.700335215684876e-08,0.0
484,29100.0,29100,3.4546789078118256e-08,3.454678908867835e-08,-4.5320523630628436e-07,0.0,9.156416515821408e-08,-5.701737605429646e-08,0.0
485,29160.0,29160,3.454564452739512e-08,3.454564453795654e-08,-4.5274850047911734e-07,0.0,9.157703462927388e-08,-5.7031390076075405e-08,0.0
486,29220.0,29220,3.4544524412961685e-08,3.454452442352311e-08,-4.522918005236322e-07,0.0,9.158991863566107e-08,-5.704539419689337e-08,0.0
487,29280.0,29280,3.454342868612577e-08,3.4543428696689845e-08,-4.518351360514027e-07,0.0,9.160281710341382e-08,-5.705938839148004e-08,0.0
488,29340.0,29340,3.4542357298024344e-08,3.454235730858909e-08,-4.5137850667470456e-07,0.0,9.161572995841077e-08,-5.70733726345711e-08,0.0
489,29400.0,29400,3.454131019962094e-08,3.4541310210186346e-08,-4.509219120065311e-07,0.0,9.162865712635776e-08,-5.708734690091817e-08,0.0
490,29460.0,29460,3.4540287341655735e-08,3.454028735222313e-08,-4.504653516605778e-07,0.0,9.164159853274396e-08,-5.7101311165266246e-08,0.0
491,29520.0,29520,3.4539288674676163e-08,3.4539288685241576e-08,-4.5000882525127906e-07,0.0,9.165455410289102e-08,-5.7115265402394206e-08,0.0
492,29580.0,29580,3.453831414902895e-08,3.453831415959635e-08,-4.4955233239380313e-07,0.0,9.166752376193848e-08,-5.712920958708358e-08,0.0
493,29640.0,29640,3.453736371488133e-08,3.4537363725450725e-08,-4.490958727040679e-07,0.0,9.168050743481723e-08,-5.714314369410661e-08,0.0
494,29700.0,29700,3.4536437322206485e-08,3.453643733277721e-08,-4.486394457987305e-07,0.0,9.169350504630918e-08,-5.7157067698275405e-08,0.0
495,29760.0,29760,3.4535534920759584e-08,3.453553493133031e-08,-4.481830512951073e-07,0.0,9.170651652098497e-08,-5.717098157439145e-08,0.0
496,29820.0,29820,3.453465646012829e-08,3.4534656470700345e-08,-4.477266888113177e-07,0.0,9.171954178324104e-08,-5.718488529727549e-08,0.0
497,29880.0,29880,3.453380188967961e-08,3.453380190025299e-08,-4.4727035796624657e-07,0.0,9.173258075727978e-08,-5.719877884176092e-08,0.0
498,29940.0,29940,3.4532971158601086e-08,3.453297116917447e-08,-4.4681405837943833e-07,0.0,9.174563336712278e-08,-5.721266218267978e-08,0.0
499,30000.0,30000,3.4532164215896165e-08,3.4532164226471544e-08,-4.4635778967126144e-07,0.0,9.175869953663079e-08,-5.722653529488872e-08,0.0
500,30060.0,30060,3.4531381010325675e-08,3.4531381020903045e-08,-4.45901551462781e-07,0.0,9.177177918942526e-08,-5.724039815324971e-08,0.0
501,30120.0,30120,3.4530621490526827e-08,3.453062150110553e-08,-4.454453433758544e-07,0.0,9.178487224901338e-08,-5.725425073263002e-08,0.0
502,30180.0,30180,3.452988560488227e-08,3.452988561545964e-08,-4.4498916503312063e-07,0.0,9.179797863865767e-08,-5.7268093007920863e-08,0.0
503,30240.0,30240,3.4529173301624426e-08,3.452917331220312e-08,-4.445330160579045e-07,0.0,9.181109828148642e-08,-5.728192495400547e-08,0.0
504,30300.0,30300,3.452848452874779e-08,3.452848453932848e-08,-4.4407689607433927e-07,0.0,9.182423110039931e-08,-5.7295746545791004e-08,0.0
505,30360.0,30360,3.452781923407204e-08,3.45278192446534e-08,-4.4362080470731836e-07,0.0,9.183737701812981e-08,-5.7309557758196584e-08,0.0
506,30420.0,30420,3.4527177365249364e-08,3.452717737582939e-08,-4.4316474158250636e-07,0.0,9.185053595725454e-08,-5.7323358566143996e-08,0.0
507,30480.0,30480,3.452655886970064e-08,3.4526558880283325e-08,-4.427087063263493e-07,0.0,9.18637078401401e-08,-5.7337148944570307e-08,0.0
508,30540.0,30540,3.452596369466066e-08,3.4525963705244673e-08,-4.422526985660113e-07,0.0,9.187689258896168e-08,-5.7350928868426537e-08,0.0
509,30600.0,30600,3.452539178718806e-08,3.4525391797774066e-08,-4.4179671792955487e-07,0.0,9.189009012573756e-08,-5.7364698312672367e-08,0.0
510,30660.0,30660,3.452484309413013e-08,3.452484310471547e-08,-4.413407640456754e-07,0.0,9.19033003722827e-08,-5.737845725227676e-08,0.0
511,30720.0,30720,3.452431756214539e-08,3.45243175727314e-08,-4.408848365439615e-07,0.0,9.191652325023654e-08,-5.739220566221202e-08,0.0
512,30780.0,30780,3.452381513769762e-08,3.452381514828363e-08,-4.4042893505477824e-07,0.0,9.192975868106573e-08,-5.740594351748632e-08,0.0
513,30840.0,30840,3.4523335767061835e-08,3.452333577765117e-08,-4.3997305920922425e-07,0.0,9.194300658604152e-08,-5.7419670793095234e-08,0.0
514,30900.0,30900,3.4522879396331595e-08,3.452287940692026e-08,-4.395172086392119e-07,0.0,9.195626688626764e-08,-5.743338746405027e-08,0.0
515,30960.0,30960,3.452244597137115e-08,3.452244598196381e-08,-4.3906138297749894e-07,0.0,9.196953950264712e-08,-5.7447093505382874e-08,0.0
516,31020.0,31020,3.452203543789855e-08,3.4522035448489206e-08,-4.3860558185754494e-07,0.0,9.198282435592477e-08,-5.746078889213314e-08,0.0
517,31080.0,31080,3.452164774140249e-08,3.452164775199449e-08,-4.3814980491372945e-07,0.0,9.199612136663808e-08,-5.747447359933851e-08,0.0
518,31140.0,31140,3.452128282718097e-08,3.452128283777429e-08,-4.3769405178117113e-07,0.0,9.200943045516096e-08,-5.7488147602078936e-08,0.0
519,31200.0,31200,3.452094064038105e-08,3.452094065097504e-08,-4.372383220957701e-07,0.0,9.202275154169192e-08,-5.75018108754098e-08,0.0
520,31260.0,31260,3.452062112590923e-08,3.4520621136504544e-08,-4.3678261549429876e-07,0.0,9.203608454623534e-08,-5.751546339442239e-08,0.0
521,31320.0,31320,3.452032422849851e-08,3.4520324239093166e-08,-4.363269316143003e-07,0.0,9.204942938861352e-08,-5.752910513421194e-08,0.0
522,31380.0,31380,3.452004989269846e-08,3.45200499032971e-08,-4.358712700941529e-07,0.0,9.206278598849851e-08,-5.7542736069889016e-08,0.0
523,31440.0,31440,3.4519798062851263e-08,3.4519798073449234e-08,-4.354156305730481e-07,0.0,9.20761542653311e-08,-5.7556356176567476e-08,0.0
524,31500.0,31500,3.451956868313161e-08,3.451956869373091e-08,-4.349600126910018e-07,0.0,9.208953413843109e-08,-5.756996542938113e-08,0.0
525,31560.0,31560,3.4519361697492204e-08,3.45193617080935e-08,-4.345044160888752e-07,0.0,9.210292552687898e-08,-5.7583563803467764e-08,0.0
526,31620.0,31620,3.451917704970562e-08,3.451917706030891e-08,-4.3404884040829526e-07,0.0,9.211632834961707e-08,-5.759715127398978e-08,0.0
527,31680.0,31680,3.4519014683368306e-08,3.45190146939696e-08,-4.335932852918248e-07,0.0,9.21297425254095e-08,-5.761072781611555e-08,0.0
528,31740.0,31740,3.451887454186068e-08,3.451887455246397e-08,-4.331377503827762e-07,0.0,9.214316797281173e-08,-5.762429340501941e-08,0.0
529,31800.0,31800,3.451875656841296e-08,3.451875657901891e-08,-4.3268223532532353e-07,0.0,9.215660461024093e-08,-5.763784801589434e-08,0.0
530,31860.0,31860,3.451866070602672e-08,3.451866071663201e-08,-4.32226739764502e-07,0.0,9.217005235590162e-08,-5.76513916239406e-08,0.0
531,31920.0,31920,3.4518586897517434e-08,3.4518586908123385e-08,-4.317712633461765e-07,0.0,9.218351112784145e-08,-5.7664924204385724e-08,0.0
532,31980.0,31980,3.4518535085533076e-08,3.451853509614036e-08,-4.3131580571701466e-07,0.0,9.21969808439153e-08,-5.767844573243863e-08,0.0
533,32040.0,32040,3.4518505212512246e-08,3.451850522312085e-08,-4.308603665246041e-07,0.0,9.221046142181192e-08,-5.7691956183352746e-08,0.0
534,32100.0,32100,3.451849722071742e-08,3.451849723132669e-08,-4.304049454172981e-07,0.0,9.222395277904056e-08,-5.7705455532378216e-08,0.0
535,32160.0,32160,3.4518511052185084e-08,3.4518511062794357e-08,-4.29949542044439e-07,0.0,9.223745483292043e-08,-5.771894375478708e-08,0.0
536,32220.0,32220,3.451854664884206e-08,3.451854665945466e-08,-4.294941560560975e-07,0.0,9.225096750063907e-08,-5.773242082584144e-08,0.0
537,32280.0,32280,3.451860395234532e-08,3.4518603962959917e-08,-4.290387871032909e-07,0.0,9.226449069914747e-08,-5.774588672084259e-08,0.0
538,32340.0,32340,3.451868290419631e-08,3.451868291480891e-08,-4.285834348378339e-07,0.0,9.227802434525834e-08,-5.775934141509981e-08,0.0
539,32400.0,32400,3.451878344571767e-08,3.4518783456332925e-08,-4.281280989124401e-07,0.0,9.229156835559827e-08,-5.777278488391706e-08,0.0
540,32460.0,32460,3.451890551801669e-08,3.4518905528631945e-08,-4.276727789807267e-07,0.0,9.230512264661177e-08,-5.778621710262754e-08,0.0
541,32520.0,32520,3.451904906204847e-08,3.451904907266439e-08,-4.272174746970982e-07,0.0,9.23186871345931e-08,-5.779963804657643e-08,0.0
542,32580.0,32580,3.4519214018561385e-08,3.45192140291793e-08,-4.2676218571691596e-07,0.0,9.233226173564379e-08,-5.7813047691109555e-08,0.0
543,32640.0,32640,3.451940032809711e-08,3.4519400338713694e-08,-4.2630691169639214e-07,0.0,9.23458463656806e-08,-5.7826446011607985e-08,0.0
544,32700.0,32700,3.451960793103647e-08,3.451960794165705e-08,-4.2585165229258977e-07,0.0,9.235944094045943e-08,-5.783983298344081e-08,0.0
545,32760.0,32760,3.45198367675835e-08,3.451983677820607e-08,-4.253964071634864e-07,0.0,9.23730453755687e-08,-5.785320858199972e-08,0.0
546,32820.0,32820,3.452008677771025e-08,3.452008678833282e-08,-4.2494117596799e-07,0.0,9.23866595864014e-08,-5.7866572782706996e-08,0.0
547,32880.0,32880,3.45203579012532e-08,3.4520357911875767e-08,-4.244859583658382e-07,0.0,9.240028348821494e-08,-5.787992556097028e-08,0.0
548,32940.0,32940,3.452065007783612e-08,3.4520650088461344e-08,-4.240307540176299e-07,0.0,9.241391699605936e-08,-5.789326689222779e-08,0.0
549,33000.0,33000,3.4520963246905995e-08,3.4520963257530554e-08,-4.235755625849584e-07,0.0,9.242756002481321e-08,-5.7906596751915105e-08,0.0
550,33060.0,33060,3.452129734769844e-08,3.452129735832433e-08,-4.2312038373024643e-07,0.0,9.244121248920884e-08,-5.791991511551695e-08,0.0
551,33120.0,33120,3.4521652319301535e-08,3.4521652329929416e-08,-4.2266521711680476e-07,0.0,9.245487430378848e-08,-5.793322195848153e-08,0.0
552,33180.0,33180,3.4522028100596616e-08,3.4522028111225166e-08,-4.222100624089119e-07,0.0,9.24685453829149e-08,-5.794651725631287e-08,0.0
553,33240.0,33240,3.452242463028627e-08,3.452242464091415e-08,-4.2175491927171306e-07,0.0,9.248222564080201e-08,-5.795980098450634e-08,0.0
554,33300.0,33300,3.452284184689425e-08,3.452284185752346e-08,-4.2129978737127864e-07,0.0,9.24959149914776e-08,-5.797307311857328e-08,0.0
555,33360.0,33360,3.452327968875424e-08,3.452327969938478e-08,-4.2084466637455637e-07,0.0,9.250961334880862e-08,-5.7986333634044975e-08,0.0
556,33420.0,33420,3.452373809399586e-08,3.4523738104627734e-08,-4.203895559494724e-07,0.0,9.252332062648121e-08,-5.799958250646996e-08,0.0
557,33480.0,33480,3.452421700060586e-08,3.452421701123707e-08,-4.19934455764809e-07,0.0,9.253703673801671e-08,-5.801281971139215e-08,0.0
558,33540.0,33540,3.45247163463649e-08,3.4524716356998766e-08,-4.1947936549031076e-07,0.0,9.25507615967756e-08,-5.802604522438734e-08,0.0
559,33600.0,33600,3.452523606885295e-08,3.452523607948814e-08,-4.1902428479665284e-07,0.0,9.256449511592693e-08,-5.803925902104598e-08,0.0
560,33660.0,33660,3.45257761055137e-08,3.452577611615022e-08,-4.1856921335537715e-07,0.0,9.257823720850019e-08,-5.805246107695648e-08,0.0
561,33720.0,33720,3.452633639357019e-08,3.4526336404208704e-08,-4.181141508390252e-07,0.0,9.259198778733738e-08,-5.8065651367732535e-08,0.0
562,33780.0,33780,3.452691687006334e-08,3.4526916880701854e-08,-4.176590969210159e-07,0.0,9.26057467651091e-08,-5.807882986901244e-08,0.0
563,33840.0,33840,3.45275174718772e-08,3.452751748251705e-08,-4.1720405127576765e-07,0.0,9.26195140543397e-08,-5.8091996556422515e-08,0.0
564,33900.0,33900,3.4528138135697776e-08,3.452813814633762e-08,-4.1674901357855515e-07,0.0,9.26332895673647e-08,-5.8105151405625624e-08,0.0
565,33960.0,33960,3.452877879803956e-08,3.4528778808680744e-08,-4.162939835056792e-07,0.0,9.264707321637084e-08,-5.81182943922893e-08,0.0
566,34020.0,34020,3.452943939521636e-08,3.452943940585753e-08,-4.158389607343074e-07,0.0,9.2660864913364e-08,-5.8131425492100354e-08,0.0
567,34080.0,34080,3.45301198633957e-08,3.4530119874039534e-08,-4.153839449426016e-07,0.0,9.267466457019455e-08,-5.814454468074957e-08,0.0
568,34140.0,34140,3.453082013852316e-08,3.453082014916833e-08,-4.149289358097019e-07,0.0,9.268847209854006e-08,-5.815765193396429e-08,0.0
569,34200.0,34200,3.453154015639476e-08,3.453154016704258e-08,-4.144739330156208e-07,0.0,9.270228740991725e-08,-5.81707472274639e-08,0.0
570,34260.0,34260,3.4532279852625046e-08,3.4532279863273534e-08,-4.140189362413701e-07,0.0,9.271611041567268e-08,-5.818383053698638e-08,0.0
571,34320.0,34320,3.453303916263451e-08,3.453303917328433e-08,-4.1356394516894546e-07,0.0,9.272994102700003e-08,-5.8196901838302274e-08,0.0
572,34380.0,34380,3.4533818021676134e-08,3.453381803232595e-08,-4.131089594812358e-07,0.0,9.274377915491619e-08,-5.820996110717416e-08,0.0
573,34440.0,34440,3.453461636481814e-08,3.453461637547128e-08,-4.126539788621297e-07,0.0,9.275762471028786e-08,-5.822300831939585e-08,0.0
574,34500.0,34500,3.453543412696057e-08,3.4535434137611716e-08,-4.121990029965366e-07,0.0,9.277147760380225e-08,-5.82360434507678e-08,0.0
575,34560.0,34560,3.4536271242820036e-08,3.4536271253472514e-08,-4.117440315702434e-07,0.0,9.278533774600167e-08,-5.8249066477103115e-08,0.0
576,34620.0,34620,3.453712764692838e-08,3.453712765758219e-08,-4.1128906427004714e-07,0.0,9.279920504725568e-08,-5.826207737424544e-08,0.0
577,34680.0,34680,3.4538003273647274e-08,3.4538003284303074e-08,-4.1083410078376586e-07,0.0,9.281307941776758e-08,-5.827507611803512e-08,0.0
578,34740.0,34740,3.453889805717224e-08,3.45388980678287e-08,-4.1037914080008435e-07,0.0,9.282696076760247e-08,-5.828806268434374e-08,0.0
579,34800.0,34800,3.453981193150005e-08,3.453981194215652e-08,-4.099241840087721e-07,0.0,9.28408490066301e-08,-5.830103704904287e-08,0.0
580,34860.0,34860,3.4540744830483276e-08,3.4540744841141736e-08,-4.094692301005343e-07,0.0,9.285474404459913e-08,-5.8313999188025365e-08,0.0
581,34920.0,34920,3.454169668776642e-08,3.4541696698424876e-08,-4.0901427876704936e-07,0.0,9.286864579106823e-08,-5.832694907721065e-08,0.0
582,34980.0,34980,3.454266743683315e-08,3.454266744749294e-08,-4.0855932970101124e-07,0.0,9.288255415545246e-08,-5.833988669252216e-08,0.0
583,35040.0,35040,3.454365701099433e-08,3.454365702165545e-08,-4.0810438259610295e-07,0.0,9.289646904699272e-08,-5.83528120098966e-08,0.0
584,35100.0,35100,3.454466534339066e-08,3.4544665354051776e-08,-4.0764943714699113e-07,0.0,9.291039037478907e-08,-5.8365725005296606e-08,0.0
585,35160.0,35160,3.4545692366968764e-08,3.4545692377631877e-08,-4.0719449304933144e-07,0.0,9.292431804777e-08,-5.8378625654695454e-08,0.0
586,35220.0,35220,3.454673801452771e-08,3.454673802519281e-08,-4.0673954999982176e-07,0.0,9.293825197471653e-08,-5.8391513934077055e-08,0.0
587,35280.0,35280,3.4547802218675143e-08,3.454780222934291e-08,-4.0628460769609045e-07,0.0,9.29521920642461e-08,-5.840438981945521e-08,0.0
588,35340.0,35340,3.454888491186452e-08,3.4548884922530956e-08,-4.0582966583684e-07,0.0,9.296613822483399e-08,-5.841725328684973e-08,0.0
589,35400.0,35400,3.4549986026357856e-08,3.454998603702496e-08,-4.053747241217087e-07,0.0,9.298009036476664e-08,-5.8430104312285054e-08,0.0
590,35460.0,35460,3.4551105494251024e-08,3.455110550491945e-08,-4.0491978225143025e-07,0.0,9.299404839221357e-08,-5.844294287183616e-08,0.0
591,35520.0,35520,3.455224324747637e-08,3.455224325814879e-08,-4.0446483992767947e-07,0.0,9.30080122151648e-08,-5.8455768941559385e-08,0.0
592,35580.0,35580,3.4553399217780816e-08,3.45533992284519e-08,-4.040098968531733e-07,0.0,9.302198174146416e-08,-5.8468582497546986e-08,0.0
593,35640.0,35640,3.455457333675375e-08,3.45545733474255e-08,-4.0355495273166034e-07,0.0,9.303595687879062e-08,-5.848138351590251e-08,0.0
594,35700.0,35700,3.455576553582305e-08,3.455576554649613e-08,-4.031000072678729e-07,0.0,9.304993753470085e-08,-5.849417197273879e-08,0.0
595,35760.0,35760,3.4556975746219865e-08,3.4556975756894274e-08,-4.02645060167564e-07,0.0,9.306392361656279e-08,-5.850694784419993e-08,0.0
596,35820.0,35820,3.455820389903176e-08,3.45582039097075e-08,-4.0219011113759294e-07,0.0,9.307791503161408e-08,-5.851971110643932e-08,0.0
597,35880.0,35880,3.455944992514759e-08,3.4559449935823996e-08,-4.0173515988576523e-07,0.0,9.309191168691689e-08,-5.8532461735620985e-08,0.0
598,35940.0,35940,3.456071375533721e-08,3.456071376601627e-08,-4.012802061209075e-07,0.0,9.31059134894204e-08,-5.854519970793089e-08,0.0
599,36000.0,36000,3.456199532014252e-08,3.456199533082225e-08,-4.008252495529629e-07,0.0,9.311992034587973e-08,-5.85579249995849e-08,0.0
600,36060.0,36060,3.4563294549994405e-08,3.4563294560674796e-08,-4.003702898928104e-07,0.0,9.313393216293962e-08,-5.8570637586789594e-08,0.0
601,36120.0,36120,3.4564611375120377e-08,3.456461138580077e-08,-3.9991532685246696e-07,0.0,9.314794884706808e-08,-5.858333744578476e-08,0.0
602,36180.0,36180,3.456594572558643e-08,3.4565945736267487e-08,-3.994603601448906e-07,0.0,9.316197030458682e-08,-5.8596024552838114e-08,0.0
603,36240.0,36240,3.456729753130502e-08,3.4567297541988735e-08,-3.9900538948417724e-07,0.0,9.317599644168202e-08,-5.8608698884208074e-08,0.0
604,36300.0,36300,3.456866672202444e-08,3.456866673270882e-08,-3.985504145853906e-07,0.0,9.319002716438695e-08,-5.8621360416194246e-08,0.0
605,36360.0,36360,3.457005322730222e-08,3.45700532379886e-08,-3.9809543516470043e-07,0.0,9.320406237857273e-08,-5.863400912509294e-08,0.0
606,36420.0,36420,3.457145697655832e-08,3.4571456987245354e-08,-3.976404509393185e-07,0.0,9.321810198997885e-08,-5.864664498724431e-08,0.0
607,36480.0,36480,3.4572877899039855e-08,3.457287790972889e-08,-3.9718546162748833e-07,0.0,9.323214590419463e-08,-5.865926797897057e-08,0.0
608,36540.0,36540,3.4574315923849743e-08,3.4574315934538776e-08,-3.967304669485061e-07,0.0,9.324619402667508e-08,-5.8671878076641134e-08,0.0
609,36600.0,36600,3.457577097987554e-08,3.457577099056457e-08,-3.962754666227475e-07,0.0,9.326024626270775e-08,-5.8684475256642685e-08,0.0
610,36660.0,36660,3.457724299589646e-08,3.457724300658681e-08,-3.9582046037164617e-07,0.0,9.327430251744723e-08,-5.869705949535926e-08,0.0
611,36720.0,36720,3.4578731900506936e-08,3.457873191119796e-08,-3.9536544791768357e-07,0.0,9.328836269590325e-08,-5.8709630769203466e-08,0.0
612,36780.0,36780,3.4580237622131944e-08,3.458023763282496e-08,-3.949104289844203e-07,0.0,9.330242670294859e-08,-5.872218905461782e-08,0.0
613,36840.0,36840,3.458176008906216e-08,3.4581760099757176e-08,-3.9445540329649647e-07,0.0,9.331649444330052e-08,-5.873473432803554e-08,0.0
614,36900.0,36900,3.458329922940351e-08,3.458329924009919e-08,-3.940003705796156e-07,0.0,9.33305658215447e-08,-5.874726656593703e-08,0.0
615,36960.0,36960,3.458485497110837e-08,3.458485498180405e-08,-3.935453305605394e-07,0.0,9.334464074211522e-08,-5.875978574480337e-08,0.0
616,37020.0,37020,3.458642724197427e-08,3.4586427252671275e-08,-3.9309028296711956e-07,0.0,9.335871910931995e-08,-5.8772291841134887e-08,0.0
617,37080.0,37080,3.458801596963121e-08,3.458801598032955e-08,-3.9263522752827655e-07,0.0,9.337280082730452e-08,-5.8784784831459185e-08,0.0
618,37140.0,37140,3.458962108157298e-08,3.4589621092274647e-08,-3.921801639740369e-07,0.0,9.338688580010426e-08,-5.879726469231051e-08,0.0
619,37200.0,37200,3.459124250510325e-08,3.4591242515804247e-08,-3.9172509203551187e-07,0.0,9.340097393158434e-08,-5.8809731400259006e-08,0.0
620,37260.0,37260,3.459288016739475e-08,3.459288017809774e-08,-3.9127001144486003e-07,0.0,9.341506512549429e-08,-5.8822184931874786e-08,0.0
621,37320.0,37320,3.4594533995435455e-08,3.459453400613845e-08,-3.9081492193535143e-07,0.0,9.34291592854241e-08,-5.883462526376056e-08,0.0
622,37380.0,37380,3.459620391610299e-08,3.4596203926807314e-08,-3.9035982324136215e-07,0.0,9.344325631485476e-08,-5.8847052372521035e-08,0.0
623,37440.0,37440,3.4597889856081566e-08,3.4597889866786554e-08,-3.899047150983422e-07,0.0,9.345735611711175e-08,-5.885946623479546e-08,0.0
624,37500.0,37500,3.45995917419012e-08,3.459959175260752e-08,-3.8944959724285827e-07,0.0,9.347145859538095e-08,-5.887186682724503e-08,0.0
625,37560.0,37560,3.460130949994502e-08,3.4601309510652e-08,-3.8899446941254597e-07,0.0,9.348556365272465e-08,-5.8884254126538915e-08,0.0
626,37620.0,37620,3.460304305646055e-08,3.460304306716952e-08,-3.885393313461467e-07,0.0,9.34996711920708e-08,-5.889662810936356e-08,0.0
627,37680.0,37680,3.4604792337523854e-08,3.4604792348233487e-08,-3.880841827835239e-07,0.0,9.351378111619988e-08,-5.890898875242403e-08,0.0
628,37740.0,37740,3.460655726904414e-08,3.460655727975444e-08,-3.8762902346565757e-07,0.0,9.352789332776473e-08,-5.892133603247324e-08,0.0
629,37800.0,37800,3.460833777681433e-08,3.4608337787526626e-08,-3.871738531345753e-07,0.0,9.354200772929721e-08,-5.8933669926230866e-08,0.0
630,37860.0,37860,3.4610133786449865e-08,3.4610133797161496e-08,-3.8671867153348513e-07,0.0,9.355612422319225e-08,-5.894599041048772e-08,0.0
631,37920.0,37920,3.46119452234193e-08,3.461194523413425e-08,-3.862634784066584e-07,0.0,9.357024271169858e-08,-5.89582974620213e-08,0.0
632,37980.0,37980,3.4613772013040305e-08,3.461377202375592e-08,-3.858082734995151e-07,0.0,9.358436309694662e-08,-5.897059105764368e-08,0.0
633,38040.0,38040,3.461561408049829e-08,3.4615614091214576e-08,-3.853530565585759e-07,0.0,9.359848528094713e-08,-5.8982871174179555e-08,0.0
634,38100.0,38100,3.4617471350792573e-08,3.4617471361512186e-08,-3.84897827331478e-07,0.0,9.361260916554739e-08,-5.8995137788482874e-08,0.0
635,38160.0,38160,3.461934374881412e-08,3.4619343759534385e-08,-3.84442585567002e-07,0.0,9.362673465250561e-08,-5.900739087741489e-08,0.0
636,38220.0,38220,3.462123119927907e-08,3.462123121000068e-08,-3.8398733101502355e-07,0.0,9.364086164341779e-08,-5.901963041786145e-08,0.0
637,38280.0,38280,3.462313362676869e-08,3.4623133637489627e-08,-3.835320634265725e-07,0.0,9.365499003979091e-08,-5.9031856386743626e-08,0.0
638,38340.0,38340,3.462505095571598e-08,3.4625050966438246e-08,-3.830767825537897e-07,0.0,9.366911974297374e-08,-5.9044068760974517e-08,0.0
639,38400.0,38400,3.4626983110404406e-08,3.462698312112667e-08,-3.826214881499488e-07,0.0,9.368325065420073e-08,-5.905626751750378e-08,0.0
640,38460.0,38460,3.4628930014971886e-08,3.4628930025697474e-08,-3.8216617996946123e-07,0.0,9.369738267457208e-08,-5.906845263330432e-08,0.0
641,38520.0,38520,3.463089159342207e-08,3.463089160414832e-08,-3.8171085776789236e-07,0.0,9.37115157050803e-08,-5.908062408536303e-08,0.0
642,38580.0,38580,3.4632867769605054e-08,3.463286778033197e-08,-3.812555213018868e-07,0.0,9.372564964659695e-08,-5.9092781850689375e-08,0.0
643,38640.0,38640,3.463485846721278e-08,3.463485847794036e-08,-3.808001703292804e-07,0.0,9.373978439982208e-08,-5.9104925906308774e-08,0.0
644,38700.0,38700,3.4636863609828815e-08,3.4636863620557063e-08,-3.8034480460905214e-07,0.0,9.375391986541722e-08,-5.91170562292799e-08,0.0
645,38760.0,38760,3.463888312086661e-08,3.4638883131594856e-08,-3.7988942390130824e-07,0.0,9.376805594383916e-08,-5.9129172796664055e-08,0.0
646,38820.0,38820,3.464091692360598e-08,3.464091693433689e-08,-3.794340279672982e-07,0.0,9.378219253547825e-08,-5.9141275585561776e-08,0.0
647,38880.0,38880,3.464296494119052e-08,3.4642964951922754e-08,-3.789786165694306e-07,0.0,9.379632954058392e-08,-5.915336457307692e-08,0.0
648,38940.0,38940,3.4645027096614254e-08,3.4645027107349815e-08,-3.7852318947128924e-07,0.0,9.381046685928595e-08,-5.916543973634924e-08,0.0
649,39000.0,39000,3.464710331275358e-08,3.4647103323487146e-08,-3.780677464375638e-07,0.0,9.382460439161045e-08,-5.917750105253508e-08,0.0
650,39060.0,39060,3.464919351231472e-08,3.464919352305028e-08,-3.7761228723410857e-07,0.0,9.383874203744528e-08,-5.918954849880544e-08,0.0
651,39120.0,39120,3.465129761788827e-08,3.465129762862582e-08,-3.7715681162796873e-07,0.0,9.385287969657859e-08,-5.920158205235656e-08,0.0
652,39180.0,39180,3.4653415551910604e-08,3.4653415562649486e-08,-3.767013193873435e-07,0.0,9.386701726866028e-08,-5.921360169041791e-08,0.0
653,39240.0,39240,3.465554723668452e-08,3.4655547247424724e-08,-3.7624581028153797e-07,0.0,9.388115465324323e-08,-5.922560739021831e-08,0.0
654,39300.0,39300,3.465769259441176e-08,3.4657692605151307e-08,-3.757902840811068e-07,0.0,9.389529174977529e-08,-5.923759912902246e-08,0.0
655,39360.0,39360,3.465985154710601e-08,3.465985155784821e-08,-3.753347405577266e-07,0.0,9.390942845756074e-08,-5.9249576884113e-08,0.0
656,39420.0,39420,3.4662024016662604e-08,3.466202402740548e-08,-3.7487917948421726e-07,0.0,9.392356467580948e-08,-5.926154063279917e-08,0.0
657,39480.0,39480,3.4664209924884515e-08,3.466420993562871e-08,-3.74423600634595e-07,0.0,9.393770030363307e-08,-5.927349035239884e-08,0.0
658,39540.0,39540,3.466640919337797e-08,3.466640920412283e-08,-3.7396800378408825e-07,0.0,9.395183524000343e-08,-5.928542602027309e-08,0.0
659,39600.0,39600,3.46686217436548e-08,3.466862175440033e-08,-3.735123887090211e-07,0.0,9.396596938378884e-08,-5.9297347613776365e-08,0.0
660,39660.0,39660,3.467084749706403e-08,3.4670847507812214e-08,-3.7305675518696687e-07,0.0,9.398010263374859e-08,-5.9309255110320235e-08,0.0
661,39720.0,39720,3.4673086374881526e-08,3.467308638563104e-08,-3.7260110299662634e-07,0.0,9.399423488854621e-08,-5.932114848729836e-08,0.0
662,39780.0,39780,3.467533829819045e-08,3.467533830893997e-08,-3.7214543191792326e-07,0.0,9.400836604672563e-08,-5.9333027722166855e-08,0.0
663,39840.0,39840,3.467760318797689e-08,3.4677603198725745e-08,-3.7168974173190855e-07,0.0,9.402249600671908e-08,-5.9344892792372546e-08,0.0
664,39900.0,39900,3.4679880965088705e-08,3.4679880975841544e-08,-3.712340322208774e-07,0.0,9.403662466686845e-08,-5.9356743675404115e-08,0.0
665,39960.0,39960,3.468217155023216e-08,3.4682171560985e-08,-3.707783031682735e-07,0.0,9.405075192538266e-08,-5.936858034876821e-08,0.0
666,40020.0,40020,3.4684474864041766e-08,3.4684474874796596e-08,-3.703225543587317e-07,0.0,9.406487768040016e-08,-5.938040278997878e-08,0.0
667,40080.0,40080,3.468679082693998e-08,3.468679083769482e-08,-3.698667855781204e-07,0.0,9.40790018299252e-08,-5.9392210976600944e-08,0.0
668,40140.0,40140,3.468911935929345e-08,3.468911937005094e-08,-3.694109966134459e-07,0.0,9.409312427187158e-08,-5.9404004886192526e-08,0.0
669,40200.0,40200,3.469146038132126e-08,3.469146039208008e-08,-3.689551872529481e-07,0.0,9.410724490406539e-08,-5.941578449635321e-08,0.0
670,40260.0,40260,3.469381381307632e-08,3.469381382383581e-08,-3.6849935728602613e-07,0.0,9.412136362418118e-08,-5.942754978470928e-08,0.0
671,40320.0,40320,3.469617957456703e-08,3.469617958532718e-08,-3.680435065033072e-07,0.0,9.413548032985759e-08,-5.943930072889366e-08,0.0
672,40380.0,40380,3.469855758563228e-08,3.469855759639243e-08,-3.6758763469661516e-07,0.0,9.414959491860167e-08,-5.9451037306569165e-08,0.0
673,40440.0,40440,3.47009477659714e-08,3.47009477767342e-08,-3.671317416589754e-07,0.0,9.416370728780217e-08,-5.946275949542789e-08,0.0
674,40500.0,40500,3.470335003519198e-08,3.470335004595545e-08,-3.6667582718462036e-07,0.0,9.417781733478135e-08,-5.947446727318251e-08,0.0
675,40560.0,40560,3.470576431277799e-08,3.470576432354479e-08,-3.662198910689843e-07,0.0,9.419192495675649e-08,-5.9486160617562324e-08,0.0
676,40620.0,40620,3.4708190518103084e-08,3.470819052886789e-08,-3.6576393310869237e-07,0.0,9.420603005084248e-08,-5.9497839506327205e-08,0.0
677,40680.0,40680,3.471062857038071e-08,3.471062858114817e-08,-3.6530795310159813e-07,0.0,9.422013251405451e-08,-5.9509503917252976e-08,0.0
678,40740.0,40740,3.471307838874922e-08,3.471307839951801e-08,-3.648519508467993e-07,0.0,9.423423224332008e-08,-5.95211538281487e-08,0.0
679,40800.0,40800,3.471553989219276e-08,3.4715539902962215e-08,-3.643959261445582e-07,0.0,9.424832913546824e-08,-5.9532789216853335e-08,0.0
680,40860.0,40860,3.4718012999622363e-08,3.4718013010391156e-08,-3.639398787963599e-07,0.0,9.42624230872537e-08,-5.954441006120253e-08,0.0
681,40920.0,40920,3.4720497629799535e-08,3.472049764057165e-08,-3.6348380860492866e-07,0.0,9.427651399531277e-08,-5.955601633908111e-08,0.0
682,40980.0,40980,3.472299370138604e-08,3.472299371215949e-08,-3.6302771537417433e-07,0.0,9.429060175620869e-08,-5.956760802838388e-08,0.0
683,41040.0,41040,3.472550113290877e-08,3.472550114368354e-08,-3.6257159890927226e-07,0.0,9.430468626638906e-08,-5.9579185107042184e-08,0.0
684,41100.0,41100,3.4728019842800854e-08,3.47280198535763e-08,-3.621154590165943e-07,0.0,9.431876742224962e-08,-5.9590747553001344e-08,0.0
685,41160.0,41160,3.473054974938844e-08,3.4730549760164544e-08,-3.6165929550374045e-07,0.0,9.43328451200731e-08,-5.960229534423791e-08,0.0
686,41220.0,41220,3.473309077086074e-08,3.473309078163817e-08,-3.6120310817954973e-07,0.0,9.434691925605451e-08,-5.961382845874504e-08,0.0
687,41280.0,41280,3.4735642825321235e-08,3.4735642836099994e-08,-3.6074689685404687e-07,0.0,9.436098972632243e-08,-5.962534687454515e-08,0.0
688,41340.0,41340,3.473820583074512e-08,3.4738205841524545e-08,-3.602906613385434e-07,0.0,9.437505642688842e-08,-5.963685056968592e-08,0.0
689,41400.0,41400,3.474077970500324e-08,3.4740779715784e-08,-3.598344014455685e-07,0.0,9.438911925370288e-08,-5.964833952223894e-08,0.0
690,41460.0,41460,3.474336436585014e-08,3.474336437663222e-08,-3.593781169888583e-07,0.0,9.440317810261522e-08,-5.965981371030105e-08,0.0
691,41520.0,41520,3.474595973096988e-08,3.474595974175396e-08,-3.5892180778338803e-07,0.0,9.441723286942698e-08,-5.967127311198974e-08,0.0
692,41580.0,41580,3.474856571788304e-08,3.474856572866646e-08,-3.584654736453876e-07,0.0,9.443128344980806e-08,-5.968271770545169e-08,0.0
693,41640.0,41640,3.4751182244049717e-08,3.475118225483446e-08,-3.5800911439233653e-07,0.0,9.444532973938856e-08,-5.969414746886086e-08,0.0
694,41700.0,41700,3.4753809226806356e-08,3.4753809237593096e-08,-3.575527298429002e-07,0.0,9.445937163369482e-08,-5.970556238040716e-08,0.0
695,41760.0,41760,3.475644658336647e-08,3.475644659415587e-08,-3.5709631981705717e-07,0.0,9.447340902816815e-08,-5.971696241831904e-08,0.0
696,41820.0,41820,3.4759094230875755e-08,3.4759094241665154e-08,-3.5663988413598786e-07,0.0,9.44874418182033e-08,-5.972834756084158e-08,0.0
697,41880.0,41880,3.476175208636893e-08,3.4761752097160315e-08,-3.561834226221275e-07,0.0,9.450146989909932e-08,-5.973971778624111e-08,0.0
698,41940.0,41940,3.4764420066757725e-08,3.4764420077549117e-08,-3.557269350991396e-07,0.0,9.451549316606224e-08,-5.975107307281057e-08,0.0
699,42000.0,42000,3.476709808887015e-08,3.476709809966353e-08,-3.552704213919586e-07,0.0,9.45295115142555e-08,-5.976241339888742e-08,0.0
700,42060.0,42060,3.4769786069428516e-08,3.476978608022257e-08,-3.5481388132675236e-07,0.0,9.454352483874155e-08,-5.977373874281312e-08,0.0
701,42120.0,42120,3.477248392505478e-08,3.477248393585016e-08,-3.543573147309809e-07,0.0,9.455753303452034e-08,-5.978504908296232e-08,0.0
702,42180.0,42180,3.477519157228449e-08,3.47751915830812e-08,-3.539007214333114e-07,0.0,9.457153599652803e-08,-5.979634439773432e-08,0.0
703,42240.0,42240,3.477790892755616e-08,3.477790893835353e-08,-3.534441012636764e-07,0.0,9.458553361961703e-08,-5.98076246655503e-08,0.0
704,42300.0,42300,3.478063590718333e-08,3.4780635917981365e-08,-3.529874540532633e-07,0.0,9.459952579857193e-08,-5.981888986487537e-08,0.0
705,42360.0,42360,3.478337242738784e-08,3.4783372438187204e-08,-3.5253077963454644e-07,0.0,9.461351242808429e-08,-5.983013997418057e-08,0.0
706,42420.0,42420,3.4786118404362275e-08,3.478611841516363e-08,-3.5207407784123355e-07,0.0,9.462749340284435e-08,-5.984137497196155e-08,0.0
707,42480.0,42480,3.478887375410381e-08,3.478887376490583e-08,-3.5161734850826083e-07,0.0,9.464146861739878e-08,-5.985259483676979e-08,0.0
708,42540.0,42540,3.479163839261958e-08,3.479163840342227e-08,-3.511605914718884e-07,0.0,9.465543796628359e-08,-5.986379954713949e-08,0.0
709,42600.0,42600,3.479441223571801e-08,3.479441224652203e-08,-3.5070380656960464e-07,0.0,9.466940134392712e-08,-5.98749890816733e-08,0.0
710,42660.0,42660,3.479719519922014e-08,3.479719521002615e-08,-3.5024699364017946e-07,0.0,9.468335864472585e-08,-5.98861634189699e-08,0.0
711,42720.0,42720,3.479998719879214e-08,3.479998720959882e-08,-3.497901525236163e-07,0.0,9.469730976300711e-08,-5.989732253767183e-08,0.0
712,42780.0,42780,3.4802788150010464e-08,3.4802788160817804e-08,-3.493332830612427e-07,0.0,9.471125459299583e-08,-5.990846641644357e-08,0.0
713,42840.0,42840,3.480559796840303e-08,3.480559797921104e-08,-3.4887638509561975e-07,0.0,9.472519302891966e-08,-5.99195950339735e-08,0.0
714,42900.0,42900,3.4808416569385444e-08,3.4808416580196774e-08,-3.48419458470574e-07,0.0,9.473912496490651e-08,-5.993070836897329e-08,0.0
715,42960.0,42960,3.48112438682756e-08,3.4811243879087593e-08,-3.479625030312135e-07,0.0,9.475305029502851e-08,-5.994180640020248e-08,0.0
716,43020.0,43020,3.481407978033224e-08,3.481407979114357e-08,-3.475055186239278e-07,0.0,9.47669689133019e-08,-5.995288910641856e-08,0.0
717,43080.0,43080,3.481692422072304e-08,3.4816924231537696e-08,-3.4704850509636133e-07,0.0,9.478088071370572e-08,-5.99639564664256e-08,0.0
718,43140.0,43140,3.4819777104510004e-08,3.481977711532333e-08,-3.465914622974292e-07,0.0,9.479478559012331e-08,-5.997500845905356e-08,0.0
719,43200.0,43200,3.482263834669199e-08,3.482263835750798e-08,-3.4613439007738136e-07,0.0,9.48086834364061e-08,-5.998604506315105e-08,0.0
720,43260.0,43260,3.482550786220539e-08,3.482550787302337e-08,-3.456772882876693e-07,0.0,9.48225741463763e-08,-5.999706625759986e-08,0.0
721,43320.0,43320,3.4828385565852975e-08,3.482838557667029e-08,-3.4522015678107396e-07,0.0,9.483645761374571e-08,-6.000807202132102e-08,0.0
722,43380.0,43380,3.483127137240696e-08,3.4831271383224936e-08,-3.4476299541164164e-07,0.0,9.485033373221425e-08,-6.001906233323425e-08,0.0
723,43440.0,43440,3.4834165196541186e-08,3.483416520736182e-08,-3.443058040347215e-07,0.0,9.486420239543262e-08,-6.003003717231374e-08,0.0
724,43500.0,43500,3.483706695284907e-08,3.4837066963670374e-08,-3.4384858250692284e-07,0.0,9.487806349697706e-08,-6.004099651754632e-08,0.0
725,43560.0,43560,3.483997655584627e-08,3.48399765666689e-08,-3.4339133068612576e-07,0.0,9.489191693038931e-08,-6.005194034795671e-08,0.0
726,43620.0,43620,3.484289391998728e-08,3.484289393080991e-08,-3.429340484315717e-07,0.0,9.490576258917382e-08,-6.006286864259621e-08,0.0
727,43680.0,43680,3.4845818959632896e-08,3.484581897045619e-08,-3.42476735603677e-07,0.0,9.491960036675796e-08,-6.007378138053475e-08,0.0
728,43740.0,43740,3.4848751589083416e-08,3.484875159990937e-08,-3.4201939206423004e-07,0.0,9.49334301565638e-08,-6.008467854087943e-08,0.0
729,43800.0,43800,3.485169172258198e-08,3.485169173340993e-08,-3.41562017676274e-07,0.0,9.494725185194695e-08,-6.009556010276535e-08,0.0
730,43860.0,43860,3.4854639274242796e-08,3.485463928507008e-08,-3.4110461230416546e-07,0.0,9.496106534619785e-08,-6.010642604535543e-08,0.0
731,43920.0,43920,3.48575941581774e-08,3.485759416900601e-08,-3.406471758135318e-07,0.0,9.497487053261495e-08,-6.011727634783194e-08,0.0
732,43980.0,43980,3.486055628837969e-08,3.4860556299210955e-08,-3.4018970807129776e-07,0.0,9.498866730441423e-08,-6.012811098942629e-08,0.0
733,44040.0,44040,3.486352557879769e-08,3.4863525589628295e-08,-3.3973220894570694e-07,0.0,9.500245555478251e-08,-6.013892994937523e-08,0.0
734,44100.0,44100,3.4866501943305e-08,3.48665019541376e-08,-3.392746783062682e-07,0.0,9.50162351768826e-08,-6.014973320696268e-08,0.0
735,44160.0,44160,3.486948529571074e-08,3.486948530654534e-08,-3.388171160237667e-07,0.0,9.503000606381221e-08,-6.016052074148457e-08,0.0
736,44220.0,44220,3.4872475549755576e-08,3.4872475560591497e-08,-3.3835952197037013e-07,0.0,9.504376810866241e-08,-6.017129253228461e-08,0.0
737,44280.0,44280,3.487547261912433e-08,3.487547262996158e-08,-3.3790189601944245e-07,0.0,9.505752120447508e-08,-6.018204855872454e-08,0.0
738,44340.0,44340,3.487847641740015e-08,3.487847642823607e-08,-3.3744423804571956e-07,0.0,9.507126524422296e-08,-6.019278880019328e-08,0.0
739,44400.0,44400,3.488148685816483e-08,3.488148686900275e-08,-3.369865479252081e-07,0.0,9.508500012092002e-08,-6.0203513236121e-08,0.0
740,44460.0,44460,3.488450385489783e-08,3.488450386573641e-08,-3.365288255352121e-07,0.0,9.509872572748051e-08,-6.021422184594718e-08,0.0
741,44520.0,44520,3.4887527321032726e-08,3.4887527331873967e-08,-3.3607107075437573e-07,0.0,9.5112441956832e-08,-6.022491460915778e-08,0.0
742,44580.0,44580,3.489055716991273e-08,3.489055718075463e-08,-3.3561328346258727e-07,0.0,9.512614870182493e-08,-6.023559150526738e-08,0.0
743,44640.0,44640,3.489359331488435e-08,3.4893593325728254e-08,-3.351554635411015e-07,0.0,9.513984585534034e-08,-6.024625251381116e-08,0.0
744,44700.0,44700,3.4896635669174475e-08,3.4896635680018376e-08,-3.346976108724122e-07,0.0,9.515353331018481e-08,-6.025689761436019e-08,0.0
745,44760.0,44760,3.489968414599535e-08,3.4899684156839916e-08,-3.3423972534040085e-07,0.0,9.51672109591596e-08,-6.026752678651544e-08,0.0
746,44820.0,44820,3.490273865845291e-08,3.49027386692988e-08,-3.33781806830204e-07,0.0,9.518087869501681e-08,-6.02781400099058e-08,0.0
747,44880.0,44880,3.490579911968361e-08,3.4905799130530167e-08,-3.3332385522825016e-07,0.0,9.519453641052447e-08,-6.028873726418275e-08,0.0
748,44940.0,44940,3.490886544267973e-08,3.490886545352762e-08,-3.328658704223024e-07,0.0,9.52081839983948e-08,-6.029931852905696e-08,0.0
749,45000.0,45000,3.491193754044482e-08,3.4911937551293364e-08,-3.32407852301416e-07,0.0,9.5221821351336e-08,-6.030988378422576e-08,0.0
750,45060.0,45060,3.4915015325890705e-08,3.491501533673992e-08,-3.319498007560075e-07,0.0,9.523544836201374e-08,-6.032043300945296e-08,0.0
751,45120.0,45120,3.491809871192191e-08,3.491809872277378e-08,-3.314917156777589e-07,0.0,9.524906492310303e-08,-6.033096618450706e-08,0.0
752,45180.0,45180,3.492118761134193e-08,3.4921187622195134e-08,-3.3103359695966545e-07,0.0,9.526267092722966e-08,-6.034148328921433e-08,0.0
753,45240.0,45240,3.4924281936935644e-08,3.492428194778951e-08,-3.305754444960838e-07,0.0,9.527626626702342e-08,-6.035198430340706e-08,0.0
754,45300.0,45300,3.492738160146933e-08,3.492738161232586e-08,-3.301172581826094e-07,0.0,9.528985083511142e-08,-6.036246920695474e-08,0.0
755,45360.0,45360,3.493048651758829e-08,3.493048652844548e-08,-3.296590379161936e-07,0.0,9.530342452404239e-08,-6.03729379797694e-08,0.0
756,45420.0,45420,3.493359659797637e-08,3.493359660883423e-08,-3.2920078359512253e-07,0.0,9.531698722644743e-08,-6.038339060177971e-08,0.0
757,45480.0,45480,3.493671175519514e-08,3.493671176605499e-08,-3.2874249511894774e-07,0.0,9.5330538834842e-08,-6.039382705295352e-08,0.0
758,45540.0,45540,3.493983190183075e-08,3.493983191269126e-08,-3.2828417238857654e-07,0.0,9.534407924181337e-08,-6.040424731328132e-08,0.0
759,45600.0,45600,3.4942956950404196e-08,3.494295696126471e-08,-3.278258153062405e-07,0.0,9.535760833990092e-08,-6.041465136279608e-08,0.0
760,45660.0,45660,3.494608681336871e-08,3.494608682422989e-08,-3.2736742377546837e-07,0.0,9.537112602162543e-08,-6.042503918155673e-08,0.0
761,45720.0,45720,3.494922140319014e-08,3.4949221414051984e-08,-3.269089977010812e-07,0.0,9.538463217954093e-08,-6.043541074964482e-08,0.0
762,45780.0,45780,3.495236063224859e-08,3.495236064311309e-08,-3.26450536989293e-07,0.0,9.539812670614294e-08,-6.044576604718107e-08,0.0
763,45840.0,45840,3.4955504412904884e-08,3.495550442377005e-08,-3.2599204154756203e-07,0.0,9.541160949395091e-08,-6.045610505433209e-08,0.0
764,45900.0,45900,3.4958652657489947e-08,3.495865266835578e-08,-3.2553351128471325e-07,0.0,9.542508043547898e-08,-6.046642775127044e-08,0.0
765,45960.0,45960,3.496180527830346e-08,3.496180528917062e-08,-3.2507494611089544e-07,0.0,9.543853942323598e-08,-6.047673411821259e-08,0.0
766,46020.0,46020,3.496496218759393e-08,3.4964962198463085e-08,-3.2461634593754957e-07,0.0,9.545198634972938e-08,-6.048702413541354e-08,0.0
767,46080.0,46080,3.496812329759723e-08,3.4968123308467054e-08,-3.241577106774565e-07,0.0,9.546542110746537e-08,-6.04972977831409e-08,0.0
768,46140.0,46140,3.497128852049274e-08,3.4971288531363225e-08,-3.2369904024474247e-07,0.0,9.547884358894078e-08,-6.050755504171749e-08,0.0
769,46200.0,46200,3.497445776844721e-08,3.4974457779317695e-08,-3.232403345547831e-07,0.0,9.549225368665913e-08,-6.051779589148003e-08,0.0
770,46260.0,46260,3.4977630953614096e-08,3.497763096448591e-08,-3.2278159352436325e-07,0.0,9.550565129315581e-08,-6.052802031280385e-08,0.0
771,46320.0,46320,3.498080798806045e-08,3.498080799893359e-08,-3.2232281707154384e-07,0.0,9.551903630090642e-08,-6.053822828610678e-08,0.0
772,46380.0,46380,3.4983988783905164e-08,3.498398879477963e-08,-3.2186400511573643e-07,0.0,9.553240860246364e-08,-6.054841979181596e-08,0.0
773,46440.0,46440,3.498717325318671e-08,3.4987173264062514e-08,-3.2140515757764987e-07,0.0,9.554576809033363e-08,-6.055859481040241e-08,0.0
774,46500.0,46500,3.499036130793426e-08,3.499036131881139e-08,-3.209462743793491e-07,0.0,9.55591146570731e-08,-6.056875332238567e-08,0.0
775,46560.0,46560,3.499355286016102e-08,3.499355287103882e-08,-3.204873554442016e-07,0.0,9.557244819520543e-08,-6.057889530829324e-08,0.0
776,46620.0,46620,3.499674782183635e-08,3.499674783271548e-08,-3.200284006969469e-07,0.0,9.558576859728735e-08,-6.058902074869917e-08,0.0
777,46680.0,46680,3.4999946104927594e-08,3.499994611580738e-08,-3.195694100635792e-07,0.0,9.559907575588613e-08,-6.059912962420072e-08,0.0
778,46740.0,46740,3.500314762138416e-08,3.500314763226727e-08,-3.1911038347147004e-07,0.0,9.561236956358905e-08,-6.060922191544109e-08,0.0
779,46800.0,46800,3.500635228310959e-08,3.500635229399204e-08,-3.186513208492936e-07,0.0,9.562564991296605e-08,-6.061929760309001e-08,0.0
780,46860.0,46860,3.5009560002037345e-08,3.500956001292245e-08,-3.1819222212708526e-07,0.0,9.563891669665094e-08,-6.062935666784183e-08,0.0
781,46920.0,46920,3.5012770690040397e-08,3.5012770700925505e-08,-3.177330872361938e-07,0.0,9.565216980725089e-08,-6.06393990904374e-08,0.0
782,46980.0,46980,3.501598425899703e-08,3.5015984269884796e-08,-3.1727391610927085e-07,0.0,9.566540913741429e-08,-6.064942485164085e-08,0.0
783,47040.0,47040,3.5019200620746985e-08,3.5019200631634753e-08,-3.16814708680345e-07,0.0,9.567863457979221e-08,-6.065943393226283e-08,0.0
784,47100.0,47100,3.502241968716124e-08,3.502241969804901e-08,-3.1635546488471047e-07,0.0,9.569184602707958e-08,-6.066942631313594e-08,0.0
785,47160.0,47160,3.5025641370075544e-08,3.502564138096464e-08,-3.1589618465906516e-07,0.0,9.570504337198194e-08,-6.067940197511602e-08,0.0
786,47220.0,47220,3.502886558130638e-08,3.502886559219547e-08,-3.1543686794139924e-07,0.0,9.571822650721416e-08,-6.068936089912074e-08,0.0
787,47280.0,47280,3.5032092232649605e-08,3.5032092243540695e-08,-3.14977514671016e-07,0.0,9.573139532552302e-08,-6.069930306607772e-08,0.0
788,47340.0,47340,3.503532123594763e-08,3.503532124683938e-08,-3.1451812478855894e-07,0.0,9.574454971970314e-08,-6.070922845696048e-08,0.0
789,47400.0,47400,3.503855250295843e-08,3.5038552513852845e-08,-3.1405869823604313e-07,0.0,9.575768958252919e-08,-6.071913705277307e-08,0.0
790,47460.0,47460,3.504178594551045e-08,3.5041785956405525e-08,-3.1359923495674407e-07,0.0,9.577081480686359e-08,-6.072902883454814e-08,0.0
791,47520.0,47520,3.5045021475382283e-08,3.504502148627869e-08,-3.1313973489534093e-07,0.0,9.57839252855475e-08,-6.073890378335889e-08,0.0
792,47580.0,47580,3.504825900435185e-08,3.504825901524892e-08,-3.126801979977837e-07,0.0,9.579702091146992e-08,-6.074876188031374e-08,0.0
793,47640.0,47640,3.5051498444190424e-08,3.505149845508949e-08,-3.122206242114048e-07,0.0,9.581010157755575e-08,-6.075860310655235e-08,0.0
794,47700.0,47700,3.5054739706695216e-08,3.505473971759495e-08,-3.117610134848236e-07,0.0,9.582316717676576e-08,-6.076842744325292e-08,0.0
795,47760.0,47760,3.50579827036488e-08,3.5057982714550525e-08,-3.113013657680099e-07,0.0,9.583621760207804e-08,-6.077823487160829e-08,0.0
796,47820.0,47820,3.506122734682977e-08,3.5061227357732826e-08,-3.108416810122576e-07,0.0,9.584925274653844e-08,-6.078802537288041e-08,0.0
797,47880.0,47880,3.506447354800408e-08,3.50644735589058e-08,-3.1038195917018974e-07,0.0,9.586227250316891e-08,-6.079779892833989e-08,0.0
798,47940.0,47940,3.506772121899951e-08,3.506772122990256e-08,-3.0992220019578547e-07,0.0,9.587527676512298e-08,-6.080755551929786e-08,0.0
799,48000.0,48000,3.507097027156473e-08,3.507097028246912e-08,-3.0946240404434784e-07,0.0,9.588826542549569e-08,-6.081729512709738e-08,0.0
800,48060.0,48060,3.5074220617527535e-08,3.507422062843258e-08,-3.090025706724933e-07,0.0,9.590123837749775e-08,-6.082701773313132e-08,0.0
801,48120.0,48120,3.507747216868178e-08,3.507747217958949e-08,-3.0854270003815167e-07,0.0,9.591419551433188e-08,-6.08367233188092e-08,0.0
802,48180.0,48180,3.508072483684596e-08,3.508072484775366e-08,-3.080827921006405e-07,0.0,9.592713672927923e-08,-6.084641186558907e-08,0.0
803,48240.0,48240,3.508397853385513e-08,3.508397854476284e-08,-3.076228468205588e-07,0.0,9.594006191564756e-08,-6.085608335494887e-08,0.0
804,48300.0,48300,3.50872331715238e-08,3.508723318243483e-08,-3.0716286415985636e-07,0.0,9.595297096678711e-08,-6.086573776841578e-08,0.0
805,48360.0,48360,3.509048866171096e-08,3.509048867262133e-08,-3.067028440818227e-07,0.0,9.596586377610934e-08,-6.08753750875495e-08,0.0
806,48420.0,48420,3.5093744916268336e-08,3.5093744927180026e-08,-3.062427865510767e-07,0.0,9.597874023705888e-08,-6.088499529393969e-08,0.0
807,48480.0,48480,3.509700184708749e-08,3.509700185800051e-08,-3.0578269153352413e-07,0.0,9.599160024316283e-08,-6.089459836921782e-08,0.0
808,48540.0,48540,3.5100259366052034e-08,3.510025937696572e-08,-3.0532255899645845e-07,0.0,9.60044436879549e-08,-6.090418429504137e-08,0.0
809,48600.0,48600,3.510351738506419e-08,3.510351739597921e-08,-3.0486238890848654e-07,0.0,9.601727046505123e-08,-6.091375305312289e-08,0.0
810,48660.0,48660,3.510677581605276e-08,3.510677582696844e-08,-3.044021812395126e-07,0.0,9.603008046810652e-08,-6.092330462518696e-08,0.0
811,48720.0,48720,3.511003457096515e-08,3.511003458188282e-08,-3.039419359608289e-07,0.0,9.604287359084193e-08,-6.093283899300597e-08,0.0
812,48780.0,48780,3.511329356177337e-08,3.511329357269237e-08,-3.0348165304500877e-07,0.0,9.605564972703708e-08,-6.094235613838893e-08,0.0
813,48840.0,48840,3.511655270045474e-08,3.5116552711372414e-08,-3.0302133246595524e-07,0.0,9.606840877051286e-08,-6.0951856043182e-08,0.0
814,48900.0,48900,3.511981189902115e-08,3.5119811909940154e-08,-3.0256097419895355e-07,0.0,9.608115061516321e-08,-6.096133868926461e-08,0.0
815,48960.0,48960,3.512307106951971e-08,3.512307108044204e-08,-3.021005782205652e-07,0.0,9.609387515494724e-08,-6.097080405854344e-08,0.0
816,49020.0,49020,3.5126330124012154e-08,3.512633013493581e-08,-3.016401445086598e-07,0.0,9.610658228387192e-08,-6.098025213297501e-08,0.0
817,49080.0,49080,3.512958897457949e-08,3.5129588985502484e-08,-3.0117967304252654e-07,0.0,9.611927189601732e-08,-6.098968289455041e-08,0.0
818,49140.0,49140,3.513284753332599e-08,3.5132847544250983e-08,-3.007191638026724e-07,0.0,9.613194388551534e-08,-6.099909632529794e-08,0.0
819,49200.0,49200,3.513610571242705e-08,3.5136105723353373e-08,-3.0025861677103453e-07,0.0,9.614459814658832e-08,-6.100849240726853e-08,0.0
820,49260.0,49260,3.513936342404344e-08,3.5139363434971087e-08,-2.997980319307732e-07,0.0,9.615723457350639e-08,-6.101787112256423e-08,0.0
821,49320.0,49320,3.5142620580381784e-08,3.514262059131009e-08,-2.993374092664418e-07,0.0,9.616985306060088e-08,-6.102723245331905e-08,0.0
822,49380.0,49380,3.514587709369524e-08,3.5145877104623544e-08,-2.988767487639548e-07,0.0,9.618245350230147e-08,-6.103657638170153e-08,0.0
823,49440.0,49440,3.5149132876252244e-08,3.514913288718321e-08,-2.984160504104498e-07,0.0,9.619503579308304e-08,-6.104590288992211e-08,0.0
824,49500.0,49500,3.5152387840370435e-08,3.51523878513014e-08,-2.979553141944308e-07,0.0,9.620759982750819e-08,-6.105521196023174e-08,0.0
825,49560.0,49560,3.5155641898388034e-08,3.515564190931901e-08,-2.9749454010577917e-07,0.0,9.622014550020204e-08,-6.106450357490266e-08,0.0
826,49620.0,49620,3.515889496270178e-08,3.5158894973635405e-08,-2.970337281356575e-07,0.0,9.623267270587074e-08,-6.107377771625297e-08,0.0
827,49680.0,49680,3.516214694575158e-08,3.516214695668654e-08,-2.9657287827652595e-07,0.0,9.624518133932285e-08,-6.108303436665262e-08,0.0
828,49740.0,49740,3.516539775998335e-08,3.516539777091831e-08,-2.9611199052222185e-07,0.0,9.625767129538285e-08,-6.109227350847752e-08,0.0
829,49800.0,49800,3.516864731789817e-08,3.5168647328833786e-08,-2.9565106486784256e-07,0.0,9.627014246900417e-08,-6.110149512417738e-08,0.0
830,49860.0,49860,3.517189553208084e-08,3.517189554301912e-08,-2.951901013098469e-07,0.0,9.62825947552107e-08,-6.11106991962039e-08,0.0
831,49920.0,49920,3.5175142315121516e-08,3.517514232606179e-08,-2.9472909984604415e-07,0.0,9.629502804912602e-08,-6.11198857070699e-08,0.0
832,49980.0,49980,3.517838757965087e-08,3.517838759059048e-08,-2.9426806047550905e-07,0.0,9.630744224590297e-08,-6.11290546393135e-08,0.0
833,50040.0,50040,3.518163123836739e-08,3.5181631249307666e-08,-2.938069831986617e-07,0.0,9.631983724083395e-08,-6.113820597552863e-08,0.0
834,50100.0,50100,3.5184873204010754e-08,3.5184873214952355e-08,-2.933458680172195e-07,0.0,9.633221292927918e-08,-6.114733969832384e-08,0.0
835,50160.0,50160,3.5188113389366504e-08,3.5188113400308105e-08,-2.9288471493425597e-07,0.0,9.63445692066653e-08,-6.115645579035488e-08,0.0
836,50220.0,50220,3.519135170726473e-08,3.5191351718206995e-08,-2.924235239541152e-07,0.0,9.635690596854262e-08,-6.116555423433066e-08,0.0
837,50280.0,50280,3.5194588070625236e-08,3.519458808157016e-08,-2.9196229508251863e-07,0.0,9.636922311053589e-08,-6.117463501296476e-08,0.0
838,50340.0,50340,3.51978223923665e-08,3.519782240331009e-08,-2.9150102832643713e-07,0.0,9.638152052836156e-08,-6.118369810903919e-08,0.0
839,50400.0,50400,3.5201054585495394e-08,3.5201054596440985e-08,-2.910397236941923e-07,0.0,9.639379811782516e-08,-6.119274350537455e-08,0.0
840,50460.0,50460,3.5204284563081285e-08,3.520428457402887e-08,-2.905783811954296e-07,0.0,9.640605577483456e-08,-6.12017711847954e-08,0.0
841,50520.0,50520,3.520751223821081e-08,3.520751224915905e-08,-2.9011700084107076e-07,0.0,9.641829339537341e-08,-6.121078113020009e-08,0.0
842,50580.0,50580,3.521073752409887e-08,3.5210737535049116e-08,-2.896555826434092e-07,0.0,9.643051087556895e-08,-6.121977332450356e-08,0.0
843,50640.0,50640,3.5213960333938465e-08,3.521396034488871e-08,-2.8919412661599867e-07,0.0,9.644270811159889e-08,-6.122874775068927e-08,0.0
844,50700.0,50700,3.521718058103889e-08,3.521718059199113e-08,-2.8873263277371164e-07,0.0,9.645488499975398e-08,-6.123770439174326e-08,0.0
845,50760.0,50760,3.522039817875663e-08,3.5220398189708866e-08,-2.882711011327444e-07,0.0,9.646704143643394e-08,-6.124664323070215e-08,0.0
846,50820.0,50820,3.522361304049736e-08,3.522361305145026e-08,-2.878095317105961e-07,0.0,9.64791773181302e-08,-6.125556425065637e-08,0.0
847,50880.0,50880,3.522682507977575e-08,3.5226825090730644e-08,-2.873479245261005e-07,0.0,9.649129254147516e-08,-6.126446743471827e-08,0.0
848,50940.0,50940,3.5230034210111806e-08,3.523003422106736e-08,-2.868862795993462e-07,0.0,9.6503387003145e-08,-6.127335276605007e-08,0.0
849,51000.0,51000,3.523324034513585e-08,3.5233240356092736e-08,-2.864245969517831e-07,0.0,9.651546059996354e-08,-6.128222022783925e-08,0.0
850,51060.0,51060,3.523644339854334e-08,3.523644340950023e-08,-2.8596287660612656e-07,0.0,9.652751322886355e-08,-6.129106980333175e-08,0.0
851,51120.0,51120,3.5239643284087577e-08,3.523964329504513e-08,-2.855011185864053e-07,0.0,9.653954478687086e-08,-6.129990147578818e-08,0.0
852,51180.0,51180,3.5242839915591633e-08,3.524283992654985e-08,-2.8503932291797195e-07,0.0,9.655155517112297e-08,-6.130871522854023e-08,0.0
853,51240.0,51240,3.5246033206959673e-08,3.52460332179179e-08,-2.845774896274289e-07,0.0,9.656354427887836e-08,-6.131751104492426e-08,0.0
854,51300.0,51300,3.524922307216434e-08,3.5249223083126545e-08,-2.841156187427768e-07,0.0,9.657551200750451e-08,-6.132628890834043e-08,0.0
855,51360.0,51360,3.525240942527727e-08,3.5252409436239476e-08,-2.836537102932022e-07,0.0,9.65874582544978e-08,-6.133504880221347e-08,0.0
856,51420.0,51420,3.525559218040669e-08,3.525559219136956e-08,-2.831917643092952e-07,0.0,9.659938291744374e-08,-6.134379071003531e-08,0.0
857,51480.0,51480,3.525877125175986e-08,3.525877126272406e-08,-2.8272978082284787e-07,0.0,9.661128589406072e-08,-6.13525146152938e-08,0.0
858,51540.0,51540,3.526194655363442e-08,3.526194656459928e-08,-2.8226775986700797e-07,0.0,9.66231670821908e-08,-6.1361220501548e-08,0.0
859,51600.0,51600,3.526511800036921e-08,3.526511801133408e-08,-2.818057014762314e-07,0.0,9.6635026379785e-08,-6.136990835240142e-08,0.0
860,51660.0,51660,3.526828550644733e-08,3.52682855174122e-08,-2.813436056862342e-07,0.0,9.664686368493262e-08,-6.137857815146892e-08,0.0
861,51720.0,51720,3.527144898638576e-08,3.527144899735262e-08,-2.8088147253402987e-07,0.0,9.665867889582929e-08,-6.138722988242252e-08,0.0
862,51780.0,51780,3.527460835479918e-08,3.5274608365768696e-08,-2.804193020579293e-07,0.0,9.667047191081157e-08,-6.139586352898472e-08,0.0
863,51840.0,51840,3.52777635263827e-08,3.5277763537352885e-08,-2.799570942975462e-07,0.0,9.668224262830504e-08,-6.1404479074896e-08,0.0
864,51900.0,51900,3.528091441594045e-08,3.528091442691196e-08,-2.7949484929375424e-07,0.0,9.66939909469241e-08,-6.141307650395332e-08,0.0
865,51960.0,51960,3.528406093833235e-08,3.5284060949304525e-08,-2.790325670887514e-07,0.0,9.670571676535487e-08,-6.142165579998887e-08,0.0
866,52020.0,52020,3.5287203008528694e-08,3.5287203019501536e-08,-2.7857024772600616e-07,0.0,9.671741998243373e-08,-6.14302169468714e-08,0.0
867,52080.0,52080,3.529034054160345e-08,3.529034055257629e-08,-2.7810789125025813e-07,0.0,9.672910049715525e-08,-6.143875992851152e-08,0.0
868,52140.0,52140,3.529347345268308e-08,3.529347346365925e-08,-2.776454977075548e-07,0.0,9.674075820859506e-08,-6.144728472887236e-08,0.0
869,52200.0,52200,3.5296601657030325e-08,3.529660166800583e-08,-2.7718306714520914e-07,0.0,9.675239301601358e-08,-6.145579133193765e-08,0.0
870,52260.0,52260,3.529972506996971e-08,3.5299725080945215e-08,-2.7672059961183165e-07,0.0,9.676400481876694e-08,-6.146427972175228e-08,0.0
871,52320.0,52320,3.530284360694544e-08,3.530284361792293e-08,-2.762580951572876e-07,0.0,9.67755935163721e-08,-6.14727498823784e-08,0.0
872,52380.0,52380,3.530595718348674e-08,3.5305957194464234e-08,-2.7579555383275566e-07,0.0,9.678715900847766e-08,-6.148120179793866e-08,0.0
873,52440.0,52440,3.53090657152206e-08,3.5309065726201414e-08,-2.753329756906748e-07,0.0,9.679870119487309e-08,-6.148963545259825e-08,0.0
874,52500.0,52500,3.5312169117869e-08,3.531216912884982e-08,-2.7487036078475994e-07,0.0,9.681021997547285e-08,-6.14980508305476e-08,0.0
875,52560.0,52560,3.531526730728823e-08,3.5315267318269716e-08,-2.7440770916997567e-07,0.0,9.682171525037082e-08,-6.150644791602235e-08,0.0
876,52620.0,52620,3.531836019939703e-08,3.531836021037851e-08,-2.739450209026159e-07,0.0,9.683318691976991e-08,-6.151482669330999e-08,0.0
877,52680.0,52680,3.5321447710245076e-08,3.532144772122523e-08,-2.7348229604018155e-07,0.0,9.684463488404184e-08,-6.152318714673255e-08,0.0
878,52740.0,52740,3.532452975596514e-08,3.5324529766947285e-08,-2.730195346414975e-07,0.0,9.685605904367799e-08,-6.153152926064597e-08,0.0
879,52800.0,52800,3.532760625281627e-08,3.5327606263800415e-08,-2.7255673676663286e-07,0.0,9.686745929934917e-08,-6.153985301946137e-08,0.0
880,52860.0,52860,3.533067711714659e-08,3.533067712813206e-08,-2.720939024769277e-07,0.0,9.687883555184718e-08,-6.154815840762175e-08,0.0
881,52920.0,52920,3.5333742265417855e-08,3.533374227640532e-08,-2.716310318349768e-07,0.0,9.689018770211933e-08,-6.15564454096233e-08,0.0
882,52980.0,52980,3.533680161424406e-08,3.533680162523219e-08,-2.7116812490464054e-07,0.0,9.690151565130836e-08,-6.156471400998479e-08,0.0
883,53040.0,53040,3.533985508029833e-08,3.5339855091287786e-08,-2.7070518175107143e-07,0.0,9.691281930065802e-08,-6.157296419327952e-08,0.0
884,53100.0,53100,3.5342902580352164e-08,3.534290259133896e-08,-2.702422024406288e-07,0.0,9.692409855155696e-08,-6.15811959441233e-08,0.0
885,53160.0,53160,3.5345944031363175e-08,3.53459440423533e-08,-2.6977918704099093e-07,0.0,9.693535330562382e-08,-6.15894092471705e-08,0.0
886,53220.0,53220,3.5348979350352776e-08,3.534897936134622e-08,-2.6931613562104296e-07,0.0,9.694658346456095e-08,-6.159760408711338e-08,0.0
887,53280.0,53280,3.53520084544773e-08,3.535200846546942e-08,-2.688530482509196e-07,0.0,9.695778893026615e-08,-6.160578044869606e-08,0.0
888,53340.0,53340,3.535503126097884e-08,3.535503127197162e-08,-2.683899250020636e-07,0.0,9.696896960477146e-08,-6.16139383166965e-08,0.0
889,53400.0,53400,3.535804768728357e-08,3.535804769827569e-08,-2.679267659471355e-07,0.0,9.698012539031763e-08,-6.162207767593926e-08,0.0
890,53460.0,53460,3.536105765087486e-08,3.536105766186897e-08,-2.6746357116005055e-07,0.0,9.699125618926635e-08,-6.16301985112854e-08,0.0
891,53520.0,53520,3.536406106939822e-08,3.536406108039299e-08,-2.67000340715947e-07,0.0,9.700236190414684e-08,-6.163830080764253e-08,0.0
892,53580.0,53580,3.5367057860593564e-08,3.5367057871590335e-08,-2.665370746912499e-07,0.0,9.701344243767176e-08,-6.164638454997277e-08,0.0
893,53640.0,53640,3.537004794236033e-08,3.537004795335643e-08,-2.660737731635967e-07,0.0,9.702449769272257e-08,-6.165444972325416e-08,0.0
894,53700.0,53700,3.537303123268434e-08,3.53730312436831e-08,-2.6561043621190356e-07,0.0,9.703552757232167e-08,-6.166249631252261e-08,0.0
895,53760.0,53760,3.537600764970563e-08,3.537600766070439e-08,-2.651470639162937e-07,0.0,9.704653197968287e-08,-6.167052430286317e-08,0.0
896,53820.0,53820,3.5378977111687857e-08,3.537897712268729e-08,-2.646836563581399e-07,0.0,9.705751081819808e-08,-6.167853367939482e-08,0.0
897,53880.0,53880,3.538193953704025e-08,3.5381939548040345e-08,-2.6422021362004326e-07,0.0,9.70684639914294e-08,-6.16865244272671e-08,0.0
898,53940.0,53940,3.5384894844259756e-08,3.538489485526185e-08,-2.6375673578584365e-07,0.0,9.707939140308912e-08,-6.169449653170067e-08,0.0
899,54000.0,54000,3.538784295201083e-08,3.5387842963013584e-08,-2.632932229406254e-07,0.0,9.709029295707697e-08,-6.170244997794077e-08,0.0
900,54060.0,54060,3.5390783779082207e-08,3.539078379008629e-08,-2.628296751706983e-07,0.0,9.710116855748411e-08,-6.17103847512752e-08,0.0
901,54120.0,54120,3.539371724438958e-08,3.539371725539299e-08,-2.6236609256360847e-07,0.0,9.711201810856919e-08,-6.171830083704959e-08,0.0
902,54180.0,54180,3.53966432670241e-08,3.539664327802818e-08,-2.619024752081038e-07,0.0,9.712284151478095e-08,-6.172619822062152e-08,0.0
903,54240.0,54240,3.5399561766158687e-08,3.539956177716476e-08,-2.6143882319417363e-07,0.0,9.713363868072233e-08,-6.173407688743163e-08,0.0
904,54300.0,54300,3.5402472661137736e-08,3.540247267214381e-08,-2.60975136613033e-07,0.0,9.714440951119831e-08,-6.174193682292192e-08,0.0
905,54360.0,54360,3.5405375871433255e-08,3.5405375882440654e-08,-2.6051141555711987e-07,0.0,9.71551539112e-08,-6.174977801262145e-08,0.0
906,54420.0,54420,3.540827131667743e-08,3.5408271327685494e-08,-2.600476601200634e-07,0.0,9.716587178589134e-08,-6.175760044207259e-08,0.0
907,54480.0,54480,3.541115891662741e-08,3.541115892763548e-08,-2.5958387039673685e-07,0.0,9.717656304064358e-08,-6.176540409687219e-08,0.0
908,54540.0,54540,3.541403859118657e-08,3.5414038602198624e-08,-2.5912004648323644e-07,0.0,9.718722758098221e-08,-6.177318896264436e-08,0.0
909,54600.0,54600,3.5416910260391874e-08,3.54169102714026e-08,-2.5865618847684435e-07,0.0,9.719786531263745e-08,-6.178095502509428e-08,0.0
910,54660.0,54660,3.5419773844487665e-08,3.54197738554984e-08,-2.581922964760601e-07,0.0,9.720847614155748e-08,-6.178870226991919e-08,0.0
911,54720.0,54720,3.5422629263778775e-08,3.5422629274791494e-08,-2.5772837058060645e-07,0.0,9.721905997384739e-08,-6.179643068291068e-08,0.0
912,54780.0,54780,3.542547643878337e-08,3.542547644979676e-08,-2.572644108913865e-07,0.0,9.722961671580765e-08,-6.180414024986303e-08,0.0
913,54840.0,54840,3.5428315290127316e-08,3.542831530114137e-08,-2.5680041751051825e-07,0.0,9.72401462739408e-08,-6.181183095665356e-08,0.0
914,54900.0,54900,3.543114573863254e-08,3.543114574964859e-08,-2.5633639054133215e-07,0.0,9.725064855496338e-08,-6.18195027891656e-08,0.0
915,54960.0,54960,3.543396770521668e-08,3.54339677162314e-08,-2.558723300883364e-07,0.0,9.726112346573685e-08,-6.182715573335426e-08,0.0
916,55020.0,55020,3.543678111103799e-08,3.5436781122056026e-08,-2.554082362572462e-07,0.0,9.727157091339782e-08,-6.183478977518862e-08,0.0
917,55080.0,55080,3.5439585877312524e-08,3.54395858883299e-08,-2.5494410915496e-07,0.0,9.72819908052092e-08,-6.184240490072612e-08,0.0
918,55140.0,55140,3.5442381925471057e-08,3.5442381936489096e-08,-2.544799488896015e-07,0.0,9.729238304867051e-08,-6.18500010960269e-08,0.0
919,55200.0,55200,3.5445169177093217e-08,3.5445169188113916e-08,-2.5401575557045393e-07,0.0,9.730274755148996e-08,-6.185757834721621e-08,0.0
920,55260.0,55260,3.544794755392681e-08,3.544794756494684e-08,-2.535515293079808e-07,0.0,9.731308422156456e-08,-6.186513664045921e-08,0.0
921,55320.0,55320,3.545071697784924e-08,3.545071698886861e-08,-2.530872702138606e-07,0.0,9.732339296699598e-08,-6.187267596196489e-08,0.0
922,55380.0,55380,3.545347737092268e-08,3.545347738194537e-08,-2.526229784009311e-07,0.0,9.733367369609333e-08,-6.188019629798413e-08,0.0
923,55440.0,55440,3.5456228655368175e-08,3.5456228666390866e-08,-2.521586539832077e-07,0.0,9.734392631737967e-08,-6.188769763482632e-08,0.0
924,55500.0,55500,3.545897075358555e-08,3.545897076461023e-08,-2.516942970759076e-07,0.0,9.73541507395948e-08,-6.189517995882207e-08,0.0
925,55560.0,55560,3.546170358811288e-08,3.546170359913823e-08,-2.5122990779538584e-07,0.0,9.736434687166989e-08,-6.190264325636651e-08,0.0
926,55620.0,55620,3.546442708167103e-08,3.5464427092696374e-08,-2.5076548625922046e-07,0.0,9.737451462275549e-08,-6.19100875138913e-08,0.0
927,55680.0,55680,3.546714115715033e-08,3.5467141168176345e-08,-2.503010325861088e-07,0.0,9.738465390221616e-08,-6.191751271786867e-08,0.0
928,55740.0,55740,3.546984573760731e-08,3.546984574863398e-08,-2.498365468959392e-07,0.0,9.739476461963045e-08,-6.192491885482466e-08,0.0
929,55800.0,55800,3.5472540746270604e-08,3.547254075729795e-08,-2.4937202930976987e-07,0.0,9.740484668480158e-08,-6.19323059113285e-08,0.0
930,55860.0,55860,3.5475226106525746e-08,3.547522611755309e-08,-2.489074799497995e-07,0.0,9.74149000077149e-08,-6.193967387398803e-08,0.0
931,55920.0,55920,3.5477901741968284e-08,3.547790175299762e-08,-2.484428989394366e-07,0.0,9.742492449863361e-08,-6.19470227294622e-08,0.0
932,55980.0,55980,3.5480567576318705e-08,3.548056758734805e-08,-2.479782864031663e-07,0.0,9.743492006798568e-08,-6.19543524644572e-08,0.0
933,56040.0,56040,3.548322353352418e-08,3.548322354455285e-08,-2.4751364246669133e-07,0.0,9.744488662644505e-08,-6.196166306571242e-08,0.0
934,56100.0,56100,3.54858695376794e-08,3.5485869548710735e-08,-2.4704896725686046e-07,0.0,9.745482408491428e-08,-6.19689545200231e-08,0.0
935,56160.0,56160,3.548850551305655e-08,3.5488505524088546e-08,-2.4658426090163367e-07,0.0,9.74647323544927e-08,-6.197622681422038e-08,0.0
936,56220.0,56220,3.549113138410724e-08,3.5491131395138576e-08,-2.4611952353015136e-07,0.0,9.747461134652818e-08,-6.198347993520717e-08,0.0
937,56280.0,56280,3.549374707548384e-08,3.5493747086517165e-08,-2.4565475527269985e-07,0.0,9.748446097259328e-08,-6.1990713869895e-08,0.0
938,56340.0,56340,3.549635251199622e-08,3.5496352523030214e-08,-2.4518995626068735e-07,0.0,9.749428114447056e-08,-6.199792860525525e-08,0.0
939,56400.0,56400,3.5498947618639035e-08,3.549894762967502e-08,-2.4472512662667065e-07,0.0,9.750407177418988e-08,-6.200512412832577e-08,0.0
940,56460.0,56460,3.550153232062362e-08,3.550153233165828e-08,-2.442602665043418e-07,0.0,9.751383277400305e-08,-6.201230042615236e-08,0.0
941,56520.0,56520,3.5504106543308855e-08,3.550410655434551e-08,-2.437953760285253e-07,0.0,9.752356405639185e-08,-6.201945748585594e-08,0.0
942,56580.0,56580,3.550667021225436e-08,3.550667022328902e-08,-2.4333045533516507e-07,0.0,9.75332655340774e-08,-6.202659529459066e-08,0.0
943,56640.0,56640,3.5509223253194545e-08,3.550922326423319e-08,-2.4286550456134287e-07,0.0,9.754293711999077e-08,-6.203371383956318e-08,0.0
944,56700.0,56700,3.5511765592087824e-08,3.551176560312713e-08,-2.424005238452757e-07,0.0,9.755257872734223e-08,-6.204081310801738e-08,0.0
945,56760.0,56760,3.5514297155058104e-08,3.5514297166098074e-08,-2.4193551332628385e-07,0.0,9.756219026953614e-08,-6.2047893087241e-08,0.0
946,56820.0,56820,3.5516817868423366e-08,3.551681787946267e-08,-2.414704731448176e-07,0.0,9.757177166024136e-08,-6.205495376457963e-08,0.0
947,56880.0,56880,3.551932765868705e-08,3.551932766972968e-08,-2.4100540344243857e-07,0.0,9.758132281335276e-08,-6.206199512742336e-08,0.0
948,56940.0,56940,3.552182645256991e-08,3.552182646360989e-08,-2.4054030436177963e-07,0.0,9.759084364300713e-08,-6.20690171631982e-08,0.0
949,57000.0,57000,3.552431417695292e-08,3.552431418799688e-08,-2.4007517604667817e-07,0.0,9.76003340635912e-08,-6.207601985938863e-08,0.0
950,57060.0,57060,3.552679075893967e-08,3.552679076998297e-08,-2.3961001864200044e-07,0.0,9.760979398970169e-08,-6.208300320351302e-08,0.0
951,57120.0,57120,3.552925612583851e-08,3.55292561368838e-08,-2.3914483229374e-07,0.0,9.761922333623577e-08,-6.208996718314428e-08,0.0
952,57180.0,57180,3.5531710205135885e-08,3.553171021618051e-08,-2.386796171490095e-07,0.0,9.762862201828203e-08,-6.209691178589515e-08,0.0
953,57240.0,57240,3.553415292451898e-08,3.55341529355656e-08,-2.3821437335597467e-07,0.0,9.763798995120955e-08,-6.210383699943825e-08,0.0
954,57300.0,57300,3.553658421189897e-08,3.553658422294559e-08,-2.377491010639416e-07,0.0,9.764732705062533e-08,-6.211074281146873e-08,0.0
955,57360.0,57360,3.553900399535586e-08,3.55390040064038e-08,-2.372838004232932e-07,0.0,9.765663323236904e-08,-6.211762920975955e-08,0.0
956,57420.0,57420,3.55414122031976e-08,3.554141221424555e-08,-2.368184715854971e-07,0.0,9.766590841256348e-08,-6.212449618210493e-08,0.0
957,57480.0,57480,3.5543808763930256e-08,3.55438087749802e-08,-2.3635311470310833e-07,0.0,9.767515250754811e-08,-6.213134371635158e-08,0.0
958,57540.0,57540,3.55461936062792e-08,3.5546193617327814e-08,-2.3588772992975328e-07,0.0,9.768436543394157e-08,-6.213817180039676e-08,0.0
959,57600.0,57600,150.00000002819073,2.8190720872305225e-08,-2.3542231742016438e-07,150.0,8.31712904425314e-08,-5.4980569509672495e-08,0.0
960,57660.0,57660,150.00000002815614,2.8156119562698005e-08,-2.3506062915903062e-07,150.0,8.317908279187814e-08,-5.5022963168560325e-08,0.0
961,57720.0,57720,150.00000002812226,2.812225800618823e-08,-2.3469952775072515e-07,150.0,8.318450872123539e-08,-5.5062250654372174e-08,0.0
962,57780.0,57780,150.0000000280913,2.809130475981047e-08,-2.343389977897288e-07,150.0,8.318564080780441e-08,-5.5094335987281064e-08,0.0
963,57840.0,57840,150.0000000280659,2.8065877521008998e-08,-2.3397898522223096e-07,150.0,8.3180031751786e-08,-5.511415417005715e-08,0.0
964,57900.0,57900,150.00000002804904,2.804906154073521e-08,-2.336193891846721e-07,150.0,8.316465483547761e-08,-5.511559323405878e-08,0.0
965,57960.0,57960,150.00000002804438,2.804438490218475e-08,-2.3326005345785865e-07,150.0,8.313589338737104e-08,-5.509150842460137e-08,0.0
966,58020.0,58020,150.00000002805572,2.8055716097446034e-08,-2.3290075831958818e-07,150.0,8.308963398277603e-08,-5.503391782492985e-08,0.0
967,58080.0,58080,150.00000002808704,2.8087031629280667e-08,-2.3254121422532424e-07,150.0,8.302155526537754e-08,-5.49345235760008e-08,0.0
968,58140.0,58140,150.00000002814198,2.814197911281387e-08,-2.3218105973770345e-07,150.0,8.292776215072903e-08,-5.478578297828901e-08,0.0
969,58200.0,58200,150.00000002822316,2.8223140918040767e-08,-2.3181986756217967e-07,150.0,8.280600525530348e-08,-5.45828642783205e-08,0.0
970,58260.0,58260,150.00000002833093,2.8330909306679086e-08,-2.3145716444050652e-07,150.0,8.265787120125297e-08,-5.432696183659708e-08,0.0
971,58320.0,58320,150.000000028462,2.8461993566969578e-08,-2.3109247263935784e-07,150.0,8.249259387020384e-08,-5.403060024660704e-08,0.0
972,58380.0,58380,150.000000028608,2.8608019645810252e-08,-2.307253812746512e-07,150.0,8.233372812518974e-08,-5.372570842460768e-08,0.0
973,58440.0,58440,150.00000002875612,2.875610221658011e-08,-2.3035564965116645e-07,150.0,8.223166097842027e-08,-5.347555870963026e-08,0.0
974,58500.0,58500,150.00000002889746,2.8897449053472348e-08,-2.299833173322486e-07,150.0,8.229162442807362e-08,-5.3394175325979526e-08,0.0
975,58560.0,58560,150.0000000290601,2.9060099943947795e-08,-2.2960870721994812e-07,150.0,8.276120438481942e-08,-5.370110439749204e-08,0.0
976,58620.0,58620,150.0000000293531,2.9353087648672716e-08,-2.2923199674820724e-07,150.0,8.447412213727365e-08,-5.5121034453917405e-08,0.0
977,58680.0,58680,150.0000000326377,3.263771002799387e-08,-2.288526299760088e-07,150.0,9.35894869177829e-08,-6.095177688242428e-08,0.0
978,58740.0,58740,37.50000003590564,3.5905640870048376e-08,-2.2843036950690271e-07,37.5,9.82711692232456e-08,-6.236552831710097e-08,0.0
979,58800.0,58800,3.567554466963922e-08,3.567554468071841e-08,-2.2795972974505763e-07,0.0,9.799935789996596e-08,-6.232381320297472e-08,0.0
980,58860.0,58860,3.568516354748869e-08,3.5685163558568546e-08,-2.2749257160002235e-07,0.0,9.80195577732392e-08,-6.233439419838919e-08,0.0
981,58920.0,58920,3.569478899659495e-08,3.569478900767813e-08,-2.270252794348477e-07,0.0,9.803974552358054e-08,-6.234495649961829e-08,0.0
982,58980.0,58980,3.570442089138412e-08,3.570442090246929e-08,-2.265578531241579e-07,0.0,9.805992100001287e-08,-6.235550008125813e-08,0.0
983,59040.0,59040,3.571405910611551e-08,3.571405911720267e-08,-2.260902925445259e-07,0.0,9.808008405139558e-08,-6.23660249179028e-08,0.0
984,59100.0,59100,3.572370351484901e-08,3.5723703525939497e-08,-2.2562259757438578e-07,0.0,9.810023452643385e-08,-6.237653098420026e-08,0.0
985,59160.0,59160,3.573335399151558e-08,3.573335400260807e-08,-2.2515476809410164e-07,0.0,9.812037227371988e-08,-6.238701825481374e-08,0.0
986,59220.0,59220,3.574301040981822e-08,3.57430104209107e-08,-2.2468680398589347e-07,0.0,9.814049714165579e-08,-6.239748670444301e-08,0.0
987,59280.0,59280,3.575267264330303e-08,3.575267265439883e-08,-2.2421870513394584e-07,0.0,9.816060897851338e-08,-6.240793630781248e-08,0.0
988,59340.0,59340,3.576234056536593e-08,3.5762340576463064e-08,-2.237504714243231e-07,0.0,9.818070763245018e-08,-6.241836703967573e-08,0.0
989,59400.0,59400,3.577201404919479e-08,3.577201406029458e-08,-2.232821027449984e-07,0.0,9.820079295142295e-08,-6.2428778874815e-08,0.0
990,59460.0,59460,3.578169296783392e-08,3.578169297893504e-08,-2.2281359898589907e-07,0.0,9.822086478331008e-08,-6.243917178805635e-08,0.0
991,59520.0,59520,3.5791377194154136e-08,3.579137720525725e-08,-2.2234496003879213e-07,0.0,9.824092297581574e-08,-6.244954575423914e-08,0.0
992,59580.0,59580,3.580106660085014e-08,3.580106661195658e-08,-2.2187618579745196e-07,0.0,9.826096737650458e-08,-6.245990074822266e-08,0.0
993,59640.0,59640,3.5810761060441825e-08,3.581076107154893e-08,-2.214072761575325e-07,0.0,9.828099783282027e-08,-6.247023674493936e-08,0.0
994,59700.0,59700,3.582046044531814e-08,3.5820460456427244e-08,-2.2093823101662586e-07,0.0,9.83010141920709e-08,-6.248055371930902e-08,0.0
995,59760.0,59760,3.5830164627677285e-08,3.583016463878904e-08,-2.2046905027423844e-07,0.0,9.832101630142892e-08,-6.24908516462966e-08,0.0
996,59820.0,59820,3.5839873479570564e-08,3.583987349068232e-08,-2.1999973383180138e-07,0.0,9.834100400792327e-08,-6.250113050090034e-08,0.0
997,59880.0,59880,3.584958687286051e-08,3.584958688397559e-08,-2.1953028159272128e-07,0.0,9.836097715847654e-08,-6.251139025815102e-08,0.0
998,59940.0,59940,3.5859304679289376e-08,3.5859304690407775e-08,-2.1906069346230823e-07,0.0,9.838093559986504e-08,-6.252163089310601e-08,0.0
999,60000.0,60000,3.586902677042326e-08,3.586902678154498e-08,-2.1859096934782118e-07,0.0,9.840087917875084e-08,-6.25318523808526e-08,0.0
1000,60060.0,60060,3.587875301767606e-08,3.587875302879845e-08,-2.1812110915844654e-07,0.0,9.842080774166832e-08,-6.254205469650665e-08,0.0
1001,60120.0,60120,3.5888483292294184e-08,3.588848330341724e-08,-2.1765111280532748e-07,0.0,9.844072113500435e-08,-6.255223781522987e-08,0.0
1002,60180.0,60180,3.58982174653931e-08,3.589821747651815e-08,-2.1718098020156128e-07,0.0,9.846061920508066e-08,-6.256240171219463e-08,0.0
1003,60240.0,60240,3.59079554079148e-08,3.590795541904251e-08,-2.1671071126217538e-07,0.0,9.848050179803818e-08,-6.257254636262713e-08,0.0
1004,60300.0,60300,3.591769699067831e-08,3.591769700180867e-08,-2.162403059041646e-07,0.0,9.85003687599394e-08,-6.258267174175887e-08,0.0
1005,60360.0,60360,3.592744208433117e-08,3.59274420954622e-08,-2.1576976404644596e-07,0.0,9.85202199367126e-08,-6.259277782487588e-08,0.0
1006,60420.0,60420,3.5937190559372055e-08,3.593719057050641e-08,-2.1529908560992782e-07,0.0,9.854005517417567e-08,-6.260286458728876e-08,0.0
1007,60480.0,60480,3.594694228617268e-08,3.5946942297307035e-08,-2.1482827051744067e-07,0.0,9.855987431803354e-08,-6.261293200434001e-08,0.0
1008,60540.0,60540,3.5956697134955875e-08,3.595669714609488e-08,-2.1435731869382764e-07,0.0,9.857967721387945e-08,-6.262298005139475e-08,0.0
1009,60600.0,60600,3.5966454975794924e-08,3.596645498693526e-08,-2.138862300658567e-07,0.0,9.859946370719634e-08,-6.26330087038653e-08,0.0
1010,60660.0,60660,3.597621567861887e-08,3.597621568975987e-08,-2.1341500456225255e-07,0.0,9.861923364335946e-08,-6.264301793719848e-08,0.0
1011,60720.0,60720,3.5985979113249766e-08,3.5985979124394086e-08,-2.129436421137392e-07,0.0,9.863898686764567e-08,-6.265300772684849e-08,0.0
1012,60780.0,60780,3.59957451493036e-08,3.5995745160448596e-08,-2.124721426529708e-07,0.0,9.865872322519363e-08,-6.26629780483353e-08,0.0
1013,60840.0,60840,3.6005513656351185e-08,3.6005513667500164e-08,-2.120005061145929e-07,0.0,9.867844256109278e-08,-6.267292887718086e-08,0.0
1014,60900.0,60900,3.601528450375528e-08,3.601528451490625e-08,-2.1152873243524224e-07,0.0,9.869814472029163e-08,-6.268286018897099e-08,0.0
1015,60960.0,60960,3.602505756076964e-08,3.602505757192194e-08,-2.1105682155349648e-07,0.0,9.871782954763639e-08,-6.26927719592954e-08,0.0
1016,61020.0,61020,3.603483269654966e-08,3.603483270770329e-08,-2.1058477340992983e-07,0.0,9.873749688792008e-08,-6.270266416379508e-08,0.0
1017,61080.0,61080,3.6044609780042694e-08,3.6044609791199646e-08,-2.1011258794710254e-07,0.0,9.87571465857735e-08,-6.271253677814417e-08,0.0
1018,61140.0,61140,3.6054388680157535e-08,3.605438869131582e-08,-2.0964026510952096e-07,0.0,9.877677848578364e-08,-6.272238977803946e-08,0.0
1019,61200.0,61200,3.606416926561423e-08,3.606416927677384e-08,-2.0916780484372797e-07,0.0,9.87963924324311e-08,-6.273222313922159e-08,0.0
1020,61260.0,61260,3.6073951405047076e-08,3.607395141620934e-08,-2.0869520709821258e-07,0.0,9.881598827010611e-08,-6.274203683745911e-08,0.0
1021,61320.0,61320,3.608373496694547e-08,3.6083734978107076e-08,-2.082224718234524e-07,0.0,9.883556584310454e-08,-6.27518308485545e-08,0.0
1022,61380.0,61380,3.609351981966124e-08,3.6093519830824834e-08,-2.0774959897194036e-07,0.0,9.885512499562384e-08,-6.276160514834805e-08,0.0
1023,61440.0,61440,3.610330583147108e-08,3.610330584263867e-08,-2.0727658849813939e-07,0.0,9.887466557180167e-08,-6.277135971271536e-08,0.0
1024,61500.0,61500,3.611309287049021e-08,3.611309288165913e-08,-2.0680344035852232e-07,0.0,9.889418741567998e-08,-6.278109451756391e-08,0.0
1025,61560.0,61560,3.6122880804760716e-08,3.6122880815932955e-08,-2.063301545115241e-07,0.0,9.891369037122227e-08,-6.279080953882973e-08,0.0
1026,61620.0,61620,3.613266950216449e-08,3.613266951333872e-08,-2.0585673091761354e-07,0.0,9.89331742822977e-08,-6.280050475249406e-08,0.0
1027,61680.0,61680,3.6142458830508334e-08,3.6142458841683233e-08,-2.053831695392401e-07,0.0,9.895263899271823e-08,-6.281018013456476e-08,0.0
1028,61740.0,61740,3.615224865745615e-08,3.615224866863438e-08,-2.0490947034085258e-07,0.0,9.897208434619878e-08,-6.281983566109418e-08,0.0
1029,61800.0,61800,3.616203885059275e-08,3.6162038861771634e-08,-2.0443563328891225e-07,0.0,9.89915101863985e-08,-6.282947130815198e-08,0.0
1030,61860.0,61860,3.617182927736799e-08,3.617182928854954e-08,-2.039616583518745e-07,0.0,9.901091635688869e-08,-6.283908705186227e-08,0.0
1031,61920.0,61920,3.6181619805142695e-08,3.61816198163269e-08,-2.0348754550020985e-07,0.0,9.903030270118759e-08,-6.28486828683745e-08,0.0
1032,61980.0,61980,3.6191410301171334e-08,3.6191410312356205e-08,-2.0301329470636957e-07,0.0,9.904966906271501e-08,-6.285825873386997e-08,0.0
1033,62040.0,62040,3.620120063259937e-08,3.62012006437849e-08,-2.0253890594485473e-07,0.0,9.906901528485623e-08,-6.286781462457783e-08,0.0
1034,62100.0,62100,3.6210990666466576e-08,3.621099067765544e-08,-2.0206437919214972e-07,0.0,9.90883412109061e-08,-6.287735051675185e-08,0.0
1035,62160.0,62160,3.6220780269724354e-08,3.62207802809152e-08,-2.0158971442675147e-07,0.0,9.910764668410897e-08,-6.288686638669164e-08,0.0
1036,62220.0,62220,3.6230569309229687e-08,3.623056932042386e-08,-2.0111491162918553e-07,0.0,9.912693154765205e-08,-6.289636221072074e-08,0.0
1037,62280.0,62280,3.624035765173524e-08,3.624035766293207e-08,-2.0063997078198206e-07,0.0,9.914619564465342e-08,-6.290583796521057e-08,0.0
1038,62340.0,62340,3.6250145163899274e-08,3.6250145175096103e-08,-2.0016489186967837e-07,0.0,9.916543881816067e-08,-6.291529362655313e-08,0.0
1039,62400.0,62400,3.625993171229631e-08,3.6259931723495134e-08,-1.9968967487884578e-07,0.0,9.918466091120416e-08,-6.292472917119559e-08,0.0
1040,62460.0,62460,3.6269717163394534e-08,3.6269717174595353e-08,-1.9921431979808936e-07,0.0,9.920386176672115e-08,-6.29341445756097e-08,0.0
1041,62520.0,62520,3.6279501383593655e-08,3.627950139479647e-08,-1.9873882661799756e-07,0.0,9.922304122762235e-08,-6.294353981630514e-08,0.0
1042,62580.0,62580,3.6289284239181735e-08,3.628928425038721e-08,-1.9826319533120063e-07,0.0,9.9242199136752e-08,-6.295291486983607e-08,0.0
1043,62640.0,62640,3.6299065596397636e-08,3.6299065607605106e-08,-1.977874259323627e-07,0.0,9.926133533691842e-08,-6.296226971278128e-08,0.0
1044,62700.0,62700,3.6308845321372563e-08,3.630884533258069e-08,-1.9731151841816048e-07,0.0,9.92804496708768e-08,-6.297160432176273e-08,0.0
1045,62760.0,62760,3.631862328013999e-08,3.6318623291351446e-08,-1.9683547278729393e-07,0.0,9.92995419813291e-08,-6.298091867343764e-08,0.0
1046,62820.0,62820,3.632839933868956e-08,3.6328399349901016e-08,-1.9635928904049946e-07,0.0,9.931861211095875e-08,-6.299021274451771e-08,0.0
1047,62880.0,62880,3.6338173362923154e-08,3.633817337413992e-08,-1.9588296718055534e-07,0.0,9.933765990240391e-08,-6.299948651171399e-08,0.0
1048,62940.0,62940,3.634794521865359e-08,3.634794522987169e-08,-1.9540650721223912e-07,0.0,9.935668519823496e-08,-6.300873995181129e-08,0.0
1049,63000.0,63000,3.635771477162523e-08,3.635771478284533e-08,-1.9492990914238886e-07,0.0,9.937568784102099e-08,-6.301797304162035e-08,0.0
1050,63060.0,63060,3.636748188751267e-08,3.636748189873409e-08,-1.9445317297985244e-07,0.0,9.939466767328185e-08,-6.302718575798649e-08,0.0
1051,63120.0,63120,3.637724643193197e-08,3.637724644315472e-08,-1.939762987355223e-07,0.0,9.941362453750821e-08,-6.303637807778954e-08,0.0
1052,63180.0,63180,3.63870082704115e-08,3.638700828163757e-08,-1.9349928642232733e-07,0.0,9.94325582761601e-08,-6.304554997795526e-08,0.0
1053,63240.0,63240,3.639676726841712e-08,3.639676727964452e-08,-1.930221360552277e-07,0.0,9.945146873166302e-08,-6.30547014354479e-08,0.0
1054,63300.0,63300,3.640652329137216e-08,3.640652330260156e-08,-1.92544847651236e-07,0.0,9.947035574643583e-08,-6.306383242725969e-08,0.0
1055,63360.0,63360,3.641627620457701e-08,3.641627621580774e-08,-1.9206742122938538e-07,0.0,9.948921916282958e-08,-6.307294293044127e-08,0.0
1056,63420.0,63420,3.642602587335131e-08,3.642602588458403e-08,-1.915898568107694e-07,0.0,9.950805882323253e-08,-6.308203292205863e-08,0.0
1057,63480.0,63480,3.6435772162915e-08,3.643577217415038e-08,-1.911121544184916e-07,0.0,9.952687456997316e-08,-6.309110237923025e-08,0.0
1058,63540.0,63540,3.644551493842091e-08,3.644551494965895e-08,-1.906343140777133e-07,0.0,9.954566624535998e-08,-6.310015127911115e-08,0.0
1059,63600.0,63600,3.6455254064993274e-08,3.645525407623198e-08,-1.901563358156323e-07,0.0,9.956443369172543e-08,-6.310917959889826e-08,0.0
1060,63660.0,63660,3.646498940766926e-08,3.646498941890996e-08,-1.8967821966150418e-07,0.0,9.958317675132618e-08,-6.311818731581772e-08,0.0
1061,63720.0,63720,3.647472083148138e-08,3.6474720842722745e-08,-1.8919996564661307e-07,0.0,9.960189526646544e-08,-6.31271744071422e-08,0.0
1062,63780.0,63780,3.648444820136778e-08,3.64844482126118e-08,-1.887215738042903e-07,0.0,9.962058907941052e-08,-6.313614085019689e-08,0.0
1063,63840.0,63840,3.6494171382255276e-08,3.649417139350262e-08,-1.8824304416992217e-07,0.0,9.963925803241675e-08,-6.314508662230299e-08,0.0
1064,63900.0,63900,3.650389023900093e-08,3.650389025025027e-08,-1.8776437678092637e-07,0.0,9.965790196774481e-08,-6.315401170088141e-08,0.0
1065,63960.0,63960,3.651360463641791e-08,3.651360464766725e-08,-1.8728557167680217e-07,0.0,9.967652072763938e-08,-6.316291606335235e-08,0.0
1066,64020.0,64020,3.6523314439289494e-08,3.652331445054282e-08,-1.868066288990535e-07,0.0,9.969511415434653e-08,-6.317179968718128e-08,0.0
1067,64080.0,64080,3.653301951238299e-08,3.653301952363698e-08,-1.86327548491258e-07,0.0,9.971368209015083e-08,-6.318066254988543e-08,0.0
1068,64140.0,64140,3.6542719720368016e-08,3.654271973162267e-08,-1.858483304990165e-07,0.0,9.973222437726376e-08,-6.318950462901335e-08,0.0
1069,64200.0,64200,3.6552414927928136e-08,3.655241493918611e-08,-1.8536897497002762e-07,0.0,9.975074085797923e-08,-6.319832590215805e-08,0.0
1070,64260.0,64260,3.656210499969906e-08,3.656210501095904e-08,-1.848894819539811e-07,0.0,9.976923137454325e-08,-6.320712634694716e-08,0.0
1071,64320.0,64320,3.657178980028595e-08,3.657178981154725e-08,-1.844098515026672e-07,0.0,9.978769576924575e-08,-6.321590594105812e-08,0.0
1072,64380.0,64380,3.658146919425936e-08,3.658146920552332e-08,-1.8393008366989394e-07,0.0,9.980613388436866e-08,-6.32246646622043e-08,0.0
1073,64440.0,64440,3.659114304616728e-08,3.6591143057432575e-08,-1.8345017851154046e-07,0.0,9.982454556221649e-08,-6.323340248813755e-08,0.0
1074,64500.0,64500,3.6600811220538416e-08,3.660081123180504e-08,-1.8297013608554638e-07,0.0,9.984293064510442e-08,-6.324211939665036e-08,0.0
1075,64560.0,64560,3.66104735818689e-08,3.661047359313486e-08,-1.824899564518771e-07,0.0,9.986128897537552e-08,-6.325081536558367e-08,0.0
1076,64620.0,64620,3.6620129994624294e-08,3.662013000589557e-08,-1.8200963967257186e-07,0.0,9.987962039537022e-08,-6.325949037281565e-08,0.0
1077,64680.0,64680,3.662978032328014e-08,3.6629780334552736e-08,-1.815291858117037e-07,0.0,9.989792474747679e-08,-6.326814439626173e-08,0.0
1078,64740.0,64740,3.663942443228603e-08,3.6639424443560626e-08,-1.810485949354327e-07,0.0,9.991620187411008e-08,-6.327677741388248e-08,0.0
1079,64800.0,64800,3.664906218602645e-08,3.6649062197302375e-08,-1.8056786711195277e-07,0.0,9.99344516176677e-08,-6.328538940369436e-08,0.0
1080,64860.0,64860,3.6658693448958315e-08,3.66586934602369e-08,-1.8008700241149702e-07,0.0,9.99526738206336e-08,-6.329398034372043e-08,0.0
1081,64920.0,64920,3.666831808547741e-08,3.6668318096759316e-08,-1.7960600090638293e-07,0.0,9.997086832549446e-08,-6.330255021205687e-08,0.0
1082,64980.0,64980,3.6677935959960215e-08,3.6677935971242125e-08,-1.7912486267097777e-07,0.0,9.998903497476614e-08,-6.331109898684442e-08,0.0
1083,65040.0,65040,3.668754693679388e-08,3.668754694807778e-08,-1.7864358778169063e-07,0.0,1.0000717361099779e-07,-6.331962664623708e-08,0.0
1084,65100.0,65100,3.669715088038612e-08,3.669715089167202e-08,-1.7816217631698046e-07,0.0,1.0002528407680497e-07,-6.332813316844738e-08,0.0
1085,65160.0,65160,3.670674765508887e-08,3.6706747666377424e-08,-1.7768062835739048e-07,0.0,1.0004336621482457e-07,-6.333661853174961e-08,0.0
1086,65220.0,65220,3.67163371253012e-08,3.6716337136591747e-08,-1.7719894398550055e-07,0.0,1.0006141986771337e-07,-6.334508271442209e-08,0.0
1087,65280.0,65280,3.67259191554169e-08,3.672591916670811e-08,-1.7671712328593755e-07,0.0,1.0007944487822388e-07,-6.335352569481357e-08,0.0
1088,65340.0,65340,3.673549360978521e-08,3.6735493621079086e-08,-1.7623516634540483e-07,0.0,1.0009744108910062e-07,-6.336194745131203e-08,0.0
1089,65400.0,65400,3.674506035281654e-08,3.674506036411174e-08,-1.7575307325264753e-07,0.0,1.0011540834316127e-07,-6.337034796234069e-08,0.0
1090,65460.0,65460,3.675461924890266e-08,3.675461926019919e-08,-1.7527084409846067e-07,0.0,1.0013334648328725e-07,-6.337872720637389e-08,0.0
1091,65520.0,65520,3.676417016248189e-08,3.6764170173781077e-08,-1.7478847897573418e-07,0.0,1.0015125535241717e-07,-6.338708516192194e-08,0.0
1092,65580.0,65580,3.677371295793337e-08,3.677371296923522e-08,-1.7430597797936532e-07,0.0,1.0016913479349897e-07,-6.339542180754095e-08,0.0
1093,65640.0,65640,3.678324749973532e-08,3.678324751103783e-08,-1.7382334120633034e-07,0.0,1.0018698464959488e-07,-6.340373712183026e-08,0.0
1094,65700.0,65700,3.679277365230143e-08,3.679277366360594e-08,-1.7334056875565804e-07,0.0,1.002048047637791e-07,-6.34120310834384e-08,0.0
1095,65760.0,65760,3.680229128012985e-08,3.680229129143635e-08,-1.7285766072842693e-07,0.0,1.002225949792282e-07,-6.342030367106107e-08,0.0
1096,65820.0,65820,3.681180024772003e-08,3.681180025902719e-08,-1.723746172277707e-07,0.0,1.0024035513917721e-07,-6.342855486341459e-08,0.0
1097,65880.0,65880,3.6821300419552815e-08,3.682130043086264e-08,-1.7189143835889947e-07,0.0,1.0025808508689842e-07,-6.343678463929238e-08,0.0
1098,65940.0,65940,3.6830791660207427e-08,3.683079167151858e-08,-1.7140812422904382e-07,0.0,1.0027578466576247e-07,-6.344499297750115e-08,0.0
1099,66000.0,66000,3.684027383423584e-08,3.6840273845550986e-08,-1.7092467494750282e-07,0.0,1.0029345371920513e-07,-6.345317985690609e-08,0.0
1100,66060.0,66060,3.6849746806229234e-08,3.6849746817544376e-08,-1.704410906256466e-07,0.0,1.0031109209072332e-07,-6.34613452564289e-08,0.0
1101,66120.0,66120,3.685921044083528e-08,3.685921045215308e-08,-1.699573713768685e-07,0.0,1.0032869962392165e-07,-6.346948915501652e-08,0.0
1102,66180.0,66180,3.6868664602706985e-08,3.686866461402545e-08,-1.6947351731664092e-07,0.0,1.0034627616244858e-07,-6.347761153166445e-08,0.0
1103,66240.0,66240,3.6878109156556484e-08,3.687810916787761e-08,-1.689895285624701e-07,0.0,1.0036382155006559e-07,-6.348571236542929e-08,0.0
1104,66300.0,66300,3.688754396710059e-08,3.6887543978422384e-08,-1.685054052339121e-07,0.0,1.0038133563057664e-07,-6.349379163539026e-08,0.0
1105,66360.0,66360,3.689696889914783e-08,3.689696891047228e-08,-1.6802114745258609e-07,0.0,1.0039881824792003e-07,-6.350184932067842e-08,0.0
1106,66420.0,66420,3.6906383817498754e-08,3.690638382882586e-08,-1.6753675534216098e-07,0.0,1.0041626924607653e-07,-6.350988540048068e-08,0.0
1107,66480.0,66480,3.691578858704164e-08,3.691578859837007e-08,-1.670522290283503e-07,0.0,1.0043368846916519e-07,-6.351789985401915e-08,0.0
1108,66540.0,66540,3.692518307267142e-08,3.692518308400118e-08,-1.6656756863893319e-07,0.0,1.0045107576135027e-07,-6.352589266056713e-08,0.0
1109,66600.0,66600,3.693456713936345e-08,3.693456715069521e-08,-1.660827743037041e-07,0.0,1.0046843096691428e-07,-6.353386379943845e-08,0.0
1110,66660.0,66660,3.69439406521343e-08,3.6943940663466724e-08,-1.6559784615454987e-07,0.0,1.0048575393024484e-07,-6.354181324999018e-08,0.0
1111,66720.0,66720,3.695330347607829e-08,3.695330348741337e-08,-1.651127843253539e-07,0.0,1.0050304449583184e-07,-6.354974099162987e-08,0.0
1112,66780.0,66780,3.6962655476259174e-08,3.6962655487596916e-08,-1.646275889520946e-07,0.0,1.005203025082237e-07,-6.355764700383552e-08,0.0
1113,66840.0,66840,3.697199651792815e-08,3.697199652926655e-08,-1.641422601727657e-07,0.0,1.0053752781214165e-07,-6.356553126607852e-08,0.0
1114,66900.0,66900,3.698132646630715e-08,3.698132647764888e-08,-1.6365679812741327e-07,0.0,1.0055472025236941e-07,-6.357339375792129e-08,0.0
1115,66960.0,66960,3.699064518670785e-08,3.699064519805157e-08,-1.6317120295814127e-07,0.0,1.0057187967379433e-07,-6.358123445894087e-08,0.0
1116,67020.0,67020,3.699995254449709e-08,3.699995255584347e-08,-1.626854748090662e-07,0.0,1.005890059214474e-07,-6.358905334879473e-08,0.0
1117,67080.0,67080,3.700924840511083e-08,3.7009248416455214e-08,-1.6219961382637033e-07,0.0,1.0060609884043934e-07,-6.359685040717293e-08,0.0
1118,67140.0,67140,3.701853263410866e-08,3.701853264545504e-08,-1.6171362015828305e-07,0.0,1.0062315827605498e-07,-6.360462561378475e-08,0.0
1119,67200.0,67200,3.702780509701428e-08,3.702780510836465e-08,-1.6122749395504636e-07,0.0,1.0064018407361375e-07,-6.36123789484306e-08,0.0
1120,67260.0,67260,3.703706565953882e-08,3.703706567089052e-08,-1.6074123536897068e-07,0.0,1.0065717607864378e-07,-6.362011039092877e-08,0.0
1121,67320.0,67320,3.704631418737414e-08,3.7046314198728495e-08,-1.6025484455439227e-07,0.0,1.006741341367104e-07,-6.362781992115676e-08,0.0
1122,67380.0,67380,3.705555054636894e-08,3.705555055772596e-08,-1.59768321667676e-07,0.0,1.0069105809359697e-07,-6.363550751904253e-08,0.0
1123,67440.0,67440,3.706477460240386e-08,3.7064774613762207e-08,-1.5928166686723912e-07,0.0,1.0070794779514266e-07,-6.364317316454932e-08,0.0
1124,67500.0,67500,3.707398622146586e-08,3.70739862328242e-08,-1.5879488031351686e-07,0.0,1.007248030873475e-07,-6.365081683768817e-08,0.0
1125,67560.0,67560,3.708318526961832e-08,3.708318528097999e-08,-1.5830796216899418e-07,0.0,1.007416238163551e-07,-6.365843851853598e-08,0.0
1126,67620.0,67620,3.709237161302304e-08,3.709237162438537e-08,-1.5782091259818729e-07,0.0,1.0075840982843132e-07,-6.366603818720351e-08,0.0
1127,67680.0,67680,3.710154511790624e-08,3.710154512927056e-08,-1.5733373176761167e-07,0.0,1.0077516096996703e-07,-6.367361582384738e-08,0.0
1128,67740.0,67740,3.7110705650617127e-08,3.711070566198212e-08,-1.5684641984585127e-07,0.0,1.0079187708751526e-07,-6.368117140868339e-08,0.0
1129,67800.0,67800,3.711985307760461e-08,3.7119853088972923e-08,-1.5635897700350515e-07,0.0,1.0080855802778454e-07,-6.368870492195921e-08,0.0
1130,67860.0,67860,3.712898726537541e-08,3.7128987276745715e-08,-1.5587140341319041e-07,0.0,1.0082520363758847e-07,-6.369621634398768e-08,0.0
1131,67920.0,67920,3.713810808057251e-08,3.713810809194282e-08,-1.5538369924956857e-07,0.0,1.0084181376392536e-07,-6.37037056551215e-08,0.0
1132,67980.0,67980,3.714721538992331e-08,3.714721540129495e-08,-1.548958646893058e-07,0.0,1.0085838825392386e-07,-6.371117283576189e-08,0.0
1133,68040.0,68040,3.715630906027749e-08,3.715630907165445e-08,-1.544078999111021e-07,0.0,1.0087492695488007e-07,-6.371861786636391e-08,0.0
1134,68100.0,68100,3.7165388958559195e-08,3.716538896993415e-08,-1.5391980509566734e-07,0.0,1.0089142971423898e-07,-6.372604072742983e-08,0.0
1135,68160.0,68160,3.717445495184808e-08,3.7174454963227026e-08,-1.53431580425748e-07,0.0,1.009078963795998e-07,-6.373344139950108e-08,0.0
1136,68220.0,68220,3.718350690729492e-08,3.71835069186752e-08,-1.5294322608608716e-07,0.0,1.0092432679872919e-07,-6.374081986317833e-08,0.0
1137,68280.0,68280,3.7192544692164164e-08,3.7192544703546434e-08,-1.5245474226345905e-07,0.0,1.0094072081955206e-07,-6.374817609912198e-08,0.0
1138,68340.0,68340,3.7201568173863147e-08,3.720156818524608e-08,-1.519661291466479e-07,0.0,1.0095707829015013e-07,-6.375551008801775e-08,0.0
1139,68400.0,68400,3.721057721993147e-08,3.7210577231317064e-08,-1.5147738692645578e-07,0.0,1.0097339905882316e-07,-6.37628218106178e-08,0.0
1140,68460.0,68460,3.7219571697961254e-08,3.7219571709347514e-08,-1.5098851579568143e-07,0.0,1.0098968297395728e-07,-6.377011124771749e-08,0.0
1141,68520.0,68520,3.7228551475750654e-08,3.7228551487139575e-08,-1.504995159491468e-07,0.0,1.0100592988419655e-07,-6.377737838016003e-08,0.0
1142,68580.0,68580,3.723751642115366e-08,3.723751643254457e-08,-1.5001038758366783e-07,0.0,1.0102213963829399e-07,-6.378462318885181e-08,0.0
1143,68640.0,68640,3.7246466402191093e-08,3.724646641358134e-08,-1.4952113089808098e-07,0.0,1.0103831208521403e-07,-6.379184565472844e-08,0.0
1144,68700.0,68700,3.725540128701537e-08,3.7255401298408275e-08,-1.4903174609321668e-07,0.0,1.0105444707410716e-07,-6.379904575879531e-08,0.0
1145,68760.0,68760,3.726432094388592e-08,3.7264320955280156e-08,-1.4854223337191272e-07,0.0,1.0107054445428874e-07,-6.3806223482099e-08,0.0
1146,68820.0,68820,3.727322524123167e-08,3.7273225252629225e-08,-1.4805259293899808e-07,0.0,1.0108660407526683e-07,-6.381337880572339e-08,0.0
1147,68880.0,68880,3.7282114047593854e-08,3.728211405899208e-08,-1.4756282500129584e-07,0.0,1.0110262578674365e-07,-6.3820511710838e-08,0.0
1148,68940.0,68940,3.729098723166727e-08,3.7290987243068147e-08,-1.470729297676495e-07,0.0,1.0111860943860744e-07,-6.382762217862308e-08,0.0
1149,69000.0,69000,3.7299844662263e-08,3.7299844673664546e-08,-1.4658290744887806e-07,0.0,1.0113455488092596e-07,-6.383471019033988e-08,0.0
1150,69060.0,69060,3.730868620837626e-08,3.73086862197798e-08,-1.4609275825777582e-07,0.0,1.0115046196399424e-07,-6.384177572728693e-08,0.0
1151,69120.0,69120,3.7317511739121224e-08,3.7317511750525425e-08,-1.45602482409147e-07,0.0,1.0116633053826554e-07,-6.38488187708106e-08,0.0
1152,69180.0,69180,3.732632112378024e-08,3.732632113518644e-08,-1.4511208011977915e-07,0.0,1.0118216045444167e-07,-6.385583930232174e-08,0.0
1153,69240.0,69240,3.7335114231761925e-08,3.7335114243168786e-08,-1.446215516084459e-07,0.0,1.0119795156337466e-07,-6.386283730327104e-08,0.0
1154,69300.0,69300,3.734389093264506e-08,3.734389094405525e-08,-1.4413089709590142e-07,0.0,1.0121370371615449e-07,-6.386981275516175e-08,0.0
1155,69360.0,69360,3.735265109619719e-08,3.735265110760738e-08,-1.436401168048807e-07,0.0,1.0122941676409713e-07,-6.387676563954761e-08,0.0
1156,69420.0,69420,3.736139459228355e-08,3.7361394603695733e-08,-1.4314921096009668e-07,0.0,1.0124509055868471e-07,-6.388369593804151e-08,0.0
1157,69480.0,69480,3.737012129096016e-08,3.7370121302375e-08,-1.426581797882324e-07,0.0,1.0126072495163331e-07,-6.38906036323102e-08,0.0
1158,69540.0,69540,3.7378831062463124e-08,3.737883107387929e-08,-1.421670235179488e-07,0.0,1.0127631979488635e-07,-6.389748870405229e-08,0.0
1159,69600.0,69600,3.738752377717347e-08,3.7387523788592293e-08,-1.4167574237988233e-07,0.0,1.0129187494059059e-07,-6.390435113504486e-08,0.0
1160,69660.0,69660,3.739619930563373e-08,3.739619931705455e-08,-1.4118433660662348e-07,0.0,1.0130739024111085e-07,-6.391119090710087e-08,0.0
1161,69720.0,69720,3.740485751858583e-08,3.740485753000532e-08,-1.4069280643273808e-07,0.0,1.0132286554905251e-07,-6.391800800208577e-08,0.0
1162,69780.0,69780,3.741349828693189e-08,3.7413498298354034e-08,-1.4020115209474608e-07,0.0,1.01338300717239e-07,-6.392480240192155e-08,0.0
1163,69840.0,69840,3.742212148173286e-08,3.7422121493158336e-08,-1.3970937383114544e-07,0.0,1.0135369559871039e-07,-6.393157408858598e-08,0.0
1164,69900.0,69900,3.743072697425975e-08,3.743072698568456e-08,-1.3921747188238292e-07,0.0,1.0136905004675669e-07,-6.393832304410075e-08,0.0
1165,69960.0,69960,3.743931463593576e-08,3.743931464736257e-08,-1.3872544649084868e-07,0.0,1.0138436391488723e-07,-6.394504925054996e-08,0.0
1166,70020.0,70020,3.744788433839546e-08,3.744788434982492e-08,-1.382332979009004e-07,0.0,1.0139963705685861e-07,-6.395175269005632e-08,0.0
1167,70080.0,70080,3.745643595342495e-08,3.7456435964856406e-08,-1.3774102635883635e-07,0.0,1.0141486932665339e-07,-6.395843334481364e-08,0.0
1168,70140.0,70140,3.74649693530443e-08,3.7464969364479076e-08,-1.3724863211290383e-07,0.0,1.0143006057852002e-07,-6.396509119705426e-08,0.0
1169,70200.0,70200,3.74734844094085e-08,3.747348442084261e-08,-1.3675611541329605e-07,0.0,1.0144521066690499e-07,-6.39717262290777e-08,0.0
1170,70260.0,70260,3.748198099491714e-08,3.748198100635192e-08,-1.362634765121498e-07,0.0,1.0146031944655923e-07,-6.39783384232213e-08,0.0
1171,70320.0,70320,3.749045898212267e-08,3.749045899355878e-08,-1.3577071566353462e-07,0.0,1.0147538677243703e-07,-6.398492776188226e-08,0.0
1172,70380.0,70380,3.749891824381152e-08,3.749891825525029e-08,-1.3527783312344765e-07,0.0,1.0149041249976654e-07,-6.399149422751695e-08,0.0
1173,70440.0,70440,3.750735865293827e-08,3.750735866437969e-08,-1.347848291498427e-07,0.0,1.015053964840165e-07,-6.399803780263486e-08,0.0
1174,70500.0,70500,3.7515780082693424e-08,3.7515780094136184e-08,-1.342917040025825e-07,0.0,1.0152033858092023e-07,-6.400455846978408e-08,0.0
1175,70560.0,70560,3.752418240644899e-08,3.752418241789374e-08,-1.3379845794346265e-07,0.0,1.0153523864648082e-07,-6.401105621158313e-08,0.0
1176,70620.0,70620,3.753256549778099e-08,3.753256550922773e-08,-1.3330509123620353e-07,0.0,1.0155009653693937e-07,-6.401753101070237e-08,0.0
1177,70680.0,70680,3.754092923049741e-08,3.7540929241945484e-08,-1.3281160414642516e-07,0.0,1.0156491210882143e-07,-6.402398284986135e-08,0.0
1178,70740.0,70740,3.754927347860899e-08,3.7549273490055734e-08,-1.3231799694169634e-07,0.0,1.0157968521890779e-07,-6.403041171183547e-08,0.0
1179,70800.0,70800,3.755759811632849e-08,3.7557598127777893e-08,-1.3182426989148677e-07,0.0,1.0159441572424376e-07,-6.403681757944863e-08,0.0
1180,70860.0,70860,3.756590301810331e-08,3.7565903029554706e-08,-1.313304232671737e-07,0.0,1.0160910348216843e-07,-6.40432004355925e-08,0.0
1181,70920.0,70920,3.75741880585962e-08,3.757418807004959e-08,-1.308364573420367e-07,0.0,1.0162374835028413e-07,-6.404956026320734e-08,0.0
1182,70980.0,70980,3.758245311268725e-08,3.758245312414264e-08,-1.3034237239126685e-07,0.0,1.0163835018645502e-07,-6.405589704528517e-08,0.0
1183,71040.0,71040,3.759069805546991e-08,3.759069806692596e-08,-1.2984816869195613e-07,0.0,1.0165290884883506e-07,-6.40622107648779e-08,0.0
1184,71100.0,71100,3.759892276231811e-08,3.759892277377549e-08,-1.293538465230922e-07,0.0,1.0166742419588664e-07,-6.406850140507795e-08,0.0
1185,71160.0,71160,3.7607127108762635e-08,3.760712712022134e-08,-1.288594061655569e-07,0.0,1.0168189608631271e-07,-6.407476894905751e-08,0.0
1186,71220.0,71220,3.7615310970588183e-08,3.761531098204955e-08,-1.2836484790211312e-07,0.0,1.01696324379122e-07,-6.408101338002928e-08,0.0
1187,71280.0,71280,3.762347422386259e-08,3.7623474235325285e-08,-1.2787017201742731e-07,0.0,1.01710708933625e-07,-6.40872346812572e-08,0.0
1188,71340.0,71340,3.763161674483447e-08,3.763161675629717e-08,-1.2737537879803896e-07,0.0,1.0172504960940998e-07,-6.409343283606631e-08,0.0
1189,71400.0,71400,3.7639738409997716e-08,3.763973842146506e-08,-1.2688046853236848e-07,0.0,1.0173934626636036e-07,-6.40996078278468e-08,0.0
1190,71460.0,71460,3.7647839096128015e-08,3.7647839107594697e-08,-1.2638544151070667e-07,0.0,1.0175359876467327e-07,-6.410575964002544e-08,0.0
1191,71520.0,71520,3.765591868018916e-08,3.765591869165651e-08,-1.2589029802522797e-07,0.0,1.0176780696481436e-07,-6.411188825610273e-08,0.0
1192,71580.0,71580,3.766397703944737e-08,3.7663977050918044e-08,-1.253950383699758e-07,0.0,1.0178197072759225e-07,-6.411799365961376e-08,0.0
1193,71640.0,71640,3.7672014051387536e-08,3.76720140628582e-08,-1.2489966284084408e-07,0.0,1.0179608991409469e-07,-6.412407583417338e-08,0.0
1194,71700.0,71700,3.768002959372982e-08,3.768002960520248e-08,-1.2440417173559165e-07,0.0,1.018101643857059e-07,-6.413013476343765e-08,0.0
1195,71760.0,71760,3.768802354447356e-08,3.7688023555948226e-08,-1.239085653538464e-07,0.0,1.0182419400414108e-07,-6.413617043112576e-08,0.0
1196,71820.0,71820,3.7695995781875325e-08,3.769599579335264e-08,-1.2341284399708937e-07,0.0,1.0183817863142783e-07,-6.414218282100477e-08,0.0
1197,71880.0,71880,3.7703946184438904e-08,3.770394619591688e-08,-1.229170079686413e-07,0.0,1.0185211812990879e-07,-6.414817191691818e-08,0.0
1198,71940.0,71940,3.771187463094593e-08,3.771187464242458e-08,-1.2242105757367194e-07,0.0,1.0186601236223901e-07,-6.41541377027367e-08,0.0
1199,72000.0,72000,3.771978100041002e-08,3.771978101189132e-08,-1.2192499311919366e-07,0.0,1.0187986119137258e-07,-6.416008016240553e-08,0.0
1200,72060.0,72060,3.772766517215648e-08,3.772766518363779e-08,-1.2142881491406108e-07,0.0,1.0189366448064785e-07,-6.416599927992768e-08,0.0
1201,72120.0,72120,3.7735527025716694e-08,3.773552703720066e-08,-1.2093252326894742e-07,0.0,1.019074220936437e-07,-6.4171895039358e-08,0.0
1202,72180.0,72180,3.7743366440957676e-08,3.774336645244297e-08,-1.2043611849638692e-07,0.0,1.0192113389434447e-07,-6.41777674248138e-08,0.0
1203,72240.0,72240,3.775118329798772e-08,3.775118330947368e-08,-1.1993960091070175e-07,0.0,1.0193479974702699e-07,-6.418361642046096e-08,0.0
1204,72300.0,72300,3.7758977477183644e-08,3.7758977488670265e-08,-1.1944297082806183e-07,0.0,1.0194841951628838e-07,-6.41894420105291e-08,0.0
1205,72360.0,72360,3.776674885922334e-08,3.776674887071196e-08,-1.1894622856644897e-07,0.0,1.0196199306711402e-07,-6.41952441793024e-08,0.0
1206,72420.0,72420,3.7774497325046605e-08,3.7774497336535885e-08,-1.1844937444565013e-07,0.0,1.019755202647617e-07,-6.420102291112549e-08,0.0
1207,72480.0,72480,3.7782222755885656e-08,3.778222276737693e-08,-1.1795240878726949e-07,0.0,1.0198900097487346e-07,-6.420677819039886e-08,0.0
1208,72540.0,72540,3.778992503324191e-08,3.778992504473451e-08,-1.1745533191471773e-07,0.0,1.0200243506341695e-07,-6.421251000157813e-08,0.0
1209,72600.0,72600,3.7797604038946454e-08,3.7797604050442385e-08,-1.1695814415320151e-07,0.0,1.0201582239672413e-07,-6.421821832917477e-08,0.0
1210,72660.0,72660,3.7805259655076964e-08,3.780525966657356e-08,-1.1646084582971534e-07,0.0,1.0202916284145259e-07,-6.422390315776674e-08,0.0
1211,72720.0,72720,3.7812891764004896e-08,3.781289177550282e-08,-1.1596343727306564e-07,0.0,1.0204245626460554e-07,-6.422956447198977e-08,0.0
1212,72780.0,72780,3.782050024841675e-08,3.782050025991534e-08,-1.1546591881382547e-07,0.0,1.0205570253356244e-07,-6.423520225652948e-08,0.0
1213,72840.0,72840,3.782808499131872e-08,3.7828085002820637e-08,-1.1496829078436513e-07,0.0,1.020689015160709e-07,-6.424081649612667e-08,0.0
1214,72900.0,72900,3.7835645875973586e-08,3.783564588747416e-08,-1.1447055351882557e-07,0.0,1.0208205308019628e-07,-6.424640717559787e-08,0.0
1215,72960.0,72960,3.784318278593986e-08,3.7843182797443094e-08,-1.1397270735312637e-07,0.0,1.0209515709437616e-07,-6.425197427980748e-08,0.0
1216,73020.0,73020,3.785069560511904e-08,3.7850695616624274e-08,-1.1347475262496307e-07,0.0,1.0210821342742825e-07,-6.425751779367507e-08,0.0
1217,73080.0,73080,3.785818421770375e-08,3.785818422920965e-08,-1.1297668967376462e-07,0.0,1.0212122194852392e-07,-6.426303770218336e-08,0.0
1218,73140.0,73140,3.786564850820432e-08,3.786564851971354e-08,-1.1247851884076523e-07,0.0,1.0213418252721735e-07,-6.426853399036891e-08,0.0
1219,73200.0,73200,3.787308836140889e-08,3.7873088372918106e-08,-1.119802404689232e-07,0.0,1.0214709503339238e-07,-6.427400664334003e-08,0.0
1220,73260.0,73260,3.788050366247051e-08,3.7880503673979726e-08,-1.1148185490295683e-07,0.0,1.0215995933736489e-07,-6.427945564624496e-08,0.0
1221,73320.0,73320,3.788789429680676e-08,3.7887894308317975e-08,-1.1098336248934182e-07,0.0,1.0217277530977381e-07,-6.428488098431764e-08,0.0
1222,73380.0,73380,3.789526015022006e-08,3.789526016173327e-08,-1.104847635762607e-07,0.0,1.0218554282168741e-07,-6.429028264280795e-08,0.0
1223,73440.0,73440,3.790260110876009e-08,3.790260112027462e-08,-1.0998605851366659e-07,0.0,1.021982617445023e-07,-6.42956606070775e-08,0.0
1224,73500.0,73500,3.790991705885603e-08,3.79099170703719e-08,-1.0948724765323283e-07,0.0,1.0221093195003118e-07,-6.430101486250779e-08,0.0
1225,73560.0,73560,3.791720788722687e-08,3.791720789874406e-08,-1.0898833134834753e-07,0.0,1.0222355331045364e-07,-6.430634539455607e-08,0.0
1226,73620.0,73620,3.7924473480935214e-08,3.792447349245507e-08,-1.0848930995413888e-07,0.0,1.0223612569835202e-07,-6.431165218874545e-08,0.0
1227,73680.0,73680,3.793171372739063e-08,3.7931713738909817e-08,-1.0799018382744594e-07,0.0,1.0224864898670087e-07,-6.431693523063023e-08,0.0
1228,73740.0,73740,3.793892851431773e-08,3.793892852583825e-08,-1.0749095332681054e-07,0.0,1.0226112304886018e-07,-6.432219450585914e-08,0.0
1229,73800.0,73800,3.794611772975483e-08,3.7946117741276015e-08,-1.0699161881248942e-07,0.0,1.022735477585755e-07,-6.4327430000136e-08,0.0
1230,73860.0,73860,3.795328126213908e-08,3.795328127366292e-08,-1.064921806464594e-07,0.0,1.0228592299001504e-07,-6.433264169919064e-08,0.0
1231,73920.0,73920,3.796041900018341e-08,3.7960419011709246e-08,-1.0599263919234034e-07,0.0,1.0229824861772592e-07,-6.433782958884789e-08,0.0
1232,73980.0,73980,3.796753083299028e-08,3.796753084451811e-08,-1.0549299481549752e-07,0.0,1.0231052451666731e-07,-6.434299365498175e-08,0.0
1233,74040.0,74040,3.797461664996987e-08,3.7974616661498365e-08,-1.0499324788295386e-07,0.0,1.0232275056220518e-07,-6.434813388353404e-08,0.0
1234,74100.0,74100,3.7981676340911887e-08,3.798167635244171e-08,-1.044933987634351e-07,0.0,1.0233492663010428e-07,-6.435325026048513e-08,0.0
1235,74160.0,74160,3.798870979593703e-08,3.7988709807466854e-08,-1.0399344782730876e-07,0.0,1.0234705259654143e-07,-6.435834277189649e-08,0.0
1236,74220.0,74220,3.799571690552891e-08,3.799571691706073e-08,-1.034933954466385e-07,0.0,1.023591283381295e-07,-6.436341140388936e-08,0.0
1237,74280.0,74280,3.800269756051143e-08,3.800269757204591e-08,-1.029932419951417e-07,0.0,1.0237115373186287e-07,-6.43684561426309e-08,0.0
1238,74340.0,74340,3.800965165207474e-08,3.800965166360922e-08,-1.0249298784821197e-07,0.0,1.0238312865515729e-07,-6.437347697436664e-08,0.0
1239,74400.0,74400,3.801657907177653e-08,3.8016579083311676e-08,-1.0199263338287268e-07,0.0,1.0239505298588711e-07,-6.437847388538539e-08,0.0
1240,74460.0,74460,3.802347971151546e-08,3.8023479723051934e-08,-1.0149217897781283e-07,0.0,1.024069266023003e-07,-6.438344686205897e-08,0.0
1241,74520.0,74520,3.8030353463565065e-08,3.8030353475104195e-08,-1.0099162501336843e-07,0.0,1.0241874938309004e-07,-6.438839589079845e-08,0.0
1242,74580.0,74580,3.803720022057972e-08,3.803720023212018e-08,-1.0049097187148798e-07,0.0,1.0243052120739493e-07,-6.439332095808137e-08,0.0
1243,74640.0,74640,3.8044019875539486e-08,3.8044019887080615e-08,-9.999021993577896e-08,0.0,1.0244224195474298e-07,-6.439822205046235e-08,0.0
1244,74700.0,74700,3.805081232183453e-08,3.805081233337699e-08,-9.948936959146392e-08,0.0,1.0245391150511822e-07,-6.440309915454254e-08,0.0
1245,74760.0,74760,3.8057577453222564e-08,3.8057577464765016e-08,-9.898842122539124e-08,0.0,1.0246552973894995e-07,-6.44079522569776e-08,0.0
1246,74820.0,74820,3.806431516381954e-08,3.806431517536465e-08,-9.848737522601639e-08,0.0,1.024770965370756e-07,-6.441278134450096e-08,0.0
1247,74880.0,74880,3.807102534813557e-08,3.8071025359682015e-08,-9.798623198341398e-08,0.0,1.0248861178079654e-07,-6.44175864039052e-08,0.0
1248,74940.0,74940,3.807770790104433e-08,3.807770791259011e-08,-9.748499188925112e-08,0.0,1.0250007535183947e-07,-6.442236742203804e-08,0.0
1249,75000.0,75000,3.8084362717826265e-08,3.80843627293747e-08,-9.698365533680338e-08,0.0,1.0251148713239775e-07,-6.442712438581039e-08,0.0
1250,75060.0,75060,3.8090989694106773e-08,3.809098970565521e-08,-9.648222272094155e-08,0.0,1.0252284700506613e-07,-6.443185728219562e-08,0.0
1251,75120.0,75120,3.809758872594395e-08,3.8097588737493054e-08,-9.598069443810896e-08,0.0,1.0253415485294323e-07,-6.443656609822955e-08,0.0
1252,75180.0,75180,3.810415970974617e-08,3.810415972129726e-08,-9.547907088633752e-08,0.0,1.0254541055953571e-07,-6.44412508210165e-08,0.0
1253,75240.0,75240,3.811070254233654e-08,3.8110702553888966e-08,-9.497735246524098e-08,0.0,1.0255661400882484e-07,-6.444591143770927e-08,0.0
1254,75300.0,75300,3.81172171209197e-08,3.8117217132474116e-08,-9.447553957598574e-08,0.0,1.0256776508523987e-07,-6.445054793554179e-08,0.0
1255,75360.0,75360,3.8123703343100396e-08,3.812370335465482e-08,-9.397363262132013e-08,0.0,1.0257886367366993e-07,-6.445516030178585e-08,0.0
1256,75420.0,75420,3.813016110687753e-08,3.8130161118433285e-08,-9.347163200553043e-08,0.0,1.0258990965945756e-07,-6.445974852379767e-08,0.0
1257,75480.0,75480,3.813659031066342e-08,3.81365903222205e-08,-9.296953813447024e-08,0.0,1.0260090292843969e-07,-6.446431258898261e-08,0.0
1258,75540.0,75540,3.814299085323195e-08,3.814299086479168e-08,-9.246735141552582e-08,0.0,1.0261184336684946e-07,-6.44688524848232e-08,0.0
1259,75600.0,75600,3.8149362633847515e-08,3.814936264540592e-08,-9.196507225762949e-08,0.0,1.0262273086148761e-07,-6.447336819884111e-08,0.0
1260,75660.0,75660,3.8155705552063e-08,3.8155705563623396e-08,-9.146270107124618e-08,0.0,1.0263356529951112e-07,-6.447785971865246e-08,0.0
1261,75720.0,75720,3.8162019507939715e-08,3.8162019519502774e-08,-9.096023826835366e-08,0.0,1.0264434656865124e-07,-6.448232703190657e-08,0.0
1262,75780.0,75780,3.816830440189793e-08,3.816830441345966e-08,-9.045768426247699e-08,0.0,1.0265507455703404e-07,-6.448677012632784e-08,0.0
1263,75840.0,75840,3.817456013478127e-08,3.817456014634499e-08,-8.995503946863007e-08,0.0,1.0266574915329739e-07,-6.449118898970785e-08,0.0
1264,75900.0,75900,3.818078660787136e-08,3.818078661943642e-08,-8.945230430334884e-08,0.0,1.0267637024658294e-07,-6.449558360990064e-08,0.0
1265,75960.0,75960,3.818698372283272e-08,3.818698373439977e-08,-8.89494791846608e-08,0.0,1.0268693772646304e-07,-6.449995397481208e-08,0.0
1266,76020.0,76020,3.8193151381765824e-08,3.819315139333287e-08,-8.844656453209816e-08,0.0,1.0269745148301786e-07,-6.450430007243046e-08,0.0
1267,76080.0,76080,3.8199289487209863e-08,3.8199289498777574e-08,-8.794356076667538e-08,0.0,1.0270791140681541e-07,-6.450862189078331e-08,0.0
1268,76140.0,76140,3.820539794208287e-08,3.82053979536539e-08,-8.744046831088773e-08,0.0,1.0271831738890759e-07,-6.451291941799451e-08,0.0
1269,76200.0,76200,3.821147664977278e-08,3.821147666134315e-08,-8.693728758871536e-08,0.0,1.0272866932081685e-07,-6.451719264221254e-08,0.0
1270,76260.0,76260,3.821752551410356e-08,3.821752552567592e-08,-8.643401902560199e-08,0.0,1.0273896709462e-07,-6.452144155167958e-08,0.0
1271,76320.0,76320,3.8223544439264066e-08,3.822354445083377e-08,-8.593066304845756e-08,0.0,1.0274921060278864e-07,-6.452566613469436e-08,0.0
1272,76380.0,76380,3.8229533329943644e-08,3.8229533341518005e-08,-8.542722008564098e-08,0.0,1.0275939973839253e-07,-6.45298663796107e-08,0.0
1273,76440.0,76440,3.823549209122712e-08,3.823549210280147e-08,-8.492369056696276e-08,0.0,1.0276953439492955e-07,-6.453404227485627e-08,0.0
1274,76500.0,76500,3.824142062866057e-08,3.824142064023759e-08,-8.442007492368239e-08,0.0,1.0277961446642391e-07,-6.453819380891385e-08,0.0
1275,76560.0,76560,3.8247318848228766e-08,3.824731885980578e-08,-8.391637358849234e-08,0.0,1.0278963984742626e-07,-6.454232097034535e-08,0.0
1276,76620.0,76620,3.8253186656315934e-08,3.8253186667892955e-08,-8.341258699551943e-08,0.0,1.0279961043292726e-07,-6.454642374775652e-08,0.0
1277,76680.0,76680,3.825902395980612e-08,3.825902397138314e-08,-8.290871558030085e-08,0.0,1.0280952611849049e-07,-6.455050212983157e-08,0.0
1278,76740.0,76740,3.826483066599479e-08,3.826483067757646e-08,-8.240475977981214e-08,0.0,1.028193868001754e-07,-6.455455610532115e-08,0.0
1279,76800.0,76800,3.827060668263604e-08,3.827060669421771e-08,-8.190072003241666e-08,0.0,1.028291923745226e-07,-6.455858566302444e-08,0.0
1280,76860.0,76860,3.827635191792859e-08,3.827635192951226e-08,-8.139659677789744e-08,0.0,1.0283894273862042e-07,-6.456259079182371e-08,0.0
1281,76920.0,76920,3.828206628052251e-08,3.828206629210551e-08,-8.089239045742404e-08,0.0,1.0284863779004501e-07,-6.456657148065507e-08,0.0
1282,76980.0,76980,3.828774967953508e-08,3.828774969111941e-08,-8.038810151355242e-08,0.0,1.0285827742692956e-07,-6.457052771852239e-08,0.0
1283,77040.0,77040,3.829340202451032e-08,3.829340203609465e-08,-7.988373039023175e-08,0.0,1.0286786154787646e-07,-6.457445949449339e-08,0.0
1284,77100.0,77100,3.82990232254761e-08,3.829902323706176e-08,-7.937927753278032e-08,0.0,1.0287739005205441e-07,-6.457836679770555e-08,0.0
1285,77160.0,77160,3.830461319291161e-08,3.830461320449993e-08,-7.887474338788434e-08,0.0,1.0288686283914122e-07,-6.458224961734622e-08,0.0
1286,77220.0,77220,3.831017183775133e-08,3.8310171849341637e-08,-7.837012840358989e-08,0.0,1.028962798093305e-07,-6.458610794268847e-08,0.0
1287,77280.0,77280,3.8315699071402956e-08,3.8315699082993265e-08,-7.786543302930824e-08,0.0,1.0290564086335289e-07,-6.45899417630619e-08,0.0
1288,77340.0,77340,3.8321194805757414e-08,3.832119481734706e-08,-7.7360657715788e-08,0.0,1.029149459025e-07,-6.459375106785255e-08,0.0
1289,77400.0,77400,3.8326658953108405e-08,3.8326658964700044e-08,-7.685580291512433e-08,0.0,1.0292419482852473e-07,-6.459753584652296e-08,0.0
1290,77460.0,77460,3.8332091426302624e-08,3.833209143789493e-08,-7.63508690807311e-08,0.0,1.0293338754379808e-07,-6.460129608859744e-08,0.0
1291,77520.0,77520,3.833749213857759e-08,3.833749215017255e-08,-7.584585666736744e-08,0.0,1.02942523951151e-07,-6.46050317836721e-08,0.0
1292,77580.0,77580,3.834286100373909e-08,3.834286101533205e-08,-7.53407661311045e-08,0.0,1.0295160395401933e-07,-6.460874292137892e-08,0.0
1293,77640.0,77640,3.834819793596646e-08,3.834819794756541e-08,-7.483559792932417e-08,0.0,1.0296062745633867e-07,-6.461242949146557e-08,0.0
1294,77700.0,77700,3.835350285000068e-08,3.835350286159697e-08,-7.433035252071103e-08,0.0,1.0296959436262024e-07,-6.461609148371025e-08,0.0
1295,77760.0,77760,3.8358775660994804e-08,3.8358775672591095e-08,-7.382503036525375e-08,0.0,1.0297850457786444e-07,-6.461972888796298e-08,0.0
1296,77820.0,77820,3.83640162846303e-08,3.836401629622992e-08,-7.33196319242291e-08,0.0,1.0298735800768583e-07,-6.462334169413957e-08,0.0
1297,77880.0,77880,3.836922463705854e-08,3.836922464865815e-08,-7.281415766018866e-08,0.0,1.029961545582001e-07,-6.462692989222296e-08,0.0
1298,77940.0,77940,3.83744006349161e-08,3.8374400646515716e-08,-7.230860803696813e-08,0.0,1.0300489413610654e-07,-6.463049347226983e-08,0.0
1299,78000.0,78000,3.837954419531944e-08,3.8379544206922384e-08,-7.180298351967004e-08,0.0,1.0301357664863081e-07,-6.463403242439076e-08,0.0
1300,78060.0,78060,3.838465523589416e-08,3.838465524749709e-08,-7.129728457465049e-08,0.0,1.0302220200359282e-07,-6.463754673877141e-08,0.0
1301,78120.0,78120,3.838973367471115e-08,3.838973368631409e-08,-7.079151166953239e-08,0.0,1.0303077010929897e-07,-6.464103640566256e-08,0.0
1302,78180.0,78180,3.839477943039698e-08,3.8394779442000585e-08,-7.028566527316962e-08,0.0,1.0303928087469507e-07,-6.464450141536485e-08,0.0
1303,78240.0,78240,3.839979242203484e-08,3.8399792433638444e-08,-6.977974585566161e-08,0.0,1.0304773420924273e-07,-6.464794175827599e-08,0.0
1304,78300.0,78300,3.8404772569185136e-08,3.840477258079139e-08,-6.927375388834143e-08,0.0,1.0305613002295254e-07,-6.465135742483284e-08,0.0
1305,78360.0,78360,3.840971979197588e-08,3.8409719803581485e-08,-6.87676898437624e-08,0.0,1.0306446822646387e-07,-6.465474840554877e-08,0.0
1306,78420.0,78420,3.8414634010953856e-08,3.841463402256344e-08,-6.826155419568759e-08,0.0,1.0307274873090527e-07,-6.465811469100753e-08,0.0
1307,78480.0,78480,3.841951514721947e-08,3.841951515882906e-08,-6.775534741910298e-08,0.0,1.0308097144802209e-07,-6.466145627185874e-08,0.0
1308,78540.0,78540,3.8424363122373636e-08,3.8424363133983884e-08,-6.7249069990183e-08,0.0,1.0308913629013396e-07,-6.466477313881114e-08,0.0
1309,78600.0,78600,3.842917785850578e-08,3.842917787011603e-08,-6.674272238629314e-08,0.0,1.0309724317010155e-07,-6.466806528264657e-08,0.0
1310,78660.0,78660,3.84339592782158e-08,3.843395928982539e-08,-6.623630508599259e-08,0.0,1.031052920013757e-07,-6.467133269421204e-08,0.0
1311,78720.0,78720,3.843870730462268e-08,3.843870731623493e-08,-6.572981856901236e-08,0.0,1.0311328269799087e-07,-6.467457536441833e-08,0.0
1312,78780.0,78780,3.84434218613459e-08,3.844342187295814e-08,-6.522326331625525e-08,0.0,1.0312121517455576e-07,-6.46777932842507e-08,0.0
1313,78840.0,78840,3.8448102872538645e-08,3.8448102884153545e-08,-6.471663980978587e-08,0.0,1.031290893462573e-07,-6.468098644475818e-08,0.0
1314,78900.0,78900,3.8452750262830016e-08,3.8452750274445584e-08,-6.420994853282535e-08,0.0,1.0313690512883949e-07,-6.468415483704898e-08,0.0
1315,78960.0,78960,3.8457363957390135e-08,3.84573639690057e-08,-6.370318996973269e-08,0.0,1.0314466243867232e-07,-6.468729845231771e-08,0.0
1316,79020.0,79020,3.846194388194212e-08,3.8461943893559013e-08,-6.319636460601546e-08,0.0,1.031523611927068e-07,-6.469041728179687e-08,0.0
1317,79080.0,79080,3.846648996265507e-08,3.84664899742733e-08,-6.26894729283071e-08,0.0,1.031600013084362e-07,-6.469351131681067e-08,0.0
1318,79140.0,79140,3.8471002126272365e-08,3.8471002137890586e-08,-6.218251542436108e-08,0.0,1.0316758270398796e-07,-6.469658054874381e-08,0.0
1319,79200.0,79200,3.8475480300028546e-08,3.8475480311646774e-08,-6.167549258304741e-08,0.0,1.0317510529806109e-07,-6.469962496905877e-08,0.0
1320,79260.0,79260,3.8479924411722466e-08,3.847992442334069e-08,-6.116840489435081e-08,0.0,1.0318256900995677e-07,-6.470264456925852e-08,0.0
1321,79320.0,79320,3.848433438966209e-08,3.848433440128298e-08,-6.066125284934131e-08,0.0,1.0318997375957304e-07,-6.470563934093386e-08,0.0
1322,79380.0,79380,3.8488710162647255e-08,3.8488710174268805e-08,-6.015403694018703e-08,0.0,1.0319731946736233e-07,-6.470860927573663e-08,0.0
1323,79440.0,79440,3.8493051660064e-08,3.8493051671686214e-08,-5.964675766013878e-08,0.0,1.0320460605443896e-07,-6.471155436538922e-08,0.0
1324,79500.0,79500,3.8497358811804846e-08,3.8497358823425066e-08,-5.9139415503528094e-08,0.0,1.0321183344247167e-07,-6.471447460168707e-08,0.0
1325,79560.0,79560,3.850163154828274e-08,3.850163155990495e-08,-5.863201096573336e-08,0.0,1.0321900155375526e-07,-6.471736997648612e-08,0.0
1326,79620.0,79620,3.850586980047359e-08,3.8505869812097135e-08,-5.812454454321503e-08,0.0,1.0322611031116546e-07,-6.472024048170013e-08,0.0
1327,79680.0,79680,3.851007349986976e-08,3.8510073511494635e-08,-5.761701673347041e-08,0.0,1.0323315963820142e-07,-6.472308610934326e-08,0.0
1328,79740.0,79740,3.8514242578509276e-08,3.851424259013349e-08,-5.710942803504366e-08,0.0,1.0324014945895522e-07,-6.472590685145156e-08,0.0
1329,79800.0,79800,3.851837696897453e-08,3.8518376980600734e-08,-5.660177894750583e-08,0.0,1.0324707969813702e-07,-6.472870270016478e-08,0.0
1330,79860.0,79860,3.852247660435838e-08,3.852247661598458e-08,-5.609406997146084e-08,0.0,1.0325395028104722e-07,-6.473147364768914e-08,0.0
1331,79920.0,79920,3.8526541418349196e-08,3.852654142997739e-08,-5.5586301608532873e-08,0.0,1.0326076113363227e-07,-6.473421968627805e-08,0.0
1332,79980.0,79980,3.853057134513386e-08,3.8530571356762715e-08,-5.507847436134708e-08,0.0,1.032675121824142e-07,-6.473694080827665e-08,0.0
1333,80040.0,80040,3.853456631947816e-08,3.853456633110702e-08,-5.45705887335349e-08,0.0,1.0327420335455045e-07,-6.473963700606461e-08,0.0
1334,80100.0,80100,3.853852627667896e-08,3.853852628830848e-08,-5.406264522972278e-08,0.0,1.032808345778153e-07,-6.474230827212932e-08,0.0
1335,80160.0,80160,3.85424511525655e-08,3.8542451164195686e-08,-5.355464435551753e-08,0.0,1.0328740578057852e-07,-6.474495459900203e-08,0.0
1336,80220.0,80220,3.854634088355924e-08,3.8546340895190756e-08,-5.304658661749901e-08,0.0,1.0329391689186924e-07,-6.474757597929901e-08,0.0
1337,80280.0,80280,3.855019540658943e-08,3.8550195418220946e-08,-5.2538472523218825e-08,0.0,1.0330036784129485e-07,-6.47501724056931e-08,0.0
1338,80340.0,80340,3.8554014659176214e-08,3.85540146708084e-08,-5.2030302581192994e-08,0.0,1.033067585591141e-07,-6.47527438709189e-08,0.0
1339,80400.0,80400,3.85577985793668e-08,3.855779859099965e-08,-5.152207730088001e-08,0.0,1.0331308897617991e-07,-6.47552903677928e-08,0.0
1340,80460.0,80460,3.856154710579197e-08,3.8561547117425484e-08,-5.101379719268487e-08,0.0,1.0331935902400594e-07,-6.475781188919498e-08,0.0
1341,80520.0,80520,3.856526017761224e-08,3.8565260189246416e-08,-5.05054627679497e-08,0.0,1.0332556863470929e-07,-6.476030842807475e-08,0.0
1342,80580.0,80580,3.8568937734570354e-08,3.856893774620519e-08,-4.999707453892856e-08,0.0,1.0333171774104916e-07,-6.476277997745585e-08,0.0
1343,80640.0,80640,3.8572579716938803e-08,3.857257972857564e-08,-4.948863301880803e-08,0.0,1.0333780627638826e-07,-6.476522653042251e-08,0.0
1344,80700.0,80700,3.857618606561485e-08,3.857618607725169e-08,-4.898013872167794e-08,0.0,1.0334383417476724e-07,-6.476764808012543e-08,0.0
1345,80760.0,80760,3.857975672196901e-08,3.8579756733604516e-08,-4.847159216252808e-08,0.0,1.0334980137080233e-07,-6.477004461980437e-08,0.0
1346,80820.0,80820,3.8583291628023796e-08,3.858329163966196e-08,-4.796299385723756e-08,0.0,1.033557077997904e-07,-6.477241614273101e-08,0.0
1347,80880.0,80880,3.8586790726323505e-08,3.8586790737961004e-08,-4.745434432257147e-08,0.0,1.033615533976411e-07,-6.477476264228467e-08,0.0
1348,80940.0,80940,3.859025395997606e-08,3.8590253971616215e-08,-4.694564407616227e-08,0.0,1.0336733810090486e-07,-6.477708411189189e-08,0.0
1349,81000.0,81000,3.859368127267493e-08,3.859368128431442e-08,-4.6436893636518456e-08,0.0,1.0337306184677013e-07,-6.477938054505696e-08,0.0
1350,81060.0,81060,3.8597072608677235e-08,3.85970726203154e-08,-4.592809352299396e-08,0.0,1.0337872457306479e-07,-6.478165193534931e-08,0.0
1351,81120.0,81120,3.860042791282765e-08,3.860042792446781e-08,-4.541924425580545e-08,0.0,1.0338432621826808e-07,-6.478389827639886e-08,0.0
1352,81180.0,81180,3.8603747130509204e-08,3.860374714215136e-08,-4.4910346355991094e-08,0.0,1.033898667214827e-07,-6.478611956192793e-08,0.0
1353,81240.0,81240,3.8607030207731064e-08,3.860703021937255e-08,-4.440140034543718e-08,0.0,1.0339534602248262e-07,-6.478831578570533e-08,0.0
1354,81300.0,81300,3.861027709100884e-08,3.861027710265099e-08,-4.389240674683821e-08,0.0,1.034007640616387e-07,-6.479048694158496e-08,0.0
1355,81360.0,81360,3.86134877275062e-08,3.861348773914968e-08,-4.338336608371221e-08,0.0,1.0340612078003165e-07,-6.479263302347923e-08,0.0
1356,81420.0,81420,3.861666206490989e-08,3.861666207655337e-08,-4.2874278880370126e-08,0.0,1.034114161193364e-07,-6.479475402537697e-08,0.0
1357,81480.0,81480,3.8619800051526775e-08,3.861980006317159e-08,-4.236514566192982e-08,0.0,1.0341665002190847e-07,-6.479684994132816e-08,0.0
1358,81540.0,81540,3.862290163621475e-08,3.862290164785956e-08,-4.185596695429674e-08,0.0,1.0342182243073083e-07,-6.479892076545855e-08,0.0
1359,81600.0,81600,3.862596676844383e-08,3.8625966780089307e-08,-4.134674328414273e-08,0.0,1.0342693328947367e-07,-6.480096649196965e-08,0.0
1360,81660.0,81660,3.8628995398238367e-08,3.862899540988584e-08,-4.0837475178919245e-08,0.0,1.0343198254241738e-07,-6.480298711512082e-08,0.0
1361,81720.0,81720,3.863198747621227e-08,3.863198748785907e-08,-4.0328163166833467e-08,0.0,1.0343697013452561e-07,-6.48049826292525e-08,0.0
1362,81780.0,81780,3.8634942953572304e-08,3.863494296521911e-08,-3.981880777684564e-08,0.0,1.0344189601139344e-07,-6.480695302876161e-08,0.0
1363,81840.0,81840,3.8637861782128105e-08,3.8637861793776244e-08,-3.930940953865709e-08,0.0,1.0344676011930981e-07,-6.480889830811487e-08,0.0
1364,81900.0,81900,3.8640743914240296e-08,3.86407439258871e-08,-3.8799968982705596e-08,0.0,1.0345156240517255e-07,-6.481081846187273e-08,0.0
1365,81960.0,81960,3.864358930288762e-08,3.8643589314536424e-08,-3.8290486640150083e-08,0.0,1.0345630281658663e-07,-6.48127134846355e-08,0.0
1366,82020.0,82020,3.864639790162777e-08,3.864639791327724e-08,-3.778096304286598e-08,0.0,1.0346098130178319e-07,-6.481458337108991e-08,0.0
1367,82080.0,82080,3.8649169664613287e-08,3.864916967626341e-08,-3.727139872343592e-08,0.0,1.0346559780967124e-07,-6.481642811598647e-08,0.0
1368,82140.0,82140,3.865190454658891e-08,3.865190455823904e-08,-3.6761794215141745e-08,0.0,1.0347015228981388e-07,-6.481824771415415e-08,0.0
1369,82200.0,82200,3.8654602502887626e-08,3.865460251453709e-08,-3.625215005194724e-08,0.0,1.0347464469243752e-07,-6.48200421604804e-08,0.0
1370,82260.0,82260,3.865726348944658e-08,3.865726350109738e-08,-3.5742466768512755e-08,0.0,1.0347907496843588e-07,-6.482181144992246e-08,0.0
1371,82320.0,82320,3.865988746279581e-08,3.86598874744466e-08,-3.523274490014867e-08,0.0,1.0348344306939127e-07,-6.482355557752199e-08,0.0
1372,82380.0,82380,3.866247438005155e-08,3.866247439170168e-08,-3.4722984982838005e-08,0.0,1.0348774894750946e-07,-6.482527453838443e-08,0.0
1373,82440.0,82440,3.8665024198934916e-08,3.866502421058571e-08,-3.421318755321448e-08,0.0,1.0349199255568344e-07,-6.482696832767638e-08,0.0
1374,82500.0,82500,3.8667536877771816e-08,3.866753688942527e-08,-3.3703353148555203e-08,0.0,1.034961738474882e-07,-6.482863694063759e-08,0.0
1375,82560.0,82560,3.867001237549171e-08,3.86700123871445e-08,-3.319348230677302e-08,0.0,1.0350029277715402e-07,-6.483028037258617e-08,0.0
1376,82620.0,82620,3.867245065159231e-08,3.8672450663245765e-08,-3.268357556640357e-08,0.0,1.0350434929958251e-07,-6.483189861891273e-08,0.0
1377,82680.0,82680,3.8674851666221386e-08,3.867485167787551e-08,-3.217363346659697e-08,0.0,1.035083433703599e-07,-6.483349167505574e-08,0.0
1378,82740.0,82740,3.867721538009631e-08,3.8677215391752416e-08,-3.166365654711216e-08,0.0,1.035122749457251e-07,-6.4835059536548e-08,0.0
1379,82800.0,82800,3.867954175453397e-08,3.867954176618941e-08,-3.115364534830727e-08,0.0,1.0351614398260825e-07,-6.483660219899017e-08,0.0
1380,82860.0,82860,3.868183075147536e-08,3.8681830763131476e-08,-3.064360041112832e-08,0.0,1.0351995043860547e-07,-6.483811965804134e-08,0.0
1381,82920.0,82920,3.868408233349029e-08,3.8684082345146395e-08,-3.013352227710124e-08,0.0,1.0352369427200815e-07,-6.48396119094291e-08,0.0
1382,82980.0,82980,3.868629646367425e-08,3.868629647532903e-08,-2.9623411488318926e-08,0.0,1.0352737544173776e-07,-6.484107894897807e-08,0.0
1383,83040.0,83040,3.8688473105816e-08,3.868847311747211e-08,-2.9113268587436225e-08,0.0,1.035309939074482e-07,-6.48425207725421e-08,0.0
1384,83100.0,83100,3.869061222426927e-08,3.869061223592671e-08,-2.8603094117661994e-08,0.0,1.0353454962944477e-07,-6.484393737608672e-08,0.0
1385,83160.0,83160,3.869271378399261e-08,3.869271379564872e-08,-2.8092888622747437e-08,0.0,1.0353804256869873e-07,-6.484532875561802e-08,0.0
1386,83220.0,83220,3.869477775059461e-08,3.8694777762250715e-08,-2.7582652646974166e-08,0.0,1.0354147268691248e-07,-6.484669490722578e-08,0.0
1387,83280.0,83280,3.869680409023951e-08,3.8696804101897616e-08,-2.7072386735145543e-08,0.0,1.0354483994640521e-07,-6.48480358270703e-08,0.0
1388,83340.0,83340,3.8698792769734297e-08,3.869879278139173e-08,-2.6562091432587352e-08,0.0,1.0354814431021397e-07,-6.48493515113856e-08,0.0
1389,83400.0,83400,3.870074375651668e-08,3.8700743768174125e-08,-2.605176728512288e-08,0.0,1.0355138574206969e-07,-6.485064195645892e-08,0.0
1390,83460.0,83460,3.8702657018591366e-08,3.87026570302508e-08,-2.5541414839075225e-08,0.0,1.0355456420636262e-07,-6.485190715867252e-08,0.0
1391,83520.0,83520,3.870453252461173e-08,3.870453253626984e-08,-2.5031034641252694e-08,0.0,1.0355767966816765e-07,-6.485314711446383e-08,0.0
1392,83580.0,83580,3.8706370243819395e-08,3.870637025547949e-08,-2.452062723894215e-08,0.0,1.0356073209326152e-07,-6.48543618203434e-08,0.0
1393,83640.0,83640,3.870817014611796e-08,3.8708170157778726e-08,-2.4010193179898697e-08,0.0,1.0356372144810958e-07,-6.485555127289287e-08,0.0
1394,83700.0,83700,3.870993220197269e-08,3.8709932213633454e-08,-2.3499733012332412e-08,0.0,1.0356664769984314e-07,-6.485671546877104e-08,0.0
1395,83760.0,83760,3.87116563824982e-08,3.871165639415963e-08,-2.298924728490533e-08,0.0,1.0356951081629806e-07,-6.485785440469647e-08,0.0
1396,83820.0,83820,3.87133426594166e-08,3.8713342671078694e-08,-2.2478736546719822e-08,0.0,1.0357231076598816e-07,-6.485896807746684e-08,0.0
1397,83880.0,83880,3.871499100506748e-08,3.8714991016727584e-08,-2.1968201347306967e-08,0.0,1.0357504751811717e-07,-6.486005648394896e-08,0.0
1398,83940.0,83940,3.871660139242451e-08,3.871660140408395e-08,-2.1457642236616577e-08,0.0,1.0357772104260132e-07,-6.486111962107874e-08,0.0
1399,84000.0,84000,3.871817379504427e-08,3.8718173806705036e-08,-2.0947059765017197e-08,0.0,1.0358033131001488e-07,-6.48621574858659e-08,0.0
1400,84060.0,84060,3.8719708187146654e-08,3.871970819880941e-08,-2.0436454483272184e-08,0.0,1.0358287829163264e-07,-6.48631700753806e-08,0.0
1401,84120.0,84120,3.87212045435604e-08,3.8721204555221824e-08,-1.9925826942540362e-08,0.0,1.0358536195944192e-07,-6.486415738677813e-08,0.0
1402,84180.0,84180,3.8722662839695796e-08,3.872266285135855e-08,-1.941517769436373e-08,0.0,1.0358778228608937e-07,-6.486511941728553e-08,0.0
1403,84240.0,84240,3.872408305164976e-08,3.8724083063312516e-08,-1.8904507290659493e-08,0.0,1.0359013924494613e-07,-6.486605616419032e-08,0.0
1404,84300.0,84300,3.872546515609943e-08,3.872546516776285e-08,-1.8393816283707085e-08,0.0,1.0359243281005465e-07,-6.486696762484917e-08,0.0
1405,84360.0,84360,3.872680913035935e-08,3.872680914202211e-08,-1.788310522613888e-08,0.0,1.0359466295617252e-07,-6.48678537967038e-08,0.0
1406,84420.0,84420,3.8728114952364873e-08,3.872811496402963e-08,-1.737237467093886e-08,0.0,1.0359682965873e-07,-6.486871467725244e-08,0.0
1407,84480.0,84480,3.872938260066947e-08,3.8729382612331564e-08,-1.6861625171420333e-08,0.0,1.035989328938539e-07,-6.486955026407971e-08,0.0
1408,84540.0,84540,3.873061205446203e-08,3.8730612066127445e-08,-1.635085728122629e-08,0.0,1.0360097263839815e-07,-6.487036055482542e-08,0.0
1409,84600.0,84600,3.8731803293549564e-08,3.873180330521432e-08,-1.584007155431642e-08,0.0,1.0360294886986807e-07,-6.487114554720382e-08,0.0
1410,84660.0,84660,3.873295629838116e-08,3.8732956310045246e-08,-1.5329268544954172e-08,0.0,1.0360486156650807e-07,-6.487190523901355e-08,0.0
1411,84720.0,84720,3.873407104999146e-08,3.873407106165555e-08,-1.4818448807706905e-08,0.0,1.0360671070722189e-07,-6.487263962811441e-08,0.0
1412,84780.0,84780,3.8735147530120314e-08,3.873514754178506e-08,-1.4307612897425616e-08,0.0,1.036084962716577e-07,-6.487334871242336e-08,0.0
1413,84840.0,84840,3.873618572102865e-08,3.873618573269407e-08,-1.3796761369240135e-08,0.0,1.0361021824010307e-07,-6.487403248996572e-08,0.0
1414,84900.0,84900,3.873718560567663e-08,3.8737185617342044e-08,-1.3285894778549139e-08,0.0,1.0361187659359529e-07,-6.487469095880066e-08,0.0
1415,84960.0,84960,3.873814716764919e-08,3.8738147179315277e-08,-1.2775013681016178e-08,0.0,1.0361347131384034e-07,-6.487532411707778e-08,0.0
1416,85020.0,85020,3.873907039115207e-08,3.873907040281682e-08,-1.2264118632549057e-08,0.0,1.0361500238328057e-07,-6.487593196301049e-08,0.0
1417,85080.0,85080,3.873995526100579e-08,3.87399552726712e-08,-1.175321018929619e-08,0.0,1.0361646978501108e-07,-6.487651449488729e-08,0.0
1418,85140.0,85140,3.874080176265699e-08,3.874080177432374e-08,-1.124228890764062e-08,0.0,1.0361787350284346e-07,-6.487707171106978e-08,0.0
1419,85200.0,85200,3.874160988219706e-08,3.874160989386314e-08,-1.0731355344184719e-08,0.0,1.0361921352130979e-07,-6.487760360999472e-08,0.0
1420,85260.0,85260,3.874237960637601e-08,3.8742379618041424e-08,-1.0220410055742557e-08,0.0,1.0362048982562805e-07,-6.48781101901367e-08,0.0
1421,85320.0,85320,3.874311092251085e-08,3.8743110934176266e-08,-9.709453599328434e-09,0.0,1.0362170240172612e-07,-6.48785914500986e-08,0.0
1422,85380.0,85380,3.874380381858987e-08,3.874380383025662e-08,-9.19848653215405e-09,0.0,1.0362285123622443e-07,-6.487904738851321e-08,0.0
1423,85440.0,85440,3.8744458283228144e-08,3.874445829489422e-08,-8.687509411610064e-09,0.0,1.0362393631643065e-07,-6.487947800408516e-08,0.0
1424,85500.0,85500,3.8745074305671504e-08,3.874507431733758e-08,-8.176522795260284e-09,0.0,1.0362495763040752e-07,-6.487988329561934e-08,0.0
1425,85560.0,85560,3.874565187576795e-08,3.874565188743603e-08,-7.665527240833346e-09,0.0,1.0362591516685852e-07,-6.488026326196724e-08,0.0
1426,85620.0,85620,3.874619098404545e-08,3.874619099571153e-08,-7.154523306213255e-09,0.0,1.0362680891521425e-07,-6.488061790205145e-08,0.0
1427,85680.0,85680,3.874669162164278e-08,3.874669163331085e-08,-6.643511549428078e-09,0.0,1.0362763886564176e-07,-6.488094721488097e-08,0.0
1428,85740.0,85740,3.8747153780320164e-08,3.874715379198558e-08,-6.1324925286396445e-09,0.0,1.0362840500895947e-07,-6.488125119952129e-08,0.0
1429,85800.0,85800,3.874757745247193e-08,3.874757746413801e-08,-5.621466802134575e-09,0.0,1.0362910733671292e-07,-6.48815298551243e-08,0.0
1430,85860.0,85860,3.8747962631160365e-08,3.8747962642827774e-08,-5.110434928316719e-09,0.0,1.036297458411668e-07,-6.488178318088445e-08,0.0
1431,85920.0,85920,3.874830931002403e-08,3.874830932169077e-08,-4.599397465694276e-09,0.0,1.0363032051525716e-07,-6.48820111761118e-08,0.0
1432,85980.0,85980,3.874861748336614e-08,3.874861749503422e-08,-4.088354972873193e-09,0.0,1.0363083135264446e-07,-6.488221384015699e-08,0.0
1433,86040.0,86040,3.874888714613131e-08,3.8748887157797386e-08,-3.5773080085481896e-09,0.0,1.0363127834769109e-07,-6.488239117244044e-08,0.0
1434,86100.0,86100,3.8749118293878944e-08,3.874911830554569e-08,-3.066257131486143e-09,0.0,1.0363166149547857e-07,-6.488254317247762e-08,0.0
1435,86160.0,86160,3.874931092281519e-08,3.874931093448194e-08,-2.555202900524217e-09,0.0,1.0363198079175971e-07,-6.488266983982319e-08,0.0
1436,86220.0,86220,3.8749465029756325e-08,3.8749465041423734e-08,-2.0441458745591886e-09,0.0,1.036322362330039e-07,-6.488277117412623e-08,0.0
1437,86280.0,86280,3.874958061217998e-08,3.874958062384805e-08,-1.533086612531659e-09,0.0,1.0363242781640888e-07,-6.488284717510823e-08,0.0
1438,86340.0,86340,3.8749657668188544e-08,3.874965767985462e-08,-1.0220256734238132e-09,0.0,1.0363255553985045e-07,-6.488289784254323e-08,0.0
1439,86400.0,86400,3.874969619650455e-08,3.874969620817262e-08,-5.109630823865504e-10,0.0,1.036326194019235e-07,-6.488292317629629e-08,0.0
1440,,86460,,,,,,,
