,time,time_x,P_Grid,P_BTMS,E_BTMS,P_Charge,P_BTMS_Ch,P_BTMS_DCh,"param: btms size, a,b,c"
0,60.0,60,42.61451446774437,42.61451446774437,-3.763331337397273e-14,0.0,42.614514583700704,-1.1595633095989203e-07,396.0506252050001
1,120.0,120,42.61451446774135,42.61451446774135,0.6548430388368615,0.0,42.61451458369762,-1.1595627308276229e-07,0.4602739726027397
2,180.0,180,42.614514467735304,42.614514467735304,1.3096860776737143,0.0,42.61451458369146,-1.1595615732882159e-07,0.040740740740740744
3,240.0,240,42.61451446772623,42.61451446772623,1.9645291165104741,0.0,42.61451458368221,-1.1595598369867116e-07,0.12
4,300.0,300,42.61451446771414,42.61451446771414,2.619372155347095,0.0,42.61451458366988,-1.1595575219326867e-07,0.0
5,360.0,360,42.61451446769902,42.61451446769902,3.2742151941835305,0.0,42.614514583654476,-1.1595546281378431e-07,0.0
6,420.0,420,42.61451446768088,42.61451446768087,3.929058233019734,0.0,42.61451458363599,-1.1595511556177968e-07,0.0
7,480.0,480,42.61451446765971,42.61451446765971,4.583901271855658,0.0,42.614514583614415,-1.1595471043910015e-07,0.0
8,540.0,540,42.61451446763552,42.61451446763552,5.238744310691258,0.0,42.61451458358977,-1.1595424744787898e-07,0.0
9,600.0,600,42.61451446760831,42.6145144676083,5.893587349526488,0.0,42.614514583562034,-1.1595372659058162e-07,0.0
10,660.0,660,42.614514467578076,42.614514467578076,6.548430388361299,0.0,42.61451458353122,-1.1595314786997887e-07,0.0
11,720.0,720,42.614514467544815,42.614514467544815,7.203273427195648,0.0,42.614514583497325,-1.1595251128909974e-07,0.0
12,780.0,780,42.614514467508535,42.614514467508535,7.858116466029485,0.0,42.614514583460355,-1.159518168513472e-07,0.0
13,840.0,840,42.61451446746923,42.61451446746923,8.512959504862765,0.0,42.614514583420295,-1.1595106456038782e-07,0.0
14,900.0,900,42.61451446742691,42.61451446742691,9.167802543695442,0.0,42.61451458337716,-1.1595025442023254e-07,0.0
15,960.0,960,42.61451446738156,42.614514467381554,9.82264558252747,0.0,42.614514583330944,-1.1594938643513031e-07,0.0
16,1020.0,1020,42.614514467333194,42.614514467333194,10.477488621358804,0.0,42.614514583281654,-1.159484606097108e-07,0.0
17,1080.0,1080,42.61451446728179,42.61451446728179,11.132331660189395,0.0,42.61451458322927,-1.1594747694887935e-07,0.0
18,1140.0,1140,42.61451446722739,42.61451446722739,11.787174699019197,0.0,42.61451458317382,-1.1594643545783454e-07,0.0
19,1200.0,1200,42.614514467169954,42.614514467169954,12.442017737848165,0.0,42.61451458311529,-1.159453361420951e-07,0.0
20,1260.0,1260,42.6145144671095,42.6145144671095,13.096860776676252,0.0,42.614514583053676,-1.1594417900749176e-07,0.0
21,1320.0,1320,42.61451446704603,42.61451446704603,13.751703815503408,0.0,42.61451458298899,-1.1594296406014313e-07,0.0
22,1380.0,1380,42.61451446697953,42.61451446697953,14.406546854329592,0.0,42.614514582921224,-1.15941691306496e-07,0.0
23,1440.0,1440,42.614514466910016,42.614514466910016,15.06138989315476,0.0,42.614514582850376,-1.159403607532863e-07,0.0
24,1500.0,1500,42.614514466837484,42.614514466837484,15.716232931978858,0.0,42.61451458277645,-1.1593897240754865e-07,0.0
25,1560.0,1560,42.61451446676193,42.61451446676193,16.371075970801844,0.0,42.61451458269946,-1.1593752627666325e-07,0.0
26,1620.0,1620,42.61451446668336,42.61451446668336,17.02591900962367,0.0,42.614514582619385,-1.159360223682565e-07,0.0
27,1680.0,1680,42.614514466601776,42.61451446660177,17.68076204844429,0.0,42.61451458253623,-1.1593446069030448e-07,0.0
28,1740.0,1740,42.614514466517164,42.614514466517164,18.335605087263662,0.0,42.614514582450006,-1.1593284125108595e-07,0.0
29,1800.0,1800,42.61451446642955,42.61451446642954,18.990448126081734,0.0,42.614514582360705,-1.159311640591594e-07,0.0
30,1860.0,1860,42.6145144663389,42.6145144663389,19.64529116489846,0.0,42.61451458226833,-1.1592942912341687e-07,0.0
31,1920.0,1920,42.61451446624524,42.61451446624524,20.300134203713796,0.0,42.61451458217288,-1.1592763645302888e-07,0.0
32,1980.0,1980,42.61451446614858,42.61451446614857,20.954977242527697,0.0,42.61451458207436,-1.1592578605747528e-07,0.0
33,2040.0,2040,42.61451446604888,42.61451446604888,21.609820281340113,0.0,42.614514581972756,-1.159238779465762e-07,0.0
34,2100.0,2100,42.61451446594618,42.61451446594618,22.264663320151005,0.0,42.61451458186809,-1.1592191213040468e-07,0.0
35,2160.0,2160,42.614514465840465,42.614514465840465,22.919506358960312,0.0,42.614514581760346,-1.159198886193888e-07,0.0
36,2220.0,2220,42.61451446573174,42.61451446573174,23.574349397768007,0.0,42.61451458164954,-1.1591780742420149e-07,0.0
37,2280.0,2280,42.61451446561999,42.61451446561999,24.229192436574028,0.0,42.61451458153566,-1.15915668555864e-07,0.0
38,2340.0,2340,42.61451446550523,42.61451446550523,24.884035475378337,0.0,42.6145145814187,-1.1591347202571503e-07,0.0
39,2400.0,2400,42.614514465387465,42.614514465387465,25.538878514180887,0.0,42.614514581298685,-1.159112178453475e-07,0.0
40,2460.0,2460,42.61451446526669,42.61451446526669,26.193721552981625,0.0,42.61451458117559,-1.1590890602667982e-07,0.0
41,2520.0,2520,42.614514465142896,42.614514465142896,26.848564591780512,0.0,42.614514581049434,-1.1590653658196396e-07,0.0
42,2580.0,2580,42.6145144650161,42.6145144650161,27.5034076305775,0.0,42.61451458092021,-1.159041095236994e-07,0.0
43,2640.0,2640,42.614514464886284,42.614514464886284,28.15825066937254,0.0,42.61451458078791,-1.1590162486473264e-07,0.0
44,2700.0,2700,42.61451446475347,42.61451446475347,28.81309370816559,0.0,42.61451458065255,-1.1589908261819934e-07,0.0
45,2760.0,2760,42.61451446461764,42.61451446461764,29.4679367469566,0.0,42.614514580514125,-1.1589648279752973e-07,0.0
46,2820.0,2820,42.61451446447881,42.61451446447881,30.12277978574553,0.0,42.614514580372635,-1.1589382541645806e-07,0.0
47,2880.0,2880,42.61451446433697,42.61451446433697,30.777622824532326,0.0,42.61451458022808,-1.1589111048904267e-07,0.0
48,2940.0,2940,42.614514464192126,42.614514464192126,31.432465863316953,0.0,42.61451458008047,-1.1588833802963248e-07,0.0
49,3000.0,3000,42.61451446404428,42.61451446404428,32.08730890209935,0.0,42.61451457992979,-1.1588550805284943e-07,0.0
50,3060.0,3060,42.61451446389343,42.61451446389343,32.74215194087949,0.0,42.61451457977604,-1.1588262057367727e-07,0.0
51,3120.0,3120,42.61451446373957,42.61451446373957,33.39699497965731,0.0,42.61451457961924,-1.1587967560732978e-07,0.0
52,3180.0,3180,42.61451446358271,42.6145144635827,34.05183801843277,0.0,42.614514579459374,-1.1587667316937312e-07,0.0
53,3240.0,3240,42.61451446342284,42.61451446342284,34.70668105720582,0.0,42.614514579296454,-1.1587361327567204e-07,0.0
54,3300.0,3300,42.61451446325998,42.61451446325998,35.36152409597642,0.0,42.61451457913047,-1.1587049594236572e-07,0.0
55,3360.0,3360,42.61451446309412,42.61451446309412,36.01636713474452,0.0,42.61451457896144,-1.1586732118592282e-07,0.0
56,3420.0,3420,42.61451446292526,42.61451446292525,36.671210173510076,0.0,42.61451457878934,-1.1586408902308508e-07,0.0
57,3480.0,3480,42.61451446275339,42.61451446275339,37.32605321227304,0.0,42.61451457861419,-1.158607994709251e-07,0.0
58,3540.0,3540,42.61451446257853,42.61451446257853,37.980896251033364,0.0,42.61451457843599,-1.1585745254678722e-07,0.0
59,3600.0,3600,42.614514462400685,42.614514462400685,38.63573928979101,0.0,42.61451457825473,-1.1585404826832103e-07,0.0
60,3660.0,3660,42.61451446221983,42.61451446221983,39.29058232854592,0.0,42.61451457807042,-1.1585058665349496e-07,0.0
61,3720.0,3720,42.614514462035984,42.614514462035984,39.945425367298064,0.0,42.61451457788305,-1.1584706772056661e-07,0.0
62,3780.0,3780,42.61451446184915,42.61451446184915,40.600268406047384,0.0,42.61451457769263,-1.1584349148807737e-07,0.0
63,3840.0,3840,42.61451446165931,42.61451446165931,41.25511144479384,0.0,42.61451457749917,-1.1583985797489951e-07,0.0
64,3900.0,3900,42.61451446146649,42.61451446146649,41.90995448353738,0.0,42.61451457730266,-1.1583616720015549e-07,0.0
65,3960.0,3960,42.61451446127067,42.61451446127067,42.56479752227797,0.0,42.614514577103094,-1.1583241918332956e-07,0.0
66,4020.0,4020,42.61451446107187,42.61451446107187,43.21964056101555,0.0,42.61451457690048,-1.1582861394415754e-07,0.0
67,4080.0,4080,42.614514460870076,42.614514460870076,43.87448359975008,0.0,42.61451457669483,-1.1582475150268053e-07,0.0
68,4140.0,4140,42.6145144606653,42.6145144606653,44.529326638481514,0.0,42.61451457648613,-1.1582083187923019e-07,0.0
69,4200.0,4200,42.61451446045753,42.61451446045753,45.18416967720981,0.0,42.61451457627439,-1.1581685509447979e-07,0.0
70,4260.0,4260,42.614514460246774,42.614514460246774,45.83901271593491,0.0,42.6145145760596,-1.1581282116935953e-07,0.0
71,4320.0,4320,42.61451446003304,42.61451446003304,46.493855754656785,0.0,42.61451457584177,-1.1580873012509684e-07,0.0
72,4380.0,4380,42.61451445981631,42.61451445981631,47.14869879337538,0.0,42.6145145756209,-1.1580458198320702e-07,0.0
73,4440.0,4440,42.61451445959661,42.61451445959661,47.80354183209065,0.0,42.61451457539699,-1.158003767655537e-07,0.0
74,4500.0,4500,42.61451445937393,42.61451445937393,48.45838487080255,0.0,42.61451457517004,-1.15796114494244e-07,0.0
75,4560.0,4560,42.61451445914827,42.61451445914827,49.113227909511025,0.0,42.61451457494006,-1.1579179519169168e-07,0.0
76,4620.0,4620,42.61451445891962,42.61451445891962,49.76807094821604,0.0,42.61451457470704,-1.157874188806212e-07,0.0
77,4680.0,4680,42.614514458688,42.614514458688,50.422913986917564,0.0,42.61451457447098,-1.1578298558402875e-07,0.0
78,4740.0,4740,42.6145144584534,42.6145144584534,51.07775702561552,0.0,42.61451457423189,-1.1577849532522794e-07,0.0
79,4800.0,4800,42.61451445821582,42.61451445821582,51.732600064309885,0.0,42.61451457398977,-1.157739481278296e-07,0.0
80,4860.0,4860,42.614514457975275,42.614514457975275,52.387443103000585,0.0,42.61451457374462,-1.1576934401572304e-07,0.0
81,4920.0,4920,42.61451445773176,42.61451445773175,53.042286141687605,0.0,42.614514573496436,-1.1576468301308938e-07,0.0
82,4980.0,4980,42.614514457485264,42.614514457485264,53.69712918037091,0.0,42.61451457324522,-1.1575996514440168e-07,0.0
83,5040.0,5040,42.614514457235806,42.6145144572358,54.35197221905041,0.0,42.61451457299099,-1.1575519043443828e-07,0.0
84,5100.0,5100,42.614514456983365,42.614514456983365,55.00681525772608,0.0,42.614514572733725,-1.1575035890829227e-07,0.0
85,5160.0,5160,42.61451445672797,42.61451445672797,55.661658296397896,0.0,42.61451457247344,-1.1574547059128002e-07,0.0
86,5220.0,5220,42.6145144564696,42.6145144564696,56.31650133506577,0.0,42.614514572210126,-1.1574052550907972e-07,0.0
87,5280.0,5280,42.61451445620827,42.61451445620826,56.9713443737297,0.0,42.61451457194379,-1.1573552368762646e-07,0.0
88,5340.0,5340,42.61451445594397,42.61451445594397,57.62618741238962,0.0,42.614514571674434,-1.157304651531445e-07,0.0
89,5400.0,5400,42.61451445567671,42.61451445567671,58.281030451045474,0.0,42.61451457140206,-1.1572534993217419e-07,0.0
90,5460.0,5460,42.614514455406486,42.614514455406486,58.93587348969724,0.0,42.61451457112666,-1.1572017805152224e-07,0.0
91,5520.0,5520,42.61451445513331,42.61451445513331,59.59071652834485,0.0,42.61451457084826,-1.1571494953830465e-07,0.0
92,5580.0,5580,42.614514454857165,42.614514454857165,60.24555956698828,0.0,42.614514570566826,-1.1570966441990917e-07,0.0
93,5640.0,5640,42.61451445457807,42.61451445457807,60.900402605627455,0.0,42.61451457028239,-1.1570432272403289e-07,0.0
94,5700.0,5700,42.614514454296014,42.614514454296014,61.555245644262364,0.0,42.61451456999494,-1.1569892447862845e-07,0.0
95,5760.0,5760,42.61451445401101,42.61451445401101,62.21008868289294,0.0,42.614514569704475,-1.1569346971199284e-07,0.0
96,5820.0,5820,42.61451445372305,42.61451445372304,62.86493172151914,0.0,42.614514569411,-1.1568795845264497e-07,0.0
97,5880.0,5880,42.61451445343213,42.61451445343213,63.519774760140926,0.0,42.61451456911452,-1.1568239072942927e-07,0.0
98,5940.0,5940,42.61451445313826,42.61451445313826,64.17461779875825,0.0,42.61451456881503,-1.1567676657149814e-07,0.0
99,6000.0,6000,42.614514452841455,42.614514452841455,64.82946083737107,0.0,42.61451456851254,-1.1567108600824343e-07,0.0
100,6060.0,6060,42.61451445254169,42.61451445254169,65.48430387597934,0.0,42.61451456820704,-1.1566534906938787e-07,0.0
101,6120.0,6120,42.61451445223899,42.614514452238986,66.13914691458298,0.0,42.614514567898546,-1.1565955578488959e-07,0.0
102,6180.0,6180,42.61451445193334,42.61451445193333,66.793989953182,0.0,42.614514567587044,-1.156537061850604e-07,0.0
103,6240.0,6240,42.61451557173036,-257.3854844282697,67.44883299177633,300.0,1.4648367644286048e-07,-257.3854845747534,0.0
104,6300.0,6300,42.614515571733136,-257.3854844282669,63.159074917781375,300.0,1.4648413910122695e-07,-257.38548457475105,0.0
105,6360.0,6360,42.61451557173572,-257.3854844282643,58.86931684378647,300.0,1.464845657278445e-07,-257.3854845747489,0.0
106,6420.0,6420,42.614515571738124,-257.3854844282619,54.5795587697916,300.0,1.464849563300678e-07,-257.38548457474684,0.0
107,6480.0,6480,42.61451557174033,-257.3854844282597,50.289800695796785,300.0,1.4648531091455213e-07,-257.385484574745,0.0
108,6540.0,6540,42.61451557174235,-257.3854844282577,46.000042621801995,300.0,1.4648562948730714e-07,-257.3854845747434,0.0
109,6600.0,6600,42.61451557174417,-257.38548442825584,41.710284547807234,300.0,1.464859120536538e-07,-257.3854845747417,0.0
110,6660.0,6660,42.614515571745805,-257.3854844282542,37.420526473812515,300.0,1.464861586182648e-07,-257.38548457474036,0.0
111,6720.0,6720,42.614515571747255,-257.38548442825277,33.13076839981782,300.0,1.4648636918512415e-07,-257.38548457473917,0.0
112,6780.0,6780,42.614515571748505,-257.3854844282516,28.84101032582314,300.0,1.464865437575998e-07,-257.3854845747381,0.0
113,6840.0,6840,42.614515571749564,-257.3854844282505,24.551252251828487,300.0,1.4648668233837112e-07,-257.3854845747372,0.0
114,6900.0,6900,42.61451557175044,-257.3854844282496,20.261494177833846,300.0,1.4648678492943683e-07,-257.3854845747364,0.0
115,6960.0,6960,42.61451557175111,-257.3854844282489,15.971736103839225,300.0,1.4648685153211774e-07,-257.3854845747357,0.0
116,7020.0,7020,42.61451559289663,-147.38548440710366,11.681978029844613,190.00000000000028,1.3977038429092925e-07,-147.3854845468741,0.0
117,7080.0,7080,42.614514449760485,42.614514449760485,9.225553289544488,0.0,42.614514565367635,-1.1560715863466045e-07,0.0
118,7140.0,7140,42.61451444976586,42.61451444976586,9.880396328105489,0.0,42.61451456537251,-1.1560664949300585e-07,0.0
119,7200.0,7200,42.614514449768215,42.614514449768215,10.535239366666572,0.0,42.6145145653743,-1.156060829995153e-07,0.0
120,7260.0,7260,42.61451444976753,42.614514449767526,11.190082405227693,0.0,42.61451456537299,-1.1560545915852122e-07,0.0
121,7320.0,7320,42.61451444976382,42.61451444976381,11.844925443788805,0.0,42.614514565368594,-1.1560477797462497e-07,0.0
122,7380.0,7380,42.61451444975707,42.61451444975707,12.499768482349861,0.0,42.6145145653611,-1.1560403945275613e-07,0.0
123,7440.0,7440,42.614514449747276,42.614514449747276,13.154611520910812,0.0,42.61451456535052,-1.1560324359817113e-07,0.0
124,7500.0,7500,42.61451444973445,42.61451444973445,13.809454559471614,0.0,42.61451456533684,-1.1560239041636313e-07,0.0
125,7560.0,7560,42.6145144497186,42.6145144497186,14.464297598032223,0.0,42.61451456532007,-1.1560147991319245e-07,0.0
126,7620.0,7620,42.614514449699705,42.614514449699705,15.119140636592586,0.0,42.61451456530022,-1.1560051209478039e-07,0.0
127,7680.0,7680,42.61451444967777,42.61451444967777,15.773983675152662,0.0,42.61451456527726,-1.1559948696755354e-07,0.0
128,7740.0,7740,42.61451444965281,42.61451444965281,16.428826713712404,0.0,42.614514565251206,-1.1559840453824923e-07,0.0
129,7800.0,7800,42.61451444962481,42.61451444962481,17.08366975227176,0.0,42.614514565222066,-1.1559726481392085e-07,0.0
130,7860.0,7860,42.61451444959376,42.61451444959376,17.738512790830686,0.0,42.614514565189836,-1.1559606780191099e-07,0.0
131,7920.0,7920,42.61451444955969,42.61451444955969,18.393355829389144,0.0,42.6145145651545,-1.1559481350983795e-07,0.0
132,7980.0,7980,42.61451444952258,42.61451444952258,19.04819886794707,0.0,42.61451456511608,-1.1559350194565093e-07,0.0
133,8040.0,8040,42.61451444948243,42.61451444948243,19.703041906504435,0.0,42.614514565074565,-1.1559213311758563e-07,0.0
134,8100.0,8100,42.61451444943924,42.61451444943924,20.357884945061183,0.0,42.61451456502995,-1.1559070703419783e-07,0.0
135,8160.0,8160,42.61451444939302,42.61451444939302,21.012727983617268,0.0,42.614514564982244,-1.1558922370433524e-07,0.0
136,8220.0,8220,42.61451444934376,42.61451444934376,21.667571022172645,0.0,42.61451456493143,-1.1558768313712531e-07,0.0
137,8280.0,8280,42.61451444929146,42.61451444929146,22.322414060727265,0.0,42.614514564877545,-1.155860853420277e-07,0.0
138,8340.0,8340,42.61451444923612,42.61451444923612,22.977257099281086,0.0,42.614514564820546,-1.1558443032878052e-07,0.0
139,8400.0,8400,42.61451444917774,42.61451444917774,23.63210013783406,0.0,42.61451456476046,-1.1558271810743929e-07,0.0
140,8460.0,8460,42.61451444911633,42.61451444911633,24.286943176386135,0.0,42.61451456469728,-1.1558094868833126e-07,0.0
141,8520.0,8520,42.61451444905188,42.61451444905188,24.941786214937274,0.0,42.614514564631,-1.1557912208212527e-07,0.0
142,8580.0,8580,42.614514448984394,42.614514448984394,25.59662925348742,0.0,42.61451456456163,-1.1557723829975249e-07,0.0
143,8640.0,8640,42.61451444891386,42.61451444891386,26.25147229203653,0.0,42.614514564489156,-1.1557529735245611e-07,0.0
144,8700.0,8700,42.6145144488403,42.614514448840296,26.906315330584565,0.0,42.6145145644136,-1.1557329925178466e-07,0.0
145,8760.0,8760,42.61451444876369,42.61451444876369,27.56115836913147,0.0,42.61451456433494,-1.1557124400960409e-07,0.0
146,8820.0,8820,42.614514448684055,42.614514448684055,28.216001407677197,0.0,42.614514564253184,-1.1556913163802786e-07,0.0
147,8880.0,8880,42.614514448601376,42.61451444860137,28.87084444622171,0.0,42.61451456416834,-1.1556696214952045e-07,0.0
148,8940.0,8940,42.61451444851566,42.614514448515656,29.52568748476495,0.0,42.614514564080395,-1.1556473555680193e-07,0.0
149,9000.0,9000,42.6145144484269,42.6145144484269,30.180530523306874,0.0,42.61451456398935,-1.1556245187293803e-07,0.0
150,9060.0,9060,42.61451444833511,42.61451444833511,30.835373561847444,0.0,42.61451456389522,-1.1556011111124599e-07,0.0
151,9120.0,9120,42.61451444824028,42.61451444824028,31.490216600386603,0.0,42.614514563798,-1.1555771328538741e-07,0.0
152,9180.0,9180,42.614514448142415,42.614514448142415,32.1450596389243,0.0,42.61451456369767,-1.1555525840928346e-07,0.0
153,9240.0,9240,42.61451444804151,42.61451444804151,32.799902677460516,0.0,42.61451456359425,-1.1555274649716065e-07,0.0
154,9300.0,9300,42.614514447937566,42.614514447937566,33.454745715995166,0.0,42.61451456348774,-1.15550177563575e-07,0.0
155,9360.0,9360,42.61451444783059,42.61451444783059,34.109588754528225,0.0,42.61451456337814,-1.155475516233368e-07,0.0
156,9420.0,9420,42.614514447720566,42.614514447720566,34.76443179305965,0.0,42.61451456326544,-1.1554486869157235e-07,0.0
157,9480.0,9480,42.61451557178956,-257.3854844282105,35.41927483158939,300.0,1.464914812394312e-07,-257.38548457470193,0.0
158,9540.0,9540,42.614515571790875,-257.38548442820917,31.12951675759541,300.0,1.4649165434718102e-07,-257.3854845747008,0.0
159,9600.0,9600,42.61451557179199,-257.38548442820803,26.83975868360146,300.0,1.4649179148586082e-07,-257.38548457469983,0.0
160,9660.0,9660,42.614515571792914,-257.3854844282071,22.550000609607523,300.0,1.4649189265723533e-07,-257.38548457469903,0.0
161,9720.0,9720,42.61451557179365,-257.38548442820644,18.260242535613603,300.0,1.4649195786236442e-07,-257.38548457469835,0.0
162,9780.0,9780,42.6145155717942,-257.3854844282058,13.970484461619694,300.0,1.464919871016597e-07,-257.3854845746978,0.0
163,9840.0,9840,42.61451557179456,-257.3854844282055,9.680726387625795,300.0,1.464919803748683e-07,-257.3854845746975,0.0
164,9900.0,9900,42.61451557179473,-257.3854844282053,5.390968313631902,300.0,1.464919376810621e-07,-257.3854845746972,0.0
165,9960.0,9960,42.614515571794705,-257.38548442820536,1.1012102396380121,300.0,1.4649185901868627e-07,-257.38548457469716,0.0
166,10020.0,10020,42.6145155717945,-257.38548442820553,-3.1885478343558784,300.0,1.4649174438547306e-07,-257.3854845746973,0.0
167,10080.0,10080,42.6145155717941,-257.3854844282059,-7.47830590834977,300.0,1.4649159377853603e-07,-257.3854845746975,0.0
168,10140.0,10140,42.61451557179351,-257.38548442820655,-11.768063982343671,300.0,1.4649140719429465e-07,-257.38548457469795,0.0
169,10200.0,10200,42.61451556652485,-212.38548443347514,-16.05782205633758,255.0,1.540891378641243e-07,-212.38548458756426,0.0
170,10260.0,10260,42.61451444825572,42.61451444825572,-19.597580130429176,0.0,42.61451456379857,-1.1554285710390859e-07,0.0
171,10320.0,10320,42.61451444843793,42.61451444843792,-18.942737091891217,0.0,42.61451456398313,-1.155451951441582e-07,0.0
172,10380.0,10380,42.61451444861707,42.61451444861707,-18.28789405335046,0.0,42.61451456416455,-1.1554747601216182e-07,0.0
173,10440.0,10440,42.61451444879316,42.61451444879315,-17.63305101480695,0.0,42.614514564342855,-1.1554969969853508e-07,0.0
174,10500.0,10500,42.61451444896616,42.614514448966155,-16.978207976260737,0.0,42.614514564518025,-1.1555186619414381e-07,0.0
175,10560.0,10560,42.614514449136095,42.614514449136095,-16.32336493771187,0.0,42.614514564690076,-1.1555397549019278e-07,0.0
176,10620.0,10620,42.61451562761408,-107.38548437238593,-15.668521899160396,150.0,1.0972375948775684e-07,-107.38548448210969,0.0
177,10680.0,10680,42.61451562761222,-107.38548437238778,-17.458279972176165,150.0,1.0972422423078951e-07,-107.38548448211202,0.0
178,10740.0,10740,42.61451562761022,-107.3854843723898,-19.24803804519196,150.0,1.0972471329531793e-07,-107.3854844821145,0.0
179,10800.0,10800,42.61451562760808,-107.38548437239193,-21.037796118207794,150.0,1.0972522667995941e-07,-107.38548448211716,0.0
180,10860.0,10860,42.614515627605805,-107.38548437239422,-22.827554191223662,150.0,1.097257643833178e-07,-107.38548448211996,0.0
181,10920.0,10920,42.614515627603396,-107.38548437239663,-24.617312264239573,150.0,1.0972632640393372e-07,-107.38548448212293,0.0
182,10980.0,10980,42.614515627600845,-107.38548437239918,-26.40707033725552,150.0,1.0972691274029266e-07,-107.3854844821261,0.0
183,11040.0,11040,42.61451562759815,-107.38548437240186,-28.196828410271507,150.0,1.0972752339082225e-07,-107.38548448212937,0.0
184,11100.0,11100,42.614515627595324,-107.3854843724047,-29.986586483287542,150.0,1.0972815835393267e-07,-107.38548448213285,0.0
185,11160.0,11160,42.61451562759236,-107.38548437240766,-31.77634455630363,150.0,1.097288176279547e-07,-107.38548448213648,0.0
186,11220.0,11220,42.614515627589256,-107.38548437241076,-33.566102629319765,150.0,1.0972950121113848e-07,-107.38548448214024,0.0
187,11280.0,11280,42.614515627586016,-107.385484372414,-35.35586070233595,150.0,1.0973020910178923e-07,-107.3854844821442,0.0
188,11340.0,11340,42.61451562758264,-107.3854843724174,-37.145618775352204,150.0,1.097309412980387e-07,-107.38548448214833,0.0
189,11400.0,11400,42.614515627579124,-107.38548437242089,-38.935376848368506,150.0,1.0973169779806165e-07,-107.38548448215259,0.0
190,11460.0,11460,42.614515627575464,-107.38548437242457,-40.725134921384864,150.0,1.0973247859992393e-07,-107.38548448215704,0.0
191,11520.0,11520,42.61451562757168,-107.38548437242834,-42.514892994401286,150.0,1.0973328370166984e-07,-107.38548448216162,0.0
192,11580.0,11580,42.61451562756774,-107.38548437243226,-44.30465106741777,150.0,1.0973411310129526e-07,-107.38548448216638,0.0
193,11640.0,11640,42.61451562756368,-107.38548437243634,-46.09440914043432,150.0,1.0973496679673558e-07,-107.3854844821713,0.0
194,11700.0,11700,42.61451562755947,-107.38548437244056,-47.884167213450944,150.0,1.0973584478585888e-07,-107.3854844821764,0.0
195,11760.0,11760,42.61451562755513,-107.38548437244488,-49.67392528646764,150.0,1.0973674706654002e-07,-107.38548448218164,0.0
196,11820.0,11820,42.61451562755065,-107.38548437244937,-51.4636833594844,150.0,1.0973767363653274e-07,-107.38548448218705,0.0
197,11880.0,11880,42.61451562754603,-107.38548437245399,-53.253441432501255,150.0,1.097386244936003e-07,-107.3854844821926,0.0
198,11940.0,11940,42.61451562754127,-107.38548437245873,-55.043199505518174,150.0,1.0973959963541572e-07,-107.38548448219834,0.0
199,12000.0,12000,42.614515627536385,-107.38548437246365,-56.83295757853517,150.0,1.0974059905961175e-07,-107.38548448220425,0.0
200,12060.0,12060,42.614515614345905,-42.38548438565396,-58.622715651552255,84.99999999999986,1.1792079272213179e-07,-42.38548450357475,0.0
201,12120.0,12120,42.6145144558908,42.6145144558908,-59.32914039146648,0.0,42.61451457155139,-1.1566059265974829e-07,0.0
202,12180.0,12180,42.61451445623441,42.6145144562344,-58.67429735281136,0.0,42.614514571901,-1.1566659392930839e-07,0.0
203,12240.0,12240,42.614514456575016,42.614514456575016,-58.01945431415095,0.0,42.61451457224756,-1.156725387818296e-07,0.0
204,12300.0,12300,42.614514456912644,42.614514456912644,-57.36461127548531,0.0,42.61451457259107,-1.1567842718831015e-07,0.0
205,12360.0,12360,42.614514457247274,42.614514457247274,-56.70976823681449,0.0,42.61451457293153,-1.1568425912004955e-07,0.0
206,12420.0,12420,42.61451445757892,42.61451445757891,-56.05492519813855,0.0,42.61451457326895,-1.1569003454863108e-07,0.0
207,12480.0,12480,42.61451445790756,42.61451445790756,-55.400082159457504,0.0,42.61451457360331,-1.1569575344592188e-07,0.0
208,12540.0,12540,42.6145144582332,42.6145144582332,-54.74523912077143,0.0,42.61451457393462,-1.1570141578408227e-07,0.0
209,12600.0,12600,42.614514458555846,42.614514458555846,-54.090396082080346,0.0,42.61451457426286,-1.157070215355739e-07,0.0
210,12660.0,12660,42.61451445887548,42.61451445887548,-53.43555304338432,0.0,42.61451457458805,-1.1571257067314754e-07,0.0
211,12720.0,12720,42.61451445919211,42.61451445919211,-52.780710004683385,0.0,42.614514574910174,-1.1571806316980824e-07,0.0
212,12780.0,12780,42.614514459505735,42.614514459505735,-52.1258669659776,0.0,42.61451457522923,-1.1572349899890264e-07,0.0
213,12840.0,12840,42.61451445981634,42.61451445981634,-51.471023927266984,0.0,42.61451457554522,-1.157288781340464e-07,0.0
214,12900.0,12900,42.61451446012394,42.61451446012394,-50.81618088855162,0.0,42.61451457585814,-1.1573420054914036e-07,0.0
215,12960.0,12960,42.61451446042852,42.61451446042852,-50.161337849831526,0.0,42.614514576167984,-1.1573946621838527e-07,0.0
216,13020.0,13020,42.614514460730085,42.614514460730085,-49.50649481110676,0.0,42.61451457647476,-1.1574467511628588e-07,0.0
217,13080.0,13080,42.614514461028634,42.61451446102863,-48.85165177237737,0.0,42.614514576778454,-1.1574982721759844e-07,0.0
218,13140.0,13140,42.61451446132415,42.61451446132415,-48.196808733643394,0.0,42.61451457707907,-1.1575492249743431e-07,0.0
219,13200.0,13200,42.61451446161664,42.61451446161664,-47.54196569490488,0.0,42.61451457737661,-1.1575996093114157e-07,0.0
220,13260.0,13260,42.61451446190612,42.61451446190612,-46.887122656161885,0.0,42.61451457767106,-1.1576494249439515e-07,0.0
221,13320.0,13320,42.61451446219255,42.61451446219255,-46.23227961741445,0.0,42.614514577962424,-1.1576986716317798e-07,0.0
222,13380.0,13380,42.61451446247597,42.61451446247597,-45.57743657866261,0.0,42.6145145782507,-1.1577473491370033e-07,0.0
223,13440.0,13440,42.61451446275635,42.61451446275634,-44.92259353990643,0.0,42.61451457853589,-1.1577954572253963e-07,0.0
224,13500.0,13500,42.61451446303368,42.61451446303368,-44.26775050114594,0.0,42.61451457881798,-1.1578429956653159e-07,0.0
225,13560.0,13560,42.614514463307984,42.614514463307984,-43.6129074623812,0.0,42.61451457909698,-1.1578899642283337e-07,0.0
226,13620.0,13620,42.61451446357925,42.61451446357925,-42.95806442361225,0.0,42.61451457937289,-1.1579363626885232e-07,0.0
227,13680.0,13680,42.61451446384747,42.61451446384747,-42.30322138483914,0.0,42.614514579645686,-1.1579821908233472e-07,0.0
228,13740.0,13740,42.614514464112645,42.614514464112645,-41.64837834606191,0.0,42.61451457991539,-1.1580274484131602e-07,0.0
229,13800.0,13800,42.61451446437478,42.61451446437478,-40.99353530728061,0.0,42.61451458018199,-1.1580721352410881e-07,0.0
230,13860.0,13860,42.61451446463386,42.61451446463386,-40.33869226849529,0.0,42.61451458044548,-1.1581162510934844e-07,0.0
231,13920.0,13920,42.61451446488989,42.61451446488989,-39.683849229706,0.0,42.614514580705865,-1.1581597957593793e-07,0.0
232,13980.0,13980,42.614514465142875,42.61451446514287,-39.02900619091278,0.0,42.614514580963146,-1.1582027690310985e-07,0.0
233,14040.0,14040,42.6145144653928,42.6145144653928,-38.37416315211568,0.0,42.614514581217314,-1.1582451707037114e-07,0.0
234,14100.0,14100,42.614514465639665,42.614514465639665,-37.71932011331474,0.0,42.61451458146836,-1.1582870005753811e-07,0.0
235,14160.0,14160,42.614514465883474,42.614514465883474,-37.06447707451001,0.0,42.6145145817163,-1.1583282584472165e-07,0.0
236,14220.0,14220,42.61451446612423,42.61451446612423,-36.409634035701544,0.0,42.61451458196112,-1.1583689441233121e-07,0.0
237,14280.0,14280,42.61451446636192,42.61451446636192,-35.754790996889376,0.0,42.61451458220282,-1.158409057410668e-07,0.0
238,14340.0,14340,42.61451446659654,42.61451446659654,-35.099947958073564,0.0,42.6145145824414,-1.1584485981194316e-07,0.0
239,14400.0,14400,42.6145144668281,42.6145144668281,-34.445104919254156,0.0,42.614514582676854,-1.1584875660628438e-07,0.0
240,14460.0,14460,42.61451446705659,42.61451446705659,-33.79026188043119,0.0,42.61451458290919,-1.1585259610567283e-07,0.0
241,14520.0,14520,42.614514467282014,42.614514467282014,-33.13541884160472,0.0,42.61451458313839,-1.1585637829200962e-07,0.0
242,14580.0,14580,42.61451446750436,42.61451446750436,-32.480575802774794,0.0,42.61451458336446,-1.1586010314754424e-07,0.0
243,14640.0,14640,42.61451446772364,42.61451446772364,-31.825732763941453,0.0,42.61451458358741,-1.1586377065475349e-07,0.0
244,14700.0,14700,42.614514467939834,42.614514467939834,-31.170889725104743,0.0,42.614514583807214,-1.1586738079644506e-07,0.0
245,14760.0,14760,42.61451446815296,42.614514468152954,-30.51604668626472,0.0,42.61451458402389,-1.158709335557279e-07,0.0
246,14820.0,14820,42.614514468363,42.614514468363,-29.861203647421426,0.0,42.614514584237426,-1.1587442891602978e-07,0.0
247,14880.0,14880,42.614514468569965,42.614514468569965,-29.206360608574908,0.0,42.614514584447825,-1.1587786686103802e-07,0.0
248,14940.0,14940,42.61451446877384,42.61451446877384,-28.55151756972521,0.0,42.61451458465509,-1.1588124737479505e-07,0.0
249,15000.0,15000,42.61451446897464,42.61451446897463,-27.896674530872392,0.0,42.61451458485921,-1.1588457044159618e-07,0.0
250,15060.0,15060,42.61451446917235,42.61451446917235,-27.241831492016484,0.0,42.614514585060185,-1.1588783604605412e-07,0.0
251,15120.0,15120,42.614514469366966,42.614514469366966,-26.58698845315754,0.0,42.61451458525801,-1.1589104417311652e-07,0.0
252,15180.0,15180,42.6145144695585,42.6145144695585,-25.932145414295622,0.0,42.61451458545269,-1.1589419480797313e-07,0.0
253,15240.0,15240,42.61451446974694,42.614514469746936,-25.277302375430757,0.0,42.61451458564423,-1.1589728793617282e-07,0.0
254,15300.0,15300,42.61451446993229,42.61451446993229,-24.622459336563,0.0,42.61451458583261,-1.1590032354353483e-07,0.0
255,15360.0,15360,42.614514470114536,42.614514470114536,-23.967616297692402,0.0,42.61451458601783,-1.159033016161864e-07,0.0
256,15420.0,15420,42.61451447029369,42.61451447029369,-23.312773258819004,0.0,42.61451458619991,-1.1590622214055738e-07,0.0
257,15480.0,15480,42.61451447046975,42.61451447046975,-22.657930219942855,0.0,42.61451458637883,-1.1590908510339108e-07,0.0
258,15540.0,15540,42.6145144706427,42.6145144706427,-22.003087181064007,0.0,42.6145145865546,-1.1591189049173204e-07,0.0
259,15600.0,15600,42.61451447081256,42.61451447081256,-21.348244142182505,0.0,42.614514586727196,-1.159146382929221e-07,0.0
260,15660.0,15660,42.614514470979316,42.614514470979316,-20.69340110329839,0.0,42.61451458689664,-1.1591732849459895e-07,0.0
261,15720.0,15720,42.61451447114297,42.61451447114296,-20.038558064411724,0.0,42.61451458706293,-1.1591996108473929e-07,0.0
262,15780.0,15780,42.61451447130351,42.61451447130351,-19.383715025522545,0.0,42.61451458722604,-1.1592253605157533e-07,0.0
263,15840.0,15840,42.614514471460936,42.614514471460936,-18.7288719866309,0.0,42.61451458738599,-1.1592505338368636e-07,0.0
264,15900.0,15900,42.614514471615266,42.614514471615266,-18.07402894773684,0.0,42.61451458754278,-1.1592751306992732e-07,0.0
265,15960.0,15960,42.61451447176648,42.61451447176648,-17.41918590884041,0.0,42.61451458769639,-1.1592991509948546e-07,0.0
266,16020.0,16020,42.61451447191458,42.61451447191458,-16.76434286994166,0.0,42.61451458784684,-1.1593225946181565e-07,0.0
267,16080.0,16080,42.61451447205957,42.61451447205957,-16.10949983104064,0.0,42.61451458799412,-1.1593454614669018e-07,0.0
268,16140.0,16140,42.61451447220144,42.61451447220144,-15.454656792137394,0.0,42.61451458813822,-1.1593677514422568e-07,0.0
269,16200.0,16200,42.614514472340204,42.614514472340204,-14.799813753231968,0.0,42.61451458827914,-1.1593894644479438e-07,0.0
270,16260.0,16260,42.61451447247584,42.61451447247584,-14.144970714324414,0.0,42.6145145884169,-1.1594106003911143e-07,0.0
271,16320.0,16320,42.61451447260836,42.61451447260836,-13.490127675414781,0.0,42.61451458855148,-1.1594311591814756e-07,0.0
272,16380.0,16380,42.61451447273776,42.61451447273776,-12.835284636503113,0.0,42.614514588682866,-1.1594511407322056e-07,0.0
273,16440.0,16440,42.61451447286403,42.61451447286403,-12.18044159758946,0.0,42.61451458881109,-1.1594705449596693e-07,0.0
274,16500.0,16500,42.61451447298719,42.61451447298719,-11.525598558673869,0.0,42.614514588936125,-1.1594893717828685e-07,0.0
275,16560.0,16560,42.614514473107214,42.614514473107214,-10.870755519756386,0.0,42.614514589057976,-1.1595076211240598e-07,0.0
276,16620.0,16620,42.61451447322411,42.61451447322411,-10.21591248083706,0.0,42.61451458917664,-1.1595252929086203e-07,0.0
277,16680.0,16680,42.614514473337884,42.614514473337884,-9.56106944191594,0.0,42.61451458929213,-1.1595423870647785e-07,0.0
278,16740.0,16740,42.61451447344854,42.61451447344853,-8.906226402993074,0.0,42.61451458940442,-1.1595589035242198e-07,0.0
279,16800.0,16800,42.61451447355604,42.61451447355604,-8.251383364068511,0.0,42.614514589513526,-1.159574842221185e-07,0.0
280,16860.0,16860,42.61451447366043,42.61451447366042,-7.596540325142297,0.0,42.614514589619446,-1.1595902030935469e-07,0.0
281,16920.0,16920,42.61451447376168,42.61451447376167,-6.941697286214481,0.0,42.61451458972217,-1.1596049860816258e-07,0.0
282,16980.0,16980,42.61451447385979,42.61451447385979,-6.286854247285112,0.0,42.6145145898217,-1.159619191129347e-07,0.0
283,17040.0,17040,42.61451447395477,42.61451447395477,-5.632011208354236,0.0,42.61451458991805,-1.1596328181833931e-07,0.0
284,17100.0,17100,42.614514474046615,42.61451447404661,-4.977168169421902,0.0,42.6145145900112,-1.1596458671936883e-07,0.0
285,17160.0,17160,42.61451447413531,42.61451447413531,-4.322325130488159,0.0,42.614514590101145,-1.1596583381128868e-07,0.0
286,17220.0,17220,42.61451447422088,42.61451447422088,-3.6674820915530546,0.0,42.6145145901879,-1.1596702308972751e-07,0.0
287,17280.0,17280,42.614514474303306,42.614514474303306,-3.0126390526166364,0.0,42.614514590271455,-1.1596815455058428e-07,0.0
288,17340.0,17340,42.61451447438259,42.61451447438259,-2.3577960136789535,0.0,42.61451459035182,-1.1596922819005654e-07,0.0
289,17400.0,17400,42.61451447445873,42.61451447445873,-1.7029529747400527,0.0,42.614514590428975,-1.15970244004662e-07,0.0
290,17460.0,17460,42.614514474531724,42.614514474531724,-1.0481099357999837,0.0,42.61451459050293,-1.1597120199124518e-07,0.0
291,17520.0,17520,42.61451447460158,42.61451447460158,-0.393266896858794,0.0,42.61451459057368,-1.1597210214693442e-07,0.0
292,17580.0,17580,42.61451447466828,42.61451447466828,0.2615761420834679,0.0,42.61451459064123,-1.1597294446915531e-07,0.0
293,17640.0,17640,42.61451447473184,42.61451447473184,0.9164191810267539,0.0,42.614514590705575,-1.1597372895566164e-07,0.0
294,17700.0,17700,42.61451447479226,42.61451447479226,1.571262219971016,0.0,42.61451459076671,-1.1597445560453133e-07,0.0
295,17760.0,17760,42.61451447484952,42.61451447484952,2.226105258916205,0.0,42.61451459082464,-1.1597512441411134e-07,0.0
296,17820.0,17820,42.61451447490363,42.61451447490363,2.8809482978622736,0.0,42.61451459087937,-1.1597573538304855e-07,0.0
297,17880.0,17880,42.61451447495459,42.61451447495459,3.5357913368091736,0.0,42.614514590930874,-1.1597628851035705e-07,0.0
298,17940.0,17940,42.6145144750024,42.6145144750024,4.190634375756855,0.0,42.61451459097918,-1.1597678379530916e-07,0.0
299,18000.0,18000,42.61451447504706,42.61451447504705,4.845477414705271,0.0,42.614514591024275,-1.159772212374812e-07,0.0
300,18060.0,18060,42.614514475088555,42.614514475088555,5.500320453654372,0.0,42.614514591066154,-1.1597760083679246e-07,0.0
301,18120.0,18120,42.6145144751269,42.6145144751269,6.15516349260411,0.0,42.61451459110482,-1.1597792259343935e-07,0.0
302,18180.0,18180,42.614514475162096,42.614514475162096,6.810006531554437,0.0,42.61451459114028,-1.1597818650794638e-07,0.0
303,18240.0,18240,42.61451447519413,42.61451447519413,7.464849570505306,0.0,42.614514591172515,-1.1597839258112331e-07,0.0
304,18300.0,18300,42.614514475223,42.614514475223,8.119692609456667,0.0,42.61451459120154,-1.1597854081410938e-07,0.0
305,18360.0,18360,42.61451447524871,42.61451447524871,8.774535648408472,0.0,42.61451459122734,-1.1597863120833704e-07,0.0
306,18420.0,18420,42.614514475271264,42.614514475271264,9.42937868736067,0.0,42.61451459124993,-1.1597866376554814e-07,0.0
307,18480.0,18480,42.61451447529066,42.61451447529066,10.084221726313215,0.0,42.614514591269305,-1.1597863848781539e-07,0.0
308,18540.0,18540,42.6145144753069,42.6145144753069,10.73906476526606,0.0,42.61451459128545,-1.1597855537746031e-07,0.0
309,18600.0,18600,42.61451447531997,42.61451447531997,11.393907804219152,0.0,42.61451459129838,-1.1597841443717972e-07,0.0
310,18660.0,18660,42.61451447532988,42.61451447532988,12.048750843172447,0.0,42.614514591308094,-1.1597821566994751e-07,0.0
311,18720.0,18720,42.61451447533663,42.61451447533663,12.703593882125894,0.0,42.61451459131458,-1.1597795907900523e-07,0.0
312,18780.0,18780,42.6145144753402,42.6145144753402,13.358436921079443,0.0,42.61451459131784,-1.1597764466798449e-07,0.0
313,18840.0,18840,42.61451447534062,42.61451447534062,14.013279960033053,0.0,42.61451459131789,-1.159772724407617e-07,0.0
314,18900.0,18900,42.61451447533786,42.61451447533786,14.668122998986664,0.0,42.61451459131471,-1.1597684240153069e-07,0.0
315,18960.0,18960,42.614514475331944,42.614514475331944,15.322966037940237,0.0,42.6145145913083,-1.1597635455483098e-07,0.0
316,19020.0,19020,42.614514475322856,42.614514475322856,15.977809076893719,0.0,42.614514591298665,-1.1597580890544419e-07,0.0
317,19080.0,19080,42.61451447531061,42.6145144753106,16.632652115847062,0.0,42.614514591285804,-1.1597520545851109e-07,0.0
318,19140.0,19140,42.614514475295174,42.614514475295174,17.28749515480022,0.0,42.614514591269725,-1.1597454421946158e-07,0.0
319,19200.0,19200,42.61451447527658,42.61451447527658,17.942338193753134,0.0,42.614514591250405,-1.1597382519402422e-07,0.0
320,19260.0,19260,42.614514475254815,42.614514475254815,18.597181232705772,0.0,42.61451459122786,-1.1597304838825435e-07,0.0
321,19320.0,19320,42.61451447522988,42.61451447522988,19.252024271658073,0.0,42.614514591202095,-1.1597221380848716e-07,0.0
322,19380.0,19380,42.61451447520177,42.61451447520177,19.90686731060999,0.0,42.6145145911731,-1.1597132146140209e-07,0.0
323,19440.0,19440,42.614514475170495,42.61451447517049,20.561710349561483,0.0,42.61451459114086,-1.1597037135393687e-07,0.0
324,19500.0,19500,42.61451447513603,42.61451447513603,21.21655338851249,0.0,42.6145145911054,-1.1596936349337087e-07,0.0
325,19560.0,19560,42.6145144750984,42.6145144750984,21.871396427462972,0.0,42.6145145910667,-1.1596829788727534e-07,0.0
326,19620.0,19620,42.614514475057604,42.614514475057604,22.526239466412875,0.0,42.61451459102478,-1.1596717454353759e-07,0.0
327,19680.0,19680,42.61451447501363,42.61451447501363,23.18108250536215,0.0,42.61451459097962,-1.1596599347033412e-07,0.0
328,19740.0,19740,42.61451447496648,42.61451447496648,23.835925544310754,0.0,42.61451459093123,-1.1596475467617367e-07,0.0
329,19800.0,19800,42.61451447491615,42.61451447491615,24.49076858325864,0.0,42.6145145908796,-1.1596345816986357e-07,0.0
330,19860.0,19860,42.61451447486264,42.61451447486264,25.14561162220575,0.0,42.61451459082474,-1.1596210396048689e-07,0.0
331,19920.0,19920,42.61451447480596,42.61451447480596,25.800454661152035,0.0,42.614514590766646,-1.1596069205744815e-07,0.0
332,19980.0,19980,42.614514474746095,42.614514474746095,26.455297700097454,0.0,42.61451459070531,-1.1595922247048949e-07,0.0
333,20040.0,20040,42.614514474683055,42.614514474683055,27.110140739041963,0.0,42.614514590640745,-1.1595769520961264e-07,0.0
334,20100.0,20100,42.61451447461683,42.61451447461683,27.764983777985492,0.0,42.614514590572945,-1.1595611028515154e-07,0.0
335,20160.0,20160,42.61451447454744,42.61451447454744,28.419826816928012,0.0,42.614514590501905,-1.1595446770774683e-07,0.0
336,20220.0,20220,42.61451447447486,42.61451447447486,29.074669855869473,0.0,42.614514590427625,-1.1595276748832427e-07,0.0
337,20280.0,20280,42.61451447439911,42.61451447439911,29.729512894809822,0.0,42.61451459035011,-1.1595100963810823e-07,0.0
338,20340.0,20340,42.61451447432017,42.61451447432017,30.384355933749003,0.0,42.61451459026936,-1.1594919416867683e-07,0.0
339,20400.0,20400,42.61451447423805,42.61451447423805,31.039198972686975,0.0,42.614514590185365,-1.1594732109185972e-07,0.0
340,20460.0,20460,42.61451447415275,42.61451447415275,31.694042011623687,0.0,42.61451459009814,-1.1594539041981875e-07,0.0
341,20520.0,20520,42.614514474064265,42.614514474064265,32.34888505055909,0.0,42.61451459000767,-1.1594340216501304e-07,0.0
342,20580.0,20580,42.614514473972605,42.614514473972605,33.00372808949314,0.0,42.61451458991396,-1.1594135634020165e-07,0.0
343,20640.0,20640,42.614514473877755,42.614514473877755,33.65857112842578,0.0,42.61451458981701,-1.1593925295845705e-07,0.0
344,20700.0,20700,42.61451447377973,42.61451447377973,34.31341416735696,0.0,42.614514589716826,-1.1593709203313952e-07,0.0
345,20760.0,20760,42.61451447367852,42.61451447367852,34.968257206286644,0.0,42.61451458961339,-1.1593487357793487e-07,0.0
346,20820.0,20820,42.614514473574125,42.614514473574125,35.62310024521477,0.0,42.61451458950672,-1.1593259760680461e-07,0.0
347,20880.0,20880,42.61451447346655,42.61451447346655,36.2779432841413,0.0,42.614514589396805,-1.1593026413402638e-07,0.0
348,20940.0,20940,42.61451447335578,42.61451447335578,36.93278632306618,0.0,42.61451458928366,-1.1592787317419925e-07,0.0
349,21000.0,21000,42.61451447324183,42.61451447324183,37.58762936198936,0.0,42.614514589167264,-1.1592542474221014e-07,0.0
350,21060.0,21060,42.61451447312471,42.61451447312471,38.24247240091079,0.0,42.61451458904762,-1.1592291885323109e-07,0.0
351,21120.0,21120,42.61451447300439,42.61451447300439,38.897315439830436,0.0,42.61451458892474,-1.159203555227624e-07,0.0
352,21180.0,21180,42.614514472880884,42.614514472880884,39.552158478748225,0.0,42.61451458879862,-1.1591773476658137e-07,0.0
353,21240.0,21240,42.6145144727542,42.6145144727542,40.20700151766412,0.0,42.61451458866926,-1.1591505660080028e-07,0.0
354,21300.0,21300,42.61451447262433,42.61451447262433,40.86184455657808,0.0,42.61451458853665,-1.1591232104180978e-07,0.0
355,21360.0,21360,42.614514472491265,42.614514472491265,41.51668759549004,0.0,42.614514588400795,-1.1590952810629242e-07,0.0
356,21420.0,21420,42.614514472355026,42.614514472355026,42.17153063439996,0.0,42.6145145882617,-1.159066778112657e-07,0.0
357,21480.0,21480,42.614514472215596,42.614514472215596,42.826373673307785,0.0,42.61451458811936,-1.1590377017401065e-07,0.0
358,21540.0,21540,42.614514472072976,42.614514472072976,43.48121671221348,0.0,42.61451458797378,-1.1590080521214468e-07,0.0
359,21600.0,21600,42.61451447192717,42.61451447192717,44.13605975111698,0.0,42.61451458782496,-1.1589778294355681e-07,0.0
360,21660.0,21660,42.614514471778186,42.614514471778186,44.79090279001825,0.0,42.614514587672886,-1.1589470338645353e-07,0.0
361,21720.0,21720,42.61451447162601,42.61451447162601,45.44574582891723,0.0,42.614514587517576,-1.1589156655932781e-07,0.0
362,21780.0,21780,42.61451447147064,42.61451447147064,46.10058886781388,0.0,42.61451458735902,-1.1588837248098467e-07,0.0
363,21840.0,21840,42.61451447131209,42.61451447131209,46.75543190670815,0.0,42.61451458719721,-1.1588512117050891e-07,0.0
364,21900.0,21900,42.61451447115036,42.61451447115036,47.41027494559998,0.0,42.61451458703217,-1.1588181264732427e-07,0.0
365,21960.0,21960,42.61451447098543,42.61451447098543,48.06511798448933,0.0,42.61451458686388,-1.1587844693111139e-07,0.0
366,22020.0,22020,42.61451447081732,42.61451447081732,48.71996102337616,0.0,42.614514586692344,-1.1587502404187643e-07,0.0
367,22080.0,22080,42.61451447064602,42.61451447064602,49.374804062260395,0.0,42.614514586517565,-1.1587154399990393e-07,0.0
368,22140.0,22140,42.61451447047153,42.61451447047153,50.02964710114201,0.0,42.614514586339546,-1.1586800682579459e-07,0.0
369,22200.0,22200,42.61451447029386,42.61451447029386,50.68449014002095,0.0,42.61451458615828,-1.1586441254043418e-07,0.0
370,22260.0,22260,42.614514470113,42.614514470113,51.33933317889717,0.0,42.614514585973765,-1.1586076116500979e-07,0.0
371,22320.0,22320,42.61451446992895,42.61451446992895,51.99417621777061,0.0,42.61451458578601,-1.1585705272102191e-07,0.0
372,22380.0,22380,42.61451446974172,42.614514469741714,52.64901925664122,0.0,42.614514585595,-1.1585328723023737e-07,0.0
373,22440.0,22440,42.614514469551295,42.614514469551295,53.30386229550897,0.0,42.61451458540076,-1.1584946471472826e-07,0.0
374,22500.0,22500,42.61451446935769,42.61451446935769,53.958705334373796,0.0,42.61451458520327,-1.158455851968909e-07,0.0
375,22560.0,22560,42.61451446916089,42.61451446916089,54.61354837323566,0.0,42.61451458500254,-1.1584164869940132e-07,0.0
376,22620.0,22620,42.614514468960905,42.614514468960905,55.26839141209449,0.0,42.614514584798556,-1.1583765524519922e-07,0.0
377,22680.0,22680,42.614514468757726,42.614514468757726,55.92323445095025,0.0,42.61451458459133,-1.1583360485756723e-07,0.0
378,22740.0,22740,42.61451446855138,42.61451446855137,56.5780774898029,0.0,42.61451458438086,-1.1582949756005437e-07,0.0
379,22800.0,22800,42.614514468341824,42.614514468341824,57.23292052865238,0.0,42.61451458416715,-1.1582533337653243e-07,0.0
380,22860.0,22860,42.61451446812909,42.61451446812909,57.88776356749865,0.0,42.6145145839502,-1.1582111233113951e-07,0.0
381,22920.0,22920,42.614514467913175,42.614514467913175,58.54260660634166,0.0,42.614514583730006,-1.1581683444830022e-07,0.0
382,22980.0,22980,42.614514467694065,42.614514467694065,59.19744964518135,0.0,42.61451458350656,-1.1581249975277544e-07,0.0
383,23040.0,23040,42.61451446747177,42.61451446747177,59.852292684017684,0.0,42.61451458327988,-1.1580810826957485e-07,0.0
384,23100.0,23100,42.61451446724629,42.61451446724629,60.507135722850606,0.0,42.614514583049946,-1.1580366002404039e-07,0.0
385,23160.0,23160,42.61451446701762,42.61451446701762,61.161978761680075,0.0,42.614514582816774,-1.1579915504177894e-07,0.0
386,23220.0,23220,42.614514466785764,42.614514466785764,61.81682180050603,0.0,42.61451458258036,-1.1579459334870678e-07,0.0
387,23280.0,23280,42.61451446655073,42.61451446655072,62.47166483932843,0.0,42.6145145823407,-1.1578997497099302e-07,0.0
388,23340.0,23340,42.6145144663125,42.6145144663125,63.126507878147216,0.0,42.614514582097804,-1.1578529993517803e-07,0.0
389,23400.0,23400,42.614514466071086,42.614514466071086,63.781350916962346,0.0,42.61451458185166,-1.1578056826801333e-07,0.0
390,23460.0,23460,42.614514465826495,42.61451446582649,64.43619395577377,0.0,42.61451458160227,-1.1577577999657729e-07,0.0
391,23520.0,23520,42.61451446557871,42.61451446557871,65.09103699458146,0.0,42.614514581349646,-1.1577093514824689e-07,0.0
392,23580.0,23580,42.61451446532774,42.61451446532774,65.74588003338535,0.0,42.61451458109378,-1.1576603375067482e-07,0.0
393,23640.0,23640,42.61451446507359,42.61451446507359,66.40072307218537,0.0,42.614514580834665,-1.1576107583179761e-07,0.0
394,23700.0,23700,42.61451446481625,42.61451446481625,67.0555661109815,0.0,42.61451458057231,-1.1575606141985977e-07,0.0
395,23760.0,23760,42.614514464555725,42.614514464555725,67.7104091497737,0.0,42.61451458030672,-1.1575099054337888e-07,0.0
396,23820.0,23820,42.61451446429202,42.61451446429202,68.36525218856188,0.0,42.614514580037884,-1.1574586323118858e-07,0.0
397,23880.0,23880,42.614514464025135,42.614514464025135,69.02009522734602,0.0,42.61451457976581,-1.1574067951237675e-07,0.0
398,23940.0,23940,42.61451446375506,42.61451446375506,69.67493826612606,0.0,42.614514579490496,-1.1573543941632849e-07,0.0
399,24000.0,24000,42.6145144634818,42.6145144634818,70.32978130490197,0.0,42.61451457921194,-1.1573014297272216e-07,0.0
400,24060.0,24060,42.61451446320536,42.61451446320536,70.98462434367367,0.0,42.61451457893015,-1.1572479021154677e-07,0.0
401,24120.0,24120,42.61451446292574,42.61451446292574,71.63946738244115,0.0,42.614514578645114,-1.157193811630214e-07,0.0
402,24180.0,24180,42.61451446264293,42.61451446264293,72.29431042120434,0.0,42.61451457835684,-1.1571391585771615e-07,0.0
403,24240.0,24240,42.61451446235694,42.61451446235694,72.94915345996318,0.0,42.61451457806533,-1.1570839432644588e-07,0.0
404,24300.0,24300,42.61451446206777,42.61451446206777,73.60399649871763,0.0,42.614514577770585,-1.1570281660029992e-07,0.0
405,24360.0,24360,42.614514461775414,42.614514461775414,74.25883953746765,0.0,42.6145145774726,-1.1569718271070111e-07,0.0
406,24420.0,24420,42.61451446147988,42.61451446147988,74.91368257621319,0.0,42.61451457717137,-1.1569149268931843e-07,0.0
407,24480.0,24480,42.614514461181166,42.61451446118116,75.5685256149542,0.0,42.61451457686691,-1.1568574656812085e-07,0.0
408,24540.0,24540,42.61451446087926,42.61451446087926,76.22336865369063,0.0,42.614514576559216,-1.156799443793638e-07,0.0
409,24600.0,24600,42.61451446057419,42.61451446057419,76.87821169242241,0.0,42.614514576248276,-1.1567408615556501e-07,0.0
410,24660.0,24660,42.61451446026593,42.61451446026593,77.5330547311495,0.0,42.61451457593411,-1.1566817192956365e-07,0.0
411,24720.0,24720,42.6145144599545,42.6145144599545,78.18789776987188,0.0,42.614514575616695,-1.156622017344195e-07,0.0
412,24780.0,24780,42.614514459639885,42.614514459639885,78.84274080858948,0.0,42.614514575296056,-1.1565617560354877e-07,0.0
413,24840.0,24840,42.61451445932209,42.61451445932209,79.49758384730225,0.0,42.61451457497218,-1.1565009357060439e-07,0.0
414,24900.0,24900,42.614514459001114,42.614514459001114,80.15242688601015,0.0,42.61451457464507,-1.1564395566953252e-07,0.0
415,24960.0,24960,42.614514458676965,42.614514458676965,80.80726992471313,0.0,42.614514574314725,-1.1563776193456041e-07,0.0
416,25020.0,25020,42.61451445834963,42.61451445834963,81.46211296341113,0.0,42.61451457398115,-1.1563151240015611e-07,0.0
417,25080.0,25080,42.61451445801913,42.61451445801913,82.1169560021041,0.0,42.61451457364434,-1.1562520710116025e-07,0.0
418,25140.0,25140,42.61451445768545,42.61451445768545,82.77179904079202,0.0,42.61451457330429,-1.1561884607260841e-07,0.0
419,25200.0,25200,42.61451445734859,42.61451445734859,83.4266420794748,0.0,42.61451457296102,-1.1561242934984697e-07,0.0
420,25260.0,25260,42.61451445700856,42.61451445700856,84.08148511815241,0.0,42.61451457261451,-1.1560595696850473e-07,0.0
421,25320.0,25320,42.61451445666535,42.61451445666535,84.73632815682481,0.0,42.614514572264774,-1.1559942896446875e-07,0.0
422,25380.0,25380,42.614514456318965,42.614514456318965,85.39117119549195,0.0,42.614514571911805,-1.155928453739206e-07,0.0
423,25440.0,25440,42.6145144559694,42.6145144559694,86.04601423415377,0.0,42.6145145715556,-1.1558620623331903e-07,0.0
424,25500.0,25500,42.614514455616664,42.614514455616664,86.70085727281024,0.0,42.614514571196175,-1.1557951157941456e-07,0.0
425,25560.0,25560,42.61451445526076,42.61451445526076,87.35570031146128,0.0,42.61451457083352,-1.1557276144918105e-07,0.0
426,25620.0,25620,42.61451445490168,42.61451445490168,88.01054335010687,0.0,42.614514570467634,-1.155659558799165e-07,0.0
427,25680.0,25680,42.614514454539425,42.614514454539425,88.66538638874695,0.0,42.61451457009852,-1.1555909490918253e-07,0.0
428,25740.0,25740,42.614514454174,42.614514454174,89.32022942738148,0.0,42.61451456972618,-1.1555217857480574e-07,0.0
429,25800.0,25800,42.614514453805405,42.614514453805405,89.97507246601039,0.0,42.61451456935061,-1.1554520691490595e-07,0.0
430,25860.0,25860,42.614514453433635,42.614514453433635,90.62991550463366,0.0,42.61451456897181,-1.1553817996782895e-07,0.0
431,25920.0,25920,42.614514453058696,42.614514453058696,91.28475854325121,0.0,42.61451456858979,-1.1553109777225812e-07,0.0
432,25980.0,25980,42.61451445268059,42.61451445268059,91.93960158186302,0.0,42.61451456820455,-1.1552396036713108e-07,0.0
433,26040.0,26040,42.61451445229931,42.61451445229931,92.59444462046902,0.0,42.61451456781608,-1.1551676779161541e-07,0.0
434,26100.0,26100,42.614514451914864,42.61451445191486,93.24928765906917,0.0,42.61451456742438,-1.1550952008519885e-07,0.0
435,26160.0,26160,42.61451445152725,42.61451445152725,93.90413069766343,0.0,42.61451456702947,-1.1550221728760182e-07,0.0
436,26220.0,26220,42.61451445113646,42.61451445113646,94.55897373625174,0.0,42.61451456663132,-1.1549485943886485e-07,0.0
437,26280.0,26280,42.614514450742504,42.614514450742504,95.21381677483406,0.0,42.61451456622996,-1.15487446579241e-07,0.0
438,26340.0,26340,42.61451445034539,42.61451445034539,95.86865981341033,0.0,42.61451456582537,-1.1547997874929134e-07,0.0
439,26400.0,26400,42.614514449945105,42.614514449945105,96.5235028519805,0.0,42.61451456541756,-1.154724559898446e-07,0.0
440,26460.0,26460,42.61451444954165,42.61451444954165,97.17834589054453,0.0,42.61451456500654,-1.1546487834198506e-07,0.0
441,26520.0,26520,42.614514449135044,42.61451444913504,97.83318892910238,0.0,42.614514564592284,-1.1545724584705123e-07,0.0
442,26580.0,26580,42.61451444872526,42.61451444872526,98.48803196765398,0.0,42.61451456417482,-1.1544955854668022e-07,0.0
443,26640.0,26640,42.61451444831231,42.61451444831231,99.1428750061993,0.0,42.614514563754135,-1.1544181648274449e-07,0.0
444,26700.0,26700,42.614514447896205,42.614514447896205,99.79771804473829,0.0,42.614514563330225,-1.1543401969742455e-07,0.0
445,26760.0,26760,42.614514447476935,42.614514447476935,100.4525610832709,0.0,42.6145145629031,-1.1542616823310535e-07,0.0
446,26820.0,26820,42.6145144470545,42.6145144470545,101.10740412179706,0.0,42.61451456247276,-1.1541826213251347e-07,0.0
447,26880.0,26880,42.61451444662891,42.61451444662891,101.76224716031676,0.0,42.614514562039204,-1.154103014385638e-07,0.0
448,26940.0,26940,42.614514446200154,42.614514446200154,102.41709019882991,0.0,42.614514561602434,-1.1540228619448462e-07,0.0
449,27000.0,27000,42.614514445768236,42.614514445768236,103.0719332373365,0.0,42.61451456116245,-1.1539421644374634e-07,0.0
450,27060.0,27060,42.61451444533316,42.61451444533316,103.72677627583644,0.0,42.61451456071925,-1.1538609223010583e-07,0.0
451,27120.0,27120,42.61451444489493,42.61451444489493,104.38161931432974,0.0,42.61451456027284,-1.1537791359752713e-07,0.0
452,27180.0,27180,42.614514444453526,42.614514444453526,105.0364623528163,0.0,42.61451455982321,-1.1536968059031454e-07,0.0
453,27240.0,27240,42.614514444008975,42.614514444008975,105.69130539129608,0.0,42.61451455937037,-1.153613932529553e-07,0.0
454,27300.0,27300,42.61451444356127,42.61451444356127,106.34614842976904,0.0,42.61451455891432,-1.1535305163026218e-07,0.0
455,27360.0,27360,42.6145144431104,42.6145144431104,107.00099146823514,0.0,42.614514558455056,-1.1534465576724428e-07,0.0
456,27420.0,27420,42.61451444265638,42.61451444265638,107.65583450669432,0.0,42.614514557992585,-1.1533620570924027e-07,0.0
457,27480.0,27480,42.6145144421992,42.6145144421992,108.31067754514653,0.0,42.6145145575269,-1.1532770150177172e-07,0.0
458,27540.0,27540,42.614514441738876,42.614514441738876,108.96552058359174,0.0,42.61451455705801,-1.1531914319068032e-07,0.0
459,27600.0,27600,42.61451444127538,42.61451444127538,109.62036362202988,0.0,42.61451455658591,-1.1531053082205124e-07,0.0
460,27660.0,27660,42.61451444080875,42.61451444080875,110.2752066604609,0.0,42.614514556110606,-1.153018644421956e-07,0.0
461,27720.0,27720,42.61451444033895,42.61451444033895,110.93004969888477,0.0,42.6145145556321,-1.1529314409771772e-07,0.0
462,27780.0,27780,42.61451443986601,42.61451443986601,111.58489273730142,0.0,42.61451455515037,-1.1528436983543179e-07,0.0
463,27840.0,27840,42.61451443938991,42.61451443938991,112.23973577571083,0.0,42.614514554665455,-1.1527554170247344e-07,0.0
464,27900.0,27900,42.61451443891067,42.61451443891066,112.89457881411293,0.0,42.61451455417732,-1.1526665974615583e-07,0.0
465,27960.0,27960,42.614514438428266,42.614514438428266,113.54942185250768,0.0,42.614514553685986,-1.1525772401410687e-07,0.0
466,28020.0,28020,42.61451443794272,42.61451443794272,114.20426489089502,0.0,42.61451455319145,-1.1524873455418989e-07,0.0
467,28080.0,28080,42.61451443745402,42.61451443745402,114.85910792927491,0.0,42.614514552693706,-1.152396914144995e-07,0.0
468,28140.0,28140,42.614514436962175,42.614514436962175,115.51395096764732,0.0,42.61451455219277,-1.1523059464340073e-07,0.0
469,28200.0,28200,42.61451443646718,42.61451443646718,116.16879400601218,0.0,42.61451455168862,-1.1522144428950066e-07,0.0
470,28260.0,28260,42.61451443596904,42.61451443596904,116.82363704436943,0.0,42.61451455118128,-1.1521224040169558e-07,0.0
471,28320.0,28320,42.614514435467754,42.614514435467754,117.47848008271905,0.0,42.61451455067074,-1.1520298302906204e-07,0.0
472,28380.0,28380,42.614514434963326,42.614514434963326,118.13332312106097,0.0,42.614514550157,-1.1519367222096707e-07,0.0
473,28440.0,28440,42.61451443445576,42.61451443445575,118.78816615939515,0.0,42.61451454964006,-1.1518430802701715e-07,0.0
474,28500.0,28500,42.61451443394503,42.61451443394503,119.44300919772155,0.0,42.61451454911992,-1.1517489049708104e-07,0.0
475,28560.0,28560,42.61451443343117,42.61451443343117,120.09785223604011,0.0,42.61451454859659,-1.1516541968125749e-07,0.0
476,28620.0,28620,42.61451443291416,42.61451443291416,120.75269527435077,0.0,42.614514548070055,-1.1515589562989543e-07,0.0
477,28680.0,28680,42.61451443239401,42.61451443239401,121.40753831265354,0.0,42.61451454754033,-1.1514631839358054e-07,0.0
478,28740.0,28740,42.614514431870724,42.614514431870724,122.06238135094827,0.0,42.61451454700741,-1.1513668802316344e-07,0.0
479,28800.0,28800,42.6145144313443,42.6145144313443,122.71722438923503,0.0,42.6145145464713,-1.1512700456974763e-07,0.0
480,28860.0,28860,42.61451443081472,42.61451443081472,123.37206742751367,0.0,42.61451454593199,-1.1511726808463703e-07,0.0
481,28920.0,28920,42.614514430282014,42.614514430282014,124.02691046578421,0.0,42.61451454538949,-1.151074786194059e-07,0.0
482,28980.0,28980,42.614514429746166,42.614514429746166,124.68175350404655,0.0,42.61451454484381,-1.1509763622585987e-07,0.0
483,29040.0,29040,42.614514429207176,42.614514429207176,125.3365965423007,0.0,42.61451454429492,-1.1508774095606818e-07,0.0
484,29100.0,29100,42.61451442866506,42.61451442866506,125.99143958054658,0.0,42.61451454374285,-1.1507779286232064e-07,0.0
485,29160.0,29160,42.6145144281198,42.6145144281198,126.6462826187841,0.0,42.61451454318759,-1.1506779199715861e-07,0.0
486,29220.0,29220,42.61451442757141,42.61451442757141,127.3011256570133,0.0,42.61451454262914,-1.1505773841334404e-07,0.0
487,29280.0,29280,42.61451442701988,42.61451442701988,127.95596869523408,0.0,42.614514542067504,-1.1504763216389577e-07,0.0
488,29340.0,29340,42.614514426465206,42.614514426465206,128.61081173344638,0.0,42.61451454150268,-1.150374733020707e-07,0.0
489,29400.0,29400,42.61451442590741,42.61451442590741,129.2656547716502,0.0,42.61451454093467,-1.150272618813571e-07,0.0
490,29460.0,29460,42.61451442534648,42.61451442534648,129.92049780984541,0.0,42.61451454036347,-1.1501699795546918e-07,0.0
491,29520.0,29520,42.61451442478241,42.61451442478241,130.57534084803206,0.0,42.61451453978909,-1.1500668157838619e-07,0.0
492,29580.0,29580,42.614514424215216,42.614514424215216,131.23018388621006,0.0,42.614514539211534,-1.1499631280429442e-07,0.0
493,29640.0,29640,42.6145144236449,42.6145144236449,131.8850269243793,0.0,42.614514538630786,-1.1498589168761829e-07,0.0
494,29700.0,29700,42.614514423071434,42.614514423071434,132.53986996253985,0.0,42.614514538046855,-1.1497541828301356e-07,0.0
495,29760.0,29760,42.61451442249485,42.61451442249485,133.1947130006916,0.0,42.61451453745974,-1.1496489264541174e-07,0.0
496,29820.0,29820,42.61451442191514,42.61451442191514,133.84955603883446,0.0,42.61451453686945,-1.1495431482990839e-07,0.0
497,29880.0,29880,42.614514421332295,42.614514421332295,134.50439907696847,0.0,42.61451453627598,-1.1494368489188021e-07,0.0
498,29940.0,29940,42.614514420746325,42.614514420746325,135.15924211509352,0.0,42.614514535679334,-1.1493300288692046e-07,0.0
499,30000.0,30000,42.614514420157235,42.614514420157235,135.8140851532096,0.0,42.61451453507949,-1.1492226887082685e-07,0.0
500,30060.0,30060,42.61451441956501,42.61451441956501,136.46892819131662,0.0,42.61451453447649,-1.1491148289968624e-07,0.0
501,30120.0,30120,42.61451441896966,42.61451441896966,137.12377122941453,0.0,42.614514533870306,-1.1490064502976574e-07,0.0
502,30180.0,30180,42.61451441837119,42.61451441837119,137.77861426750334,0.0,42.614514533260945,-1.14889755317545e-07,0.0
503,30240.0,30240,42.6145144177696,42.6145144177696,138.43345730558295,0.0,42.614514532648414,-1.1487881381980496e-07,0.0
504,30300.0,30300,42.61451441716488,42.61451441716488,139.08830034365334,0.0,42.6145145320327,-1.14867820593461e-07,0.0
505,30360.0,30360,42.61451441655704,42.61451441655704,139.74314338171445,0.0,42.61451453141382,-1.1485677569572719e-07,0.0
506,30420.0,30420,42.61451441594608,42.614514415946076,140.39798641976623,0.0,42.61451453079176,-1.148456791839991e-07,0.0
507,30480.0,30480,42.614514415331996,42.614514415331996,141.05282945780863,0.0,42.614514530166524,-1.148345311159185e-07,0.0
508,30540.0,30540,42.61451441471479,42.61451441471479,141.70767249584162,0.0,42.61451452953813,-1.1482333154934369e-07,0.0
509,30600.0,30600,42.61451441409447,42.61451441409447,142.36251553386512,0.0,42.614514528906554,-1.1481208054234816e-07,0.0
510,30660.0,30660,42.61451441347103,42.61451441347103,143.01735857187913,0.0,42.61451452827181,-1.1480077815322469e-07,0.0
511,30720.0,30720,42.61451441284447,42.61451441284447,143.67220160988356,0.0,42.614514527633894,-1.1478942444052963e-07,0.0
512,30780.0,30780,42.614514412214795,42.614514412214795,144.32704464787838,0.0,42.614514526992814,-1.1477801946297001e-07,0.0
513,30840.0,30840,42.61451441158201,42.61451441158201,144.98188768586354,0.0,42.614514526348565,-1.1476656327951514e-07,0.0
514,30900.0,30900,42.61451441094609,42.61451441094609,145.63673072383898,0.0,42.614514525701146,-1.1475505594936162e-07,0.0
515,30960.0,30960,42.61451441030707,42.61451441030707,146.29157376180464,0.0,42.614514525050566,-1.1474349753189574e-07,0.0
516,31020.0,31020,42.614514409664935,42.614514409664935,146.94641679976056,0.0,42.61451452439682,-1.1473188808674183e-07,0.0
517,31080.0,31080,42.614514409019684,42.614514409019684,147.60125983770658,0.0,42.61451452373991,-1.147202276737085e-07,0.0
518,31140.0,31140,42.61451440837132,42.61451440837131,148.25610287564268,0.0,42.61451452307983,-1.1470851635286664e-07,0.0
519,31200.0,31200,42.61451440771984,42.61451440771984,148.91094591356887,0.0,42.61451452241659,-1.1469675418446201e-07,0.0
520,31260.0,31260,42.61451440706524,42.61451440706524,149.56578895148508,0.0,42.61451452175019,-1.1468494122897304e-07,0.0
521,31320.0,31320,42.614514406407544,42.614514406407544,150.22063198939122,0.0,42.61451452108062,-1.1467307754708799e-07,0.0
522,31380.0,31380,42.61451440574674,42.61451440574673,150.87547502728728,0.0,42.614514520407894,-1.146611631997117e-07,0.0
523,31440.0,31440,42.614514405082815,42.614514405082815,151.5303180651732,0.0,42.61451451973202,-1.1464919824795746e-07,0.0
524,31500.0,31500,42.614514404415786,42.614514404415786,152.18516110304893,0.0,42.61451451905297,-1.1463718275313495e-07,0.0
525,31560.0,31560,42.61451440374565,42.61451440374565,152.84000414091443,0.0,42.61451451837076,-1.1462511677678923e-07,0.0
526,31620.0,31620,42.614514403072405,42.614514403072405,153.49484717876965,0.0,42.61451451768541,-1.1461300038064961e-07,0.0
527,31680.0,31680,42.614514402396054,42.614514402396054,154.14969021661452,0.0,42.614514516996884,-1.1460083362667546e-07,0.0
528,31740.0,31740,42.6145144017166,42.6145144017166,154.804533254449,0.0,42.614514516305206,-1.1458861657701169e-07,0.0
529,31800.0,31800,42.61451440103403,42.61451440103403,155.45937629227313,0.0,42.61451451561038,-1.1457634929403328e-07,0.0
530,31860.0,31860,42.61451440034836,42.61451440034836,156.1142193300867,0.0,42.61451451491239,-1.1456403184029807e-07,0.0
531,31920.0,31920,42.61451439965959,42.61451439965959,156.7690623678898,0.0,42.61451451421125,-1.1455166427858993e-07,0.0
532,31980.0,31980,42.614514398967714,42.614514398967714,157.42390540568232,0.0,42.614514513506954,-1.1453924667187159e-07,0.0
533,32040.0,32040,42.61451439827273,42.61451439827273,158.07874844346424,0.0,42.61451451279951,-1.1452677908332636e-07,0.0
534,32100.0,32100,42.614514397574645,42.614514397574645,158.7335914812355,0.0,42.61451451208891,-1.1451426157633932e-07,0.0
535,32160.0,32160,42.61451439687347,42.61451439687347,159.388434518996,0.0,42.614514511375155,-1.145016942145e-07,0.0
536,32220.0,32220,42.614514396169184,42.614514396169184,160.0432775567458,0.0,42.61451451065826,-1.1448907706160639e-07,0.0
537,32280.0,32280,42.614514395461796,42.614514395461796,160.69812059448475,0.0,42.61451450993821,-1.1447641018160041e-07,0.0
538,32340.0,32340,42.61451439475131,42.61451439475131,161.35296363221286,0.0,42.614514509215006,-1.1446369363870511e-07,0.0
539,32400.0,32400,42.61451439403773,42.61451439403773,162.00780666993006,0.0,42.614514508488654,-1.1445092749727802e-07,0.0
540,32460.0,32460,42.61451439332105,42.61451439332105,162.66264970763632,0.0,42.61451450775916,-1.1443811182191342e-07,0.0
541,32520.0,32520,42.61451439260127,42.61451439260127,163.3174927453316,0.0,42.61451450702652,-1.1442524667737908e-07,0.0
542,32580.0,32580,42.614514391878394,42.614514391878394,163.97233578301584,0.0,42.61451450629073,-1.1441233212864722e-07,0.0
543,32640.0,32640,42.614514391152426,42.614514391152426,164.62717882068895,0.0,42.61451450555179,-1.1439936824088913e-07,0.0
544,32700.0,32700,42.61451439042335,42.61451439042335,165.28202185835093,0.0,42.614514504809705,-1.1438635507944828e-07,0.0
545,32760.0,32760,42.614514389691195,42.614514389691195,165.93686489600177,0.0,42.61451450406448,-1.1437329270988602e-07,0.0
546,32820.0,32820,42.61451438895593,42.61451438895593,166.59170793364132,0.0,42.61451450331611,-1.1436018119795064e-07,0.0
547,32880.0,32880,42.614514388217586,42.614514388217586,167.24655097126958,0.0,42.6145145025646,-1.1434702060957744e-07,0.0
548,32940.0,32940,42.614514387476135,42.614514387476135,167.90139400888657,0.0,42.61451450180994,-1.1433381101089e-07,0.0
549,33000.0,33000,42.6145143867316,42.6145143867316,168.55623704649216,0.0,42.61451450105215,-1.1432055246819481e-07,0.0
550,33060.0,33060,42.614514385983966,42.614514385983966,169.21108008408632,0.0,42.614514500291214,-1.1430724504800282e-07,0.0
551,33120.0,33120,42.61451438523325,42.61451438523325,169.865923121669,0.0,42.61451449952714,-1.1429388881702004e-07,0.0
552,33180.0,33180,42.61451438447944,42.61451438447944,170.52076615924017,0.0,42.614514498759924,-1.1428048384210979e-07,0.0
553,33240.0,33240,42.61451438372254,42.61451438372254,171.17560919679977,0.0,42.61451449798957,-1.1426703019033987e-07,0.0
554,33300.0,33300,42.61451438296255,42.61451438296255,171.83045223434777,0.0,42.61451449721607,-1.142535279289597e-07,0.0
555,33360.0,33360,42.61451438219947,42.61451438219947,172.48529527188413,0.0,42.61451449643945,-1.1423997712540691e-07,0.0
556,33420.0,33420,42.6145143814333,42.6145143814333,173.1401383094087,0.0,42.61451449565968,-1.1422637784729947e-07,0.0
557,33480.0,33480,42.61451438066405,42.61451438066405,173.7949813469216,0.0,42.61451449487677,-1.1421273016241264e-07,0.0
558,33540.0,33540,42.6145143798917,42.6145143798917,174.44982438442264,0.0,42.614514494090734,-1.1419903413878131e-07,0.0
559,33600.0,33600,42.614514379116265,42.614514379116265,175.10466742191187,0.0,42.614514493301556,-1.1418528984450493e-07,0.0
560,33660.0,33660,42.61451437833776,42.61451437833776,175.7595104593892,0.0,42.61451449250925,-1.1417149734798424e-07,0.0
561,33720.0,33720,42.614514377556155,42.614514377556155,176.41435349685455,0.0,42.61451449171381,-1.14157656717702e-07,0.0
562,33780.0,33780,42.61451437677147,42.61451437677147,177.06919653430793,0.0,42.61451449091524,-1.1414376802236699e-07,0.0
563,33840.0,33840,42.6145143759837,42.6145143759837,177.72403957174927,0.0,42.61451449011353,-1.14129831330848e-07,0.0
564,33900.0,33900,42.61451437519285,42.61451437519285,178.37888260917853,0.0,42.61451448930869,-1.1411584671222637e-07,0.0
565,33960.0,33960,42.61451437439891,42.61451437439891,179.03372564659563,0.0,42.614514488500724,-1.1410181423568293e-07,0.0
566,34020.0,34020,42.614514373601885,42.614514373601885,179.68856868400056,0.0,42.61451448768962,-1.1408773397067834e-07,0.0
567,34080.0,34080,42.614514372801786,42.614514372801786,180.34341172139327,0.0,42.61451448687539,-1.1407360598673777e-07,0.0
568,34140.0,34140,42.6145143719986,42.6145143719986,180.9982547587737,0.0,42.614514486058034,-1.1405943035363256e-07,0.0
569,34200.0,34200,42.61451437119234,42.61451437119234,181.6530977961418,0.0,42.61451448523755,-1.1404520714127662e-07,0.0
570,34260.0,34260,42.61451437038299,42.61451437038299,182.30794083349753,0.0,42.61451448441393,-1.1403093641976273e-07,0.0
571,34320.0,34320,42.61451436957057,42.61451436957057,182.96278387084087,0.0,42.614514483587186,-1.1401661825934243e-07,0.0
572,34380.0,34380,42.61451436875507,42.61451436875507,183.6176269081717,0.0,42.614514482757315,-1.1400225273046358e-07,0.0
573,34440.0,34440,42.61451436793648,42.61451436793648,184.27246994549006,0.0,42.61451448192432,-1.1398783990370051e-07,0.0
574,34500.0,34500,42.61451436711482,42.61451436711482,184.92731298279583,0.0,42.6145144810882,-1.1397337984983334e-07,0.0
575,34560.0,34560,42.61451436629009,42.61451436629009,185.582156020089,0.0,42.61451448024896,-1.1395887263978611e-07,0.0
576,34620.0,34620,42.61451436546227,42.61451436546227,186.2369990573695,0.0,42.61451447940659,-1.1394431834467113e-07,0.0
577,34680.0,34680,42.614514364631376,42.614514364631376,186.89184209463733,0.0,42.61451447856109,-1.1392971703572856e-07,0.0
578,34740.0,34740,42.614514363797404,42.614514363797404,187.54668513189236,0.0,42.614514477712476,-1.1391506878437871e-07,0.0
579,34800.0,34800,42.614514362960364,42.614514362960364,188.20152816913466,0.0,42.614514476860734,-1.1390037366222219e-07,0.0
580,34860.0,34860,42.61451436212024,42.61451436212024,188.8563712063641,0.0,42.61451447600588,-1.1388563174099542e-07,0.0
581,34920.0,34920,42.61451436127705,42.61451436127705,189.5112142435806,0.0,42.61451447514789,-1.1387084309262452e-07,0.0
582,34980.0,34980,42.61451436043078,42.61451436043078,190.1660572807842,0.0,42.61451447428679,-1.1385600778915661e-07,0.0
583,35040.0,35040,42.614514359581435,42.614514359581435,190.8209003179748,0.0,42.61451447342257,-1.1384112590282041e-07,0.0
584,35100.0,35100,42.61451435872902,42.61451435872902,191.4757433551524,0.0,42.614514472555214,-1.1382619750600338e-07,0.0
585,35160.0,35160,42.61451435787354,42.61451435787354,192.13058639231687,0.0,42.61451447168476,-1.1381122267125971e-07,0.0
586,35220.0,35220,42.61451435701497,42.61451435701497,192.78542942946825,0.0,42.61451447081117,-1.1379620147126336e-07,0.0
587,35280.0,35280,42.61451435615334,42.61451435615334,193.44027246660647,0.0,42.61451446993448,-1.1378113397887656e-07,0.0
588,35340.0,35340,42.61451435528864,42.61451435528864,194.09511550373145,0.0,42.61451446905466,-1.1376602026711218e-07,0.0
589,35400.0,35400,42.61451435442086,42.61451435442086,194.74995854084318,0.0,42.61451446817172,-1.1375086040911088e-07,0.0
590,35460.0,35460,42.614514353550014,42.614514353550014,195.40480157794156,0.0,42.61451446728567,-1.1373565447821242e-07,0.0
591,35520.0,35520,42.6145143526761,42.6145143526761,196.05964461502657,0.0,42.6145144663965,-1.1372040254784256e-07,0.0
592,35580.0,35580,42.614514351799116,42.614514351799116,196.7144876520982,0.0,42.61451446550422,-1.1370510469162755e-07,0.0
593,35640.0,35640,42.614514350919066,42.614514350919066,197.36933068915636,0.0,42.614514464608824,-1.1368976098334965e-07,0.0
594,35700.0,35700,42.61451435003594,42.61451435003594,198.02417372620104,0.0,42.614514463710314,-1.1367437149688926e-07,0.0
595,35760.0,35760,42.61451434914975,42.61451434914975,198.67901676323217,0.0,42.614514462808685,-1.1365893630631782e-07,0.0
596,35820.0,35820,42.61451434826049,42.61451434826049,199.33385980024968,0.0,42.614514461903944,-1.1364345548583591e-07,0.0
597,35880.0,35880,42.614514347368164,42.614514347368164,199.98870283725356,0.0,42.6145144609961,-1.1362792910980141e-07,0.0
598,35940.0,35940,42.614514346472774,42.614514346472774,200.6435458742437,0.0,42.614514460085125,-1.1361235725268525e-07,0.0
599,36000.0,36000,42.614514345574314,42.614514345574314,201.29838891122017,0.0,42.61451445917105,-1.1359673998914799e-07,0.0
600,36060.0,36060,42.614514344672784,42.614514344672784,201.95323194818283,0.0,42.614514458253865,-1.1358107739394031e-07,0.0
601,36120.0,36120,42.6145143437682,42.6145143437682,202.60807498513162,0.0,42.61451445733356,-1.1356536954202e-07,0.0
602,36180.0,36180,42.61451434286054,42.61451434286054,203.2629180220666,0.0,42.614514456410156,-1.1354961650841752e-07,0.0
603,36240.0,36240,42.61451434194982,42.61451434194982,203.91776105898765,0.0,42.614514455483636,-1.1353381836836371e-07,0.0
604,36300.0,36300,42.61451434103603,42.61451434103603,204.57260409589466,0.0,42.614514454554005,-1.1351797519714729e-07,0.0
605,36360.0,36360,42.614514340119186,42.61451434011918,205.22744713278772,0.0,42.61451445362127,-1.1350208707030846e-07,0.0
606,36420.0,36420,42.61451433919927,42.61451433919927,205.88229016966667,0.0,42.61451445268542,-1.134861540634197e-07,0.0
607,36480.0,36480,42.61451433827629,42.61451433827629,206.53713320653148,0.0,42.614514451746466,-1.1347017625224587e-07,0.0
608,36540.0,36540,42.61451433735025,42.61451433735024,207.19197624338216,0.0,42.6145144508044,-1.1345415371265939e-07,0.0
609,36600.0,36600,42.614514336421145,42.614514336421145,207.84681928021863,0.0,42.61451444985923,-1.1343808652067934e-07,0.0
610,36660.0,36660,42.61451433548898,42.61451433548898,208.50166231704085,0.0,42.61451444891095,-1.1342197475246731e-07,0.0
611,36720.0,36720,42.61451433455375,42.614514334553746,209.15650535384876,0.0,42.614514447959564,-1.1340581848430733e-07,0.0
612,36780.0,36780,42.61451433361546,42.61451433361546,209.8113483906423,0.0,42.61451444700508,-1.1338961779261525e-07,0.0
613,36840.0,36840,42.614514332674105,42.614514332674105,210.46619142742145,0.0,42.61451444604748,-1.133733727539145e-07,0.0
614,36900.0,36900,42.614514331729694,42.614514331729694,211.12103446418615,0.0,42.614514445086776,-1.133570834448953e-07,0.0
615,36960.0,36960,42.61451433078223,42.61451433078223,211.7758775009364,0.0,42.614514444122975,-1.1334074994235953e-07,0.0
616,37020.0,37020,42.61451432983169,42.61451432983169,212.43072053767207,0.0,42.61451444315607,-1.1332437232323683e-07,0.0
617,37080.0,37080,42.614514328878094,42.614514328878094,213.08556357439318,0.0,42.61451444218605,-1.1330795066455098e-07,0.0
618,37140.0,37140,42.61451432792145,42.61451432792145,213.74040661109964,0.0,42.61451444121293,-1.1329148504351544e-07,0.0
619,37200.0,37200,42.61451432696174,42.61451432696174,214.39524964779142,0.0,42.61451444023671,-1.1327497553740686e-07,0.0
620,37260.0,37260,42.61451432599897,42.61451432599896,215.05009268446847,0.0,42.614514439257384,-1.1325842222366465e-07,0.0
621,37320.0,37320,42.614514325033134,42.614514325033134,215.70493572113077,0.0,42.61451443827496,-1.1324182517983721e-07,0.0
622,37380.0,37380,42.61451432406425,42.61451432406425,216.3597787577783,0.0,42.614514437289436,-1.1322518448358314e-07,0.0
623,37440.0,37440,42.6145143230923,42.6145143230923,217.01462179441086,0.0,42.6145144363008,-1.1320850021270103e-07,0.0
624,37500.0,37500,42.6145143221173,42.6145143221173,217.66946483102856,0.0,42.61451443530907,-1.131917724450916e-07,0.0
625,37560.0,37560,42.61451432113924,42.61451432113924,218.32430786763123,0.0,42.614514434314245,-1.1317500125877669e-07,0.0
626,37620.0,37620,42.61451432015812,42.61451432015812,218.97915090421895,0.0,42.61451443331631,-1.1315818673190858e-07,0.0
627,37680.0,37680,42.61451431917394,42.61451431917394,219.6339939407916,0.0,42.614514432315275,-1.1314132894273909e-07,0.0
628,37740.0,37740,42.614514318186714,42.614514318186714,220.28883697734923,0.0,42.61451443131114,-1.1312442796963301e-07,0.0
629,37800.0,37800,42.61451431719643,42.61451431719643,220.94368001389162,0.0,42.61451443030391,-1.1310748389111388e-07,0.0
630,37860.0,37860,42.614514316203085,42.614514316203085,221.59852305041883,0.0,42.614514429293585,-1.1309049678572134e-07,0.0
631,37920.0,37920,42.614514315206684,42.614514315206684,222.2533660869308,0.0,42.61451442828015,-1.1307346673220622e-07,0.0
632,37980.0,37980,42.614514314207234,42.614514314207234,222.90820912342753,0.0,42.61451442726363,-1.1305639380940139e-07,0.0
633,38040.0,38040,42.61451431320472,42.61451431320472,223.56305215990886,0.0,42.614514426244,-1.130392780962164e-07,0.0
634,38100.0,38100,42.614514312199155,42.614514312199155,224.21789519637483,0.0,42.61451442522127,-1.1302211967172086e-07,0.0
635,38160.0,38160,42.61451431119054,42.61451431119054,224.87273823282538,0.0,42.614514424195455,-1.1300491861502471e-07,0.0
636,38220.0,38220,42.61451431017886,42.61451431017886,225.52758126926045,0.0,42.61451442316654,-1.1298767500541816e-07,0.0
637,38280.0,38280,42.614514309164136,42.614514309164136,226.18242430567997,0.0,42.614514422134526,-1.1297038892225593e-07,0.0
638,38340.0,38340,42.614514308146354,42.614514308146354,226.837267342084,0.0,42.614514421099415,-1.1295306044500848e-07,0.0
639,38400.0,38400,42.61451430712552,42.61451430712552,227.49211037847232,0.0,42.61451442006121,-1.1293568965323903e-07,0.0
640,38460.0,38460,42.61451430610163,42.61451430610163,228.146953414845,0.0,42.614514419019905,-1.1291827662662918e-07,0.0
641,38520.0,38520,42.614514305074685,42.614514305074685,228.801796451202,0.0,42.614514417975506,-1.1290082144496274e-07,0.0
642,38580.0,38580,42.61451430404469,42.61451430404469,229.4566394875432,0.0,42.61451441692802,-1.1288332418810424e-07,0.0
643,38640.0,38640,42.614514303011646,42.614514303011646,230.11148252386863,0.0,42.61451441587743,-1.1286578493604866e-07,0.0
644,38700.0,38700,42.61451430197554,42.61451430197554,230.7663255601782,0.0,42.614514414823745,-1.1284820376886903e-07,0.0
645,38760.0,38760,42.61451430093639,42.61451430093639,231.42116859647183,0.0,42.61451441376697,-1.1283058076672979e-07,0.0
646,38820.0,38820,42.61451429989418,42.61451429989418,232.07601163274953,0.0,42.614514412707095,-1.1281291600992186e-07,0.0
647,38880.0,38880,42.614514298848924,42.614514298848924,232.73085466901125,0.0,42.61451441164414,-1.1279520957879801e-07,0.0
648,38940.0,38940,42.61451429780062,42.61451429780062,233.38569770525694,0.0,42.61451441057808,-1.1277746155383609e-07,0.0
649,39000.0,39000,42.614514296749256,42.614514296749256,234.04054074148652,0.0,42.61451440950893,-1.1275967201556643e-07,0.0
650,39060.0,39060,42.614514295694846,42.614514295694846,234.69538377770002,0.0,42.61451440843668,-1.1274184104466729e-07,0.0
651,39120.0,39120,42.61451429463738,42.61451429463738,235.35022681389734,0.0,42.614514407361355,-1.1272396872187614e-07,0.0
652,39180.0,39180,42.61451429357687,42.61451429357687,236.0050698500784,0.0,42.61451440628292,-1.1270605512801785e-07,0.0
653,39240.0,39240,42.614514292513306,42.614514292513306,236.65991288624318,0.0,42.614514405201405,-1.1268810034402087e-07,0.0
654,39300.0,39300,42.61451429144669,42.61451429144669,237.31475592239164,0.0,42.6145144041168,-1.1267010445089706e-07,0.0
655,39360.0,39360,42.614514290377016,42.614514290377016,237.9695989585237,0.0,42.61451440302909,-1.1265206752974567e-07,0.0
656,39420.0,39420,42.61451428930431,42.6145142893043,238.6244419946394,0.0,42.614514401938294,-1.1263398966175207e-07,0.0
657,39480.0,39480,42.61451428822854,42.61451428822854,239.2792850307386,0.0,42.61451440084441,-1.126158709281971e-07,0.0
658,39540.0,39540,42.614514287149724,42.614514287149724,239.93412806682133,0.0,42.614514399747435,-1.1259771141041676e-07,0.0
659,39600.0,39600,42.61451428606786,42.61451428606786,240.5889711028875,0.0,42.61451439864737,-1.1257951118986676e-07,0.0
660,39660.0,39660,42.614514284982945,42.614514284982945,241.24381413893707,0.0,42.61451439754421,-1.125612703480835e-07,0.0
661,39720.0,39720,42.61451428389498,42.61451428389498,241.89865717496997,0.0,42.61451439643797,-1.1254298896665721e-07,0.0
662,39780.0,39780,42.61451428280397,42.61451428280397,242.55350021098616,0.0,42.614514395328634,-1.1252466712728031e-07,0.0
663,39840.0,39840,42.6145142817099,42.6145142817099,243.20834324698566,0.0,42.61451439421621,-1.1250630491170576e-07,0.0
664,39900.0,39900,42.61451428061279,42.61451428061279,243.86318628296831,0.0,42.6145143931007,-1.1248790240181161e-07,0.0
665,39960.0,39960,42.61451427951263,42.61451427951263,244.5180293189342,0.0,42.61451439198209,-1.1246945967947727e-07,0.0
666,40020.0,40020,42.61451427840942,42.61451427840942,245.17287235488314,0.0,42.6145143908604,-1.1245097682673679e-07,0.0
667,40080.0,40080,42.61451427730317,42.61451427730317,245.82771539081517,0.0,42.61451438973562,-1.1243245392564847e-07,0.0
668,40140.0,40140,42.614514276193866,42.614514276193866,246.48255842673026,0.0,42.61451438860775,-1.1241389105838491e-07,0.0
669,40200.0,40200,42.61451427508151,42.61451427508151,247.1374014626283,0.0,42.614514387476795,-1.1239528830712145e-07,0.0
670,40260.0,40260,42.61451427396611,42.61451427396611,247.79224449850926,0.0,42.614514386342755,-1.1237664575421358e-07,0.0
671,40320.0,40320,42.614514272847664,42.614514272847664,248.44708753437314,0.0,42.614514385205624,-1.1235796348198056e-07,0.0
672,40380.0,40380,42.614514271726165,42.614514271726165,249.10193057021988,0.0,42.6145143840654,-1.123392415728882e-07,0.0
673,40440.0,40440,42.614514270601624,42.614514270601624,249.75677360604936,0.0,42.6145143829221,-1.123204801094454e-07,0.0
674,40500.0,40500,42.61451426947403,42.61451426947403,250.41161664186166,0.0,42.614514381775706,-1.1230167917421347e-07,0.0
675,40560.0,40560,42.61451426834339,42.61451426834339,251.06645967765655,0.0,42.61451438062623,-1.1228283884984386e-07,0.0
676,40620.0,40620,42.6145142672097,42.6145142672097,251.72130271343414,0.0,42.61451437947366,-1.1226395921905123e-07,0.0
677,40680.0,40680,42.61451426607297,42.61451426607297,252.37614574919434,0.0,42.61451437831801,-1.1224504036461887e-07,0.0
678,40740.0,40740,42.61451426493319,42.61451426493319,253.03098878493708,0.0,42.614514377159274,-1.122260823693569e-07,0.0
679,40800.0,40800,42.61451426379036,42.61451426379036,253.68583182066232,0.0,42.61451437599745,-1.1220708531621272e-07,0.0
680,40860.0,40860,42.6145142626445,42.6145142626445,254.34067485637001,0.0,42.614514374832545,-1.1218804928811887e-07,0.0
681,40920.0,40920,42.61451426149557,42.61451426149557,254.99551789206015,0.0,42.61451437366455,-1.1216897436812763e-07,0.0
682,40980.0,40980,42.61451426034361,42.61451426034361,255.65036092773266,0.0,42.614514372493474,-1.1214986063931547e-07,0.0
683,41040.0,41040,42.6145142591886,42.6145142591886,256.3052039633875,0.0,42.61451437131931,-1.1213070818483151e-07,0.0
684,41100.0,41100,42.61451425803054,42.61451425803054,256.96004699902454,0.0,42.614514370142054,-1.1211151708788001e-07,0.0
685,41160.0,41160,42.614514256869434,42.614514256869434,257.6148900346439,0.0,42.61451436896173,-1.1209228743173115e-07,0.0
686,41220.0,41220,42.61451425570529,42.61451425570529,258.2697330702454,0.0,42.614514367778305,-1.1207301929971291e-07,0.0
687,41280.0,41280,42.61451425453809,42.61451425453809,258.92457610582915,0.0,42.614514366591806,-1.1205371277519232e-07,0.0
688,41340.0,41340,42.61451425336785,42.61451425336785,259.5794191413949,0.0,42.61451436540222,-1.1203436794159826e-07,0.0
689,41400.0,41400,42.61451425219456,42.61451425219456,260.23426217694265,0.0,42.614514364209555,-1.1201498488241609e-07,0.0
690,41460.0,41460,42.614514251018235,42.614514251018235,260.88910521247243,0.0,42.6145143630138,-1.1199556368118232e-07,0.0
691,41520.0,41520,42.61451424983886,42.61451424983886,261.5439482479842,0.0,42.61451436181496,-1.1197610442148047e-07,0.0
692,41580.0,41580,42.61451424865644,42.61451424865644,262.1987912834778,0.0,42.61451436061304,-1.1195660718696679e-07,0.0
693,41640.0,41640,42.61451424747097,42.61451424747097,262.85363431895325,0.0,42.61451435940804,-1.1193707206131492e-07,0.0
694,41700.0,41700,42.614514246282454,42.614514246282454,263.5084773544106,0.0,42.614514358199955,-1.1191749912825101e-07,0.0
695,41760.0,41760,42.6145142450909,42.6145142450909,264.1633203898497,0.0,42.61451435698879,-1.1189788847157652e-07,0.0
696,41820.0,41820,42.6145142438963,42.6145142438963,264.8181634252704,0.0,42.61451435577454,-1.1187824017510904e-07,0.0
697,41880.0,41880,42.614514242698654,42.614514242698654,265.4730064606729,0.0,42.61451435455721,-1.1185855432272402e-07,0.0
698,41940.0,41940,42.61451424149797,42.614514241497965,266.1278494960569,0.0,42.614514353336794,-1.1183883099834127e-07,0.0
699,42000.0,42000,42.614514240294234,42.614514240294234,266.7826925314225,0.0,42.614514352113304,-1.1181907028593173e-07,0.0
700,42060.0,42060,42.61451423908745,42.61451423908745,267.43753556676967,0.0,42.61451435088673,-1.1179927226949862e-07,0.0
701,42120.0,42120,42.61451423787763,42.61451423787763,268.09237860209834,0.0,42.61451434965707,-1.1177943703306532e-07,0.0
702,42180.0,42180,42.61451423666477,42.61451423666477,268.7472216374084,0.0,42.61451434842433,-1.1175956466074266e-07,0.0
703,42240.0,42240,42.61451423544886,42.61451423544886,269.4020646726999,0.0,42.61451434718851,-1.1173965523665085e-07,0.0
704,42300.0,42300,42.6145142342299,42.6145142342299,270.05690770797275,0.0,42.614514345949615,-1.1171970884494783e-07,0.0
705,42360.0,42360,42.6145142330079,42.6145142330079,270.71175074322684,0.0,42.614514344707636,-1.1169972556983718e-07,0.0
706,42420.0,42420,42.61451423178286,42.61451423178286,271.3665937784622,0.0,42.61451434346257,-1.1167970549555617e-07,0.0
707,42480.0,42480,42.61451423055478,42.61451423055478,272.02143681367875,0.0,42.61451434221443,-1.116596487063582e-07,0.0
708,42540.0,42540,42.61451422932366,42.61451422932366,272.67627984887645,0.0,42.61451434096321,-1.1163955528660291e-07,0.0
709,42600.0,42600,42.61451422808948,42.61451422808948,273.3311228840553,0.0,42.61451433970892,-1.116194253205558e-07,0.0
710,42660.0,42660,42.61451422685227,42.61451422685227,273.9859659192151,0.0,42.614514338451535,-1.1159925889263706e-07,0.0
711,42720.0,42720,42.61451422561202,42.61451422561202,274.64080895435603,0.0,42.614514337191075,-1.1157905608726013e-07,0.0
712,42780.0,42780,42.614514224368726,42.614514224368726,275.29565198947796,0.0,42.61451433592754,-1.115588169888304e-07,0.0
713,42840.0,42840,42.614514223122384,42.614514223122384,275.95049502458073,0.0,42.614514334660925,-1.1153854168179897e-07,0.0
714,42900.0,42900,42.614514221873,42.614514221873,276.60533805966435,0.0,42.614514333391234,-1.1151823025068153e-07,0.0
715,42960.0,42960,42.61451422062058,42.61451422062058,277.2601810947288,0.0,42.61451433211846,-1.1149788277999375e-07,0.0
716,43020.0,43020,42.61451421936511,42.61451421936511,277.91502412977405,0.0,42.61451433084261,-1.1147749935427955e-07,0.0
717,43080.0,43080,42.614514218106606,42.614514218106606,278.56986716480003,0.0,42.61451432956368,-1.1145708005810035e-07,0.0
718,43140.0,43140,42.61451421684505,42.61451421684505,279.2247101998068,0.0,42.61451432828168,-1.1143662497604982e-07,0.0
719,43200.0,43200,42.61451421558046,42.61451421558046,279.8795532347941,0.0,42.6145143269966,-1.1141613419275125e-07,0.0
720,43260.0,43260,42.614514214312834,42.614514214312834,280.534396269762,0.0,42.61451432570844,-1.113956077928481e-07,0.0
721,43320.0,43320,42.614514213042156,42.614514213042156,281.18923930471044,0.0,42.61451432441721,-1.1137504586098515e-07,0.0
722,43380.0,43380,42.614514211768444,42.614514211768444,281.84408233963944,0.0,42.61451432312289,-1.1135444848185563e-07,0.0
723,43440.0,43440,42.61451421049169,42.61451421049169,282.49892537454883,0.0,42.61451432182551,-1.113338157401568e-07,0.0
724,43500.0,43500,42.61451420921189,42.61451420921189,283.15376840943867,0.0,42.61451432052504,-1.1131314772060476e-07,0.0
725,43560.0,43560,42.614514207929055,42.614514207929055,283.8086114443089,0.0,42.614514319221506,-1.1129244450792904e-07,0.0
726,43620.0,43620,42.61451420664318,42.61451420664318,284.4634544791594,0.0,42.61451431791488,-1.1127170618690757e-07,0.0
727,43680.0,43680,42.61451420535426,42.61451420535426,285.1182975139902,0.0,42.614514316605195,-1.1125093284226859e-07,0.0
728,43740.0,43740,42.61451420406231,42.61451420406231,285.77314054880117,0.0,42.61451431529243,-1.1123012455883037e-07,0.0
729,43800.0,43800,42.61451420276731,42.61451420276731,286.4279835835924,0.0,42.61451431397659,-1.1120928142136416e-07,0.0
730,43860.0,43860,42.61451420146928,42.61451420146928,287.08282661836364,0.0,42.614514312657676,-1.1118840351468828e-07,0.0
731,43920.0,43920,42.614514200168195,42.614514200168195,287.73766965311506,0.0,42.61451431133569,-1.1116749092362101e-07,0.0
732,43980.0,43980,42.61451419886408,42.61451419886408,288.3925126878465,0.0,42.61451431001063,-1.1114654373297801e-07,0.0
733,44040.0,44040,42.614514197556936,42.614514197556936,289.0473557225578,0.0,42.614514308682494,-1.1112556202763405e-07,0.0
734,44100.0,44100,42.61451419624674,42.61451419624674,289.70219875724916,0.0,42.61451430735128,-1.1110454589239805e-07,0.0
735,44160.0,44160,42.61451557333714,-257.3854844266629,290.35704179192044,300.0,1.4696376970090264e-07,-257.3854845736266,0.0
736,44220.0,44220,42.614515573344434,-257.3854844266556,286.0672837179517,300.0,1.469658601566744e-07,-257.38548457362145,0.0
737,44280.0,44280,42.61451557335158,-257.3854844266485,281.77752564398304,300.0,1.4696791626932136e-07,-257.38548457361634,0.0
738,44340.0,44340,42.614515573358574,-257.3854844266415,277.4877675700145,300.0,1.4696993806952662e-07,-257.3854845736114,0.0
739,44400.0,44400,42.61451557336542,-257.3854844266346,273.19800949604615,300.0,1.4697192558744066e-07,-257.3854845736065,0.0
740,44460.0,44460,42.614515573372124,-257.3854844266279,268.90825142207785,300.0,1.4697387885254137e-07,-257.3854845736018,0.0
741,44520.0,44520,42.61451557337868,-257.38548442662136,264.61849334810967,300.0,1.469757978936987e-07,-257.3854845735972,0.0
742,44580.0,44580,42.6145155733851,-257.385484426615,260.3287352741416,300.0,1.4697768273919625e-07,-257.38548457359263,0.0
743,44640.0,44640,42.61451557339136,-257.3854844266087,256.03897720017363,300.0,1.4697953341669877e-07,-257.3854845735882,0.0
744,44700.0,44700,42.614515573397476,-257.38548442660255,251.7492191262057,300.0,1.4698134995324432e-07,-257.3854845735839,0.0
745,44760.0,44760,42.61451557340345,-257.3854844265966,247.45946105223797,300.0,1.4698313237527907e-07,-257.3854845735797,0.0
746,44820.0,44820,42.614515573409285,-257.3854844265907,243.1697029782703,300.0,1.4698488070863322e-07,-257.3854845735756,0.0
747,44880.0,44880,42.61451563006214,-62.38548436993789,238.87994490430273,105.0,1.2661205246612482e-07,-62.385484496549935,0.0
748,44940.0,44940,42.61451417966321,42.61451417966321,237.84018683130589,0.0,42.614514290505156,-1.1084194384471115e-07,0.0
749,45000.0,45000,42.61451417858917,42.61451417858917,238.49502986572259,0.0,42.614514289414366,-1.1082519358798679e-07,0.0
750,45060.0,45060,42.61451417751185,42.61451417751185,239.1498729001229,0.0,42.61451428832025,-1.108084037052011e-07,0.0
751,45120.0,45120,42.61451417643125,42.61451417643125,239.8047159345066,0.0,42.614514287222825,-1.1079157426992783e-07,0.0
752,45180.0,45180,42.61451417534738,42.61451417534738,240.45955896887372,0.0,42.61451428612208,-1.1077470535586988e-07,0.0
753,45240.0,45240,42.614514174260236,42.614514174260236,241.1144020032242,0.0,42.61451428501803,-1.107577970367624e-07,0.0
754,45300.0,45300,42.614514173169816,42.614514173169816,241.76924503755805,0.0,42.614514283910665,-1.1074084938646165e-07,0.0
755,45360.0,45360,42.61451417207613,42.61451417207613,242.42408807187513,0.0,42.61451428279999,-1.107238624788655e-07,0.0
756,45420.0,45420,42.61451417097916,42.61451417097916,243.07893110617545,0.0,42.614514281686,-1.1070683638796203e-07,0.0
757,45480.0,45480,42.61451416987893,42.61451416987893,243.73377414045893,0.0,42.6145142805687,-1.1068977118781996e-07,0.0
758,45540.0,45540,42.61451416877542,42.61451416877542,244.38861717472548,0.0,42.61451427944809,-1.1067266695256049e-07,0.0
759,45600.0,45600,42.614514167668645,42.614514167668645,245.04346020897518,0.0,42.61451427832417,-1.1065552375638012e-07,0.0
760,45660.0,45660,42.6145141665586,42.6145141665586,245.69830324320782,0.0,42.61451427719694,-1.1063834167356955e-07,0.0
761,45720.0,45720,42.61451416544528,42.61451416544528,246.35314627742343,0.0,42.6145142760664,-1.106211207784719e-07,0.0
762,45780.0,45780,42.614514164328696,42.614514164328696,247.00798931162203,0.0,42.61451427493255,-1.1060386114548139e-07,0.0
763,45840.0,45840,42.614514163208845,42.61451416320884,247.66283234580342,0.0,42.6145142737954,-1.105865628490945e-07,0.0
764,45900.0,45900,42.61451416208572,42.61451416208572,248.31767537996762,0.0,42.614514272654944,-1.1056922596386015e-07,0.0
765,45960.0,45960,42.61451416095933,42.61451416095933,248.97251841411457,0.0,42.61451427151118,-1.1055185056439586e-07,0.0
766,46020.0,46020,42.614514159829675,42.614514159829675,249.6273614482443,0.0,42.61451427036411,-1.1053443672537159e-07,0.0
767,46080.0,46080,42.61451415869675,42.61451415869675,250.28220448235663,0.0,42.614514269213736,-1.1051698452153935e-07,0.0
768,46140.0,46140,42.61451415756056,42.61451415756056,250.93704751645166,0.0,42.61451426806006,-1.1049949402770769e-07,0.0
769,46200.0,46200,42.614514156421116,42.614514156421116,251.5918905505292,0.0,42.61451426690308,-1.1048196531874696e-07,0.0
770,46260.0,46260,42.6145141552784,42.6145141552784,252.24673358458924,0.0,42.6145142657428,-1.1046439846958406e-07,0.0
771,46320.0,46320,42.61451415413242,42.61451415413242,252.90157661863174,0.0,42.61451426457921,-1.1044679355523595e-07,0.0
772,46380.0,46380,42.614514152983176,42.614514152983176,253.55641965265673,0.0,42.614514263412325,-1.1042915065073177e-07,0.0
773,46440.0,46440,42.614514151830676,42.614514151830676,254.21126268666399,0.0,42.61451426224214,-1.1041146983120012e-07,0.0
774,46500.0,46500,42.61451415067491,42.61451415067491,254.86610572065362,0.0,42.61451426106866,-1.103937511717952e-07,0.0
775,46560.0,46560,42.614514149515884,42.614514149515884,255.52094875462546,0.0,42.61451425989188,-1.1037599474775593e-07,0.0
776,46620.0,46620,42.6145141483536,42.6145141483536,256.1757917885796,0.0,42.6145142587118,-1.1035820063437505e-07,0.0
777,46680.0,46680,42.61451414718805,42.61451414718805,256.83063482251583,0.0,42.61451425752843,-1.1034036890699101e-07,0.0
778,46740.0,46740,42.61451414601925,42.61451414601925,257.4854778564342,0.0,42.61451425634175,-1.10322499640988e-07,0.0
779,46800.0,46800,42.61451414484719,42.61451414484719,258.14032089033464,0.0,42.61451425515179,-1.1030459291182015e-07,0.0
780,46860.0,46860,42.614514143671876,42.614514143671876,258.79516392421704,0.0,42.614514253958525,-1.1028664879498733e-07,0.0
781,46920.0,46920,42.6145141424933,42.6145141424933,259.4500069580815,0.0,42.61451425276197,-1.1026866736604455e-07,0.0
782,46980.0,46980,42.614514141311474,42.61451414131147,260.1048499919278,0.0,42.61451425156212,-1.1025064870058985e-07,0.0
783,47040.0,47040,42.61451414012639,42.61451414012639,260.75969302575595,0.0,42.61451425035899,-1.1023259287428586e-07,0.0
784,47100.0,47100,42.614514138938056,42.614514138938056,261.41453605956593,0.0,42.614514249152556,-1.1021449996282072e-07,0.0
785,47160.0,47160,42.61451413774646,42.61451413774646,262.06937909335767,0.0,42.61451424794283,-1.10196370041962e-07,0.0
786,47220.0,47220,42.61451413655162,42.61451413655162,262.72422212713116,0.0,42.614514246729826,-1.1017820318750811e-07,0.0
787,47280.0,47280,42.614514135353524,42.614514135353524,263.3790651608862,0.0,42.614514245513526,-1.101599994752885e-07,0.0
788,47340.0,47340,42.61451413415218,42.61451413415218,264.033908194623,0.0,42.61451424429394,-1.1014175898119307e-07,0.0
789,47400.0,47400,42.61451413294758,42.61451413294758,264.6887512283413,0.0,42.61451424307107,-1.1012348178117227e-07,0.0
790,47460.0,47460,42.61451413173974,42.61451413173974,265.3435942620411,0.0,42.61451424184491,-1.1010516795119942e-07,0.0
791,47520.0,47520,42.61451413052865,42.61451413052865,265.9984372957224,0.0,42.61451424061546,-1.1008681756727609e-07,0.0
792,47580.0,47580,42.614514129314315,42.614514129314315,266.6532803293851,0.0,42.61451423938274,-1.1006843070549397e-07,0.0
793,47640.0,47640,42.61451412809673,42.61451412809673,267.30812336302915,0.0,42.61451423814673,-1.1005000744192455e-07,0.0
794,47700.0,47700,42.614514126875896,42.614514126875896,267.9629663966545,0.0,42.614514236907446,-1.1003154785274693e-07,0.0
795,47760.0,47760,42.61451412565182,42.61451412565182,268.61780943026116,0.0,42.61451423566488,-1.1001305201411738e-07,0.0
796,47820.0,47820,42.6145141244245,42.6145141244245,269.27265246384894,0.0,42.614514234419026,-1.0999452000226206e-07,0.0
797,47880.0,47880,42.61451412319394,42.61451412319394,269.92749549741796,0.0,42.61451423316989,-1.0997595189343812e-07,0.0
798,47940.0,47940,42.61451412196014,42.61451412196014,270.58233853096806,0.0,42.61451423191749,-1.099573477639457e-07,0.0
799,48000.0,48000,42.6145141207231,42.6145141207231,271.2371815644993,0.0,42.614514230661804,-1.0993870769009978e-07,0.0
800,48060.0,48060,42.61451411948282,42.61451411948282,271.89202459801146,0.0,42.61451422940285,-1.0992003174829061e-07,0.0
801,48120.0,48120,42.61451411823929,42.61451411823929,272.5468676315046,0.0,42.61451422814061,-1.0990132001488697e-07,0.0
802,48180.0,48180,42.61451411699254,42.61451411699254,273.2017106649787,0.0,42.61451422687511,-1.0988257256633564e-07,0.0
803,48240.0,48240,42.61451411574254,42.61451411574254,273.8565536984337,0.0,42.61451422560632,-1.0986378947909279e-07,0.0
804,48300.0,48300,42.6145141144893,42.6145141144893,274.51139673186947,0.0,42.61451422433428,-1.0984497082966841e-07,0.0
805,48360.0,48360,42.614514113232836,42.614514113232836,275.166239765286,0.0,42.614514223058954,-1.0982611669457251e-07,0.0
806,48420.0,48420,42.614514111973136,42.614514111973136,275.8210827986833,0.0,42.61451422178036,-1.0980722715035138e-07,0.0
807,48480.0,48480,42.6145141107102,42.6145141107102,276.4759258320612,0.0,42.614514220498506,-1.0978830227359167e-07,0.0
808,48540.0,48540,42.61451410944404,42.61451410944404,277.13076886541967,0.0,42.614514219213376,-1.097693421409083e-07,0.0
809,48600.0,48600,42.61451410817464,42.61451410817464,277.7856118987588,0.0,42.614514217924985,-1.0975034682892826e-07,0.0
810,48660.0,48660,42.61451410690202,42.61451410690202,278.4404549320784,0.0,42.61451421663333,-1.0973131641432163e-07,0.0
811,48720.0,48720,42.614514105626164,42.614514105626164,279.0952979653785,0.0,42.61451421533842,-1.0971225097377322e-07,0.0
812,48780.0,48780,42.61451410434709,42.61451410434709,279.75014099865905,0.0,42.61451421404023,-1.0969315058398672e-07,0.0
813,48840.0,48840,42.61451410306478,42.61451410306478,280.4049840319199,0.0,42.61451421273879,-1.0967401532168195e-07,0.0
814,48900.0,48900,42.61451410177924,42.61451410177924,281.05982706516113,0.0,42.61451421143409,-1.0965484526364462e-07,0.0
815,48960.0,48960,42.61451410049049,42.61451410049049,281.71467009838256,0.0,42.614514210126124,-1.0963564048662145e-07,0.0
816,49020.0,49020,42.61451409919851,42.61451409919851,282.36951313158426,0.0,42.61451420881491,-1.096164010674224e-07,0.0
817,49080.0,49080,42.61451409790331,42.61451409790331,283.0243561647662,0.0,42.614514207500434,-1.0959712708286275e-07,0.0
818,49140.0,49140,42.61451409660489,42.61451409660489,283.67919919792814,0.0,42.61451420618271,-1.0957781860977665e-07,0.0
819,49200.0,49200,42.61451409530326,42.61451409530326,284.3340422310702,0.0,42.61451420486173,-1.0955847572500903e-07,0.0
820,49260.0,49260,42.614514093998395,42.614514093998395,284.9888852641923,0.0,42.614514203537496,-1.0953909850543301e-07,0.0
821,49320.0,49320,42.61451409269033,42.61451409269032,285.64372829729433,0.0,42.61451420221001,-1.0951968702793522e-07,0.0
822,49380.0,49380,42.614514091379036,42.614514091379036,286.2985713303763,0.0,42.61451420087928,-1.095002413694224e-07,0.0
823,49440.0,49440,42.61451409006454,42.61451409006454,286.9534143634382,0.0,42.6145141995453,-1.0948076160678791e-07,0.0
824,49500.0,49500,42.614514088746816,42.614514088746816,287.60825739647987,0.0,42.61451419820806,-1.0946124781697885e-07,0.0
825,49560.0,49560,42.614514087425896,42.614514087425896,288.2631004295013,0.0,42.61451419686759,-1.0944170007691413e-07,0.0
826,49620.0,49620,42.61451408610176,42.61451408610176,288.9179434625025,0.0,42.614514195523874,-1.0942211846357314e-07,0.0
827,49680.0,49680,42.61451408477441,42.61451408477441,289.57278649548334,0.0,42.61451419417692,-1.0940250305389765e-07,0.0
828,49740.0,49740,42.61451408344386,42.61451408344386,290.22762952844386,0.0,42.61451419282671,-1.0938285392486031e-07,0.0
829,49800.0,49800,42.6145140821101,42.6145140821101,290.8824725613839,0.0,42.61451419147327,-1.0936317115345399e-07,0.0
830,49860.0,49860,42.61451408077314,42.61451408077314,291.53731559430355,0.0,42.61451419011659,-1.0934345481666081e-07,0.0
831,49920.0,49920,42.61451407943297,42.61451407943297,292.19215862720256,0.0,42.61451418875667,-1.0932370499146958e-07,0.0
832,49980.0,49980,42.6145140780896,42.6145140780896,292.8470016600811,0.0,42.614514187393524,-1.0930392175488257e-07,0.0
833,50040.0,50040,42.614514076743035,42.614514076743035,293.501844692939,0.0,42.61451418602714,-1.0928410518391551e-07,0.0
834,50100.0,50100,42.61451407539326,42.61451407539326,294.15668772577624,0.0,42.614514184657516,-1.0926425535558008e-07,0.0
835,50160.0,50160,42.6145140740403,42.6145140740403,294.8115307585927,0.0,42.614514183284676,-1.0924437234688799e-07,0.0
836,50220.0,50220,42.61451407268414,42.61451407268414,295.46637379138855,0.0,42.614514181908596,-1.0922445623486302e-07,0.0
837,50280.0,50280,42.614514071324784,42.614514071324784,296.12121682416347,0.0,42.61451418052929,-1.0920450709653031e-07,0.0
838,50340.0,50340,42.61451406996223,42.61451406996223,296.7760598569176,0.0,42.61451417914676,-1.0918452500890829e-07,0.0
839,50400.0,50400,42.61451406859649,42.61451406859649,297.4309028896507,0.0,42.61451417776101,-1.0916451004901806e-07,0.0
840,50460.0,50460,42.61451406722756,42.61451406722756,298.0857459223629,0.0,42.614514176372026,-1.0914446229387936e-07,0.0
841,50520.0,50520,42.614514065855445,42.614514065855445,298.7405889550541,0.0,42.614514174979824,-1.0912438182051467e-07,0.0
842,50580.0,50580,42.61451406448014,42.61451406448014,299.3954319877242,0.0,42.61451417358441,-1.0910426870595449e-07,0.0
843,50640.0,50640,42.61451406310165,42.61451406310165,300.05027502037325,0.0,42.61451417218578,-1.0908412302719571e-07,0.0
844,50700.0,50700,42.61451406171997,42.61451406171997,300.70511805300106,0.0,42.61451417078392,-1.0906394486126887e-07,0.0
845,50760.0,50760,42.61451406033512,42.61451406033512,301.3599610856077,0.0,42.61451416937885,-1.0904373428516413e-07,0.0
846,50820.0,50820,42.61451405894709,42.61451405894709,302.0148041181931,0.0,42.614514167970576,-1.0902349137591606e-07,0.0
847,50880.0,50880,42.614514057555866,42.614514057555866,302.6696471507572,0.0,42.61451416655908,-1.0900321621047579e-07,0.0
848,50940.0,50940,42.614514056161475,42.614514056161475,303.32449018329993,0.0,42.614514165144385,-1.0898290886586041e-07,0.0
849,51000.0,51000,42.61451405476391,42.61451405476391,303.9793332158213,0.0,42.61451416372648,-1.0896256941903857e-07,0.0
850,51060.0,51060,42.614514053363166,42.614514053363166,304.63417624832124,0.0,42.61451416230537,-1.0894219794700045e-07,0.0
851,51120.0,51120,42.614514051959254,42.614514051959254,305.2890192807996,0.0,42.61451416088105,-1.0892179452667297e-07,0.0
852,51180.0,51180,42.614514050552174,42.614514050552174,305.9438623132565,0.0,42.61451415945353,-1.08901359235045e-07,0.0
853,51240.0,51240,42.614514049141924,42.614514049141924,306.59870534569177,0.0,42.614514158022814,-1.0888089214903672e-07,0.0
854,51300.0,51300,42.614514047728505,42.614514047728505,307.25354837810534,0.0,42.6145141565889,-1.0886039334556972e-07,0.0
855,51360.0,51360,42.614514046311925,42.614514046311925,307.9083914104973,0.0,42.61451415515179,-1.0883986290158173e-07,0.0
856,51420.0,51420,42.614514044892175,42.614514044892175,308.56323444286744,0.0,42.61451415371148,-1.0881930089395125e-07,0.0
857,51480.0,51480,42.61451404346928,42.61451404346928,309.21807747521586,0.0,42.61451415226798,-1.0879870739957164e-07,0.0
858,51540.0,51540,42.61451404204321,42.61451404204321,309.8729205075424,0.0,42.614514150821286,-1.0877808249532543e-07,0.0
859,51600.0,51600,42.61451404061399,42.61451404061399,310.5277635398471,0.0,42.614514149371416,-1.0875742625803334e-07,0.0
860,51660.0,51660,42.614514039181614,42.614514039181614,311.1826065721298,0.0,42.61451414791835,-1.0873673876456717e-07,0.0
861,51720.0,51720,42.614514037746076,42.614514037746076,311.8374496043906,0.0,42.6145141464621,-1.0871602009172878e-07,0.0
862,51780.0,51780,42.6145140363074,42.6145140363074,312.49229263662926,0.0,42.614514145002666,-1.086952703163281e-07,0.0
863,51840.0,51840,42.61451403486557,42.61451403486557,313.1471356688459,0.0,42.614514143540056,-1.0867448951514818e-07,0.0
864,51900.0,51900,42.61451403342059,42.61451403342059,313.8019787010404,0.0,42.61451414207426,-1.0865367776493303e-07,0.0
865,51960.0,51960,42.61451403197246,42.61451403197246,314.4568217332128,0.0,42.6145141406053,-1.0863283514243878e-07,0.0
866,52020.0,52020,42.6145140305212,42.6145140305212,315.1116647653629,0.0,42.614514139133156,-1.0861196172437989e-07,0.0
867,52080.0,52080,42.61451402906679,42.61451402906679,315.7665077974907,0.0,42.61451413765785,-1.0859105758744924e-07,0.0
868,52140.0,52140,42.61451402760924,42.61451402760924,316.42135082959624,0.0,42.614514136179366,-1.0857012280831018e-07,0.0
869,52200.0,52200,42.614514026148555,42.614514026148555,317.0761938616793,0.0,42.614514134697714,-1.0854915746361123e-07,0.0
870,52260.0,52260,42.61451402468474,42.61451402468474,317.73103689374005,0.0,42.6145141332129,-1.0852816162999957e-07,0.0
871,52320.0,52320,42.61451402321779,42.61451402321779,318.38587992577834,0.0,42.61451413172492,-1.0850713538402959e-07,0.0
872,52380.0,52380,42.614514021747695,42.614514021747695,319.04072295779406,0.0,42.61451413023378,-1.0848607880230003e-07,0.0
873,52440.0,52440,42.61451402027449,42.61451402027449,319.6955659897872,0.0,42.61451412873948,-1.0846499196133705e-07,0.0
874,52500.0,52500,42.614514018798154,42.614514018798154,320.35040902175774,0.0,42.614514127242025,-1.0844387493766944e-07,0.0
875,52560.0,52560,42.61451401731869,42.61451401731869,321.00525205370565,0.0,42.614514125741415,-1.0842272780775609e-07,0.0
876,52620.0,52620,42.6145140158361,42.6145140158361,321.66009508563087,0.0,42.61451412423765,-1.0840155064808278e-07,0.0
877,52680.0,52680,42.6145140143504,42.6145140143504,322.3149381175333,0.0,42.614514122730746,-1.0838034353504785e-07,0.0
878,52740.0,52740,42.614514012861584,42.614514012861584,322.96978114941294,0.0,42.61451412122069,-1.0835910654505102e-07,0.0
879,52800.0,52800,42.61451401136964,42.61451401136964,323.6246241812697,0.0,42.614514119707486,-1.0833783975446103e-07,0.0
880,52860.0,52860,42.61451400987459,42.61451400987459,324.2794672131036,0.0,42.61451411819114,-1.0831654323959285e-07,0.0
881,52920.0,52920,42.61451400837644,42.61451400837644,324.93431024491457,0.0,42.61451411667165,-1.0829521707675337e-07,0.0
882,52980.0,52980,42.61451400687517,42.61451400687517,325.5891532767025,0.0,42.61451411514903,-1.0827386134218893e-07,0.0
883,53040.0,53040,42.6145140053708,42.6145140053708,326.24399630846744,0.0,42.61451411362328,-1.0825247611210825e-07,0.0
884,53100.0,53100,42.61451400386333,42.61451400386333,326.89883934020924,0.0,42.61451411209439,-1.0823106146273617e-07,0.0
885,53160.0,53160,42.61451400235275,42.61451400235275,327.55368237192795,0.0,42.61451411056237,-1.0820961747019798e-07,0.0
886,53220.0,53220,42.61451400083907,42.61451400083907,328.20852540362347,0.0,42.61451410902722,-1.0818814421060423e-07,0.0
887,53280.0,53280,42.614513999322305,42.614513999322305,328.86336843529574,0.0,42.61451410748895,-1.081666417600452e-07,0.0
888,53340.0,53340,42.61451399780245,42.61451399780245,329.51821146694476,0.0,42.614514105947556,-1.0814511019454e-07,0.0
889,53400.0,53400,42.6145139962795,42.6145139962795,330.1730544985704,0.0,42.61451410440304,-1.0812354959011436e-07,0.0
890,53460.0,53460,42.61451399475345,42.61451399475345,330.82789753017266,0.0,42.61451410285541,-1.0810196002267437e-07,0.0
891,53520.0,53520,42.61451399322433,42.61451399322433,331.48274056175154,0.0,42.61451410130467,-1.0808034156817987e-07,0.0
892,53580.0,53580,42.61451399169212,42.61451399169212,332.13758359330694,0.0,42.614514099750814,-1.0805869430248182e-07,0.0
893,53640.0,53640,42.61451399015683,42.61451399015683,332.7924266248388,0.0,42.614514098193844,-1.0803701830141228e-07,0.0
894,53700.0,53700,42.61451398861847,42.61451398861847,333.44726965634715,0.0,42.614514096633776,-1.0801531364074416e-07,0.0
895,53760.0,53760,42.614513987077025,42.614513987077025,334.10211268783183,0.0,42.614514095070604,-1.0799358039623692e-07,0.0
896,53820.0,53820,42.61451398553252,42.61451398553252,334.75695571929293,0.0,42.61451409350433,-1.0797181864356933e-07,0.0
897,53880.0,53880,42.614513983984935,42.614513983984935,335.41179875073027,0.0,42.614514091934964,-1.0795002845843491e-07,0.0
898,53940.0,53940,42.61451398243429,42.61451398243429,336.06664178214385,0.0,42.6145140903625,-1.079282099163712e-07,0.0
899,54000.0,54000,42.61451563387523,-107.3854843661248,336.7214848135336,150.0,1.0779529637690843e-07,-107.38548447392009,0.0
900,54060.0,54060,42.61451560303232,-407.3854843969677,334.93172674062475,450.0,1.2204618038453993e-07,-407.3854845190138,0.0
901,54120.0,54120,42.61451560303005,-407.38548439697,328.14196866718333,450.0,1.2204683754328264e-07,-407.38548451901687,0.0
902,54180.0,54180,42.61451560302784,-407.3854843969722,321.3522105937418,450.0,1.2204747685025534e-07,-407.38548451901966,0.0
903,54240.0,54240,42.61451560302571,-407.38548439697433,314.5624525203003,450.0,1.2204809830325354e-07,-407.38548451902244,0.0
904,54300.0,54300,42.61451560302364,-407.3854843969763,307.77269444685874,450.0,1.2204870190008343e-07,-407.3854845190251,0.0
905,54360.0,54360,42.614515603021644,-407.3854843969784,300.98293637341715,450.0,1.220492876385997e-07,-407.3854845190276,0.0
906,54420.0,54420,42.614515603019704,-407.3854843969803,294.19317829997556,450.0,1.2204985551667584e-07,-407.38548451903023,0.0
907,54480.0,54480,42.61451560301784,-407.3854843969821,287.4034202265339,450.0,1.2205040553223109e-07,-407.3854845190325,0.0
908,54540.0,54540,42.614515603016045,-407.385484396984,280.6136621530922,450.0,1.2205093768320883e-07,-407.38548451903495,0.0
909,54600.0,54600,42.61451560301432,-407.3854843969857,273.82390407965045,450.0,1.220514519675902e-07,-407.38548451903716,0.0
910,54660.0,54660,42.61451560301266,-407.3854843969874,267.03414600620874,450.0,1.220519483833872e-07,-407.3854845190393,0.0
911,54720.0,54720,42.61451560301108,-407.38548439698894,260.244387932767,450.0,1.220524269286388e-07,-407.3854845190413,0.0
912,54780.0,54780,42.61451560300955,-407.3854843969905,253.45462985932517,450.0,1.2205288760145515e-07,-407.3854845190433,0.0
913,54840.0,54840,42.61451557181961,-247.3854844281801,246.66487178588335,289.9999999999997,1.497927015828829e-07,-247.38548457797282,0.0
914,54900.0,54900,42.61451563414085,-107.38548436585917,242.54178037855232,150.0,1.0771703799628568e-07,-107.38548447357621,0.0
915,54960.0,54960,42.614515634155424,-107.3854843658446,240.75202230564793,150.0,1.0771281893919751e-07,-107.38548447355743,0.0
916,55020.0,55020,42.61451563416986,-107.38548436583014,238.96226423274382,150.0,1.0770862472999646e-07,-107.38548447353875,0.0
917,55080.0,55080,42.61451563418418,-107.38548436581586,237.17250615984,150.0,1.0770445537685635e-07,-107.38548447352031,0.0
918,55140.0,55140,42.61451563419837,-107.38548436580166,235.3827480869364,150.0,1.0770031088795503e-07,-107.38548447350196,0.0
919,55200.0,55200,42.614515634212424,-107.38548436578759,233.59299001403306,150.0,1.076961912713883e-07,-107.3854844734838,0.0
920,55260.0,55260,42.61451563422636,-107.38548436577368,231.80323194112995,150.0,1.0769209653520085e-07,-107.38548447346577,0.0
921,55320.0,55320,42.61451563424016,-107.38548436575984,230.01347386822707,150.0,1.0768802668740511e-07,-107.38548447344787,0.0
922,55380.0,55380,42.61451563425384,-107.38548436574617,228.22371579532444,150.0,1.0768398173595295e-07,-107.38548447343015,0.0
923,55440.0,55440,42.6145156342674,-107.38548436573261,226.433957722422,150.0,1.0767996168878011e-07,-107.38548447341256,0.0
924,55500.0,55500,42.61451563294979,-59.885484367049926,224.64419964951986,102.49999999999972,1.3158159155355725e-07,-59.88548449863152,0.0
925,55560.0,55560,42.614513948771666,42.614513948771666,223.64610824323137,0.0,42.61451405624115,-1.0746948422846951e-07,0.0
926,55620.0,55620,42.61451394770535,42.61451394770535,224.30095127410445,0.0,42.61451405516081,-1.0745545979181684e-07,0.0
927,55680.0,55680,42.614513946635725,42.614513946635725,224.95579430496113,0.0,42.61451405407713,-1.0744139687808023e-07,0.0
928,55740.0,55740,42.614513945562805,42.614513945562805,225.61063733580144,0.0,42.6145140529901,-1.0742729554481132e-07,0.0
929,55800.0,55800,42.61451394448659,42.61451394448659,226.2654803666253,0.0,42.61451405189974,-1.074131558496263e-07,0.0
930,55860.0,55860,42.614513943407076,42.614513943407076,226.9203233974326,0.0,42.61451405080606,-1.0739897785023012e-07,0.0
931,55920.0,55920,42.61451394232428,42.61451394232428,227.57516642822335,0.0,42.61451404970904,-1.0738476160442594e-07,0.0
932,55980.0,55980,42.61451394123819,42.61451394123819,228.2300094589975,0.0,42.61451404860869,-1.0737050717006401e-07,0.0
933,56040.0,56040,42.61451394014882,42.61451394014882,228.88485248975496,0.0,42.614514047505025,-1.0735621460510213e-07,0.0
934,56100.0,56100,42.61451393905616,42.61451393905616,229.5396955204957,0.0,42.614514046398035,-1.0734188396758021e-07,0.0
935,56160.0,56160,42.61451393796022,42.61451393796022,230.19453855121967,0.0,42.614514045287734,-1.0732751531558519e-07,0.0
936,56220.0,56220,42.614513936861,42.614513936861,230.84938158192682,0.0,42.614514044174115,-1.0731310870730492e-07,0.0
937,56280.0,56280,42.61451393575852,42.61451393575852,231.50422461261707,0.0,42.61451404305718,-1.072986642010012e-07,0.0
938,56340.0,56340,42.614513934652756,42.614513934652756,232.15906764329046,0.0,42.614514041936935,-1.0728418185503404e-07,0.0
939,56400.0,56400,42.61451393354372,42.61451393354372,232.81391067394685,0.0,42.61451404081339,-1.0726966172777285e-07,0.0
940,56460.0,56460,42.61451557448444,-257.3854844255156,233.4687537045862,300.0,1.4736340432839256e-07,-257.38548457287897,0.0
941,56520.0,56520,42.61451557448789,-257.3854844255122,229.17899563063605,300.0,1.473648885948949e-07,-257.38548457287703,0.0
942,56580.0,56580,42.614515574491236,-257.3854844255088,224.88923755668597,300.0,1.4736634068328336e-07,-257.38548457287516,0.0
943,56640.0,56640,42.61451557449449,-257.3854844255055,220.59947948273592,300.0,1.4736776061397835e-07,-257.3854845728733,0.0
944,56700.0,56700,42.61451557449766,-257.3854844255024,216.30972140878592,300.0,1.4736914840681927e-07,-257.3854845728715,0.0
945,56760.0,56760,42.614515574500736,-257.3854844254993,212.01996333483598,300.0,1.4737050408120159e-07,-257.38548457286976,0.0
946,56820.0,56820,42.61451557450372,-257.3854844254963,207.73020526088612,300.0,1.473718276559182e-07,-257.38548457286817,0.0
947,56880.0,56880,42.61451557450661,-257.3854844254934,203.4404471869363,300.0,1.473731191493236e-07,-257.3854845728665,0.0
948,56940.0,56940,42.61451557450941,-257.38548442549063,199.1506891129865,300.0,1.473743785791723e-07,-257.385484572865,0.0
949,57000.0,57000,42.614515574512126,-257.3854844254879,194.86093103903676,300.0,1.4737560596278575e-07,-257.3854845728635,0.0
950,57060.0,57060,42.614515574514755,-257.3854844254853,190.57117296508707,300.0,1.4737680131689356e-07,-257.3854845728621,0.0
951,57120.0,57120,42.614515574517284,-257.38548442548273,186.28141489113742,300.0,1.4737796465774923e-07,-257.3854845728607,0.0
952,57180.0,57180,42.61451355753176,27.614513557531758,181.99165681718782,15.0,27.61451366666248,-1.091307242966187e-07,0.0
953,57240.0,57240,42.61451391960303,42.61451391960303,182.4159998420467,0.0,42.61451402669626,-1.0709323577438661e-07,0.0
954,57300.0,57300,42.614513918703246,42.614513918703246,183.07084287247207,0.0,42.6145140257855,-1.0708225593438686e-07,0.0
955,57360.0,57360,42.61451391780017,42.61451391780017,183.7256859028836,0.0,42.614514024871404,-1.0707123523880866e-07,0.0
956,57420.0,57420,42.6145139168938,42.6145139168938,184.3805289332813,0.0,42.61451402395397,-1.0706017373513868e-07,0.0
957,57480.0,57480,42.61451391598413,42.61451391598413,185.03537196366506,0.0,42.61451402303321,-1.0704907147100751e-07,0.0
958,57540.0,57540,42.614513915071186,42.614513915071186,185.69021499403487,0.0,42.61451402210911,-1.0703792849416952e-07,0.0
959,57600.0,57600,42.61451391415495,42.61451391415495,186.34505802439068,0.0,42.61451402118169,-1.0702674485245571e-07,0.0
960,57660.0,57660,42.61451391323543,42.61451391323543,186.9999010547324,0.0,42.61451402025095,-1.0701552059385045e-07,0.0
961,57720.0,57720,42.614513912312624,42.614513912312624,187.65474408506,0.0,42.61451401931688,-1.0700425576644164e-07,0.0
962,57780.0,57780,42.61451391138654,42.61451391138654,188.30958711537346,0.0,42.61451401837949,-1.0699295041846114e-07,0.0
963,57840.0,57840,42.61451391045718,42.61451391045718,188.96443014567268,0.0,42.614514017438786,-1.0698160459819323e-07,0.0
964,57900.0,57900,42.61451390952455,42.61451390952455,189.61927317595766,0.0,42.614514016494766,-1.0697021835411456e-07,0.0
965,57960.0,57960,42.61451390858864,42.61451390858864,190.2741162062283,0.0,42.614514015547435,-1.069587917347448e-07,0.0
966,58020.0,58020,42.61451390764946,42.61451390764946,190.9289592364846,0.0,42.614514014596786,-1.0694732478875831e-07,0.0
967,58080.0,58080,42.61451390670702,42.61451390670702,191.58380226672648,0.0,42.61451401364283,-1.0693581756493704e-07,0.0
968,58140.0,58140,42.614513905761314,42.614513905761314,192.23864529695385,0.0,42.61451401268558,-1.0692427011215846e-07,0.0
969,58200.0,58200,42.61451390481235,42.61451390481235,192.89348832716675,0.0,42.61451401172503,-1.069126824794305e-07,0.0
970,58260.0,58260,42.614513903860114,42.614513903860114,193.54833135736504,0.0,42.61451401076117,-1.0690105471586331e-07,0.0
971,58320.0,58320,42.614513902904626,42.614513902904626,194.20317438754876,0.0,42.614514009794014,-1.0688938687068541e-07,0.0
972,58380.0,58380,42.61451390194589,42.61451390194589,194.8580174177178,0.0,42.61451400882357,-1.068776789931939e-07,0.0
973,58440.0,58440,42.6145139009839,42.6145139009839,195.51286044787213,0.0,42.614514007849834,-1.0686593113287555e-07,0.0
974,58500.0,58500,42.614513900018665,42.614513900018665,196.16770347801165,0.0,42.61451400687281,-1.0685414333925613e-07,0.0
975,58560.0,58560,42.61451389905017,42.61451389905017,196.82254650813638,0.0,42.614514005892495,-1.0684231566198246e-07,0.0
976,58620.0,58620,42.61451389807844,42.61451389807844,197.47738953824626,0.0,42.61451400490889,-1.0683044815083451e-07,0.0
977,58680.0,58680,42.61451389710348,42.61451389710348,198.1322325683412,0.0,42.61451400392201,-1.068185408556555e-07,0.0
978,58740.0,58740,42.61451389612527,42.61451389612527,198.7870755984212,0.0,42.61451400293186,-1.0680659382644061e-07,0.0
979,58800.0,58800,42.61451389514382,42.61451389514382,199.44191862848615,0.0,42.61451400193843,-1.0679460711325631e-07,0.0
980,58860.0,58860,42.61451389415915,42.61451389415915,200.09676165853605,0.0,42.614514000941725,-1.0678258076629687e-07,0.0
981,58920.0,58920,42.61451389317124,42.61451389317124,200.7516046885708,0.0,42.61451399994176,-1.0677051483585473e-07,0.0
982,58980.0,58980,42.61451389218011,42.61451389218011,201.40644771859044,0.0,42.61451399893852,-1.0675840937229763e-07,0.0
983,59040.0,59040,42.61451389118575,42.61451389118575,202.06129074859487,0.0,42.61451399793202,-1.0674626442613055e-07,0.0
984,59100.0,59100,42.61451389018817,42.61451389018817,202.716133778584,0.0,42.614513996922256,-1.0673408004794453e-07,0.0
985,59160.0,59160,42.61451388918738,42.61451388918738,203.37097680855777,0.0,42.614513995909235,-1.067218562884409e-07,0.0
986,59220.0,59220,42.61451388818337,42.61451388818337,204.02581983851627,0.0,42.61451399489297,-1.067095931984165e-07,0.0
987,59280.0,59280,42.614513887176145,42.614513887176145,204.68066286845934,0.0,42.61451399387344,-1.0669729082874214e-07,0.0
988,59340.0,59340,42.61451388616571,42.61451388616571,205.3355058983869,0.0,42.61451399285066,-1.066849492304487e-07,0.0
989,59400.0,59400,42.61451557461622,-257.3854844253838,205.99034892829897,300.0,1.474240476858741e-07,-257.38548457280785,0.0
990,59460.0,59460,42.61451557461889,-257.38548442538115,201.70059085435093,300.0,1.474253099734354e-07,-257.38548457280643,0.0
991,59520.0,59520,42.61451557462147,-257.3854844253786,197.41083278040296,300.0,1.474265404437359e-07,-257.3854845728051,0.0
992,59580.0,59580,42.61451557462398,-257.38548442537603,193.121074706455,300.0,1.4742773911347568e-07,-257.3854845728038,0.0
993,59640.0,59640,42.6145155746264,-257.3854844253736,188.8313166325071,300.0,1.474289059988678e-07,-257.3854845728025,0.0
994,59700.0,59700,42.61451557462874,-257.3854844253713,184.54155855855922,300.0,1.4743004111558742e-07,-257.3854845728013,0.0
995,59760.0,59760,42.614515574631,-257.38548442536904,180.25180048461138,300.0,1.4743114447881466e-07,-257.3854845728002,0.0
996,59820.0,59820,42.61451557463318,-257.3854844253668,175.9620424106636,300.0,1.4743221610326966e-07,-257.38548457279904,0.0
997,59880.0,59880,42.614515541576225,-557.3854844584239,171.67228433671585,600.0,1.7659388355291208e-07,-557.3854846350177,0.0
998,59940.0,59940,42.61451554158965,-557.3854844584104,162.38252626217923,600.0,1.7659340580479256e-07,-557.3854846350038,0.0
999,60000.0,60000,42.61451554160206,-557.385484458398,153.09276818764283,600.0,1.765929413180656e-07,-557.3854846349909,0.0
1000,60060.0,60060,42.61451554161346,-557.3854844583866,143.80301011310664,600.0,1.7659249016644486e-07,-557.3854846349791,0.0
1001,60120.0,60120,42.614515541623845,-557.3854844583763,134.51325203857064,600.0,1.7659205241708014e-07,-557.3854846349683,0.0
1002,60180.0,60180,42.614515592653746,-317.38548440734627,125.22349396403482,360.0,1.3072657178431366e-07,-317.38548453807283,0.0
1003,60240.0,60240,42.614515574645964,-257.3854844253541,119.93373589040912,300.0,1.4743759373183255e-07,-257.38548457279165,0.0
1004,60300.0,60300,42.614515574647456,-257.38548442535256,115.64397781646157,300.0,1.4743809499120028e-07,-257.3854845727907,0.0
1005,60360.0,60360,42.61451557464887,-257.3854844253512,111.35421974251405,300.0,1.4743856465082463e-07,-257.3854845727898,0.0
1006,60420.0,60420,42.61451557465021,-257.38548442534983,107.06446166856657,300.0,1.4743900271764867e-07,-257.3854845727888,0.0
1007,60480.0,60480,42.61451557465147,-257.3854844253486,102.77470359461907,300.0,1.4743940919802376e-07,-257.38548457278796,0.0
1008,60540.0,60540,42.614515574652664,-257.38548442534733,98.4849455206716,300.0,1.4743978409784648e-07,-257.38548457278716,0.0
1009,60600.0,60600,42.61451562621534,-37.385484373784806,94.19518744672418,80.00000000000014,1.0611435611233632e-07,-37.38548447989916,0.0
1010,60660.0,60660,42.614513869250544,42.614513869250544,93.57209604035648,0.0,42.61451397574756,-1.0649702381632648e-07,0.0
1011,60720.0,60720,42.614513868709714,42.614513868709714,94.22693907000888,0.0,42.61451397520174,-1.0649203025534e-07,0.0
1012,60780.0,60780,42.61451386816565,42.61451386816565,94.88178209965297,0.0,42.614513974652645,-1.064869927185023e-07,0.0
1013,60840.0,60840,42.61451386761837,42.61451386761837,95.53662512928871,0.0,42.614513974100284,-1.0648191122986004e-07,0.0
1014,60900.0,60900,42.61451386706787,42.61451386706787,96.19146815891604,0.0,42.61451397354465,-1.0647678581358897e-07,0.0
1015,60960.0,60960,42.614513866514145,42.614513866514145,96.84631118853491,0.0,42.614513972985755,-1.0647161649407471e-07,0.0
1016,61020.0,61020,42.61451386595719,42.61451386595719,97.50115421814529,0.0,42.6145139724236,-1.0646640329583468e-07,0.0
1017,61080.0,61080,42.61451386539703,42.61451386539703,98.15599724774711,0.0,42.61451397185817,-1.0646114624358533e-07,0.0
1018,61140.0,61140,42.61451386483364,42.61451386483364,98.81084027734035,0.0,42.61451397128948,-1.0645584536221668e-07,0.0
1019,61200.0,61200,42.61451386426704,42.61451386426704,99.4656833069249,0.0,42.61451397071754,-1.0645050067675052e-07,0.0
1020,61260.0,61260,42.61451386369722,42.61451386369722,100.12052633650077,0.0,42.614513970142326,-1.0644511221241983e-07,0.0
1021,61320.0,61320,42.61451386312418,42.61451386312418,100.77536936606789,0.0,42.61451396956386,-1.064396799945746e-07,0.0
1022,61380.0,61380,42.61451386254793,42.61451386254793,101.43021239562621,0.0,42.61451396898214,-1.0643420404878006e-07,0.0
1023,61440.0,61440,42.61451386196846,42.61451386196846,102.08505542517571,0.0,42.61451396839715,-1.0642868440074529e-07,0.0
1024,61500.0,61500,42.614513861385795,42.614513861385795,102.73989845471628,0.0,42.61451396780892,-1.0642312107636371e-07,0.0
1025,61560.0,61560,42.6145138607999,42.6145138607999,103.39474148424792,0.0,42.61451396721742,-1.0641751410165513e-07,0.0
1026,61620.0,61620,42.614513860210806,42.614513860210806,104.04958451377055,0.0,42.614513966622674,-1.0641186350284518e-07,0.0
1027,61680.0,61680,42.614513859618505,42.614513859618505,104.70442754328415,0.0,42.614513966024674,-1.0640616930630473e-07,0.0
1028,61740.0,61740,42.614513859023,42.614513859023,105.35927057278865,0.0,42.61451396542343,-1.0640043153858625e-07,0.0
1029,61800.0,61800,42.61451385842428,42.61451385842428,106.01411360228403,0.0,42.61451396481893,-1.0639465022638612e-07,0.0
1030,61860.0,61860,42.61451385782236,42.61451385782236,106.66895663177017,0.0,42.614513964211184,-1.0638882539657692e-07,0.0
1031,61920.0,61920,42.61451385721723,42.61451385721723,107.32379966124711,0.0,42.614513963600196,-1.0638295707619667e-07,0.0
1032,61980.0,61980,42.61451385660891,42.61451385660891,107.97864269071472,0.0,42.61451396298596,-1.0637704529243539e-07,0.0
1033,62040.0,62040,42.61451385599739,42.61451385599739,108.63348572017301,0.0,42.61451396236848,-1.0637109007266062e-07,0.0
1034,62100.0,62100,42.61451385538266,42.61451385538266,109.28832874962191,0.0,42.614513961747754,-1.0636509144440404e-07,0.0
1035,62160.0,62160,42.61451385476474,42.61451385476474,109.94317177906136,0.0,42.61451396112379,-1.0635904943532774e-07,0.0
1036,62220.0,62220,42.614513854143624,42.614513854143624,110.59801480849134,0.0,42.61451396049659,-1.0635296407330639e-07,0.0
1037,62280.0,62280,42.61451385351931,42.61451385351931,111.25285783791178,0.0,42.614513959866144,-1.0634683538632624e-07,0.0
1038,62340.0,62340,42.614513852891804,42.614513852891804,111.90770086732262,0.0,42.61451395923247,-1.0634066340257801e-07,0.0
1039,62400.0,62400,42.61451385226111,42.61451385226111,112.56254389672384,0.0,42.61451395859556,-1.0633444815037755e-07,0.0
1040,62460.0,62460,42.61451385162722,42.61451385162722,113.21738692611537,0.0,42.61451395795541,-1.0632818965823161e-07,0.0
1041,62520.0,62520,42.61451385099015,42.61451385099015,113.87222995549713,0.0,42.614513957312035,-1.0632188795477483e-07,0.0
1042,62580.0,62580,42.61451385034988,42.61451385034988,114.52707298486916,0.0,42.61451395666543,-1.0631554306883141e-07,0.0
1043,62640.0,62640,42.614513849706434,42.614513849706434,115.18191601423133,0.0,42.61451395601559,-1.0630915502934398e-07,0.0
1044,62700.0,62700,42.614513849059804,42.614513849059804,115.83675904358365,0.0,42.614513955362526,-1.0630272386549588e-07,0.0
1045,62760.0,62760,42.614513848409985,42.614513848409985,116.49160207292604,0.0,42.61451395470624,-1.0629624960652159e-07,0.0
1046,62820.0,62820,42.614513847756996,42.614513847756996,117.14644510225844,0.0,42.61451395404673,-1.0628973228189231e-07,0.0
1047,62880.0,62880,42.61451384710082,42.61451384710082,117.80128813158082,0.0,42.61451395338399,-1.0628317192119761e-07,0.0
1048,62940.0,62940,42.61451384644147,42.61451384644147,118.45613116089312,0.0,42.614513952718035,-1.062765685542046e-07,0.0
1049,63000.0,63000,42.61451384577894,42.61451384577894,119.11097419019531,0.0,42.61451395204886,-1.0626992221083373e-07,0.0
1050,63060.0,63060,42.61451384511324,42.61451384511324,119.7658172194873,0.0,42.614513951376466,-1.0626323292114265e-07,0.0
1051,63120.0,63120,42.61451384444436,42.61451384444436,120.4206602487691,0.0,42.61451395070086,-1.0625650071537728e-07,0.0
1052,63180.0,63180,42.614513843772315,42.614513843772315,121.07550327804061,0.0,42.61451395002204,-1.0624972562389387e-07,0.0
1053,63240.0,63240,42.6145138430971,42.6145138430971,121.73034630730182,0.0,42.61451394934,-1.0624290767726117e-07,0.0
1054,63300.0,63300,42.61451384241871,42.61451384241871,122.38518933655267,0.0,42.61451394865476,-1.0623604690614749e-07,0.0
1055,63360.0,63360,42.614513841737164,42.614513841737164,123.0400323657931,0.0,42.6145139479663,-1.062291433414094e-07,0.0
1056,63420.0,63420,42.61451384105245,42.61451384105245,123.69487539502305,0.0,42.61451394727465,-1.0622219701404743e-07,0.0
1057,63480.0,63480,42.61451384036457,42.61451384036457,124.34971842424248,0.0,42.614513946579784,-1.0621520795521542e-07,0.0
1058,63540.0,63540,42.61451383967354,42.61451383967354,125.00456145345136,0.0,42.61451394588172,-1.062081761962219e-07,0.0
1059,63600.0,63600,42.61451383897935,42.61451383897935,125.65940448264965,0.0,42.61451394518045,-1.0620110176851933e-07,0.0
1060,63660.0,63660,42.614513838281994,42.614513838281994,126.31424751183724,0.0,42.61451394447598,-1.0619398470371616e-07,0.0
1061,63720.0,63720,42.614513837581484,42.614513837581484,126.96909054101414,0.0,42.614513943768316,-1.0618682503357421e-07,0.0
1062,63780.0,63780,42.61451383687783,42.61451383687783,127.6239335701803,0.0,42.61451394305745,-1.0617962279000728e-07,0.0
1063,63840.0,63840,42.61451383617102,42.61451383617102,128.27877659933566,0.0,42.6145139423434,-1.0617237800509058e-07,0.0
1064,63900.0,63900,42.61451383546106,42.61451383546106,128.93361962848013,0.0,42.61451394162615,-1.0616509071102168e-07,0.0
1065,63960.0,63960,42.61451383474796,42.61451383474796,129.58846265761372,0.0,42.61451394090572,-1.0615776094016768e-07,0.0
1066,64020.0,64020,42.614513834031705,42.614513834031705,130.24330568673636,0.0,42.61451394018209,-1.0615038872503958e-07,0.0
1067,64080.0,64080,42.61451383331231,42.61451383331231,130.898148715848,0.0,42.61451393945528,-1.0614297409828287e-07,0.0
1068,64140.0,64140,42.61451383258977,42.61451383258977,131.5529917449486,0.0,42.614513938725295,-1.0613551709273941e-07,0.0
1069,64200.0,64200,42.6145138318641,42.6145138318641,132.2078347740381,0.0,42.614513937992115,-1.061280177413493e-07,0.0
1070,64260.0,64260,42.614513831135284,42.614513831135284,132.86267780311647,0.0,42.614513937255765,-1.0612047607719783e-07,0.0
1071,64320.0,64320,42.61451383040334,42.61451383040334,133.5175208321837,0.0,42.61451393651623,-1.0611289213356674e-07,0.0
1072,64380.0,64380,42.614513829668255,42.614513829668255,134.1723638612396,0.0,42.61451393577352,-1.0610526594383859e-07,0.0
1073,64440.0,64440,42.61451382893005,42.61451382893005,134.82720689028426,0.0,42.614513935027645,-1.0609759754154796e-07,0.0
1074,64500.0,64500,42.614513828188706,42.614513828188706,135.48204991931755,0.0,42.61451393427859,-1.0608988696038946e-07,0.0
1075,64560.0,64560,42.614513827444235,42.614513827444235,136.1368929483395,0.0,42.614513933526375,-1.0608213423420571e-07,0.0
1076,64620.0,64620,42.614513826696644,42.614513826696644,136.79173597735002,0.0,42.61451393277099,-1.0607433939696976e-07,0.0
1077,64680.0,64680,42.61451382594593,42.61451382594593,137.44657900634905,0.0,42.614513932012436,-1.0606650248278108e-07,0.0
1078,64740.0,64740,42.6145138251921,42.6145138251921,138.10142203533655,0.0,42.61451393125072,-1.0605862352594496e-07,0.0
1079,64800.0,64800,42.61451382443514,42.61451382443514,138.7562650643125,0.0,42.61451393048585,-1.0605070256084469e-07,0.0
1080,64860.0,64860,42.614513823675075,42.614513823675075,139.41110809327677,0.0,42.614513929717816,-1.0604273962203169e-07,0.0
1081,64920.0,64920,42.61451382291189,42.61451382291189,140.06595112222945,0.0,42.61451392894663,-1.0603473474421209e-07,0.0
1082,64980.0,64980,42.6145138221456,42.6145138221456,140.72079415117037,0.0,42.614513928172286,-1.0602668796219821e-07,0.0
1083,65040.0,65040,42.6145138213762,42.6145138213762,141.37563718009952,0.0,42.614513927394796,-1.0601859931098806e-07,0.0
1084,65100.0,65100,42.61451382060368,42.61451382060368,142.03048020901684,0.0,42.61451392661416,-1.0601046882569662e-07,0.0
1085,65160.0,65160,42.61451381982807,42.61451381982807,142.68532323792232,0.0,42.61451392583037,-1.0600229654156534e-07,0.0
1086,65220.0,65220,42.61451381904936,42.61451381904936,143.3401662668159,0.0,42.61451392504343,-1.0599408249401182e-07,0.0
1087,65280.0,65280,42.61451381826754,42.61451381826754,143.99500929569754,0.0,42.614513924253366,-1.0598582671855323e-07,0.0
1088,65340.0,65340,42.614513817482624,42.614513817482624,144.64985232456715,0.0,42.61451392346015,-1.0597752925087621e-07,0.0
1089,65400.0,65400,42.61451381669462,42.61451381669462,145.30469535342473,0.0,42.614513922663804,-1.0596919012679117e-07,0.0
1090,65460.0,65460,42.614513815903514,42.614513815903514,145.9595383822702,0.0,42.61451392186432,-1.0596080938225103e-07,0.0
1091,65520.0,65520,42.61451381510932,42.61451381510932,146.61438141110352,0.0,42.61451392106171,-1.0595238705333654e-07,0.0
1092,65580.0,65580,42.61451381431204,42.61451381431204,147.26922443992467,0.0,42.614513920255966,-1.0594392317627907e-07,0.0
1093,65640.0,65640,42.61451381351168,42.61451381351168,147.92406746873357,0.0,42.61451391944709,-1.0593541778742703e-07,0.0
1094,65700.0,65700,42.614513812708225,42.614513812708225,148.57891049753016,0.0,42.6145139186351,-1.0592687092329157e-07,0.0
1095,65760.0,65760,42.6145138119017,42.6145138119017,149.23375352631442,0.0,42.61451391781998,-1.0591828262050085e-07,0.0
1096,65820.0,65820,42.614513811092095,42.614513811092095,149.8885965550863,0.0,42.614513917001744,-1.0590965291582159e-07,0.0
1097,65880.0,65880,42.61451381027941,42.61451381027941,150.54343958384575,0.0,42.61451391618039,-1.0590098184616034e-07,0.0
1098,65940.0,65940,42.61451380946366,42.61451380946366,151.19828261259272,0.0,42.61451391535593,-1.0589226944853673e-07,0.0
1099,66000.0,66000,42.61451380864484,42.61451380864484,151.85312564132718,0.0,42.61451391452835,-1.0588351576013978e-07,0.0
1100,66060.0,66060,42.614513807822945,42.614513807822945,152.50796867004905,0.0,42.614513913697664,-1.0587472081825e-07,0.0
1101,66120.0,66120,42.61451380699799,42.61451380699799,153.1628116987583,0.0,42.61451391286387,-1.0586588466032545e-07,0.0
1102,66180.0,66180,42.61451380616997,42.61451380616997,153.8176547274549,0.0,42.61451391202698,-1.0585700732389818e-07,0.0
1103,66240.0,66240,42.614513805338895,42.614513805338895,154.47249775613878,0.0,42.61451391118698,-1.0584808884669524e-07,0.0
1104,66300.0,66300,42.61451380450476,42.61451380450476,155.12734078480995,0.0,42.61451391034389,-1.0583912926651499e-07,0.0
1105,66360.0,66360,42.61451380366757,42.61451380366757,155.78218381346824,0.0,42.6145139094977,-1.0583012862134677e-07,0.0
1106,66420.0,66420,42.61451380282733,42.61451380282733,156.4370268421137,0.0,42.61451390864842,-1.0582108694925525e-07,0.0
1107,66480.0,66480,42.614513801984046,42.614513801984046,157.09186987074628,0.0,42.614513907796045,-1.0581200428845442e-07,0.0
1108,66540.0,66540,42.61451380113771,42.61451380113771,157.74671289936592,0.0,42.61451390694059,-1.0580288067729813e-07,0.0
1109,66600.0,66600,42.61451380028833,42.61451380028833,158.40155592797254,0.0,42.614513906082045,-1.0579371615425724e-07,0.0
1110,66660.0,66660,42.61451379943591,42.61451379943591,159.05639895656614,0.0,42.61451390522043,-1.0578451075793579e-07,0.0
1111,66720.0,66720,42.61451379858046,42.61451379858046,159.71124198514664,0.0,42.614513904355725,-1.057752645270481e-07,0.0
1112,66780.0,66780,42.614513797721976,42.614513797721976,160.366085013714,0.0,42.614513903487946,-1.0576597750046185e-07,0.0
1113,66840.0,66840,42.61451379686045,42.61451379686045,161.0209280422682,0.0,42.614513902617105,-1.0575664971714154e-07,0.0
1114,66900.0,66900,42.614513795995904,42.614513795995904,161.67577107080916,0.0,42.61451390174318,-1.0574728121621038e-07,0.0
1115,66960.0,66960,42.614513795128325,42.614513795128325,162.33061409933686,0.0,42.6145139008662,-1.0573787203689246e-07,0.0
1116,67020.0,67020,42.61451379425773,42.61451379425773,162.98545712785122,0.0,42.61451389998616,-1.0572842221853428e-07,0.0
1117,67080.0,67080,42.61451379338411,42.61451379338411,163.64030015635223,0.0,42.614513899103045,-1.0571893180061146e-07,0.0
1118,67140.0,67140,42.61451379250748,42.61451379250748,164.29514318483982,0.0,42.61451389821688,-1.0570940082274894e-07,0.0
1119,67200.0,67200,42.61451379162783,42.61451379162783,164.94998621331393,0.0,42.61451389732766,-1.0569982932466442e-07,0.0
1120,67260.0,67260,42.61451379074517,42.61451379074517,165.60482924177455,0.0,42.61451389643539,-1.0569021734617652e-07,0.0
1121,67320.0,67320,42.6145137898595,42.6145137898595,166.25967227022164,0.0,42.61451389554007,-1.0568056492729484e-07,0.0
1122,67380.0,67380,42.61451378897083,42.61451378897083,166.91451529865512,0.0,42.6145138946417,-1.0567087210807605e-07,0.0
1123,67440.0,67440,42.61451378807916,42.61451378807916,167.56935832707495,0.0,42.614513893740295,-1.056611389287517e-07,0.0
1124,67500.0,67500,42.614513787184485,42.614513787184485,168.22420135548109,0.0,42.614513892835845,-1.056513654296367e-07,0.0
1125,67560.0,67560,42.61451378628682,42.61451378628682,168.87904438387352,0.0,42.61451389192837,-1.0564155165120469e-07,0.0
1126,67620.0,67620,42.61451378538616,42.61451378538616,169.53388741225214,0.0,42.61451389101786,-1.0563169763400598e-07,0.0
1127,67680.0,67680,42.61451378448251,42.61451378448251,170.18873044061695,0.0,42.61451389010431,-1.0562180341872807e-07,0.0
1128,67740.0,67740,42.61451378357587,42.61451378357587,170.84357346896786,0.0,42.61451388918774,-1.0561186904619701e-07,0.0
1129,67800.0,67800,42.61451378266626,42.61451378266626,171.49841649730487,0.0,42.61451388826815,-1.0560189455731685e-07,0.0
1130,67860.0,67860,42.61451378175366,42.61451378175366,172.15325952562793,0.0,42.61451388734554,-1.0559187999313826e-07,0.0
1131,67920.0,67920,42.61451378083809,42.61451378083809,172.80810255393698,0.0,42.614513886419914,-1.05581825394802e-07,0.0
1132,67980.0,67980,42.61451377991954,42.61451377991954,173.46294558223195,0.0,42.61451388549127,-1.0557173080360624e-07,0.0
1133,68040.0,68040,42.614513778998024,42.614513778998024,174.1177886105128,0.0,42.61451388455962,-1.0556159626091505e-07,0.0
1134,68100.0,68100,42.614513778073544,42.614513778073544,174.77263163877956,0.0,42.61451388362496,-1.0555142180823906e-07,0.0
1135,68160.0,68160,42.614513777146094,42.614513777146094,175.42747466703207,0.0,42.614513882687305,-1.0554120748719926e-07,0.0
1136,68220.0,68220,42.614513776215695,42.614513776215695,176.08231769527038,0.0,42.614513881746646,-1.0553095333952554e-07,0.0
1137,68280.0,68280,42.61451377528233,42.61451377528233,176.73716072349438,0.0,42.614513880802996,-1.0552065940705947e-07,0.0
1138,68340.0,68340,42.614513774346015,42.614513774346015,177.39200375170404,0.0,42.61451387985635,-1.0551032573176632e-07,0.0
1139,68400.0,68400,42.614513773406756,42.614513773406756,178.04684677989934,0.0,42.614513878906706,-1.0549995235568806e-07,0.0
1140,68460.0,68460,42.61451377246455,42.61451377246455,178.70168980808026,0.0,42.61451387795409,-1.0548953932103612e-07,0.0
1141,68520.0,68520,42.6145137715194,42.6145137715194,179.35653283624666,0.0,42.61451387699848,-1.0547908667007037e-07,0.0
1142,68580.0,68580,42.61451377057131,42.61451377057131,180.01137586439856,0.0,42.6145138760399,-1.0546859444521204e-07,0.0
1143,68640.0,68640,42.61451376962028,42.61451376962028,180.66621889253594,0.0,42.614513875078345,-1.0545806268896312e-07,0.0
1144,68700.0,68700,42.61451376866632,42.61451376866632,181.3210619206587,0.0,42.61451387411381,-1.0544749144394124e-07,0.0
1145,68760.0,68760,42.61451376770944,42.61451376770944,181.9759049487668,0.0,42.614513873146315,-1.0543688075288373e-07,0.0
1146,68820.0,68820,42.61451376674963,42.61451376674963,182.63074797686025,0.0,42.614513872175856,-1.0542623065863018e-07,0.0
1147,68880.0,68880,42.614513765786896,42.614513765786896,183.28559100493894,0.0,42.61451387120243,-1.0541554120409144e-07,0.0
1148,68940.0,68940,42.61451376482125,42.61451376482125,183.94043403300284,0.0,42.61451387022606,-1.0540481243235994e-07,0.0
1149,69000.0,69000,42.614513763852685,42.614513763852685,184.59527706105192,0.0,42.61451386924673,-1.053940443865429e-07,0.0
1150,69060.0,69060,42.61451376288121,42.61451376288121,185.25012008908612,0.0,42.614513868264446,-1.0538323710994933e-07,0.0
1151,69120.0,69120,42.61451376190683,42.61451376190683,185.90496311710544,0.0,42.61451386727922,-1.0537239064593127e-07,0.0
1152,69180.0,69180,42.614513760929555,42.614513760929555,186.55980614510977,0.0,42.614513866291055,-1.0536150503795369e-07,0.0
1153,69240.0,69240,42.61451375994937,42.61451375994937,187.21464917309913,0.0,42.61451386529995,-1.0535058032959461e-07,0.0
1154,69300.0,69300,42.6145137589663,42.6145137589663,187.86949220107343,0.0,42.614513864305906,-1.0533961656453964e-07,0.0
1155,69360.0,69360,42.614513757980326,42.614513757980326,188.52433522903263,0.0,42.614513863308936,-1.0532861378656986e-07,0.0
1156,69420.0,69420,42.61451375699147,42.61451375699147,189.17917825697668,0.0,42.614513862309046,-1.0531757203957129e-07,0.0
1157,69480.0,69480,42.61451375599973,42.61451375599973,189.8340212849056,0.0,42.61451386130622,-1.0530649136751736e-07,0.0
1158,69540.0,69540,42.61451375500511,42.61451375500511,190.48886431281923,0.0,42.614513860300484,-1.0529537181451334e-07,0.0
1159,69600.0,69600,42.61451375400762,42.61451375400762,191.1437073407176,0.0,42.61451385929183,-1.0528421342474381e-07,0.0
1160,69660.0,69660,42.61451375300725,42.61451375300725,191.79855036860067,0.0,42.61451385828026,-1.0527301624249024e-07,0.0
1161,69720.0,69720,42.614513752004015,42.614513752004015,192.45339339646839,0.0,42.6145138572658,-1.052617803121417e-07,0.0
1162,69780.0,69780,42.614513750997915,42.614513750997915,193.1082364243207,0.0,42.61451385624842,-1.0525050567819886e-07,0.0
1163,69840.0,69840,42.61451374998896,42.61451374998896,193.76307945215757,0.0,42.61451385522815,-1.0523919238523371e-07,0.0
1164,69900.0,69900,42.61451374897714,42.61451374897714,194.41792247997893,0.0,42.61451385420498,-1.0522784047792988e-07,0.0
1165,69960.0,69960,42.61451374796248,42.61451374796248,195.07276550778477,0.0,42.61451385317892,-1.0521645000106782e-07,0.0
1166,70020.0,70020,42.61451374694496,42.61451374694496,195.72760853557503,0.0,42.614513852149976,-1.0520502099953559e-07,0.0
1167,70080.0,70080,42.6145137459246,42.6145137459246,196.38245156334966,0.0,42.61451385111815,-1.0519355351830064e-07,0.0
1168,70140.0,70140,42.614513744901394,42.614513744901394,197.03729459110866,0.0,42.61451385008345,-1.0518204760242587e-07,0.0
1169,70200.0,70200,42.614513743875364,42.614513743875364,197.69213761885192,0.0,42.61451384904586,-1.0517050329708585e-07,0.0
1170,70260.0,70260,42.61451374284649,42.61451374284649,198.34698064657942,0.0,42.61451384800541,-1.0515892064752912e-07,0.0
1171,70320.0,70320,42.61451374181479,42.61451374181479,199.00182367429116,0.0,42.61451384696209,-1.0514729969911046e-07,0.0
1172,70380.0,70380,42.614513740780275,42.614513740780275,199.65666670198704,0.0,42.614513845915916,-1.0513564049727344e-07,0.0
1173,70440.0,70440,42.61451373974294,42.61451373974294,200.31150972966705,0.0,42.61451384486688,-1.0512394308755042e-07,0.0
1174,70500.0,70500,42.61451373870278,42.61451373870278,200.96635275733112,0.0,42.61451384381499,-1.0511220751558402e-07,0.0
1175,70560.0,70560,42.61451373765982,42.61451373765982,201.62119578497922,0.0,42.61451384276025,-1.0510043382708818e-07,0.0
1176,70620.0,70620,42.61451373661405,42.61451373661405,202.2760388126113,0.0,42.614513841702674,-1.0508862206787632e-07,0.0
1177,70680.0,70680,42.614513735565474,42.614513735565474,202.93088184022736,0.0,42.61451384064225,-1.0507677228384534e-07,0.0
1178,70740.0,70740,42.614513734514105,42.614513734514105,203.58572486782728,0.0,42.61451383957899,-1.0506488452099425e-07,0.0
1179,70800.0,70800,42.614513733459944,42.614513733459944,204.2405678954111,0.0,42.6145138385129,-1.0505295882540151e-07,0.0
1180,70860.0,70860,42.61451373240299,42.61451373240299,204.89541092297873,0.0,42.61451383744399,-1.050409952432276e-07,0.0
1181,70920.0,70920,42.61451373134325,42.61451373134325,205.55025395053013,0.0,42.61451383637225,-1.0502899382073924e-07,0.0
1182,70980.0,70980,42.614513730280734,42.614513730280734,206.20509697806523,0.0,42.61451383529769,-1.0501695460427984e-07,0.0
1183,71040.0,71040,42.61451372921544,42.61451372921544,206.8599400055841,0.0,42.61451383422032,-1.050048776402883e-07,0.0
1184,71100.0,71100,42.61451372814737,42.61451372814737,207.51478303308653,0.0,42.61451383314014,-1.0499276297526942e-07,0.0
1185,71160.0,71160,42.61451372707654,42.61451372707654,208.16962606057257,0.0,42.614513832057156,-1.049806106558262e-07,0.0
1186,71220.0,71220,42.61451372600295,42.61451372600295,208.8244690880422,0.0,42.61451383097137,-1.0496842072865443e-07,0.0
1187,71280.0,71280,42.614513724926596,42.614513724926596,209.47931211549533,0.0,42.61451382988279,-1.0495619324052525e-07,0.0
1188,71340.0,71340,42.61451372384749,42.61451372384749,210.13415514293192,0.0,42.61451382879142,-1.0494392823829182e-07,0.0
1189,71400.0,71400,42.614513722765636,42.614513722765636,210.788998170352,0.0,42.61451382769726,-1.0493162576890282e-07,0.0
1190,71460.0,71460,42.614513721681035,42.614513721681035,211.4438411977554,0.0,42.61451382660032,-1.0491928587936339e-07,0.0
1191,71520.0,71520,42.6145137205937,42.6145137205937,212.0986842251422,0.0,42.61451382550061,-1.0490690861679843e-07,0.0
1192,71580.0,71580,42.61451371950363,42.61451371950363,212.7535272525123,0.0,42.61451382439812,-1.0489449402837987e-07,0.0
1193,71640.0,71640,42.61451371841083,42.61451371841083,213.40837027986566,0.0,42.61451382329287,-1.0488204216138323e-07,0.0
1194,71700.0,71700,42.6145137173153,42.6145137173153,214.0632133072023,0.0,42.614513822184854,-1.0486955306314724e-07,0.0
1195,71760.0,71760,42.61451371621705,42.61451371621705,214.71805633452206,0.0,42.61451382107408,-1.0485702678109403e-07,0.0
1196,71820.0,71820,42.61451371511609,42.61451371511609,215.37289936182492,0.0,42.61451381996055,-1.0484446336274389e-07,0.0
1197,71880.0,71880,42.61451371401241,42.61451371401241,216.02774238911093,0.0,42.61451381884427,-1.0483186285567903e-07,0.0
1198,71940.0,71940,42.61451371290603,42.61451371290603,216.68258541638,0.0,42.61451381772525,-1.0481922530756097e-07,0.0
1199,72000.0,72000,42.614513711796945,42.614513711796945,217.33742844363204,0.0,42.61451381660349,-1.0480655076612258e-07,0.0
1200,72060.0,72060,42.614513710685166,42.614513710685166,217.9922714708671,0.0,42.61451381547901,-1.0479383927918137e-07,0.0
1201,72120.0,72120,42.614513709570694,42.614513709570694,218.64711449808505,0.0,42.61451381435179,-1.0478109089463834e-07,0.0
1202,72180.0,72180,42.614513708453536,42.614513708453536,219.30195752528593,0.0,42.61451381322184,-1.04768305660459e-07,0.0
1203,72240.0,72240,42.6145137073337,42.6145137073337,219.95680055246967,0.0,42.614513812089186,-1.0475548362468283e-07,0.0
1204,72300.0,72300,42.614513706211184,42.614513706211184,220.6116435796362,0.0,42.61451381095381,-1.0474262483544081e-07,0.0
1205,72360.0,72360,42.614513705086,42.614513705086,221.26648660678546,0.0,42.614513809815726,-1.0472972934090022e-07,0.0
1206,72420.0,72420,42.61451370395814,42.61451370395814,221.92132963391754,0.0,42.614513808674936,-1.0471679718935074e-07,0.0
1207,72480.0,72480,42.61451370282762,42.61451370282762,222.5761726610322,0.0,42.61451380753145,-1.04703828429117e-07,0.0
1208,72540.0,72540,42.614513701694456,42.614513701694456,223.23101568812956,0.0,42.614513806385276,-1.0469082310860569e-07,0.0
1209,72600.0,72600,42.61451563707256,-107.38548436292746,223.88585871520954,150.0,1.0686381429016115e-07,-107.38548446979127,0.0
1210,72660.0,72660,42.61451563708679,-107.38548436291322,222.09610064235517,150.0,1.068598310661421e-07,-107.38548446977306,0.0
1211,72720.0,72720,42.614515637100894,-107.38548436289915,220.30634256950103,150.0,1.0685587316623823e-07,-107.38548446975501,0.0
1212,72780.0,72780,42.61451563711488,-107.38548436288515,218.51658449664717,150.0,1.0685194059794409e-07,-107.3854844697371,0.0
1213,72840.0,72840,42.61451563712874,-107.38548436287127,216.7268264237935,150.0,1.0684803336872332e-07,-107.3854844697193,0.0
1214,72900.0,72900,42.61451563714248,-107.38548436285753,214.9370683509401,150.0,1.0684415148602342e-07,-107.38548446970168,0.0
1215,72960.0,72960,42.6145156371561,-107.38548436284393,213.1473102780869,150.0,1.0684029495720983e-07,-107.38548446968422,0.0
1216,73020.0,73020,42.6145156371696,-107.38548436283041,211.357552205234,150.0,1.0683646378959689e-07,-107.38548446966686,0.0
1217,73080.0,73080,42.61451563718298,-107.38548436281702,209.5677941323813,150.0,1.0683265799047607e-07,-107.3854844696497,0.0
1218,73140.0,73140,42.614515637196234,-107.38548436280378,207.77803605952877,150.0,1.0682887756709175e-07,-107.38548446963266,0.0
1219,73200.0,73200,42.61451563720938,-107.38548436279065,205.98827798667656,150.0,1.0682512252663185e-07,-107.38548446961575,0.0
1220,73260.0,73260,42.61451563722239,-107.38548436277762,204.19851991382455,150.0,1.0682139287620088e-07,-107.385484469599,0.0
1221,73320.0,73320,42.614515637235286,-107.38548436276474,202.40876184097274,150.0,1.0681768862294905e-07,-107.38548446958245,0.0
1222,73380.0,73380,42.614515637248054,-107.38548436275194,200.61900376812116,150.0,1.0681400977387733e-07,-107.38548446956597,0.0
1223,73440.0,73440,42.61451563726071,-107.3854843627393,198.82924569526975,150.0,1.0681035633600414e-07,-107.38548446954965,0.0
1224,73500.0,73500,42.614515637273236,-107.38548436272676,197.03948762241862,150.0,1.0680672831628467e-07,-107.3854844695335,0.0
1225,73560.0,73560,42.61451563728565,-107.38548436271437,195.2497295495677,150.0,1.0680312572161902e-07,-107.38548446951748,0.0
1226,73620.0,73620,42.614515637297934,-107.38548436270207,193.45997147671696,150.0,1.0679954855888031e-07,-107.38548446950162,0.0
1227,73680.0,73680,42.614515637310106,-107.38548436268994,191.67021340386643,150.0,1.0679599683485699e-07,-107.3854844694859,0.0
1228,73740.0,73740,42.61451563732215,-107.38548436267786,189.88045533101612,150.0,1.0679247055634555e-07,-107.38548446947034,0.0
1229,73800.0,73800,42.61451563733408,-107.38548436266595,188.090697258166,150.0,1.0678896973005371e-07,-107.3854844694549,0.0
1230,73860.0,73860,42.61451563734588,-107.38548436265413,186.30093918531608,150.0,1.0678549436264481e-07,-107.3854844694396,0.0
1231,73920.0,73920,42.61451563735757,-107.38548436264246,184.5111811124664,150.0,1.0678204446075527e-07,-107.38548446942451,0.0
1232,73980.0,73980,42.614515644677574,-67.38548435532257,182.7214230396169,110.00000000000014,1.2220448668450142e-07,-67.38548447752706,0.0
1233,74040.0,74040,42.6145136759542,42.6145136759542,181.598331633536,0.0,42.61451378035244,-1.0439824185118723e-07,0.0
1234,74100.0,74100,42.6145136750267,42.6145136750267,182.2531746602208,0.0,42.61451377941447,-1.0438778048402372e-07,0.0
1235,74160.0,74160,42.61451367409675,42.61451367409675,182.90801768689136,0.0,42.61451377847403,-1.0437728046605744e-07,0.0
1236,74220.0,74220,42.61451367316437,42.61451367316437,183.56286071354765,0.0,42.614513777531116,-1.0436674183789386e-07,0.0
1237,74280.0,74280,42.61451367222955,42.61451367222955,184.2177037401896,0.0,42.61451377658572,-1.0435616464022317e-07,0.0
1238,74340.0,74340,42.61451367129231,42.61451367129231,184.8725467668172,0.0,42.61451377563785,-1.0434554891385392e-07,0.0
1239,74400.0,74400,42.614513670352636,42.614513670352636,185.52738979343044,0.0,42.61451377468753,-1.0433489469969689e-07,0.0
1240,74460.0,74460,42.61451366941055,42.61451366941055,186.1822328200292,0.0,42.61451377373475,-1.0432420203877315e-07,0.0
1241,74520.0,74520,42.61451366846604,42.61451366846604,186.83707584661354,0.0,42.61451377277952,-1.0431347097218045e-07,0.0
1242,74580.0,74580,42.61451366751913,42.61451366751913,187.4919188731834,0.0,42.61451377182183,-1.0430270154115102e-07,0.0
1243,74640.0,74640,42.614513666569806,42.614513666569806,188.14676189973872,0.0,42.6145137708617,-1.042918937869763e-07,0.0
1244,74700.0,74700,42.614513665618084,42.614513665618084,188.80160492627942,0.0,42.61451376989913,-1.0428104775108893e-07,0.0
1245,74760.0,74760,42.61451366466397,42.61451366466396,189.45644795280555,0.0,42.61451376893413,-1.0427016347499824e-07,0.0
1246,74820.0,74820,42.614513663707456,42.614513663707456,190.11129097931703,0.0,42.6145137679667,-1.0425924100030772e-07,0.0
1247,74880.0,74880,42.61451366274856,42.61451366274856,190.7661340058138,0.0,42.614513766996836,-1.0424828036871497e-07,0.0
1248,74940.0,74940,42.61451366178728,42.61451366178728,191.42097703229587,0.0,42.61451376602455,-1.042372816220481e-07,0.0
1249,75000.0,75000,42.61451366082361,42.61451366082361,192.07582005876316,0.0,42.61451376504986,-1.0422624480221054e-07,0.0
1250,75060.0,75060,42.614513659857586,42.614513659857586,192.73066308521567,0.0,42.614513764072754,-1.0421516995120118e-07,0.0
1251,75120.0,75120,42.61451365888919,42.61451365888919,193.38550611165334,0.0,42.61451376309324,-1.0420405711110505e-07,0.0
1252,75180.0,75180,42.61451365791842,42.61451365791842,194.04034913807615,0.0,42.61451376211133,-1.0419290632412281e-07,0.0
1253,75240.0,75240,42.6145136569453,42.6145136569453,194.69519216448407,0.0,42.61451376112702,-1.0418171763252912e-07,0.0
1254,75300.0,75300,42.61451365596983,42.61451365596983,195.35003519087704,0.0,42.61451376014031,-1.0417049107871698e-07,0.0
1255,75360.0,75360,42.614513654992,42.614513654992,196.00487821725503,0.0,42.61451375915123,-1.0415922670515204e-07,0.0
1256,75420.0,75420,42.61451365401184,42.61451365401184,196.659721243618,0.0,42.61451375815976,-1.0414792455441697e-07,0.0
1257,75480.0,75480,42.61451557517559,-257.3854844248244,197.31456426996593,300.0,1.4765449022286113e-07,-257.38548457247896,0.0
1258,75540.0,75540,42.61451557517733,-257.38548442482266,193.02480619602693,300.0,1.476556690493505e-07,-257.3854845724784,0.0
1259,75600.0,75600,42.61451557517903,-257.385484424821,188.73504812208793,300.0,1.4765681718132546e-07,-257.3854845724778,0.0
1260,75660.0,75660,42.614515575180675,-257.38548442481937,184.445290048149,300.0,1.4765793463493464e-07,-257.38548457247725,0.0
1261,75720.0,75720,42.61451557518228,-257.3854844248178,180.15553197421005,300.0,1.4765902142586115e-07,-257.3854845724768,0.0
1262,75780.0,75780,42.61451557518384,-257.3854844248162,175.86577390027117,300.0,1.4766007756932822e-07,-257.3854845724763,0.0
1263,75840.0,75840,42.614515575185344,-257.3854844248147,171.57601582633228,300.0,1.4766110308013664e-07,-257.3854845724758,0.0
1264,75900.0,75900,42.61451557518681,-257.3854844248132,167.28625775239342,300.0,1.4766209797253853e-07,-257.3854845724753,0.0
1265,75960.0,75960,42.61451557518822,-257.3854844248118,162.9964996784546,300.0,1.4766306226042272e-07,-257.3854845724748,0.0
1266,76020.0,76020,42.6145155751896,-257.38548442481044,158.70674160451577,300.0,1.4766399595719395e-07,-257.38548457247447,0.0
1267,76080.0,76080,42.61451557519093,-257.3854844248091,154.41698353057697,300.0,1.4766489907578877e-07,-257.385484572474,0.0
1268,76140.0,76140,42.614515575192215,-257.38548442480777,150.12722545663823,300.0,1.4766577162868922e-07,-257.38548457247356,0.0
1269,76200.0,76200,42.61451556795275,-212.3854844320473,145.83746738269946,255.0,1.5537617729686846e-07,-212.3854845874235,0.0
1270,76260.0,76260,42.61451364193583,42.61451364193583,142.29770930863003,0.0,42.61451374594939,-1.0401355997761607e-07,0.0
1271,76320.0,76320,42.614513641188076,42.614513641188076,142.95255233479259,0.0,42.6145137451937,-1.0400562165699882e-07,0.0
1272,76380.0,76380,42.61451364043798,42.61451364043798,143.60739536094366,0.0,42.61451374443562,-1.0399764334888879e-07,0.0
1273,76440.0,76440,42.61451363968553,42.61451363968553,144.2622383870832,0.0,42.61451374367516,-1.0398962508525626e-07,0.0
1274,76500.0,76500,42.61451363893075,42.61451363893075,144.9170814132112,0.0,42.614513742912315,-1.0398156689823426e-07,0.0
1275,76560.0,76560,42.614513638173634,42.614513638173634,145.5719244393276,0.0,42.614513742147096,-1.0397346882000964e-07,0.0
1276,76620.0,76620,42.61451363741418,42.61451363741418,146.22676746543237,0.0,42.614513741379504,-1.0396533088298714e-07,0.0
1277,76680.0,76680,42.61451363665239,42.61451363665239,146.8816104915255,0.0,42.614513740609546,-1.0395715311959974e-07,0.0
1278,76740.0,76740,42.61451363588828,42.61451363588828,147.5364535176069,0.0,42.614513739837214,-1.0394893556248486e-07,0.0
1279,76800.0,76800,42.61451363512185,42.61451363512185,148.19129654367663,0.0,42.61451373906254,-1.0394067824434584e-07,0.0
1280,76860.0,76860,42.61451363435311,42.61451363435311,148.84613956973456,0.0,42.61451373828549,-1.0393238119804071e-07,0.0
1281,76920.0,76920,42.61451363358205,42.61451363358205,149.5009825957807,0.0,42.614513737506094,-1.0392404445652163e-07,0.0
1282,76980.0,76980,42.61451363280867,42.61451363280867,150.15582562181498,0.0,42.61451373672434,-1.0391566805288468e-07,0.0
1283,77040.0,77040,42.614513632033,42.614513632033,150.81066864783742,0.0,42.61451373594025,-1.0390725202034702e-07,0.0
1284,77100.0,77100,42.61451363125502,42.61451363125502,151.4655116738479,0.0,42.614513735153814,-1.0389879639222261e-07,0.0
1285,77160.0,77160,42.61451363047474,42.61451363047474,152.12035469984647,0.0,42.61451373436505,-1.038903012019788e-07,0.0
1286,77220.0,77220,42.61451362969217,42.61451362969217,152.77519772583307,0.0,42.614513733573936,-1.0388176648315687e-07,0.0
1287,77280.0,77280,42.61451362890731,42.61451362890731,153.43004075180764,0.0,42.6145137327805,-1.038731922694649e-07,0.0
1288,77340.0,77340,42.614513628120164,42.614513628120164,154.08488377777013,0.0,42.61451373198474,-1.0386457859469706e-07,0.0
1289,77400.0,77400,42.61451362733074,42.61451362733074,154.7397268037206,0.0,42.614513731186655,-1.0385592549279278e-07,0.0
1290,77460.0,77460,42.61451362653902,42.61451362653902,155.3945698296589,0.0,42.61451373038626,-1.0384723299777354e-07,0.0
1291,77520.0,77520,42.61451362574504,42.61451362574504,156.04941285558508,0.0,42.61451372958354,-1.0383850114381817e-07,0.0
1292,77580.0,77580,42.614513624948785,42.614513624948785,156.70425588149905,0.0,42.61451372877852,-1.0382972996517817e-07,0.0
1293,77640.0,77640,42.61451362415027,42.61451362415027,157.3590989074008,0.0,42.614513727971186,-1.0382091949626642e-07,0.0
1294,77700.0,77700,42.614515575226235,-257.3854844247738,158.01394193329028,300.0,1.4768837886914743e-07,-257.3854845724622,0.0
1295,77760.0,77760,42.61451557522762,-257.3854844247724,153.72418385935208,300.0,1.4768927097334898e-07,-257.3854845724617,0.0
1296,77820.0,77820,42.614515575228964,-257.38548442477105,149.43442578541388,300.0,1.4769013262535608e-07,-257.3854845724612,0.0
1297,77880.0,77880,42.614515575230264,-257.3854844247698,145.1446677114757,300.0,1.4769096383714232e-07,-257.3854845724607,0.0
1298,77940.0,77940,42.61451557523152,-257.3854844247685,140.85490963753756,300.0,1.476917646201325e-07,-257.38548457246026,0.0
1299,78000.0,78000,42.614515575232744,-257.38548442476724,136.56515156359944,300.0,1.4769253498538014e-07,-257.3854845724598,0.0
1300,78060.0,78060,42.61451557523392,-257.3854844247661,132.27539348966133,300.0,1.4769327494343036e-07,-257.38548457245935,0.0
1301,78120.0,78120,42.614515575235075,-257.38548442476497,127.98563541572322,300.0,1.47693984504449e-07,-257.3854845724589,0.0
1302,78180.0,78180,42.61451557523617,-257.3854844247639,123.69587734178515,300.0,1.4769466367811229e-07,-257.38548457245855,0.0
1303,78240.0,78240,42.614515575237235,-257.3854844247628,119.40611926784709,300.0,1.4769531247367143e-07,-257.3854845724581,0.0
1304,78300.0,78300,42.61451557523826,-257.3854844247618,115.11636119390904,300.0,1.4769593089990952e-07,-257.3854845724577,0.0
1305,78360.0,78360,42.614515575239245,-257.3854844247608,110.82660311997104,300.0,1.4769651896521424e-07,-257.3854845724573,0.0
1306,78420.0,78420,42.61451557524019,-257.3854844247598,106.53684504603305,300.0,1.4769707667750522e-07,-257.3854845724569,0.0
1307,78480.0,78480,42.614515572093474,-182.38548442790653,102.24708697209506,225.0,1.5439533147288898e-07,-182.38548458230187,0.0
1308,78540.0,78540,42.61451361407051,42.61451361407051,99.20732889809591,0.0,42.6145137177863,-1.0371579069935425e-07,0.0
1309,78600.0,78600,42.614513613520735,42.614513613520735,99.86217192383064,0.0,42.61451371723125,-1.0371051365394563e-07,0.0
1310,78660.0,78660,42.61451361296869,42.61451361296869,100.51701494955695,0.0,42.61451371667389,-1.0370519557190789e-07,0.0
1311,78720.0,78720,42.61451361241441,42.61451361241441,101.17185797527476,0.0,42.614513716114246,-1.0369983647573956e-07,0.0
1312,78780.0,78780,42.61451361185787,42.61451361185787,101.82670100098406,0.0,42.61451371555231,-1.0369443638798754e-07,0.0
1313,78840.0,78840,42.61451361129909,42.61451361129909,102.48154402668482,0.0,42.614513714988085,-1.0368899533143954e-07,0.0
1314,78900.0,78900,42.614513610738065,42.614513610738065,103.136387052377,0.0,42.61451371442158,-1.0368351332894915e-07,0.0
1315,78960.0,78960,42.61451361017479,42.61451361017479,103.79123007806056,0.0,42.61451371385278,-1.0367799040354753e-07,0.0
1316,79020.0,79020,42.61451360960929,42.61451360960929,104.44607310373549,0.0,42.61451371328172,-1.0367242657839628e-07,0.0
1317,79080.0,79080,42.614513609041545,42.614513609041545,105.10091612940171,0.0,42.614513712708366,-1.0366682187678748e-07,0.0
1318,79140.0,79140,42.61451360847157,42.61451360847157,105.75575915505921,0.0,42.61451371213275,-1.0366117632218134e-07,0.0
1319,79200.0,79200,42.61451360789937,42.61451360789937,106.410602180708,0.0,42.61451371155486,-1.0365548993814702e-07,0.0
1320,79260.0,79260,42.61451360732493,42.61451360732493,107.06544520634799,0.0,42.6145137109747,-1.0364976274841376e-07,0.0
1321,79320.0,79320,42.614513606748275,42.614513606748275,107.72028823197913,0.0,42.614513710392266,-1.0364399477685738e-07,0.0
1322,79380.0,79380,42.614513606169396,42.614513606169396,108.37513125760144,0.0,42.61451370980758,-1.0363818604744112e-07,0.0
1323,79440.0,79440,42.6145136055883,42.6145136055883,109.02997428321487,0.0,42.61451370922064,-1.0363233658432867e-07,0.0
1324,79500.0,79500,42.61451360500499,42.61451360500499,109.68481730881938,0.0,42.614513708631435,-1.0362644641178187e-07,0.0
1325,79560.0,79560,42.61451360441946,42.61451360441946,110.33966033441492,0.0,42.61451370803998,-1.0362051555423744e-07,0.0
1326,79620.0,79620,42.614513603831725,42.614513603831725,110.99450336000146,0.0,42.614513707446264,-1.0361454403621281e-07,0.0
1327,79680.0,79680,42.61451360324178,42.61451360324178,111.64934638557901,0.0,42.61451370685031,-1.0360853188241501e-07,0.0
1328,79740.0,79740,42.61451360264963,42.61451360264963,112.30418941114746,0.0,42.61451370625211,-1.0360247911767084e-07,0.0
1329,79800.0,79800,42.61451360205528,42.61451360205528,112.95903243670683,0.0,42.614513705651675,-1.0359638576692545e-07,0.0
1330,79860.0,79860,42.61451360145873,42.61451360145873,113.6138754622571,0.0,42.614513705048985,-1.0359025185531224e-07,0.0
1331,79920.0,79920,42.61451360085999,42.61451360085999,114.26871848779818,0.0,42.61451370444407,-1.0358407740802387e-07,0.0
1332,79980.0,79980,42.61451360025906,42.61451360025906,114.9235615133301,0.0,42.61451370383692,-1.0357786245042781e-07,0.0
1333,80040.0,80040,42.614513599655936,42.614513599655936,115.57840453885277,0.0,42.614513703227544,-1.0357160700804757e-07,0.0
1334,80100.0,80100,42.61451359905063,42.61451359905063,116.23324756436621,0.0,42.61451370261594,-1.0356531110650618e-07,0.0
1335,80160.0,80160,42.61451359844314,42.61451359844314,116.88809058987032,0.0,42.614513702002114,-1.035589747715881e-07,0.0
1336,80220.0,80220,42.61451359783347,42.61451359783347,117.54293361536511,0.0,42.614513701386066,-1.03552598029184e-07,0.0
1337,80280.0,80280,42.614513597221624,42.614513597221624,118.19777664085055,0.0,42.6145137007678,-1.0354618090535947e-07,0.0
1338,80340.0,80340,42.6145135966076,42.6145135966076,118.85261966632659,0.0,42.61451370014733,-1.0353972342625942e-07,0.0
1339,80400.0,80400,42.61451359599142,42.61451359599142,119.50746269179321,0.0,42.614513699524636,-1.0353322561818746e-07,0.0
1340,80460.0,80460,42.614513595373054,42.614513595373054,120.16230571725036,0.0,42.61451369889974,-1.0352668750760863e-07,0.0
1341,80520.0,80520,42.61451359475254,42.61451359475254,120.81714874269801,0.0,42.614513698272646,-1.035201091210512e-07,0.0
1342,80580.0,80580,42.61451359412986,42.61451359412986,121.47199176813615,0.0,42.614513697643346,-1.0351349048525726e-07,0.0
1343,80640.0,80640,42.61451359350502,42.61451359350502,122.12683479356471,0.0,42.61451369701185,-1.0350683162703889e-07,0.0
1344,80700.0,80700,42.61451359287803,42.61451359287803,122.7816778189837,0.0,42.61451369637816,-1.0350013257337624e-07,0.0
1345,80760.0,80760,42.61451359224889,42.61451359224889,123.43652084439304,0.0,42.61451369574229,-1.0349339335133427e-07,0.0
1346,80820.0,80820,42.61451359161761,42.61451359161761,124.09136386979273,0.0,42.61451369510422,-1.0348661398815677e-07,0.0
1347,80880.0,80880,42.61451359098418,42.61451359098418,124.74620689518274,0.0,42.61451369446397,-1.0347979451121131e-07,0.0
1348,80940.0,80940,42.61451359034861,42.61451359034861,125.40104992056303,0.0,42.61451369382154,-1.034729349479569e-07,0.0
1349,81000.0,81000,42.6145135897109,42.6145135897109,126.05589294593355,0.0,42.61451369317694,-1.0346603532602068e-07,0.0
1350,81060.0,81060,42.61451358907106,42.61451358907106,126.71073597129428,0.0,42.61451369253015,-1.0345909567314685e-07,0.0
1351,81120.0,81120,42.61451358842909,42.61451358842909,127.36557899664518,0.0,42.61451369188121,-1.0345211601720061e-07,0.0
1352,81180.0,81180,42.614513587785,42.614513587785,128.0204220219862,0.0,42.6145136912301,-1.0344509638619111e-07,0.0
1353,81240.0,81240,42.61451358713878,42.61451358713878,128.67526504731737,0.0,42.61451369057682,-1.0343803680822567e-07,0.0
1354,81300.0,81300,42.614513586490446,42.614513586490446,129.3301080726386,0.0,42.61451368992139,-1.0343093731158649e-07,0.0
1355,81360.0,81360,42.61451358584,42.61451358584,129.98495109794987,0.0,42.614513689263795,-1.0342379792463914e-07,0.0
1356,81420.0,81420,42.61451358518743,42.61451358518743,130.6397941232512,0.0,42.614513688604056,-1.0341661867590522e-07,0.0
1357,81480.0,81480,42.614513584532766,42.614513584532766,131.29463714854245,0.0,42.614513687942164,-1.0340939959399512e-07,0.0
1358,81540.0,81540,42.61451358387598,42.61451358387598,131.94948017382367,0.0,42.61451368727813,-1.034021407076779e-07,0.0
1359,81600.0,81600,42.61451358321711,42.61451358321711,132.60432319909484,0.0,42.61451368661196,-1.033948420458518e-07,0.0
1360,81660.0,81660,42.614513582556135,42.614513582556135,133.25916622435585,0.0,42.61451368594364,-1.033875036375186e-07,0.0
1361,81720.0,81720,42.61451358189307,42.61451358189307,133.91400924960675,0.0,42.614513685273195,-1.0338012551182266e-07,0.0
1362,81780.0,81780,42.61451358122792,42.61451358122792,134.56885227484744,0.0,42.614513684600624,-1.033727076980213e-07,0.0
1363,81840.0,81840,42.614513580560676,42.614513580560676,135.22369530007796,0.0,42.61451368392592,-1.0336525022548755e-07,0.0
1364,81900.0,81900,42.61451357989135,42.61451357989135,135.8785383252982,0.0,42.61451368324911,-1.033577531237343e-07,0.0
1365,81960.0,81960,42.61451357921995,42.61451357921995,136.53338135050817,0.0,42.61451368257017,-1.0335021642241705e-07,0.0
1366,82020.0,82020,42.61451357854647,42.61451357854647,137.18822437570782,0.0,42.614513681889115,-1.0334264015123562e-07,0.0
1367,82080.0,82080,42.61451357787092,42.61451357787092,137.84306740089718,0.0,42.61451368120595,-1.0333502434011585e-07,0.0
1368,82140.0,82140,42.61451357719331,42.61451357719331,138.49791042607615,0.0,42.61451368052068,-1.0332736901903334e-07,0.0
1369,82200.0,82200,42.61451357651363,42.61451357651363,139.1527534512447,0.0,42.61451367983331,-1.0331967421812239e-07,0.0
1370,82260.0,82260,42.6145135758319,42.6145135758319,139.80759647640284,0.0,42.61451367914383,-1.0331193996760473e-07,0.0
1371,82320.0,82320,42.61451357514811,42.61451357514811,140.4624395015505,0.0,42.61451367845227,-1.033041662978595e-07,0.0
1372,82380.0,82380,42.61451557532028,-257.38548442467976,141.11728252668763,300.0,1.4773978690793167e-07,-257.38548457241956,0.0
1373,82440.0,82440,42.614515602434636,-407.3854843975654,136.8275244527509,450.0,1.2217240856845815e-07,-407.3854845197378,0.0
1374,82500.0,82500,42.61451560243375,-407.3854843975663,130.03776637929934,450.0,1.221725851868534e-07,-407.3854845197389,0.0
1375,82560.0,82560,42.61451560243295,-407.38548439756704,123.24800830584775,450.0,1.2217274367926104e-07,-407.3854845197398,0.0
1376,82620.0,82620,42.61451560243226,-407.3854843975677,116.45825023239617,450.0,1.221728840446548e-07,-407.3854845197406,0.0
1377,82680.0,82680,42.614515602431666,-407.3854843975684,109.66849215894456,450.0,1.2217300628203395e-07,-407.38548451974134,0.0
1378,82740.0,82740,42.61451560243118,-407.3854843975689,102.87873408549294,450.0,1.2217311039048793e-07,-407.38548451974196,0.0
1379,82800.0,82800,42.61451560243079,-407.38548439756926,96.08897601204131,450.0,1.221731963690846e-07,-407.3854845197424,0.0
1380,82860.0,82860,42.61451560243051,-407.3854843975695,89.29921793858969,450.0,1.2217326421697521e-07,-407.3854845197427,0.0
1381,82920.0,82920,42.61451560243032,-407.3854843975697,82.50945986513804,450.0,1.2217331393329363e-07,-407.38548451974304,0.0
1382,82980.0,82980,42.61451560243024,-407.3854843975698,75.7197017916864,450.0,1.221733455172812e-07,-407.38548451974316,0.0
1383,83040.0,83040,42.61451560171952,-387.38548439828037,68.92994371823475,429.9999999999999,1.228506369532358e-07,-387.38548452113105,0.0
1384,83100.0,83100,42.614515638706614,-107.38548436129341,62.47351897810371,150.0,1.0639020524748105e-07,-107.3854844676836,0.0
1385,83160.0,83160,42.61451563871047,-107.38548436128956,60.68376090527718,150.0,1.0638939157102901e-07,-107.38548446767894,0.0
1386,83220.0,83220,42.6145156387142,-107.38548436128583,58.89400283245073,150.0,1.0638860387973561e-07,-107.38548446767442,0.0
1387,83280.0,83280,42.61451563871781,-107.3854843612822,57.104244759624336,150.0,1.0638784217489879e-07,-107.38548446767004,0.0
1388,83340.0,83340,42.614515638721315,-107.3854843612787,55.314486686798006,150.0,1.0638710645779903e-07,-107.38548446766582,0.0
1389,83400.0,83400,42.61451563872469,-107.38548436127533,53.52472861397173,150.0,1.0638639672964824e-07,-107.38548446766174,0.0
1390,83460.0,83460,42.61451563872794,-107.38548436127209,51.73497054114552,150.0,1.0638571299162465e-07,-107.38548446765779,0.0
1391,83520.0,83520,42.61451563873107,-107.38548436126895,49.945212468319355,150.0,1.0638505524484599e-07,-107.385484467654,0.0
1392,83580.0,83580,42.61451563873408,-107.38548436126592,48.155454395493244,150.0,1.0638442349042327e-07,-107.38548446765036,0.0
1393,83640.0,83640,42.614515638736975,-107.38548436126305,46.36569632266719,150.0,1.0638381772935183e-07,-107.38548446764686,0.0
1394,83700.0,83700,42.614515638739746,-107.38548436126028,44.57593824984118,150.0,1.0638323796264985e-07,-107.38548446764351,0.0
1395,83760.0,83760,42.614515638742404,-107.38548436125762,42.786180177015225,150.0,1.0638268419124676e-07,-107.3854844676403,0.0
1396,83820.0,83820,42.61451563874493,-107.3854843612551,40.9964221041893,150.0,1.0638215641605316e-07,-107.38548446763723,0.0
1397,83880.0,83880,42.61451563874734,-107.38548436125265,39.20666403136343,150.0,1.0638165463790702e-07,-107.38548446763431,0.0
1398,83940.0,83940,42.61451563874964,-107.38548436125038,37.4169059585376,150.0,1.0638117885762609e-07,-107.38548446763157,0.0
1399,84000.0,84000,42.61451563875181,-107.3854843612482,35.62714788571181,150.0,1.0638072907596227e-07,-107.38548446762893,0.0
1400,84060.0,84060,42.614515567467016,-12.385484432533277,33.837389812886045,55.00000000000029,2.599598280610967e-07,-12.385484692493105,0.0
1401,84120.0,84120,42.61451563875592,-107.3854843612441,33.630965072005885,150.0,1.0637988326539804e-07,-107.38548446762398,0.0
1402,84180.0,84180,42.61451563875785,-107.38548436124218,31.841206999180198,150.0,1.063794872371473e-07,-107.38548446762165,0.0
1403,84240.0,84240,42.61451563875967,-107.38548436124036,30.051448926354546,150.0,1.0637911720952853e-07,-107.38548446761946,0.0
1404,84300.0,84300,42.61451563876137,-107.38548436123864,28.26169085352892,150.0,1.063787731831107e-07,-107.38548446761742,0.0
1405,84360.0,84360,42.61451563876294,-107.38548436123709,26.471932780703327,150.0,1.0637845515845064e-07,-107.38548446761554,0.0
1406,84420.0,84420,42.614515638764395,-107.38548436123561,24.68217470787776,150.0,1.0637816313603258e-07,-107.38548446761378,0.0
1407,84480.0,84480,42.61451563876573,-107.38548436123426,22.89241663505221,150.0,1.0637789711631786e-07,-107.38548446761219,0.0
1408,84540.0,84540,42.61451563876695,-107.38548436123307,21.102658562226694,150.0,1.0637765709970864e-07,-107.38548446761074,0.0
1409,84600.0,84600,42.61451563876805,-107.38548436123196,19.31290048940119,150.0,1.0637744308655735e-07,-107.3854844676094,0.0
1410,84660.0,84660,42.61451563876902,-107.385484361231,17.52314241657571,150.0,1.0637725507718409e-07,-107.38548446760825,0.0
1411,84720.0,84720,42.61451563876988,-107.38548436123014,15.733384343750243,150.0,1.0637709307186056e-07,-107.38548446760724,0.0
1412,84780.0,84780,42.61451563877062,-107.38548436122942,13.943626270924788,150.0,1.0637695707078852e-07,-107.38548446760636,0.0
1413,84840.0,84840,42.61451563877124,-107.38548436122878,12.153868198099351,150.0,1.0637684707414954e-07,-107.38548446760564,0.0
1414,84900.0,84900,42.61451563877173,-107.38548436122831,10.364110125273923,150.0,1.0637676308207276e-07,-107.38548446760505,0.0
1415,84960.0,84960,42.61451563877211,-107.38548436122792,8.574352052448504,150.0,1.0637670509464558e-07,-107.38548446760463,0.0
1416,85020.0,85020,42.61451563877236,-107.38548436122767,6.784593979623089,150.0,1.0637667311189764e-07,-107.38548446760433,0.0
1417,85080.0,85080,42.614515638772495,-107.38548436122751,4.994835906797681,150.0,1.0637666713381409e-07,-107.38548446760417,0.0
1418,85140.0,85140,42.61451563877252,-107.3854843612275,3.205077833972274,150.0,1.0637668716034116e-07,-107.38548446760417,0.0
1419,85200.0,85200,42.61451563877242,-107.38548436122761,1.4153197611468673,150.0,1.0637673319137394e-07,-107.38548446760436,0.0
1420,85260.0,85260,42.61451563877219,-107.38548436122784,-0.37443831167854147,150.0,1.0637680522679001e-07,-107.38548446760464,0.0
1421,85320.0,85320,42.61451563877185,-107.38548436122817,-2.1641963845039536,150.0,1.0637690326635938e-07,-107.38548446760507,0.0
1422,85380.0,85380,42.61451563877138,-107.38548436122862,-3.9539544573293717,150.0,1.0637702730984128e-07,-107.38548446760566,0.0
1423,85440.0,85440,42.6145156387708,-107.38548436122923,-5.743712530154798,150.0,1.0637717735697479e-07,-107.3854844676064,0.0
1424,85500.0,85500,42.614515638770094,-107.38548436122993,-7.533470602980234,150.0,1.0637735340739942e-07,-107.38548446760728,0.0
1425,85560.0,85560,42.61451150898425,10.11451150898439,-9.323228675805682,32.49999999999986,10.114511596419904,-8.743551359166204e-08,0.0
1426,85620.0,85620,42.61451356174706,42.61451356174706,-9.167802349064614,0.0,42.61451366492285,-1.0317579166853504e-07,0.0
1427,85680.0,85680,42.614513561773,42.614513561773,-8.51295932413322,0.0,42.614513664949335,-1.0317633460123143e-07,0.0
1428,85740.0,85740,42.61451356179695,42.61451356179695,-7.85811629920143,0.0,42.614513664973785,-1.031768357777056e-07,0.0
1429,85800.0,85800,42.6145135618189,42.6145135618189,-7.203273274269272,0.0,42.614513664996196,-1.0317729519609467e-07,0.0
1430,85860.0,85860,42.614513561838855,42.614513561838855,-6.548430249336778,0.0,42.61451366501657,-1.0317771285464604e-07,0.0
1431,85920.0,85920,42.61451356185682,42.61451356185682,-5.893587224403977,0.0,42.614513665034906,-1.03178088751821e-07,0.0
1432,85980.0,85980,42.61451356187278,42.61451356187278,-5.238744199470901,0.0,42.614513665051206,-1.0317842288619245e-07,0.0
1433,86040.0,86040,42.61451356188675,42.61451356188675,-4.58390117453758,0.0,42.614513665065466,-1.0317871525651489e-07,0.0
1434,86100.0,86100,42.614513561898725,42.614513561898725,-3.9290581496040446,0.0,42.614513665077695,-1.031789658616746e-07,0.0
1435,86160.0,86160,42.61451356190871,42.61451356190871,-3.2742151246703255,0.0,42.614513665087884,-1.0317917470076641e-07,0.0
1436,86220.0,86220,42.61451356191669,42.61451356191669,-2.619372099736453,0.0,42.614513665096034,-1.0317934177296309e-07,0.0
1437,86280.0,86280,42.614513561922685,42.614513561922685,-1.9645290748024584,0.0,42.61451366510215,-1.0317946707765398e-07,0.0
1438,86340.0,86340,42.61451356192667,42.61451356192667,-1.3096860498683718,0.0,42.61451366510622,-1.0317955061438719e-07,0.0
1439,86400.0,86400,42.61451356192867,42.61451356192867,-0.654843024934224,0.0,42.61451366510826,-1.0317959238282373e-07,0.0
1440,,86460,,,,,,,
