,time,time_x,P_Grid,P_BTMS,E_BTMS,P_Charge,P_BTMS_Ch,P_BTMS_DCh,"param: btms size, a,b_sys,b_cap,b_loan,c"
0,60.0,60,33.25886773929704,33.25886773929704,51.28795361148158,0.0,33.25886782908183,8.97847903905587e-08,358.37056571433124
1,120.0,120,33.25886774416449,33.25886774416449,51.759120904230485,0.0,33.25886783398117,8.981667839614055e-08,0.26301369863013696
2,180.0,180,33.258867749006804,33.258867749006804,52.23028819704827,0.0,33.25886783885517,8.984836710089075e-08,0.04323985936321764
3,240.0,240,33.258867753824404,33.258867753824404,52.70145548993457,0.0,33.258867843704266,8.987985791486879e-08,0.023148148148148147
4,300.0,300,33.25886775861769,33.25886775861769,53.17262278288904,0.0,33.25886784852884,8.991115223351433e-08,0.009341992564003648
5,360.0,360,33.25886776338706,33.25886776338706,53.64379007591133,0.0,33.25886785332931,8.994225143751688e-08,0.12
6,420.0,420,33.25886776813289,33.25886776813289,54.114957369001125,0.0,33.25886785810605,8.997315689272898e-08,0.0
7,480.0,480,33.25886777285557,33.25886777285557,54.58612466215807,0.0,33.25886786285943,9.000386995007843e-08,0.0
8,540.0,540,33.25886777755543,33.25886777755543,55.05729195538184,0.0,33.25886786758982,9.003439194552291e-08,0.0
9,600.0,600,33.25886778223285,33.25886778223285,55.52845924867212,0.0,33.25886787229757,9.006472420001044e-08,0.0
10,660.0,660,33.258867786888146,33.258867786888146,55.99962654202858,0.0,33.25886787698302,9.009486801944991e-08,0.0
11,720.0,720,33.258867791521666,33.25886779152166,56.47079383545091,0.0,33.25886788164648,9.01248246947001e-08,0.0
12,780.0,780,33.258867796133714,33.258867796133714,56.941961128938814,0.0,33.25886788628831,9.015459550157464e-08,0.0
13,840.0,840,33.258867800724616,33.258867800724616,57.41312842249199,0.0,33.258867890908796,9.01841817008559e-08,0.0
14,900.0,900,33.25886780529466,33.25886780529466,57.884295716110124,0.0,33.258867895508246,9.021358453836102e-08,0.0
15,960.0,960,33.25886780984415,33.25886780984415,58.35546300979292,0.0,33.258867900086955,9.024280524491826e-08,0.0
16,1020.0,1020,33.25886781437336,33.25886781437336,58.8266303035401,0.0,33.25886790464521,9.027184503647845e-08,0.0
17,1080.0,1080,33.25886781888257,33.25886781888257,59.29779759735136,0.0,33.25886790918328,9.030070511416735e-08,0.0
18,1140.0,1140,33.25886782337206,33.25886782337206,59.768964891226446,0.0,33.25886791370144,9.032938666433393e-08,0.0
19,1200.0,1200,33.25886782784206,33.25886782784206,60.24013218516505,0.0,33.258867918199954,9.035789085867869e-08,0.0
20,1260.0,1260,33.25886783229284,33.25886783229284,60.711299479166904,0.0,33.25886792267906,9.038621885429702e-08,0.0
21,1320.0,1320,33.25886783672465,33.25886783672465,61.18246677323174,0.0,33.25886792713902,9.041437179379564e-08,0.0
22,1380.0,1380,33.258867841137715,33.258867841137715,61.6536340673593,0.0,33.25886793158006,9.044235080544258e-08,0.0
23,1440.0,1440,33.25886784553227,33.25886784553227,62.1248013615493,0.0,33.258867936002424,9.047015700318887e-08,0.0
24,1500.0,1500,33.25886784990854,33.25886784990854,62.59596865580149,0.0,33.258867940406326,9.049779148686885e-08,0.0
25,1560.0,1560,33.258867854266725,33.258867854266725,63.067135950115606,0.0,33.25886794479198,9.05252553422919e-08,0.0
26,1620.0,1620,33.25886785860706,33.25886785860706,63.5383032444914,0.0,33.25886794915961,9.055254964135095e-08,0.0
27,1680.0,1680,33.25886786292973,33.25886786292973,64.00947053892861,0.0,33.2588679535094,9.057967544221101e-08,0.0
28,1740.0,1740,33.25886786723493,33.25886786723493,64.48063783342698,0.0,33.25886795784157,9.060663378939196e-08,0.0
29,1800.0,1800,33.25886787152287,33.25886787152287,64.95180512798629,0.0,33.258867962156295,9.063342571390869e-08,0.0
30,1860.0,1860,33.25886787579371,33.25886787579371,65.42297242260626,0.0,33.258867966453764,9.066005223346742e-08,0.0
31,1920.0,1920,33.258867880047646,33.258867880047646,65.89413971728669,0.0,33.25886797073416,9.068651435255651e-08,0.0
32,1980.0,1980,33.25886788428485,33.25886788428485,66.36530701202732,0.0,33.258867974997656,9.071281306262006e-08,0.0
33,2040.0,2040,33.25886788850547,33.25886788850547,66.83647430682788,0.0,33.258867979244414,9.073894934220988e-08,0.0
34,2100.0,2100,33.25886789270968,33.25886789270968,67.30764160168818,0.0,33.25886798347461,9.076492415712557e-08,0.0
35,2160.0,2160,33.25886789689765,33.25886789689765,67.77880889660798,0.0,33.25886798768838,9.079073846055763e-08,0.0
36,2220.0,2220,33.258867901069515,33.258867901069515,68.24997619158704,0.0,33.2588679918859,9.081639319328272e-08,0.0
37,2280.0,2280,33.258867905225415,33.258867905225415,68.72114348662514,0.0,33.2588679960673,9.084188928377132e-08,0.0
38,2340.0,2340,33.25886790936551,33.25886790936551,69.19231078172204,0.0,33.25886800023274,9.086722764837706e-08,0.0
39,2400.0,2400,33.25886791348993,33.25886791348993,69.66347807687755,0.0,33.258868004382336,9.089240919146208e-08,0.0
40,2460.0,2460,33.2588679175988,33.2588679175988,70.13464537209141,0.0,33.25886800851623,9.09174348055825e-08,0.0
41,2520.0,2520,33.25886792169225,33.25886792169225,70.60581266736342,0.0,33.25886801263455,9.094230537162852e-08,0.0
42,2580.0,2580,33.2588679257704,33.2588679257704,71.07697996269336,0.0,33.25886801673742,9.096702175898131e-08,0.0
43,2640.0,2640,33.25886792983337,33.25886792983337,71.54814725808102,0.0,33.258868020824956,9.099158482565901e-08,0.0
44,2700.0,2700,33.25886793388128,33.25886793388128,72.01931455352616,0.0,33.258868024897275,9.101599541849827e-08,0.0
45,2760.0,2760,33.25886793791423,33.25886793791423,72.4904818490286,0.0,33.25886802895448,9.104025437326674e-08,0.0
46,2820.0,2820,33.25886794193232,33.25886794193232,72.9616491445881,0.0,33.25886803299669,9.106436251485154e-08,0.0
47,2880.0,2880,33.25886794593567,33.25886794593567,73.43281644020446,0.0,33.25886803702399,9.10883206574032e-08,0.0
48,2940.0,2940,33.25886794992436,33.25886794992436,73.90398373587749,0.0,33.258868041036486,9.111212960446805e-08,0.0
49,3000.0,3000,33.25886795389849,33.25886795389849,74.37515103160696,0.0,33.258868045034276,9.113579014914393e-08,0.0
50,3060.0,3060,33.25886795785814,33.25886795785814,74.84631832739267,0.0,33.258868049017444,9.115930307424997e-08,0.0
51,3120.0,3120,33.25886796180341,33.25886796180341,75.31748562323442,0.0,33.258868052986074,9.118266915244108e-08,0.0
52,3180.0,3180,33.25886796573437,33.25886796573437,75.78865291913199,0.0,33.25886805694026,9.120588914637166e-08,0.0
53,3240.0,3240,33.2588679696511,33.25886796965109,76.2598202150852,0.0,33.25886806088006,9.122896380884064e-08,0.0
54,3300.0,3300,33.25886797355367,33.25886797355367,76.73098751109384,0.0,33.25886806480557,9.125189388291682e-08,0.0
55,3360.0,3360,33.258867977442165,33.258867977442165,77.20215480715771,0.0,33.25886806871684,9.127468010209672e-08,0.0
56,3420.0,3420,33.25886798131664,33.25886798131664,77.6733221032766,0.0,33.25886807261396,9.129732319043084e-08,0.0
57,3480.0,3480,33.258867985177154,33.258867985177154,78.14448939945034,0.0,33.25886807649698,9.131982386265986e-08,0.0
58,3540.0,3540,33.258867989023784,33.258867989023784,78.61565669567871,0.0,33.25886808036597,9.134218282436359e-08,0.0
59,3600.0,3600,33.25886799285658,33.25886799285658,79.08682399196151,0.0,33.25886808422098,9.136440077206752e-08,0.0
60,3660.0,3660,33.2588679966756,33.2588679966756,79.55799128829855,0.0,33.25886808806207,9.138647839340957e-08,0.0
61,3720.0,3720,33.25886800048088,33.25886800048088,80.02915858468965,0.0,33.25886809188929,9.140841636723288e-08,0.0
62,3780.0,3780,33.25886800427248,33.25886800427248,80.50032588113459,0.0,33.258868095702695,9.143021536373469e-08,0.0
63,3840.0,3840,33.25886800805044,33.25886800805044,80.97149317763319,0.0,33.25886809950232,9.145187604458978e-08,0.0
64,3900.0,3900,33.25886801181482,33.25886801181482,81.44266047418526,0.0,33.258868103288215,9.147339906306186e-08,0.0
65,3960.0,3960,33.25886801556563,33.25886801556563,81.9138277707906,0.0,33.25886810706042,9.149478506413587e-08,0.0
66,4020.0,4020,33.25886801930293,33.25886801930293,82.38499506744904,0.0,33.258868110818966,9.151603468464318e-08,0.0
67,4080.0,4080,33.25886802302674,33.25886802302674,82.85616236416035,0.0,33.258868114563896,9.153714855336532e-08,0.0
68,4140.0,4140,33.258868026737105,33.258868026737105,83.32732966092438,0.0,33.25886811829523,9.155812729114432e-08,0.0
69,4200.0,4200,33.25886803043404,33.25886803043404,83.7984969577409,0.0,33.258868122013006,9.157897151102297e-08,0.0
70,4260.0,4260,33.258868034117576,33.258868034117576,84.26966425460974,0.0,33.25886812571726,9.15996818183345e-08,0.0
71,4320.0,4320,33.25886803778773,33.25886803778773,84.74083155153075,0.0,33.25886812940799,9.162025881081803e-08,0.0
72,4380.0,4380,33.258868041444536,33.258868041444536,85.21199884850367,0.0,33.25886813308524,9.164070307873898e-08,0.0
73,4440.0,4440,33.258868045088,33.258868045088,85.68316614552835,0.0,33.25886813674901,9.166101520496402e-08,0.0
74,4500.0,4500,33.25886804871814,33.25886804871814,86.1543334426046,0.0,33.258868140399336,9.168119576510316e-08,0.0
75,4560.0,4560,33.258868052334975,33.258868052334975,86.6255007397322,0.0,33.25886814403622,9.170124532759753e-08,0.0
76,4620.0,4620,33.258868055938514,33.258868055938514,87.09666803691101,0.0,33.25886814765968,9.172116445379936e-08,0.0
77,4680.0,4680,33.258868059528766,33.258868059528766,87.56783533414082,0.0,33.258868151269716,9.174095369810117e-08,0.0
78,4740.0,4740,33.25886806310572,33.25886806310572,88.03900263142144,0.0,33.25886815486634,9.176061360802754e-08,0.0
79,4800.0,4800,33.258868066669415,33.258868066669415,88.51016992875269,0.0,33.25886815844956,9.178014472432588e-08,0.0
80,4860.0,4860,33.258868070219826,33.258868070219826,88.98133722613437,0.0,33.25886816201937,9.17995475810365e-08,0.0
81,4920.0,4920,33.258868073756965,33.25886807375696,89.45250452356632,0.0,33.258868165575784,9.181882270563865e-08,0.0
82,4980.0,4980,33.258868077280816,33.258868077280816,89.92367182104832,0.0,33.258868169118784,9.183797061910172e-08,0.0
83,5040.0,5040,33.25886808079139,33.25886808079139,90.39483911858018,0.0,33.25886817264838,9.185699183596923e-08,0.0
84,5100.0,5100,33.25886808428868,33.25886808428868,90.86600641616174,0.0,33.25886817616456,9.187588686447914e-08,0.0
85,5160.0,5160,33.25886808777267,33.25886808777266,91.33717371379278,0.0,33.25886817966732,9.189465620662404e-08,0.0
86,5220.0,5220,33.25886809124335,33.25886809124334,91.80834101147315,0.0,33.25886818315665,9.191330035823104e-08,0.0
87,5280.0,5280,33.25886809470071,33.25886809470071,92.27950830920263,0.0,33.25886818663253,9.193181980907725e-08,0.0
88,5340.0,5340,33.25886809814474,33.25886809814474,92.75067560698103,0.0,33.25886819009495,9.19502150429401e-08,0.0
89,5400.0,5400,33.25886810157542,33.258868101575416,93.2218429048082,0.0,33.25886819354391,9.196848653767721e-08,0.0
90,5460.0,5460,33.258868104992736,33.258868104992736,93.69301020268392,0.0,33.25886819697937,9.1986634765332e-08,0.0
91,5520.0,5520,33.25886810839667,33.25886810839667,94.16417750060799,0.0,33.258868200401324,9.200466019218894e-08,0.0
92,5580.0,5580,33.25886811178719,33.25886811178719,94.63534479858025,0.0,33.25886820380975,9.202256327884552e-08,0.0
93,5640.0,5640,33.25886811516428,33.25886811516428,95.1065120966005,0.0,33.25886820720463,9.204034448031199e-08,0.0
94,5700.0,5700,33.25886811852792,33.25886811852792,95.57767939466854,0.0,33.25886821058593,9.205800424603794e-08,0.0
95,5760.0,5760,33.25886812187808,33.25886812187808,96.04884669278417,0.0,33.25886821395363,9.207554302004353e-08,0.0
96,5820.0,5820,33.25886812521474,33.25886812521474,96.52001399094723,0.0,33.2588682173077,9.209296124094512e-08,0.0
97,5880.0,5880,33.258868128537856,33.258868128537856,96.99118128915752,0.0,33.25886822064812,9.211025934204907e-08,0.0
98,5940.0,5940,33.25886813184741,33.25886813184741,97.46234858741487,0.0,33.258868223974844,9.212743775138323e-08,0.0
99,6000.0,6000,33.25886813514336,33.25886813514336,97.93351588571902,0.0,33.258868227287856,9.214449689183611e-08,0.0
100,6060.0,6060,33.258868138425676,33.258868138425676,98.40468318406984,0.0,33.25886823058711,9.216143718112137e-08,0.0
101,6120.0,6120,33.25886814169433,33.25886814169433,98.8758504824671,0.0,33.25886823387259,9.217825903194841e-08,0.0
102,6180.0,6180,33.25886814494927,33.25886814494927,99.34701778091065,0.0,33.258868237144235,9.219496285199784e-08,0.0
103,6240.0,6240,33.25886814819047,33.25886814819047,99.81818507940027,0.0,33.25886824040202,9.221154904403684e-08,0.0
104,6300.0,6300,33.25886815141789,33.25886815141789,100.28935237793574,0.0,33.25886824364591,9.222801800596255e-08,0.0
105,6360.0,6360,33.258868154631486,33.258868154631486,100.76051967651689,0.0,33.258868246875856,9.224437013086133e-08,0.0
106,6420.0,6420,33.258868157831216,33.258868157831216,101.23168697514356,0.0,33.25886825009182,9.226060580706595e-08,0.0
107,6480.0,6480,33.25886816101704,33.25886816101704,101.70285427381549,0.0,33.25886825329376,9.227672541823059e-08,0.0
108,6540.0,6540,33.25886816418891,33.25886816418891,102.17402157253252,0.0,33.258868256481634,9.229272934335644e-08,0.0
109,6600.0,6600,33.258868167346776,33.258868167346776,102.64518887129445,0.0,33.258868259655394,9.230861795688058e-08,0.0
110,6660.0,6660,33.258868170490594,33.258868170490594,103.11635617010107,0.0,33.258868262814985,9.232439162871442e-08,0.0
111,6720.0,6720,33.25886817362033,33.25886817362033,103.5875234689522,0.0,33.25886826596037,9.234005072428903e-08,0.0
112,6780.0,6780,33.25886817673591,33.25886817673591,104.05869076784761,0.0,33.25886826909151,9.235559560463713e-08,0.0
113,6840.0,6840,33.2588681798373,33.2588681798373,104.52985806678714,0.0,33.258868272208325,9.237102662640981e-08,0.0
114,6900.0,6900,33.258868182924445,33.258868182924445,105.00102536577056,0.0,33.25886827531079,9.238634414196432e-08,0.0
115,6960.0,6960,33.25886818599729,33.25886818599729,105.47219266479766,0.0,33.25886827839883,9.240154849937104e-08,0.0
116,7020.0,7020,33.258868189055775,33.258868189055775,105.94335996386826,0.0,33.25886828147242,9.241664004252487e-08,0.0
117,7080.0,7080,33.25886819209986,33.25886819209986,106.41452726298216,0.0,33.25886828453148,9.243161911112662e-08,0.0
118,7140.0,7140,33.25886819512948,33.25886819512948,106.88569456213914,0.0,33.25886828757597,9.244648604077365e-08,0.0
119,7200.0,7200,33.25886819814458,33.25886819814458,107.35686186133901,0.0,33.25886829060582,9.246124116300136e-08,0.0
120,7260.0,7260,33.258868201145106,33.258868201145106,107.82802916058155,0.0,33.258868293620985,9.247588480531975e-08,0.0
121,7320.0,7320,33.25886820413099,33.25886820413099,108.29919645986656,0.0,33.25886829662141,9.24904172912745e-08,0.0
122,7380.0,7380,33.258868207102175,33.258868207102175,108.77036375919384,0.0,33.258868299607016,9.250483894046277e-08,0.0
123,7440.0,7440,33.25886821005861,33.25886821005861,109.24153105856317,0.0,33.25886830257775,9.251915006862012e-08,0.0
124,7500.0,7500,33.25886821300022,33.25886821300022,109.71269835797435,0.0,33.25886830553357,9.253335098762729e-08,0.0
125,7560.0,7560,33.25886821592695,33.25886821592695,110.18386565742716,0.0,33.2588683084744,9.254744200556946e-08,0.0
126,7620.0,7620,33.25886821883874,33.25886821883874,110.65503295692142,0.0,33.258868311400164,9.256142342679052e-08,0.0
127,7680.0,7680,33.258868221735526,33.258868221735526,111.12620025645688,0.0,33.25886831431082,9.257529555190492e-08,0.0
128,7740.0,7740,33.258868224617224,33.258868224617224,111.59736755603333,0.0,33.258868317206286,9.258905867786665e-08,0.0
129,7800.0,7800,33.258868227483795,33.258868227483795,112.06853485565058,0.0,33.258868320086506,9.260271309799698e-08,0.0
130,7860.0,7860,33.25886823033516,33.25886823033516,112.53970215530839,0.0,33.25886832295142,9.261625910201596e-08,0.0
131,7920.0,7920,33.258868233171256,33.258868233171256,113.0108694550066,0.0,33.258868325800954,9.262969697611052e-08,0.0
132,7980.0,7980,33.25886823599201,33.25886823599201,113.48203675474494,0.0,33.25886832863504,9.264302700295123e-08,0.0
133,8040.0,8040,33.258868238797355,33.258868238797355,113.95320405452318,0.0,33.258868331453606,9.265624946171502e-08,0.0
134,8100.0,8100,33.25886824158723,33.25886824158723,114.42437135434116,0.0,33.2588683342566,9.266936462817e-08,0.0
135,8160.0,8160,33.25886824436156,33.25886824436156,114.89553865419862,0.0,33.25886833704393,9.268237277467053e-08,0.0
136,8220.0,8220,33.25886824712026,33.25886824712026,115.36670595409532,0.0,33.258868339815535,9.269527417021054e-08,0.0
137,8280.0,8280,33.25886824986328,33.25886824986328,115.8378732540311,0.0,33.25886834257136,9.270806908044912e-08,0.0
138,8340.0,8340,33.25886825259055,33.25886825259055,116.30904055400572,0.0,33.25886834531131,9.272075776777567e-08,0.0
139,8400.0,8400,33.25886825530199,33.25886825530199,116.78020785401893,0.0,33.25886834803533,9.273334049130594e-08,0.0
140,8460.0,8460,33.25886825799753,33.25886825799753,117.25137515407052,0.0,33.25886835074334,9.27458175069403e-08,0.0
141,8520.0,8520,33.25886826067708,33.25886826067708,117.72254245416026,0.0,33.25886835343527,9.275818906738238e-08,0.0
142,8580.0,8580,33.258868263340595,33.25886826334059,118.19370975428794,0.0,33.258868356111044,9.277045542221317e-08,0.0
143,8640.0,8640,33.25886826598798,33.25886826598798,118.66487705445333,0.0,33.25886835877059,9.278261681784851e-08,0.0
144,8700.0,8700,33.25886826861917,33.25886826861917,119.13604435465618,0.0,33.25886836141384,9.279467349764866e-08,0.0
145,8760.0,8760,33.258868271234086,33.258868271234086,119.60721165489626,0.0,33.25886836404071,9.280662570190846e-08,0.0
146,8820.0,8820,33.25886827383266,33.25886827383266,120.07837895517338,0.0,33.258868366651136,9.281847366789175e-08,0.0
147,8880.0,8880,33.25886827641481,33.25886827641481,120.54954625548729,0.0,33.25886836924502,9.28302176298917e-08,0.0
148,8940.0,8940,33.25886827898046,33.25886827898046,121.02071355583772,0.0,33.25886837182232,9.284185781922474e-08,0.0
149,9000.0,9000,33.25886828152954,33.25886828152954,121.49188085622448,0.0,33.25886837438293,9.285339446425536e-08,0.0
150,9060.0,9060,33.25886828406196,33.25886828406196,121.96304815664733,0.0,33.25886837692679,9.286482779049076e-08,0.0
151,9120.0,9120,33.25886828657766,33.25886828657766,122.43421545710602,0.0,33.25886837945382,9.287615802054037e-08,0.0
152,9180.0,9180,33.25886828907655,33.25886828907655,122.90538275760034,0.0,33.25886838196394,9.288738537416723e-08,0.0
153,9240.0,9240,33.258868291558564,33.258868291558564,123.37655005813002,0.0,33.258868384457074,9.28985100683442e-08,0.0
154,9300.0,9300,33.258868294023614,33.258868294023614,123.84771735869481,0.0,33.258868386933145,9.290953231723021e-08,0.0
155,9360.0,9360,33.25886829647163,33.25886829647163,124.31888465929451,0.0,33.25886838939208,9.292045233224735e-08,0.0
156,9420.0,9420,33.25886829890253,33.25886829890253,124.79005195992886,0.0,33.25886839183379,9.293127032208764e-08,0.0
157,9480.0,9480,33.25886830131623,33.25886830131623,125.26121926059764,0.0,33.258868394258215,9.294198649272891e-08,0.0
158,9540.0,9540,33.25886830371265,33.25886830371265,125.73238656130057,0.0,33.25886839666526,9.295260104748314e-08,0.0
159,9600.0,9600,33.258868306091735,33.258868306091735,126.20355386203744,0.0,33.25886839905485,9.296311418702993e-08,0.0
160,9660.0,9660,33.25886830845338,33.25886830845338,126.67472116280796,0.0,33.25886840142691,9.297352610938501e-08,0.0
161,9720.0,9720,33.25886831079752,33.25886831079752,127.14588846361193,0.0,33.25886840378135,9.298383701000972e-08,0.0
162,9780.0,9780,33.25886831312407,33.25886831312407,127.61705576444908,0.0,33.25886840611811,9.299404708177153e-08,0.0
163,9840.0,9840,33.25886831543295,33.25886831543295,128.08822306531917,0.0,33.2588684084371,9.300415651500921e-08,0.0
164,9900.0,9900,33.25886831772408,33.25886831772408,128.55939036622192,0.0,33.258868410738245,9.301416549752192e-08,0.0
165,9960.0,9960,33.25886831999739,33.25886831999739,129.03055766715713,0.0,33.25886841302146,9.302407421462448e-08,0.0
166,10020.0,10020,33.258868322252795,33.258868322252795,129.50172496812448,0.0,33.25886841528668,9.30338828491691e-08,0.0
167,10080.0,10080,33.258868324490216,33.258868324490216,129.9728922691238,0.0,33.258868417533805,9.304359158153845e-08,0.0
168,10140.0,10140,33.25886832670957,33.25886832670957,130.44405957015476,0.0,33.25886841976277,9.305320058971469e-08,0.0
169,10200.0,10200,33.258868328910786,33.258868328910786,130.9152268712172,0.0,33.25886842197349,9.306271004925196e-08,0.0
170,10260.0,10260,33.25886833109377,33.25886833109377,131.38639417231073,0.0,33.25886842416589,9.307212013335812e-08,0.0
171,10320.0,10320,33.25886833325846,33.25886833325846,131.8575614734352,0.0,33.258868426339895,9.308143101285935e-08,0.0
172,10380.0,10380,33.25886833540478,33.25886833540478,132.3287287745903,0.0,33.25886842849542,9.30906428562642e-08,0.0
173,10440.0,10440,33.258868337532626,33.258868337532626,132.7998960757758,0.0,33.25886843063238,9.309975582976662e-08,0.0
174,10500.0,10500,33.25886833964194,33.25886833964194,133.2710633769914,0.0,33.25886843275071,9.310877009726959e-08,0.0
175,10560.0,10560,33.25886834173264,33.25886834173264,133.74223067823687,0.0,33.25886843485033,9.311768582041471e-08,0.0
176,10620.0,10620,33.25886834380464,33.25886834380464,134.21339797951194,0.0,33.258868436931145,9.312650315859114e-08,0.0
177,10680.0,10680,33.25886834585788,33.25886834585787,134.68456528081632,0.0,33.2588684389931,9.31352222689612e-08,0.0
178,10740.0,10740,33.25886834789225,33.25886834789225,135.15573258214977,0.0,33.25886844103609,9.314384330649195e-08,0.0
179,10800.0,10800,33.25886834990771,33.2588683499077,135.62689988351204,0.0,33.258868443060074,9.315236642395422e-08,0.0
180,10860.0,10860,33.25886835190415,33.25886835190415,136.09806718490282,0.0,33.25886844506494,9.316079177196602e-08,0.0
181,10920.0,10920,33.25886835388151,33.25886835388151,136.56923448632188,0.0,33.25886844705063,9.316911949899942e-08,0.0
182,10980.0,10980,33.25886835583971,33.25886835583971,137.04040178776893,0.0,33.25886844901706,9.317734975139243e-08,0.0
183,11040.0,11040,33.25886835777867,33.25886835777867,137.51156908924366,0.0,33.25886845096415,9.318548267337557e-08,0.0
184,11100.0,11100,33.25886835969831,33.25886835969831,137.98273639074588,0.0,33.25886845289183,9.319351840710654e-08,0.0
185,11160.0,11160,33.25886836159857,33.25886836159857,138.45390369227528,0.0,33.25886845480003,9.320145709267497e-08,0.0
186,11220.0,11220,33.25886836347936,33.25886836347936,138.92507099383155,0.0,33.25886845668866,9.320929886811243e-08,0.0
187,11280.0,11280,33.258868365340604,33.258868365340604,139.3962382954145,0.0,33.25886845855764,9.321704386941506e-08,0.0
188,11340.0,11340,33.25886836718223,33.25886836718223,139.86740559702372,0.0,33.25886846040692,9.32246922305781e-08,0.0
189,11400.0,11400,33.25886836900417,33.25886836900417,140.33857289865907,0.0,33.25886846223641,9.323224408359296e-08,0.0
190,11460.0,11460,33.25886837080633,33.25886837080633,140.8097402003202,0.0,33.25886846404603,9.323969955847583e-08,0.0
191,11520.0,11520,33.25886837258866,33.25886837258866,141.2809075020068,0.0,33.25886846583572,9.324705878327553e-08,0.0
192,11580.0,11580,33.25886837435107,33.25886837435107,141.75207480371867,0.0,33.25886846760539,9.325432188411696e-08,0.0
193,11640.0,11640,33.25886837609349,33.25886837609349,142.22324210545548,0.0,33.25886846935498,9.326148898516952e-08,0.0
194,11700.0,11700,33.258868377815844,33.258868377815844,142.69440940721697,0.0,33.258868471084405,9.32685602087142e-08,0.0
195,11760.0,11760,33.25886837951808,33.25886837951808,143.16557670900283,0.0,33.25886847279361,9.32755356751209e-08,0.0
196,11820.0,11820,33.258868381200095,33.258868381200095,143.6367440108128,0.0,33.25886847448251,9.328241550290168e-08,0.0
197,11880.0,11880,33.258868382861834,33.258868382861834,144.10791131264656,0.0,33.25886847615104,9.328919980868314e-08,0.0
198,11940.0,11940,33.25886838450323,33.25886838450323,144.57907861450386,0.0,33.25886847779912,9.329588870724888e-08,0.0
199,12000.0,12000,33.258868386124206,33.258868386124206,145.0502459163844,0.0,33.25886847942669,9.3302482311573e-08,0.0
200,12060.0,12060,33.258868387724696,33.258868387724696,145.52141321828788,0.0,33.25886848103367,9.330898073277966e-08,0.0
201,12120.0,12120,33.258868389304624,33.258868389304624,145.992580520214,0.0,33.25886848262001,9.331538408022699e-08,0.0
202,12180.0,12180,33.25886839086393,33.25886839086393,146.4637478221625,0.0,33.25886848418562,9.332169246144289e-08,0.0
203,12240.0,12240,33.25886839240255,33.25886839240254,146.93491512413308,0.0,33.258868485730446,9.332790598221585e-08,0.0
204,12300.0,12300,33.258868393920395,33.258868393920395,147.40608242612547,0.0,33.25886848725442,9.333402474655246e-08,0.0
205,12360.0,12360,33.258868395417416,33.258868395417416,147.8772497281393,0.0,33.258868488757464,9.334004885674363e-08,0.0
206,12420.0,12420,33.25886839689354,33.25886839689354,148.34841703017435,0.0,33.258868490239514,9.334597841331216e-08,0.0
207,12480.0,12480,33.2588683983487,33.2588683983487,148.8195843322303,0.0,33.25886849170052,9.335181351509574e-08,0.0
208,12540.0,12540,33.25886839978285,33.25886839978285,149.29075163430682,0.0,33.2588684931404,9.335755425920246e-08,0.0
209,12600.0,12600,33.25886840119589,33.25886840119589,149.76191893640365,0.0,33.258868494559096,9.336320074105922e-08,0.0
210,12660.0,12660,33.258868402587794,33.258868402587794,150.23308623852049,0.0,33.25886849595655,9.336875305441071e-08,0.0
211,12720.0,12720,33.25886840395847,33.25886840395847,150.70425354065702,0.0,33.258868497332685,9.337421129133714e-08,0.0
212,12780.0,12780,33.25886840530788,33.25886840530788,151.17542084281297,0.0,33.258868498687455,9.337957554226614e-08,0.0
213,12840.0,12840,33.25886840663594,33.25886840663594,151.64658814498802,0.0,33.25886850002079,9.338484589597966e-08,0.0
214,12900.0,12900,33.2588684079426,33.2588684079426,152.11775544718185,0.0,33.25886850133263,9.339002243963466e-08,0.0
215,12960.0,12960,33.25886840922781,33.25886840922781,152.58892274939421,0.0,33.25886850262291,9.339510525875715e-08,0.0
216,13020.0,13020,33.25886841049149,33.25886841049149,153.06009005162474,0.0,33.258868503891584,9.340009443729164e-08,0.0
217,13080.0,13080,33.258868411733594,33.258868411733594,153.5312573538732,0.0,33.25886850513859,9.340499005754579e-08,0.0
218,13140.0,13140,33.258868412954065,33.258868412954065,154.0024246561392,0.0,33.25886850636386,9.340979220028813e-08,0.0
219,13200.0,13200,33.25886841415284,33.25886841415284,154.4735919584225,0.0,33.25886850756734,9.341450094467697e-08,0.0
220,13260.0,13260,33.25886841532987,33.25886841532987,154.94475926072278,0.0,33.25886850874899,9.341911636833153e-08,0.0
221,13320.0,13320,33.2588684164851,33.2588684164851,155.4159265630397,0.0,33.25886850990873,9.342363854730817e-08,0.0
222,13380.0,13380,33.258868417618466,33.258868417618466,155.887093865373,0.0,33.25886851104653,9.342806755611031e-08,0.0
223,13440.0,13440,33.25886841872992,33.25886841872992,156.3582611677223,0.0,33.25886851216232,9.343240346773676e-08,0.0
224,13500.0,13500,33.258868419819414,33.258868419819414,156.82942847008738,0.0,33.258868513256054,9.343664635363041e-08,0.0
225,13560.0,13560,33.258868420886884,33.258868420886884,157.30059577246786,0.0,33.25886851432768,9.344079628375025e-08,0.0
226,13620.0,13620,33.2588684219323,33.25886842193229,157.77176307486346,0.0,33.258868515377145,9.34448533265329e-08,0.0
227,13680.0,13680,33.25886842295559,33.25886842295559,158.24293037727386,0.0,33.258868516404405,9.344881754893605e-08,0.0
228,13740.0,13740,33.258868423956706,33.258868423956706,158.71409767969877,0.0,33.2588685174094,9.345268901641373e-08,0.0
229,13800.0,13800,33.25886842493562,33.25886842493562,159.18526498213782,0.0,33.258868518392084,9.345646779295286e-08,0.0
230,13860.0,13860,33.25886842589227,33.25886842589227,159.65643228459075,0.0,33.25886851935242,9.34601539410693e-08,0.0
231,13920.0,13920,33.25886842682661,33.25886842682661,160.1275995870572,0.0,33.258868520290356,9.346374752183053e-08,0.0
232,13980.0,13980,33.2588684277386,33.2588684277386,160.59876688953688,0.0,33.25886852120584,9.346724859483793e-08,0.0
233,14040.0,14040,33.25886842862819,33.25886842862818,161.06993419202948,0.0,33.258868522098844,9.347065721825628e-08,0.0
234,14100.0,14100,33.25886842949533,33.25886842949533,161.5411014945347,0.0,33.25886852296931,9.347397344881192e-08,0.0
235,14160.0,14160,33.25886843034,33.25886843034,162.01226879705214,0.0,33.2588685238172,9.347719734180843e-08,0.0
236,14220.0,14220,33.258868431162135,33.258868431162135,162.48343609958158,0.0,33.258868524642466,9.34803289511168e-08,0.0
237,14280.0,14280,33.25886843196171,33.25886843196171,162.95460340212264,0.0,33.258868525445074,9.348336832921986e-08,0.0
238,14340.0,14340,33.25886843273867,33.25886843273867,163.42577070467505,0.0,33.25886852622499,9.34863155271629e-08,0.0
239,14400.0,14400,33.258868433493,33.258868433493,163.89693800723845,0.0,33.25886852698217,9.348917059460796e-08,0.0
240,14460.0,14460,33.25886843422464,33.25886843422464,164.3681053098125,0.0,33.25886852771657,9.349193357983185e-08,0.0
241,14520.0,14520,33.25886843493356,33.25886843493356,164.83927261239697,0.0,33.25886852842816,9.34946045297005e-08,0.0
242,14580.0,14580,33.258868435619725,33.258868435619725,165.31043991499143,0.0,33.25886852911691,9.349718348973011e-08,0.0
243,14640.0,14640,33.25886843628311,33.25886843628311,165.7816072175956,0.0,33.258868529782774,9.349967050403884e-08,0.0
244,14700.0,14700,33.25886843692366,33.25886843692366,166.25277452020916,0.0,33.25886853042573,9.350206561538434e-08,0.0
245,14760.0,14760,33.258868437541366,33.258868437541366,166.72394182283182,0.0,33.258868531045735,9.350436886516161e-08,0.0
246,14820.0,14820,33.25886843813618,33.25886843813618,167.1951091254632,0.0,33.25886853164276,9.350658029341406e-08,0.0
247,14880.0,14880,33.258868438708085,33.258868438708085,167.666276428103,0.0,33.25886853221679,9.350869993882055e-08,0.0
248,14940.0,14940,33.25886843925704,33.25886843925704,168.1374437307509,0.0,33.25886853276777,9.351072783872603e-08,0.0
249,15000.0,15000,33.25886843978303,33.25886843978303,168.6086110334066,0.0,33.25886853329569,9.351266402912376e-08,0.0
250,15060.0,15060,33.258868440286015,33.258868440286015,169.07977833606967,0.0,33.25886853380052,9.3514508544679e-08,0.0
251,15120.0,15120,33.25886844076597,33.258868440765966,169.55094563873996,0.0,33.25886853428223,9.351626141870925e-08,0.0
252,15180.0,15180,33.25886844122288,33.25886844122288,170.02211294141696,0.0,33.2588685347408,9.351792268321984e-08,0.0
253,15240.0,15240,33.25886844165671,33.25886844165671,170.49328024410045,0.0,33.2588685351762,9.351949236888411e-08,0.0
254,15300.0,15300,33.258868442067445,33.258868442067445,170.9644475467901,0.0,33.25886853558842,9.352097050506418e-08,0.0
255,15360.0,15360,33.25886844245506,33.25886844245506,171.4356148494856,0.0,33.25886853597742,9.352235711978428e-08,0.0
256,15420.0,15420,33.25886844281954,33.25886844281954,171.90678215218654,0.0,33.25886853634319,9.352365223976435e-08,0.0
257,15480.0,15480,33.258868443160864,33.25886844316086,172.37794945489262,0.0,33.25886853668572,9.352485589043579e-08,0.0
258,15540.0,15540,33.258868443479,33.258868443479,172.84911675760355,0.0,33.258868537004965,9.352596809589701e-08,0.0
259,15600.0,15600,33.25886844377395,33.25886844377395,173.32028406031898,0.0,33.258868537300934,9.352698887895203e-08,0.0
260,15660.0,15660,33.25886844404569,33.25886844404569,173.79145136303862,0.0,33.258868537573605,9.352791826110245e-08,0.0
261,15720.0,15720,33.25886844429421,33.25886844429421,174.26261866576206,0.0,33.25886853782296,9.352875626256337e-08,0.0
262,15780.0,15780,33.258868444519486,33.258868444519486,174.73378596848903,0.0,33.258868538048986,9.352950290223171e-08,0.0
263,15840.0,15840,33.25886844472151,33.25886844472151,175.2049532712192,0.0,33.25886853825166,9.353015819773164e-08,0.0
264,15900.0,15900,33.25886844490027,33.25886844490027,175.67612057395226,0.0,33.25886853843099,9.353072216539191e-08,0.0
265,15960.0,15960,33.25886844505576,33.25886844505576,176.1472878766878,0.0,33.25886853858696,9.353119482022803e-08,0.0
266,16020.0,16020,33.25886844518798,33.25886844518798,176.61845517942558,0.0,33.25886853871955,9.353157617600744e-08,0.0
267,16080.0,16080,33.258868445296905,33.258868445296905,177.08962248216523,0.0,33.258868538828764,9.353186624517945e-08,0.0
268,16140.0,16140,33.25886844538253,33.258868445382525,177.5607897849064,0.0,33.25886853891459,9.353206503892258e-08,0.0
269,16200.0,16200,33.258868445444854,33.258868445444854,178.0319570876488,0.0,33.25886853897703,9.35321725671347e-08,0.0
270,16260.0,16260,33.25886844548388,33.25886844548388,178.50312439039212,0.0,33.25886853901606,9.35321888384222e-08,0.0
271,16320.0,16320,33.25886844549959,33.25886844549959,178.97429169313594,0.0,33.2588685390317,9.353211386010094e-08,0.0
272,16380.0,16380,33.25886844549199,33.25886844549199,179.44545899588002,0.0,33.258868539023936,9.353194763821894e-08,0.0
273,16440.0,16440,33.25886844546108,33.25886844546108,179.91662629862395,0.0,33.25886853899277,9.35316901775456e-08,0.0
274,16500.0,16500,33.25886844540686,33.25886844540686,180.38779360136746,0.0,33.2588685389382,9.353134148156273e-08,0.0
275,16560.0,16560,33.25886844532933,33.25886844532933,180.8589609041102,0.0,33.25886853886023,9.35309015524567e-08,0.0
276,16620.0,16620,33.258868445228494,33.25886844522849,181.33012820685184,0.0,33.25886853875886,9.353037039116481e-08,0.0
277,16680.0,16680,33.25886844510435,33.25886844510435,181.80129550959208,0.0,33.2588685386341,9.352974799731017e-08,0.0
278,16740.0,16740,33.25886844495691,33.25886844495691,182.2724628123305,0.0,33.25886853848594,9.352903436925694e-08,0.0
279,16800.0,16800,33.258868444786174,33.258868444786174,182.7436301150669,0.0,33.2588685383144,9.352822950407187e-08,0.0
280,16860.0,16860,33.25886844459216,33.25886844459216,183.21479741780084,0.0,33.25886853811949,9.352733339754008e-08,0.0
281,16920.0,16920,33.25886844437486,33.25886844437486,183.68596472053207,0.0,33.25886853790121,9.352634604416505e-08,0.0
282,16980.0,16980,33.2588684441343,33.2588684441343,184.1571320232602,0.0,33.258868537659566,9.352526743716764e-08,0.0
283,17040.0,17040,33.25886844387048,33.25886844387048,184.62829932598493,0.0,33.25886853739458,9.352409756846538e-08,0.0
284,17100.0,17100,33.25886844358342,33.25886844358342,185.09946662870593,0.0,33.25886853710625,9.352283642869613e-08,0.0
285,17160.0,17160,33.258868443273116,33.258868443273116,185.5706339314229,0.0,33.2588685367946,9.352148400721613e-08,0.0
286,17220.0,17220,33.25886844293961,33.25886844293961,186.0418012341354,0.0,33.258868536459644,9.352004029206544e-08,0.0
287,17280.0,17280,33.258868442582894,33.258868442582894,186.5129685368432,0.0,33.258868536101396,9.351850527000643e-08,0.0
288,17340.0,17340,33.25886844220299,33.25886844220299,186.98413583954598,0.0,33.25886853571987,9.351687892648731e-08,0.0
289,17400.0,17400,33.25886844179992,33.25886844179992,187.45530314224337,0.0,33.25886853531508,9.351516124567364e-08,0.0
290,17460.0,17460,33.25886844137371,33.25886844137371,187.92647044493506,0.0,33.25886853488706,9.351335221041482e-08,0.0
291,17520.0,17520,33.25886844092435,33.25886844092435,188.3976377476207,0.0,33.258868534435805,9.351145180225199e-08,0.0
292,17580.0,17580,33.258868440451906,33.258868440451906,188.86880505029998,0.0,33.25886853396136,9.350946000141504e-08,0.0
293,17640.0,17640,33.25886843995636,33.25886843995636,189.3399723529726,0.0,33.25886853346373,9.350737678683648e-08,0.0
294,17700.0,17700,33.258868439437755,33.258868439437755,189.81113965563821,0.0,33.25886853294296,9.350520213610793e-08,0.0
295,17760.0,17760,33.258868438896116,33.258868438896116,190.28230695829643,0.0,33.25886853239905,9.35029360255128e-08,0.0
296,17820.0,17820,33.25886843833146,33.25886843833146,190.75347426094706,0.0,33.258868531832036,9.350057843002025e-08,0.0
297,17880.0,17880,33.25886843774382,33.25886843774382,191.2246415635896,0.0,33.25886853124195,9.349812932323991e-08,0.0
298,17940.0,17940,33.25886843713322,33.25886843713322,191.6958088662239,0.0,33.25886853062882,9.349558867747902e-08,0.0
299,18000.0,18000,33.2588684364997,33.2588684364997,192.16697616884954,0.0,33.258868529992654,9.349295646368627e-08,0.0
300,18060.0,18060,33.25886843584327,33.25886843584327,192.63814347146618,0.0,33.258868529333505,9.349023265147345e-08,0.0
301,18120.0,18120,33.25886843516398,33.25886843516398,193.10931077407355,0.0,33.2588685286514,9.348741720911248e-08,0.0
302,18180.0,18180,33.25886843446185,33.25886843446185,193.5804780766713,0.0,33.25886852794636,9.348451010350192e-08,0.0
303,18240.0,18240,33.25886843373692,33.25886843373692,194.0516453792591,0.0,33.25886852721843,9.348151130021135e-08,0.0
304,18300.0,18300,33.258868432989225,33.258868432989225,194.52281268183665,0.0,33.25886852646764,9.34784207634152e-08,0.0
305,18360.0,18360,33.25886843221879,33.25886843221879,194.9939799844036,0.0,33.25886852569403,9.34752384559432e-08,0.0
306,18420.0,18420,33.25886843142566,33.25886843142566,195.46514728695965,0.0,33.25886852489762,9.347196433922398e-08,0.0
307,18480.0,18480,33.25886843060988,33.25886843060988,195.93631458950446,0.0,33.25886852407847,9.346859837333554e-08,0.0
308,18540.0,18540,33.258868429771475,33.258868429771475,196.4074818920378,0.0,33.258868523236615,9.346514051694203e-08,0.0
309,18600.0,18600,33.25886842891049,33.25886842891049,196.8786491945592,0.0,33.25886852237208,9.346159072732529e-08,0.0
310,18660.0,18660,33.258868428026965,33.258868428026965,197.3498164970684,0.0,33.258868521484914,9.345794896035829e-08,0.0
311,18720.0,18720,33.258868427120944,33.258868427120944,197.82098379956508,0.0,33.25886852057516,9.345421517051396e-08,0.0
312,18780.0,18780,33.25886842619247,33.25886842619247,198.292151102049,0.0,33.25886851964286,9.345038931085534e-08,0.0
313,18840.0,18840,33.25886842524159,33.25886842524159,198.76331840451968,0.0,33.25886851868806,9.344647133299213e-08,0.0
314,18900.0,18900,33.258868424268336,33.258868424268336,199.23448570697698,0.0,33.258868517710795,9.344246118714296e-08,0.0
315,18960.0,18960,33.258868423272766,33.258868423272766,199.7056530094205,0.0,33.258868516711125,9.343835882206319e-08,0.0
316,19020.0,19020,33.25886842225492,33.25886842225492,200.17682031184992,0.0,33.25886851568909,9.343416418506974e-08,0.0
317,19080.0,19080,33.25886842121485,33.25886842121485,200.6479876142649,0.0,33.258868514644725,9.342987722202422e-08,0.0
318,19140.0,19140,33.2588684201526,33.2588684201526,201.11915491666517,0.0,33.2588685135781,9.342549787733498e-08,0.0
319,19200.0,19200,33.258868419068236,33.258868419068236,201.59032221905042,0.0,33.25886851248926,9.342102609390962e-08,0.0
320,19260.0,19260,33.258868417961786,33.258868417961786,202.06148952142033,0.0,33.258868511378246,9.34164618132252e-08,0.0
321,19320.0,19320,33.25886841683331,33.25886841683331,202.53265682377452,0.0,33.258868510245115,9.341180497522453e-08,0.0
322,19380.0,19380,33.25886841568287,33.25886841568287,203.00382412611276,0.0,33.25886850908992,9.340705551837348e-08,0.0
323,19440.0,19440,33.2588684145105,33.2588684145105,203.47499142843472,0.0,33.258868507912716,9.340221337963523e-08,0.0
324,19500.0,19500,33.25886841331628,33.25886841331628,203.9461587307401,0.0,33.258868506713554,9.339727849443975e-08,0.0
325,19560.0,19560,33.25886841210024,33.25886841210024,204.41732603302853,0.0,33.258868505492494,9.339225079670649e-08,0.0
326,19620.0,19620,33.258868410862455,33.258868410862455,204.88849333529978,0.0,33.258868504249584,9.338713021879702e-08,0.0
327,19680.0,19680,33.258868409602975,33.258868409602975,205.3596606375535,0.0,33.25886850298489,9.33819166915584e-08,0.0
328,19740.0,19740,33.25886840832186,33.25886840832185,205.8308279397894,0.0,33.258868501698466,9.337661014424532e-08,0.0
329,19800.0,19800,33.258868407019165,33.258868407019165,206.30199524200714,0.0,33.25886850039037,9.337121050457524e-08,0.0
330,19860.0,19860,33.25886840569495,33.25886840569495,206.77316254420646,0.0,33.25886849906066,9.336571769866337e-08,0.0
331,19920.0,19920,33.25886840434927,33.25886840434927,207.24432984638705,0.0,33.25886849770941,9.336013165104038e-08,0.0
332,19980.0,19980,33.2588684029822,33.2588684029822,207.71549714854856,0.0,33.25886849633666,9.335445228465243e-08,0.0
333,20040.0,20040,33.2588684015938,33.2588684015938,208.18666445069078,0.0,33.25886849494248,9.334867952081275e-08,0.0
334,20100.0,20100,33.25886840018413,33.25886840018413,208.65783175281328,0.0,33.25886849352694,9.334281327921363e-08,0.0
335,20160.0,20160,33.25886839875325,33.25886839875325,209.12899905491582,0.0,33.2588684920901,9.333685347791736e-08,0.0
336,20220.0,20220,33.25886839730123,33.25886839730123,209.60016635699813,0.0,33.258868490632025,9.333080003334253e-08,0.0
337,20280.0,20280,33.25886839582813,33.25886839582813,210.07133365905986,0.0,33.25886848915278,9.332465286022852e-08,0.0
338,20340.0,20340,33.25886839433402,33.258868394334016,210.54250096110076,0.0,33.25886848765243,9.33184118716512e-08,0.0
339,20400.0,20400,33.25886839281897,33.25886839281897,211.0136682631205,0.0,33.25886848613104,9.331207697900626e-08,0.0
340,20460.0,20460,33.25886839128304,33.25886839128304,211.4848355651188,0.0,33.25886848458869,9.33056480919805e-08,0.0
341,20520.0,20520,33.2588683897263,33.2588683897263,211.95600286709535,0.0,33.258868483025424,9.329912511854894e-08,0.0
342,20580.0,20580,33.25886838814883,33.25886838814883,212.42717016904987,0.0,33.25886848144133,9.329250796496098e-08,0.0
343,20640.0,20640,33.258868386550674,33.258868386550674,212.89833747098209,0.0,33.25886847983647,9.328579653573052e-08,0.0
344,20700.0,20700,33.25886838493194,33.25886838493194,213.36950477289162,0.0,33.25886847821093,9.327899073360247e-08,0.0
345,20760.0,20760,33.258868383292665,33.258868383292665,213.84067207477827,0.0,33.25886847656476,9.327209045957636e-08,0.0
346,20820.0,20820,33.258868381632944,33.258868381632944,214.31183937664173,0.0,33.25886847489804,9.326509561284322e-08,0.0
347,20880.0,20880,33.25886837995284,33.25886837995284,214.78300667848168,0.0,33.25886847321084,9.32580060908103e-08,0.0
348,20940.0,20940,33.25886837825242,33.25886837825242,215.25417398029782,0.0,33.25886847150324,9.325082178906841e-08,0.0
349,21000.0,21000,33.258868376531765,33.258868376531765,215.7253412820899,0.0,33.25886846977531,9.324354260138115e-08,0.0
350,21060.0,21060,33.25886837479096,33.25886837479096,216.19650858385762,0.0,33.258868468027124,9.323616841967105e-08,0.0
351,21120.0,21120,33.258868373030054,33.258868373030054,216.66767588560072,0.0,33.258868466258754,9.322869913399987e-08,0.0
352,21180.0,21180,33.25886837124914,33.25886837124914,217.13884318731888,0.0,33.258868464470275,9.322113463254293e-08,0.0
353,21240.0,21240,33.2588683694483,33.2588683694483,217.61001048901184,0.0,33.25886846266178,9.321347480159503e-08,0.0
354,21300.0,21300,33.2588683676276,33.2588683676276,218.08117779067928,0.0,33.25886846083332,9.320571952554184e-08,0.0
355,21360.0,21360,33.258868365787116,33.258868365787116,218.552345092321,0.0,33.258868458984985,9.319786868684411e-08,0.0
356,21420.0,21420,33.258868363926936,33.258868363926936,219.0235123939366,0.0,33.258868457116854,9.318992216601204e-08,0.0
357,21480.0,21480,33.258868362047124,33.258868362047124,219.49467969552592,0.0,33.258868455229,9.318187984160522e-08,0.0
358,21540.0,21540,33.258868360147765,33.258868360147765,219.96584699708856,0.0,33.258868453321504,9.317374159020412e-08,0.0
359,21600.0,21600,33.258868358228945,33.258868358228945,220.43701429862438,0.0,33.25886845139445,9.316550728639616e-08,0.0
360,21660.0,21660,33.25886835629073,33.258868356290726,220.90818160013302,0.0,33.2588684494479,9.31571768027551e-08,0.0
361,21720.0,21720,33.25886835433322,33.25886835433322,221.37934890161424,0.0,33.25886844748196,9.314875000980541e-08,0.0
362,21780.0,21780,33.25886835235647,33.25886835235647,221.85051620306774,0.0,33.258868445496695,9.314022677605593e-08,0.0
363,21840.0,21840,33.25886835036058,33.25886835036058,222.32168350449325,0.0,33.25886844349219,9.313160696791985e-08,0.0
364,21900.0,21900,33.25886834834562,33.25886834834562,222.7928508058905,0.0,33.258868441468515,9.312289044973354e-08,0.0
365,21960.0,21960,33.258868346311694,33.258868346311694,223.2640181072592,0.0,33.25886843942577,9.311407708372196e-08,0.0
366,22020.0,22020,33.25886834425885,33.25886834425885,223.73518540859914,0.0,33.25886843736402,9.310516672998686e-08,0.0
367,22080.0,22080,33.2588683421872,33.2588683421872,224.20635270991005,0.0,33.258868435283354,9.309615924646727e-08,0.0
368,22140.0,22140,33.25886834009681,33.25886834009681,224.67752001119158,0.0,33.25886843318387,9.308705448895534e-08,0.0
369,22200.0,22200,33.25886833798777,33.25886833798777,225.14868731244354,0.0,33.25886843106562,9.307785231104892e-08,0.0
370,22260.0,22260,33.258868335860164,33.258868335860164,225.61985461366567,0.0,33.25886842892872,9.306855256413191e-08,0.0
371,22320.0,22320,33.25886833371407,33.25886833371407,226.09102191485763,0.0,33.258868426773226,9.30591550973426e-08,0.0
372,22380.0,22380,33.25886833154958,33.25886833154958,226.56218921601925,0.0,33.258868424599235,9.304965975760133e-08,0.0
373,22440.0,22440,33.25886832936676,33.25886832936676,227.0333565171502,0.0,33.25886842240683,9.304006638951581e-08,0.0
374,22500.0,22500,33.25886832716573,33.25886832716573,227.50452381825028,0.0,33.258868420196094,9.303037483543435e-08,0.0
375,22560.0,22560,33.25886832494654,33.25886832494654,227.97569111931918,0.0,33.25886841796712,9.30205849353561e-08,0.0
376,22620.0,22620,33.25886832270929,33.25886832270929,228.44685842035668,0.0,33.25886841571999,9.301069652695471e-08,0.0
377,22680.0,22680,33.25886832045406,33.25886832045406,228.9180257213625,0.0,33.25886841345477,9.300070944552312e-08,0.0
378,22740.0,22740,33.258868318180944,33.258868318180944,229.38919302233643,0.0,33.25886841117157,9.299062352399123e-08,0.0
379,22800.0,22800,33.25886831589003,33.25886831589003,229.86036032327817,0.0,33.25886840887046,9.298043859285005e-08,0.0
380,22860.0,22860,33.25886831358138,33.25886831358138,230.33152762418746,0.0,33.258868406551535,9.297015448016544e-08,0.0
381,22920.0,22920,33.25886831125511,33.25886831125511,230.8026949250641,0.0,33.25886840421487,9.295977101153962e-08,0.0
382,22980.0,22980,33.25886830891128,33.25886830891128,231.27386222590778,0.0,33.25886840186057,9.294928801008062e-08,0.0
383,23040.0,23040,33.25886830654999,33.25886830654999,231.7450295267183,0.0,33.2588683994887,9.29387052964082e-08,0.0
384,23100.0,23100,33.25886830417133,33.25886830417133,232.21619682749534,0.0,33.25886839709935,9.2928022688568e-08,0.0
385,23160.0,23160,33.25886830177537,33.25886830177537,232.68736412823878,0.0,33.25886839469261,9.291724000207493e-08,0.0
386,23220.0,23220,33.25886829936221,33.25886829936221,233.15853142894827,0.0,33.258868392268575,9.290635704984022e-08,0.0
387,23280.0,23280,33.258868296931944,33.258868296931944,233.62969872962364,0.0,33.25886838982732,9.289537364215359e-08,0.0
388,23340.0,23340,33.258868294484635,33.258868294484635,234.10086603026457,0.0,33.25886838736893,9.288428958665862e-08,0.0
389,23400.0,23400,33.25886829202039,33.25886829202039,234.57203333087088,0.0,33.25886838489349,9.287310468834193e-08,0.0
390,23460.0,23460,33.25886828953928,33.25886828953928,235.04320063144232,0.0,33.2588683824011,9.286181874947981e-08,0.0
391,23520.0,23520,33.258868287041395,33.258868287041395,235.5143679319786,0.0,33.25886837989183,9.285043156961959e-08,0.0
392,23580.0,23580,33.25886828452683,33.25886828452683,235.98553523247952,0.0,33.25886837736577,9.283894294554697e-08,0.0
393,23640.0,23640,33.25886828199565,33.25886828199565,236.4567025329449,0.0,33.25886837482301,9.282735267126933e-08,0.0
394,23700.0,23700,33.258868279447974,33.258868279447974,236.92786983337442,0.0,33.25886837226363,9.281566053797721e-08,0.0
395,23760.0,23760,33.25886827688386,33.25886827688386,237.39903713376788,0.0,33.258868369687725,9.28038663340098e-08,0.0
396,23820.0,23820,33.2588682743034,33.2588682743034,237.87020443412504,0.0,33.258868367095374,9.279196984482925e-08,0.0
397,23880.0,23880,33.25886827170669,33.25886827170669,238.34137173444566,0.0,33.25886836448666,9.277997085298719e-08,0.0
398,23940.0,23940,33.2588682690938,33.2588682690938,238.81253903472955,0.0,33.25886836186167,9.276786913810491e-08,0.0
399,24000.0,24000,33.25886826646483,33.25886826646483,239.28370633497644,0.0,33.25886835922049,9.275566447682018e-08,0.0
400,24060.0,24060,33.258868263819856,33.258868263819856,239.7548736351861,0.0,33.25886835656321,9.27433566427694e-08,0.0
401,24120.0,24120,33.258868261158966,33.258868261158966,240.22604093535833,0.0,33.25886835388991,9.273094540655015e-08,0.0
402,24180.0,24180,33.25886825848224,33.25886825848224,240.69720823549292,0.0,33.25886835120067,9.271843053569952e-08,0.0
403,24240.0,24240,33.258868255789764,33.258868255789764,241.1683755355896,0.0,33.258868348495575,9.270581179462399e-08,0.0
404,24300.0,24300,33.25886825308163,33.25886825308163,241.63954283564817,0.0,33.258868345774715,9.26930889446192e-08,0.0
405,24360.0,24360,33.258868250357914,33.258868250357914,242.11071013566843,0.0,33.25886834303817,9.268026174379202e-08,0.0
406,24420.0,24420,33.25886824761869,33.25886824761869,242.5818774356501,0.0,33.25886834028603,9.266732994702003e-08,0.0
407,24480.0,24480,33.25886824486407,33.25886824486407,243.053044735593,0.0,33.258868337518365,9.265429330596643e-08,0.0
408,24540.0,24540,33.25886824209411,33.25886824209411,243.52421203549693,0.0,33.25886833473526,9.264115156899312e-08,0.0
409,24600.0,24600,33.258868239308896,33.258868239308896,243.99537933536163,0.0,33.2588683319368,9.262790448113902e-08,0.0
410,24660.0,24660,33.25886823650852,33.25886823650852,244.46654663518697,0.0,33.25886832912307,9.261455178408657e-08,0.0
411,24720.0,24720,33.25886823369306,33.25886823369306,244.93771393497263,0.0,33.25886832629415,9.260109321612317e-08,0.0
412,24780.0,24780,33.25886823086259,33.25886823086259,245.4088812347184,0.0,33.258868323450116,9.258752851208406e-08,0.0
413,24840.0,24840,33.25886822801719,33.25886822801719,245.8800485344241,0.0,33.258868320591056,9.257385740335218e-08,0.0
414,24900.0,24900,33.25886822515696,33.25886822515696,246.35121583408957,0.0,33.25886831771704,9.256007961776262e-08,0.0
415,24960.0,24960,33.25886822228196,33.25886822228196,246.82238313371454,0.0,33.258868314828156,9.25461948796183e-08,0.0
416,25020.0,25020,33.258868219392276,33.258868219392276,247.29355043329878,0.0,33.25886831192447,9.253220290960022e-08,0.0
417,25080.0,25080,33.25886821648798,33.25886821648798,247.76471773284217,0.0,33.25886830900609,9.251810342475464e-08,0.0
418,25140.0,25140,33.258868213569166,33.258868213569166,248.23588503234444,0.0,33.25886830607306,9.250389613844178e-08,0.0
419,25200.0,25200,33.258868210635896,33.258868210635896,248.7070523318054,0.0,33.258868303125475,9.248958076028052e-08,0.0
420,25260.0,25260,33.25886820768825,33.25886820768825,249.17821963122483,0.0,33.25886830016341,9.247515699612481e-08,0.0
421,25320.0,25320,33.258868204726305,33.258868204726305,249.64938693060253,0.0,33.25886829718693,9.246062454800538e-08,0.0
422,25380.0,25380,33.25886820175015,33.25886820175014,250.12055422993834,0.0,33.25886829419613,9.244598311406957e-08,0.0
423,25440.0,25440,33.258868198759835,33.258868198759835,250.59172152923196,0.0,33.258868291191064,9.243123238857149e-08,0.0
424,25500.0,25500,33.258868195755454,33.258868195755454,251.06288882848332,0.0,33.258868288171826,9.241637206178323e-08,0.0
425,25560.0,25560,33.258868192737076,33.258868192737076,251.5340561276921,0.0,33.258868285138476,9.24014018199731e-08,0.0
426,25620.0,25620,33.25886818970477,33.25886818970477,252.0052234268582,0.0,33.258868282091086,9.23863213453534e-08,0.0
427,25680.0,25680,33.25886818665861,33.25886818665861,252.47639072598133,0.0,33.25886827902974,9.237113031601328e-08,0.0
428,25740.0,25740,33.258868183598665,33.258868183598665,252.9475580250614,0.0,33.2588682759545,9.23558284058734e-08,0.0
429,25800.0,25800,33.25886818052501,33.25886818052501,253.41872532409815,0.0,33.258868272865435,9.234041528464147e-08,0.0
430,25860.0,25860,33.258868177437726,33.258868177437726,253.88989262309138,0.0,33.258868269762615,9.232489061777288e-08,0.0
431,25920.0,25920,33.25886817433686,33.25886817433686,254.36105992204094,0.0,33.25886826664611,9.230925406636897e-08,0.0
432,25980.0,25980,33.25886817122249,33.25886817122249,254.83222722094658,0.0,33.258868263516,9.229350528717315e-08,0.0
433,26040.0,26040,33.25886816809469,33.25886816809469,255.30339451980814,0.0,33.25886826037233,9.227764393248211e-08,0.0
434,26100.0,26100,33.25886816495352,33.25886816495352,255.77456181862547,0.0,33.258868257215184,9.226166965010037e-08,0.0
435,26160.0,26160,33.25886816179904,33.25886816179904,256.24572911739824,0.0,33.25886825404462,9.224558208329003e-08,0.0
436,26220.0,26220,33.25886815863132,33.25886815863132,256.7168964161265,0.0,33.2588682508607,9.222938087068393e-08,0.0
437,26280.0,26280,33.25886815545043,33.25886815545043,257.1880637148098,0.0,33.25886824766349,9.221306564625108e-08,0.0
438,26340.0,26340,33.258868152256426,33.258868152256426,257.6592310134481,0.0,33.25886824445306,9.219663603924047e-08,0.0
439,26400.0,26400,33.25886814904937,33.25886814904937,258.1303983120413,0.0,33.25886824122946,9.218009167408536e-08,0.0
440,26460.0,26460,33.258868145829325,33.258868145829325,258.601565610589,0.0,33.25886823799275,9.216343217035783e-08,0.0
441,26520.0,26520,33.25886814259634,33.25886814259634,259.07273290909114,0.0,33.258868234743005,9.214665714270279e-08,0.0
442,26580.0,26580,33.2588681393505,33.2588681393505,259.54390020754755,0.0,33.258868231480264,9.212976620078657e-08,0.0
443,26640.0,26640,33.258868136091834,33.258868136091834,260.01506750595803,0.0,33.25886822820459,9.211275894921017e-08,0.0
444,26700.0,26700,33.25886813282041,33.25886813282041,260.48623480432235,0.0,33.25886822491604,9.209563498742633e-08,0.0
445,26760.0,26760,33.25886812953628,33.25886812953628,260.9574021026404,0.0,33.25886822161468,9.207839390970602e-08,0.0
446,26820.0,26820,33.25886812623951,33.25886812623951,261.42856940091195,0.0,33.25886821830054,9.206103530504273e-08,0.0
447,26880.0,26880,33.25886812293014,33.25886812293014,261.89973669913684,0.0,33.2588682149737,9.204355875706363e-08,0.0
448,26940.0,26940,33.25886811960823,33.25886811960823,262.3709039973149,0.0,33.258868211634194,9.202596384401881e-08,0.0
449,27000.0,27000,33.25886811627382,33.25886811627382,262.8420712954459,0.0,33.25886820828207,9.20082501386036e-08,0.0
450,27060.0,27060,33.25886811292697,33.25886811292697,263.3132385935298,0.0,33.258868204917384,9.199041720798129e-08,0.0
451,27120.0,27120,33.258868109567715,33.258868109567715,263.7844058915662,0.0,33.25886820154018,9.197246461364007e-08,0.0
452,27180.0,27180,33.25886810619612,33.25886810619612,264.2555731895552,0.0,33.25886819815051,9.195439191133881e-08,0.0
453,27240.0,27240,33.258868102812215,33.258868102812215,264.7267404874964,0.0,33.25886819474841,9.193619865100831e-08,0.0
454,27300.0,27300,33.25886809941605,33.25886809941605,265.1979077853897,0.0,33.25886819133393,9.191788437669411e-08,0.0
455,27360.0,27360,33.25886809600766,33.25886809600766,265.669075083235,0.0,33.25886818790711,9.189944862642236e-08,0.0
456,27420.0,27420,33.2588680925871,33.2588680925871,266.140242381032,0.0,33.25886818446799,9.188089093218398e-08,0.0
457,27480.0,27480,33.2588680891544,33.2588680891544,266.6114096787806,0.0,33.2588681810166,9.186221081975606e-08,0.0
458,27540.0,27540,33.258868085709594,33.258868085709594,267.08257697648065,0.0,33.258868177553,9.184340780869308e-08,0.0
459,27600.0,27600,33.258868082252725,33.258868082252725,267.5537442741319,0.0,33.2588681740772,9.182448141218863e-08,0.0
460,27660.0,27660,33.25886807878383,33.25886807878383,268.0249115717342,0.0,33.25886817058925,9.180543113697788e-08,0.0
461,27720.0,27720,33.25886807530293,33.25886807530293,268.49607886928743,0.0,33.25886816708918,9.178625648326546e-08,0.0
462,27780.0,27780,33.25886807181007,33.25886807181007,268.9672461667914,0.0,33.25886816357703,9.176695694461107e-08,0.0
463,27840.0,27840,33.258868068305276,33.258868068305276,269.4384134642459,0.0,33.258868160052806,9.174753200782684e-08,0.0
464,27900.0,27900,33.25886806478857,33.25886806478857,269.9095807616509,0.0,33.25886815651655,9.172798115288555e-08,0.0
465,27960.0,27960,33.25886806125999,33.25886806125999,270.38074805900607,0.0,33.2588681529683,9.17083038527885e-08,0.0
466,28020.0,28020,33.25886805771955,33.25886805771955,270.8519153563113,0.0,33.25886814940805,9.168849957351114e-08,0.0
467,28080.0,28080,33.25886805416728,33.25886805416728,271.3230826535664,0.0,33.258868145835855,9.166856777382261e-08,0.0
468,28140.0,28140,33.258868050603205,33.258868050603205,271.79424995077125,0.0,33.258868142251714,9.164850790523834e-08,0.0
469,28200.0,28200,33.25886804702733,33.25886804702733,272.26541724792565,0.0,33.25886813865565,9.162831941187402e-08,0.0
470,28260.0,28260,33.25886804343968,33.25886804343968,272.7365845450295,0.0,33.258868135047685,9.160800173031439e-08,0.0
471,28320.0,28320,33.25886803984028,33.25886803984028,273.20775184208253,0.0,33.25886813142783,9.158755428954222e-08,0.0
472,28380.0,28380,33.258868036229124,33.258868036229124,273.6789191390846,0.0,33.2588681277961,9.15669765107587e-08,0.0
473,28440.0,28440,33.258868032606244,33.25886803260624,274.15008643603556,0.0,33.25886812415251,9.154626780731346e-08,0.0
474,28500.0,28500,33.258868028971634,33.258868028971634,274.62125373293526,0.0,33.258868120497056,9.152542758454267e-08,0.0
475,28560.0,28560,33.258868025325306,33.258868025325306,275.09242102978357,0.0,33.25886811682976,9.150445523966156e-08,0.0
476,28620.0,28620,33.25886802166727,33.25886802166727,275.5635883265802,0.0,33.25886811315062,9.148335016161248e-08,0.0
477,28680.0,28680,33.25886801799752,33.25886801799752,276.0347556233251,0.0,33.258868109459634,9.146211173093564e-08,0.0
478,28740.0,28740,33.25886801431607,33.25886801431607,276.50592292001807,0.0,33.25886810575681,9.144073931965561e-08,0.0
479,28800.0,28800,33.258868010622905,33.258868010622905,276.9770902166589,0.0,33.258868102042136,9.141923229112548e-08,0.0
480,28860.0,28860,33.25886800691803,33.25886800691803,277.44825751324754,0.0,33.258868098315624,9.139758999985914e-08,0.0
481,28920.0,28920,33.258868003201435,33.258868003201435,277.91942480978366,0.0,33.258868094577245,9.137581179143259e-08,0.0
482,28980.0,28980,33.25886799947312,33.25886799947312,278.39059210626726,0.0,33.258868090827015,9.135389700230829e-08,0.0
483,29040.0,29040,33.25886799573306,33.25886799573306,278.86175940269806,0.0,33.258868087064904,9.133184495969613e-08,0.0
484,29100.0,29100,33.258867991981255,33.258867991981255,279.3329266990759,0.0,33.258868083290906,9.130965498137772e-08,0.0
485,29160.0,29160,33.25886798821767,33.25886798821767,279.80409399540065,0.0,33.258868079505,9.128732637558413e-08,0.0
486,29220.0,29220,33.25886798444232,33.25886798444232,280.2752612916722,0.0,33.25886807570718,9.126485844080537e-08,0.0
487,29280.0,29280,33.258867980655154,33.258867980655154,280.7464285878903,0.0,33.2588680718974,9.124225046564449e-08,0.0
488,29340.0,29340,33.25886797685616,33.25886797685616,281.2175958840548,0.0,33.25886806807566,9.121950172865074e-08,0.0
489,29400.0,29400,33.25886797304531,33.25886797304531,281.68876318016555,0.0,33.25886806424192,9.119661149813609e-08,0.0
490,29460.0,29460,33.25886796922258,33.25886796922258,282.15993047622237,0.0,33.25886806039616,9.117357903203023e-08,0.0
491,29520.0,29520,33.258867965387935,33.258867965387935,282.631097772225,0.0,33.25886805653834,9.115040357767728e-08,0.0
492,29580.0,29580,33.258867961541334,33.258867961541334,283.1022650681735,0.0,33.25886805266842,9.112708437167199e-08,0.0
493,29640.0,29640,33.258867957682746,33.258867957682746,283.5734323640675,0.0,33.25886804878637,9.110362063968814e-08,0.0
494,29700.0,29700,33.258867953812135,33.258867953812135,284.0445996599069,0.0,33.25886804489215,9.108001159625846e-08,0.0
495,29760.0,29760,33.258867949929446,33.258867949929446,284.51576695569156,0.0,33.2588680409857,9.105625644463358e-08,0.0
496,29820.0,29820,33.258867946034634,33.258867946034634,284.9869342514212,0.0,33.25886803706699,9.103235437655507e-08,0.0
497,29880.0,29880,33.25886794212766,33.25886794212766,285.4581015470958,0.0,33.25886803313596,9.1008304572068e-08,0.0
498,29940.0,29940,33.25886793820845,33.25886793820845,285.92926884271503,0.0,33.25886802919256,9.09841061993394e-08,0.0
499,30000.0,30000,33.25886793427698,33.25886793427698,286.40043613827885,0.0,33.25886802523674,9.095975841444712e-08,0.0
500,30060.0,30060,33.25886793033316,33.25886793033316,286.8716034337871,0.0,33.25886802126843,9.093526036116474e-08,0.0
501,30120.0,30120,33.258867926376944,33.258867926376944,287.3427707292394,0.0,33.258868017287554,9.091061117077314e-08,0.0
502,30180.0,30180,33.25886792240825,33.25886792240825,287.81393802463583,0.0,33.25886801329406,9.088580996182859e-08,0.0
503,30240.0,30240,33.25886791842702,33.25886791842702,288.285105319976,0.0,33.25886800928788,9.086085583998523e-08,0.0
504,30300.0,30300,33.25886791443318,33.25886791443318,288.75627261525995,0.0,33.25886800526893,9.083574789773064e-08,0.0
505,30360.0,30360,33.258867910426645,33.258867910426645,289.2274399104873,0.0,33.25886800123713,9.081048521421704e-08,0.0
506,30420.0,30420,33.25886790640734,33.25886790640734,289.698607205658,0.0,33.258867997192404,9.078506685496739e-08,0.0
507,30480.0,30480,33.25886790237517,33.25886790237517,290.1697745007718,0.0,33.258867993134665,9.075949187173422e-08,0.0
508,30540.0,30540,33.25886789833006,33.25886789833006,290.6409417958285,0.0,33.258867989063816,9.073375930222048e-08,0.0
509,30600.0,30600,33.2588678942719,33.2588678942719,291.112109090828,0.0,33.258867984979766,9.070786816983378e-08,0.0
510,30660.0,30660,33.2588678902006,33.2588678902006,291.5832763857701,0.0,33.25886798088242,9.068181748350199e-08,0.0
511,30720.0,30720,33.258867886116064,33.258867886116064,292.0544436806545,0.0,33.258867976771676,9.065560623740086e-08,0.0
512,30780.0,30780,33.25886788201817,33.25886788201817,292.52561097548124,0.0,33.25886797264741,9.062923341071136e-08,0.0
513,30840.0,30840,33.25886787790683,33.25886787790683,292.9967782702499,0.0,33.25886796850953,9.060269796739071e-08,0.0
514,30900.0,30900,33.25886787378191,33.25886787378191,293.4679455649604,0.0,33.258867964357904,9.05759988559258e-08,0.0
515,30960.0,30960,33.25886786964329,33.25886786964329,293.9391128596125,0.0,33.258867960192426,9.054913500909041e-08,0.0
516,31020.0,31020,33.25886786549085,33.25886786549085,294.4102801542061,0.0,33.258867956012956,9.052210534367596e-08,0.0
517,31080.0,31080,33.25886786132446,33.25886786132446,294.8814474487409,0.0,33.258867951819376,9.049490876024176e-08,0.0
518,31140.0,31140,33.25886785714399,33.25886785714399,295.35261474321675,0.0,33.25886794761154,9.046754414289904e-08,0.0
519,31200.0,31200,33.258867852949294,33.258867852949294,295.82378203763346,0.0,33.258867943389305,9.044001035900702e-08,0.0
520,31260.0,31260,33.25886784874023,33.25886784874023,296.29494933199084,0.0,33.25886793915254,9.041230625894996e-08,0.0
521,31320.0,31320,33.258867844516644,33.258867844516644,296.7661166262886,0.0,33.25886793490107,9.038443067584707e-08,0.0
522,31380.0,31380,33.25886784027838,33.25886784027838,297.23728392052664,0.0,33.25886793063476,9.035638242532853e-08,0.0
523,31440.0,31440,33.258867836025274,33.258867836025274,297.70845121470467,0.0,33.25886792635344,9.03281603052514e-08,0.0
524,31500.0,31500,33.258867831757165,33.258867831757165,298.1796185088225,0.0,33.25886792205693,9.029976309544203e-08,0.0
525,31560.0,31560,33.25886782747388,33.25886782747388,298.65078580288,0.0,33.258867917745064,9.027118955742975e-08,0.0
526,31620.0,31620,33.25886782317523,33.25886782317523,299.12195309687684,0.0,33.25886791341766,9.024243843421395e-08,0.0
527,31680.0,31680,33.258867818861034,33.258867818861034,299.59312039081294,0.0,33.258867909074546,9.021350844996322e-08,0.0
528,31740.0,31740,33.2588678145311,33.2588678145311,300.0642876846879,0.0,33.2588679047155,9.018439830976074e-08,0.0
529,31800.0,31800,33.25886781018523,33.25886781018523,300.53545497850166,0.0,33.258867900340334,9.015510669938238e-08,0.0
530,31860.0,31860,33.258867805823215,33.258867805823215,301.0066222722538,0.0,33.258867895948846,9.01256322849769e-08,0.0
531,31920.0,31920,33.25886780144484,33.25886780144484,301.47778956594436,0.0,33.25886789154082,9.009597371286184e-08,0.0
532,31980.0,31980,33.258867797049895,33.258867797049895,301.9489568595729,0.0,33.258867887116025,9.006612960920871e-08,0.0
533,32040.0,32040,33.25886779263814,33.25886779263814,302.4201241531392,0.0,33.25886788267424,9.003609857986447e-08,0.0
534,32100.0,32100,33.25886778820935,33.25886778820935,302.8912914466432,0.0,33.25886787821523,9.000587921002094e-08,0.0
535,32160.0,32160,33.25886778376327,33.25886778376327,303.3624587400845,0.0,33.25886787373874,8.997547006400468e-08,0.0
536,32220.0,32220,33.258867779299656,33.258867779299656,303.83362603346285,0.0,33.25886786924453,8.994486968503231e-08,0.0
537,32280.0,32280,33.25886777481825,33.25886777481825,304.30479332677805,0.0,33.25886786473232,8.991407659495106e-08,0.0
538,32340.0,32340,33.25886777031878,33.25886777031878,304.7759606200298,0.0,33.25886786020187,8.988308929400783e-08,0.0
539,32400.0,32400,33.258867765800964,33.258867765800964,305.2471279132179,0.0,33.25886785565287,8.985190626060945e-08,0.0
540,32460.0,32460,33.258867761264526,33.258867761264526,305.7182952063422,0.0,33.25886785108505,8.982052595108301e-08,0.0
541,32520.0,32520,33.25886775670916,33.25886775670916,306.18946249940217,0.0,33.2588678464981,8.978894679948531e-08,0.0
542,32580.0,32580,33.258867752134556,33.258867752134556,306.6606297923978,0.0,33.25886784189172,8.975716721734153e-08,0.0
543,32640.0,32640,33.258867747540414,33.258867747540414,307.13179708532857,0.0,33.2588678372656,8.972518559344781e-08,0.0
544,32700.0,32700,33.25886774292639,33.25886774292639,307.6029643781944,0.0,33.258867832619394,8.969300029367103e-08,0.0
545,32760.0,32760,33.25886773829215,33.25886773829215,308.074131670995,0.0,33.25886782795276,8.966060966072875e-08,0.0
546,32820.0,32820,33.25886773363736,33.25886773363736,308.5452989637299,0.0,33.25886782326537,8.962801201400765e-08,0.0
547,32880.0,32880,33.25886772896164,33.25886772896164,309.016466256399,0.0,33.258867818556844,8.959520564939788e-08,0.0
548,32940.0,32940,33.25886772426462,33.25886772426462,309.48763354900194,0.0,33.25886781382681,8.956218883907192e-08,0.0
549,33000.0,33000,33.25886771954592,33.25886771954592,309.9588008415385,0.0,33.25886780907488,8.952895983133964e-08,0.0
550,33060.0,33060,33.258867714805135,33.258867714805135,310.4299681340083,0.0,33.25886780430065,8.949551685047558e-08,0.0
551,33120.0,33120,33.25886771004185,33.25886771004185,310.9011354264109,0.0,33.25886779950371,8.946185809658485e-08,0.0
552,33180.0,33180,33.25886770525564,33.25886770525564,311.3723027187462,0.0,33.258867794683624,8.942798174545008e-08,0.0
553,33240.0,33240,33.25886770044607,33.25886770044607,311.8434700110138,0.0,33.25886778983996,8.939388594835987e-08,0.0
554,33300.0,33300,33.25886769561267,33.25886769561267,312.31463730321326,0.0,33.25886778497224,8.935956883205444e-08,0.0
555,33360.0,33360,33.258867690754975,33.258867690754975,312.7858045953444,0.0,33.25886778008,8.932502849854415e-08,0.0
556,33420.0,33420,33.25886768587249,33.25886768587249,313.2569718874068,0.0,33.258867775162756,8.92902630250088e-08,0.0
557,33480.0,33480,33.25886768096471,33.25886768096471,313.72813917940016,0.0,33.25886777021998,8.925527046373058e-08,0.0
558,33540.0,33540,33.2588676760311,33.2588676760311,314.19930647132395,0.0,33.258867765251146,8.922004884196089e-08,0.0
559,33600.0,33600,33.25886767107113,33.25886767107113,314.67047376317805,0.0,33.258867760255725,8.91845961618552e-08,0.0
560,33660.0,33660,33.258867666084214,33.258867666084214,315.141641054962,0.0,33.258867755233126,8.914891040037633e-08,0.0
561,33720.0,33720,33.25886766106978,33.25886766106978,315.61280834667537,0.0,33.258867750182766,8.91129895092215e-08,0.0
562,33780.0,33780,33.25886765602722,33.25886765602722,316.0839756383177,0.0,33.25886774510405,8.907683141475027e-08,0.0
563,33840.0,33840,33.25886765095589,33.25886765095589,316.5551429298887,0.0,33.258867739996326,8.904043401789968e-08,0.0
564,33900.0,33900,33.25886764585515,33.25886764585515,317.026310221388,0.0,33.25886773485894,8.900379519411621e-08,0.0
565,33960.0,33960,33.258867640724304,33.258867640724304,317.49747751281507,0.0,33.25886772969122,8.896691279327779e-08,0.0
566,34020.0,34020,33.25886763556266,33.25886763556266,317.9686448041696,0.0,33.25886772449244,8.892978463961593e-08,0.0
567,34080.0,34080,33.25886763036947,33.25886763036947,318.4398120954511,0.0,33.25886771926187,8.889240853156859e-08,0.0
568,34140.0,34140,33.25886762514398,33.25886762514398,318.9109793866591,0.0,33.258867713998754,8.885478224174183e-08,0.0
569,34200.0,34200,33.25886761988538,33.25886761988538,319.3821466777932,0.0,33.25886770870229,8.881690351671044e-08,0.0
570,34260.0,34260,33.25886761459286,33.25886761459286,319.85331396885283,0.0,33.258867703371635,8.877877007691536e-08,0.0
571,34320.0,34320,33.25886760926556,33.25886760926556,320.32448125983757,0.0,33.258867698005936,8.874037961642289e-08,0.0
572,34380.0,34380,33.25886760390256,33.25886760390256,320.79564855074693,0.0,33.258867692604284,8.870172980271757e-08,0.0
573,34440.0,34440,33.258867598502945,33.258867598502945,321.26681584158047,0.0,33.25886768716576,8.866281827642389e-08,0.0
574,34500.0,34500,33.25886759306573,33.25886759306573,321.73798313233766,0.0,33.258867681689374,8.86236426509561e-08,0.0
575,34560.0,34560,33.258867587589904,33.258867587589904,322.2091504230179,0.0,33.258867676174106,8.858420051209486e-08,0.0
576,34620.0,34620,33.2588675820744,33.2588675820744,322.6803177136206,0.0,33.25886767061889,8.854448941752361e-08,0.0
577,34680.0,34680,33.258867576518114,33.258867576518114,323.15148500414523,0.0,33.25886766502262,8.85045068961734e-08,0.0
578,34740.0,34740,33.25886757091988,33.25886757091988,323.6226522945914,0.0,33.25886765938413,8.846425044756281e-08,0.0
579,34800.0,34800,33.25886756527849,33.25886756527849,324.0938195849582,0.0,33.25886765370221,8.842371754089132e-08,0.0
580,34860.0,34860,33.25886755959267,33.25886755959267,324.56498687524527,0.0,33.25886764797558,8.838290561404765e-08,0.0
581,34920.0,34920,33.2588675538611,33.2588675538611,325.03615416545193,0.0,33.258867642202915,8.834181207240814e-08,0.0
582,34980.0,34980,33.258867548082385,33.258867548082385,325.5073214555774,0.0,33.258867636382824,8.830043428736263e-08,0.0
583,35040.0,35040,33.25886754225507,33.25886754225507,325.9784887456212,0.0,33.25886763051383,8.825876959468066e-08,0.0
584,35100.0,35100,33.258867536377615,33.258867536377615,326.4496560355825,0.0,33.25886762459443,8.821681529250763e-08,0.0
585,35160.0,35160,33.25886753044842,33.25886753044842,326.92082332546056,0.0,33.258867618622986,8.817456863905208e-08,0.0
586,35220.0,35220,33.2588675244658,33.2588675244658,327.3919906152548,0.0,33.258867612597825,8.81320268498745e-08,0.0
587,35280.0,35280,33.258867518427984,33.258867518427984,327.8631579049644,0.0,33.258867606517164,8.808918709474485e-08,0.0
588,35340.0,35340,33.2588675123331,33.2588675123331,328.33432519458864,0.0,33.25886760037914,8.804604649393586e-08,0.0
589,35400.0,35400,33.258867506179186,33.258867506179186,328.8054924841266,0.0,33.25886759418178,8.800260211397844e-08,0.0
590,35460.0,35460,33.258867499964175,33.258867499964175,329.2766597735774,0.0,33.25886758792302,8.795885096267835e-08,0.0
591,35520.0,35520,33.25886749368589,33.25886749368589,329.74782706294036,0.0,33.25886758160068,8.791478998337586e-08,0.0
592,35580.0,35580,33.25886748734203,33.25886748734203,330.2189943522145,0.0,33.25886757521245,8.78704160482841e-08,0.0
593,35640.0,35640,33.25886748093016,33.25886748093016,330.6901616413989,0.0,33.25886756875589,8.782572595080415e-08,0.0
594,35700.0,35700,33.25886747444772,33.25886747444772,331.16132893049246,0.0,33.25886756222844,8.778071639662369e-08,0.0
595,35760.0,35760,33.258867467891996,33.258867467891996,331.6324962194943,0.0,33.25886755562738,8.773538399338696e-08,0.0
596,35820.0,35820,33.25886746126012,33.25886746126012,332.1036635084035,0.0,33.258867548949844,8.768972523890553e-08,0.0
597,35880.0,35880,33.25886745454904,33.25886745454904,332.5748307972188,0.0,33.25886754219277,8.764373650738791e-08,0.0
598,35940.0,35940,33.25886744775553,33.25886744775553,333.0459980859391,0.0,33.25886753535294,8.75974140336485e-08,0.0
599,36000.0,36000,33.258867440876166,33.258867440876166,333.5171653745633,0.0,33.25886752842692,8.755075389481941e-08,0.0
600,36060.0,36060,33.25886743390732,33.25886743390732,333.98833266309015,0.0,33.25886752141107,8.75037519892544e-08,0.0
601,36120.0,36120,33.25886742684512,33.25886742684512,334.4594999515184,0.0,33.25886751430152,8.745640401216687e-08,0.0
602,36180.0,36180,33.25886741968545,33.25886741968545,334.9306672398468,0.0,33.25886750709416,8.740870542740056e-08,0.0
603,36240.0,36240,33.25886741242394,33.25886741242394,335.4018345280738,0.0,33.25886749978459,8.736065143484788e-08,0.0
604,36300.0,36300,33.258867405055916,33.258867405055916,335.87300181619804,0.0,33.258867492368154,8.731223693262664e-08,0.0
605,36360.0,36360,33.258867397576395,33.258867397576395,336.3441691042181,0.0,33.258867484839854,8.726345647328926e-08,0.0
606,36420.0,36420,33.25886738998006,33.25886738998006,336.8153363921322,0.0,33.258867477194364,8.721430421291178e-08,0.0
607,36480.0,36480,33.25886738226122,33.25886738226122,337.28650367993896,0.0,33.258867469425994,8.716477385193745e-08,0.0
608,36540.0,36540,33.25886737441379,33.25886737441379,337.7576709676364,0.0,33.25886746152865,8.71148585661935e-08,0.0
609,36600.0,36600,33.258867366431254,33.258867366431254,338.2288382552228,0.0,33.2588674534958,8.706455092639197e-08,0.0
610,36660.0,36660,33.25886735830663,33.25886735830663,338.70000554269626,0.0,33.25886744532047,8.70138428039677e-08,0.0
611,36720.0,36720,33.25886735003242,33.25886735003242,339.17117283005473,0.0,33.25886743699514,8.696272526061318e-08,0.0
612,36780.0,36780,33.258868563595776,-116.74113143640422,339.64234011729616,150.0,8.43279564484679e-08,116.74113152073218,0.0
613,36840.0,36840,33.2588685636732,-116.74113143632681,337.69665459314524,150.0,8.430720082458173e-08,116.74113152063401,0.0
614,36900.0,36900,33.25886856374664,-116.74113143625335,335.7509690689957,150.0,8.428832630916628e-08,116.7411315205417,0.0
615,36960.0,36960,33.258868563816144,-116.74113143618385,333.80528354484744,150.0,8.427118548034289e-08,116.74113152045503,0.0
616,37020.0,37020,33.258868563881784,-116.74113143611821,331.8595980207004,150.0,8.425565503847436e-08,116.74113152037387,0.0
617,37080.0,37080,33.258868563943615,-116.7411314360564,329.9139124965544,150.0,8.424162825167271e-08,116.74113152029804,0.0
618,37140.0,37140,33.25886856400174,-116.74113143599826,327.9682269724095,150.0,8.422901062901863e-08,116.74113152022727,0.0
619,37200.0,37200,33.25886856405627,-116.74113143594373,326.0225414482657,150.0,8.421771725672373e-08,116.74113152016146,0.0
620,37260.0,37260,33.25886856410737,-116.74113143589263,324.0768559241228,150.0,8.420767102834849e-08,116.7411315201003,0.0
621,37320.0,37320,33.2588685641552,-116.74113143584479,322.1311703999807,150.0,8.41988013796305e-08,116.74113152004358,0.0
622,37380.0,37380,33.258868564199936,-116.74113143580006,320.1854848758395,150.0,8.419104332493325e-08,116.74113151999111,0.0
623,37440.0,37440,33.25886856424177,-116.74113143575823,318.23979935169905,150.0,8.418433668681424e-08,116.74113151994256,0.0
624,37500.0,37500,33.25886856428089,-116.74113143571913,316.2941138275592,150.0,8.417862545858675e-08,116.74113151989773,0.0
625,37560.0,37560,33.258868564317474,-116.74113143568252,314.3484283034202,150.0,8.417385726532764e-08,116.74113151985638,0.0
626,37620.0,37620,33.25886856435172,-116.74113143564828,312.4027427792817,150.0,8.416998290232671e-08,116.74113151981827,0.0
627,37680.0,37680,33.2588685643838,-116.7411314356162,310.4570572551438,150.0,8.416695593706135e-08,116.74113151978315,0.0
628,37740.0,37740,33.258868564413895,-116.7411314355861,308.51137173100653,150.0,8.416473236524828e-08,116.74113151975085,0.0
629,37800.0,37800,33.258868564442146,-116.74113143555786,306.56568620686966,150.0,8.416327031344352e-08,116.74113151972114,0.0
630,37860.0,37860,33.25886856446873,-116.74113143553129,304.6200006827333,150.0,8.416252978224137e-08,116.74113151969382,0.0
631,37920.0,37920,33.25886856285161,-84.24113143714854,302.6743151585974,117.50000000000014,8.6624011404847e-08,84.24113152377255,0.0
632,37980.0,37980,33.25886724597079,33.25886724597079,301.27029630109496,0.0,33.25886733211114,8.614034410251505e-08,0.0
633,38040.0,38040,33.25886724303304,33.25886724303304,301.74146358686426,0.0,33.258867329143726,8.61106844374415e-08,0.0
634,38100.0,38100,33.25886724007306,33.25886724007306,302.212630872592,0.0,33.25886732615376,8.608069946240895e-08,0.0
635,38160.0,38160,33.25886723709052,33.25886723709052,302.6837981582778,0.0,33.258867323140905,8.605038485825272e-08,0.0
636,38220.0,38220,33.25886723408507,33.25886723408507,303.15496544392147,0.0,33.25886732010481,8.601973612214977e-08,0.0
637,38280.0,38280,33.25886723105638,33.25886723105638,303.6261327295226,0.0,33.25886731704512,8.59887485544878e-08,0.0
638,38340.0,38340,33.25886722800406,33.25886722800406,304.097300015081,0.0,33.258867313961474,8.595741724466452e-08,0.0
639,38400.0,38400,33.258867224927734,33.258867224927734,304.5684673005961,0.0,33.25886731085347,8.592573705563917e-08,0.0
640,38460.0,38460,33.25886722182702,33.25886722182702,305.0396345860678,0.0,33.25886730772072,8.589370260722375e-08,0.0
641,38520.0,38520,33.25886721870152,33.25886721870152,305.51080187149563,0.0,33.258867304562834,8.586130825786007e-08,0.0
642,38580.0,38580,33.258867215550815,33.258867215550815,305.98196915687925,0.0,33.25886730137936,8.582854808491277e-08,0.0
643,38640.0,38640,33.258867212374476,33.258867212374476,306.45313644221835,0.0,33.25886729816989,8.579541586329794e-08,0.0
644,38700.0,38700,33.25886720917206,33.25886720917206,306.92430372751244,0.0,33.258867294933964,8.576190504219664e-08,0.0
645,38760.0,38760,33.258867205943105,33.25886720594311,307.39547101276133,0.0,33.258867291671116,8.572800871986918e-08,0.0
646,38820.0,38820,33.25886720268714,33.25886720268714,307.8666382979646,0.0,33.25886728838086,8.569371961625247e-08,0.0
647,38880.0,38880,33.25886856491165,-116.74113143508835,308.33780558312174,150.0,8.430641854694062e-08,116.74113151939477,0.0
648,38940.0,38940,33.25886856494846,-116.74113143505154,306.3921200589929,150.0,8.432741277588444e-08,116.74113151937895,0.0
649,39000.0,39000,33.2588685649867,-116.7411314350133,304.4464345348645,150.0,8.434953668973444e-08,116.74113151936285,0.0
650,39060.0,39060,33.25886856502641,-116.7411314349736,302.5007490107368,150.0,8.43727476714303e-08,116.74113151934634,0.0
651,39120.0,39120,33.25886856506763,-116.74113143493236,300.55506348660964,150.0,8.439700346809274e-08,116.74113151932937,0.0
652,39180.0,39180,33.25886857275491,-416.741131427245,298.6093779624831,450.0,8.52962636128512e-08,416.7411315125413,0.0
653,39240.0,39240,33.25886857314796,-416.741131426852,291.6636924384824,450.0,8.529959243517586e-08,416.7411315121516,0.0
654,39300.0,39300,33.25886865427816,-716.7411313457219,284.7180069144883,750.0,1.1186417992610467e-08,716.7411313569082,0.0
655,39360.0,39360,33.25886865429491,-716.7411313457051,272.77232139203164,750.0,1.119549224949988e-08,716.7411313569005,0.0
656,39420.0,39420,33.25886865430783,-716.7411313456922,260.8266358695753,750.0,1.1202399036111407e-08,716.7411313568946,0.0
657,39480.0,39480,33.25886865431664,-716.7411313456834,248.88095034711907,750.0,1.1207104832834209e-08,716.7411313568905,0.0
658,39540.0,39540,33.25886865432119,-716.7411313456788,236.935264824663,750.0,1.1209523416260436e-08,716.7411313568883,0.0
659,39600.0,39600,33.2588686543214,-716.7411313456787,224.98957930220703,750.0,1.1209605838401618e-08,716.7411313568883,0.0
660,39660.0,39660,33.25886865431724,-716.7411313456828,213.04389377975102,750.0,1.1207363482926927e-08,716.7411313568902,0.0
661,39720.0,39720,33.258868654308785,-716.7411313456913,201.09820825729494,750.0,1.120284715529284e-08,716.741131356894,0.0
662,39780.0,39780,33.25886865429623,-716.7411313457037,189.15252273483878,750.0,1.1196060941825613e-08,716.7411313568999,0.0
663,39840.0,39840,33.258868573259896,-511.74113142674025,177.2068372123824,545.0000000000001,8.16600158563357e-08,511.74113150840026,0.0
664,39900.0,39900,33.25886857465138,-416.7411314253486,168.6778183550659,450.0,8.524576680721239e-08,416.74113151059436,0.0
665,39960.0,39960,33.258868565942315,-136.74113143405785,161.732132831097,170.00000000000014,8.388423285642933e-08,136.74113151794205,0.0
666,40020.0,40020,33.25886856523216,-116.74113143476785,159.45311397365302,150.0,8.446084586603429e-08,116.7411315192287,0.0
667,40080.0,40080,33.25886856520666,-116.74113143479335,157.50742844952907,150.0,8.444362724999746e-08,116.74113151923697,0.0
668,40140.0,40140,33.2588685651802,-116.74113143481982,155.56174292540473,150.0,8.442617162926078e-08,116.74113151924598,0.0
669,40200.0,40200,33.2588685651528,-116.74113143484719,153.61605740128002,150.0,8.440849116319864e-08,116.74113151925569,0.0
670,40260.0,40260,33.25886855703905,-34.24113144296094,151.67037187715488,67.5,1.0237700973494948e-07,34.24113154533795,0.0
671,40320.0,40320,33.258867163269315,33.258867163269315,151.09968635284957,0.0,33.2588672487721,8.55027860706764e-08,0.0
672,40380.0,40380,33.258867162663456,33.258867162663456,151.57085363744883,0.0,33.25886724818025,8.55167954744259e-08,0.0
673,40440.0,40440,33.258867162058316,33.258867162058316,152.04202092203946,0.0,33.258867247588896,8.55305785927179e-08,0.0
674,40500.0,40500,33.25886716145386,33.25886716145386,152.51318820662144,0.0,33.258867246997994,8.554413639046701e-08,0.0
675,40560.0,40560,33.25886716085007,33.25886716085007,152.9843554911949,0.0,33.25886724640755,8.555746979044786e-08,0.0
676,40620.0,40620,33.25886716024696,33.25886716024696,153.45552277575968,0.0,33.25886724581754,8.557057967706603e-08,0.0
677,40680.0,40680,33.25886715964448,33.25886715964448,153.9266900603159,0.0,33.25886724522795,8.558346689979642e-08,0.0
678,40740.0,40740,33.25886715904264,33.25886715904264,154.39785734486358,0.0,33.25886724463877,8.559613227625366e-08,0.0
679,40800.0,40800,33.25886715844141,33.25886715844141,154.86902462940273,0.0,33.258867244049995,8.560857659489847e-08,0.0
680,40860.0,40860,33.25886715784079,33.25886715784079,155.3401919139333,0.0,33.258867243461594,8.562080061748346e-08,0.0
681,40920.0,40920,33.25886715724076,33.25886715724076,155.81135919845534,0.0,33.25886724287356,8.563280508120401e-08,0.0
682,40980.0,40980,33.2588671566413,33.2588671566413,156.28252648296885,0.0,33.258867242285895,8.564459070061235e-08,0.0
683,41040.0,41040,33.258867156042406,33.258867156042406,156.75369376747383,0.0,33.25886724169857,8.565615816932441e-08,0.0
684,41100.0,41100,33.258867155444065,33.258867155444065,157.22486105197032,0.0,33.258867241111574,8.566750816148495e-08,0.0
685,41160.0,41160,33.258867154846264,33.258867154846264,157.69602833645828,0.0,33.2588672405249,8.567864133311931e-08,0.0
686,41220.0,41220,33.25886715424898,33.25886715424898,158.16719562093775,0.0,33.25886723993854,8.568955832323142e-08,0.0
687,41280.0,41280,33.25886715365222,33.25886715365222,158.6383629054087,0.0,33.258867239352476,8.570025975482902e-08,0.0
688,41340.0,41340,33.25886715305596,33.25886715305596,159.1095301898712,0.0,33.258867238766705,8.571074623578296e-08,0.0
689,41400.0,41400,33.25886715246019,33.25886715246019,159.58069747432526,0.0,33.2588672381812,8.572101835956815e-08,0.0
690,41460.0,41460,33.2588671518649,33.2588671518649,160.0518647587708,0.0,33.25886723759598,8.573107670589406e-08,0.0
691,41520.0,41520,33.25886715127008,33.25886715127008,160.5230320432079,0.0,33.258867237011,8.57409218412325e-08,0.0
692,41580.0,41580,33.25886715067572,33.25886715067572,160.99419932763655,0.0,33.258867236426276,8.575055431930313e-08,0.0
693,41640.0,41640,33.25886715008181,33.25886715008181,161.46536661205678,0.0,33.258867235841784,8.575997468139503e-08,0.0
694,41700.0,41700,33.258867149488346,33.258867149488346,161.93653389646855,0.0,33.258867235257526,8.576918345671498e-08,0.0
695,41760.0,41760,33.258867148895305,33.258867148895305,162.40770118087187,0.0,33.25886723467349,8.577818116258981e-08,0.0
696,41820.0,41820,33.25886714830269,33.25886714830269,162.8788684652668,0.0,33.25886723408966,8.578696830468233e-08,0.0
697,41880.0,41880,33.25886714771048,33.25886714771048,163.35003574965333,0.0,33.25886723350603,8.579554537709704e-08,0.0
698,41940.0,41940,33.258867147118686,33.258867147118686,163.8212030340314,0.0,33.2588672329226,8.580391286250533e-08,0.0
699,42000.0,42000,33.25886714652728,33.25886714652728,164.2923703184011,0.0,33.258867232339355,8.581207123215836e-08,0.0
700,42060.0,42060,33.258867145936264,33.258867145936264,164.76353760276243,0.0,33.25886723175629,8.582002094594326e-08,0.0
701,42120.0,42120,33.25886714534563,33.25886714534563,165.2347048871153,0.0,33.2588672311734,8.58277624523605e-08,0.0
702,42180.0,42180,33.258867144755364,33.258867144755364,165.70587217145982,0.0,33.25886723059066,8.58352961884804e-08,0.0
703,42240.0,42240,33.25886714416547,33.25886714416547,166.17703945579592,0.0,33.2588672300081,8.584262257991159e-08,0.0
704,42300.0,42300,33.258867143575934,33.258867143575934,166.6482067401237,0.0,33.25886722942568,8.584974204068563e-08,0.0
705,42360.0,42360,33.25886714298675,33.25886714298675,167.11937402444303,0.0,33.25886722884341,8.585665497320856e-08,0.0
706,42420.0,42420,33.25886714239792,33.25886714239792,167.59054130875407,0.0,33.25886722826128,8.586336176813371e-08,0.0
707,42480.0,42480,33.25886714180942,33.25886714180942,168.06170859305675,0.0,33.25886722767928,8.586986280424426e-08,0.0
708,42540.0,42540,33.258868575271364,-266.7411314247287,168.53287587735105,300.0,8.263101441591638e-08,266.7411315073597,0.0
709,42600.0,42600,33.258868575166126,-266.7411314248339,164.087190353399,300.0,8.26201302858917e-08,266.74113150745404,0.0
710,42660.0,42660,33.25886857504454,-266.74113142495554,159.64150482944524,300.0,8.260806093376612e-08,266.7411315075636,0.0
711,42720.0,42720,33.25886857490642,-266.7411314250936,155.19581930548947,300.0,8.259480073156337e-08,266.7411315076884,0.0
712,42780.0,42780,33.258868574751595,-266.7411314252484,150.75013378153145,300.0,8.258034382408529e-08,266.7411315078287,0.0
713,42840.0,42840,33.25886857457982,-266.7411314254202,146.30444825757087,300.0,8.256468432924802e-08,266.74113150798485,0.0
714,42900.0,42900,33.25886857439087,-266.7411314256092,141.85876273360745,300.0,8.254781658001661e-08,266.74113150815697,0.0
715,42960.0,42960,33.25886857418449,-266.7411314258155,137.41307720964096,300.0,8.252973541482752e-08,266.7411315083453,0.0
716,43020.0,43020,33.258868573960434,-266.74113142603954,132.96739168567106,300.0,8.251043652493487e-08,266.74113150855,0.0
717,43080.0,43080,33.25886857371846,-266.7411314262815,128.52170616169747,300.0,8.248991686886022e-08,266.74113150877145,0.0
718,43140.0,43140,33.258868563681276,-96.7411314363186,124.0760206377199,129.99999999999986,8.529950202877197e-08,96.7411315216181,0.0
719,43200.0,43200,33.258867137617194,33.258867137617194,122.46366844690135,0.0,33.25886722362267,8.600547957362887e-08,0.0
720,43260.0,43260,33.2588671375074,33.2588671375074,122.93483573113593,0.0,33.25886722352885,8.602145319436051e-08,0.0
721,43320.0,43320,33.25886713739811,33.25886713739811,123.40600301536892,0.0,33.25886722343532,8.60371987369303e-08,0.0
722,43380.0,43380,33.258867137289315,33.258867137289315,123.87717029960034,0.0,33.25886722334203,8.605271778747576e-08,0.0
723,43440.0,43440,33.25886713718098,33.25886713718098,124.34833758383016,0.0,33.25886722324899,8.606801189831961e-08,0.0
724,43500.0,43500,33.25886713707309,33.25886713707309,124.81950486805839,0.0,33.25886722315617,8.60830825890038e-08,0.0
725,43560.0,43560,33.25886713696563,33.25886713696563,125.29067215228508,0.0,33.258867223063554,8.609793134727904e-08,0.0
726,43620.0,43620,33.25886713685857,33.25886713685857,125.76183943651017,0.0,33.258867222971126,8.61125596299692e-08,0.0
727,43680.0,43680,33.258867136751896,33.258867136751896,126.23300672073375,0.0,33.25886722287887,8.612696886387096e-08,0.0
728,43740.0,43740,33.2588671366456,33.2588671366456,126.70417400495576,0.0,33.25886722278676,8.61411604464791e-08,0.0
729,43800.0,43800,33.25886713653964,33.25886713653964,127.17534128917625,0.0,33.25886722269478,8.615513574673831e-08,0.0
730,43860.0,43860,33.25886713643403,33.25886713643403,127.64650857339518,0.0,33.25886722260292,8.616889610569032e-08,0.0
731,43920.0,43920,33.25886713632872,33.25886713632872,128.1176758576126,0.0,33.258867222511164,8.618244283714397e-08,0.0
732,43980.0,43980,33.25886713622371,33.25886713622371,128.58884314182848,0.0,33.25886722241948,8.619577722818611e-08,0.0
733,44040.0,44040,33.258867136118965,33.258867136118965,129.06001042604282,0.0,33.25886722232787,8.620890053980828e-08,0.0
734,44100.0,44100,33.258867136014494,33.258867136014494,129.5311777102557,0.0,33.258867222236304,8.622181400736146e-08,0.0
735,44160.0,44160,33.258867135910265,33.258867135910265,130.00234499446702,0.0,33.25886722214478,8.623451884103061e-08,0.0
736,44220.0,44220,33.258867135806256,33.258867135806256,130.47351227867685,0.0,33.25886722205327,8.624701622631325e-08,0.0
737,44280.0,44280,33.25886713570246,33.25886713570246,130.94467956288517,0.0,33.258867221961765,8.625930732439634e-08,0.0
738,44340.0,44340,33.25886713559885,33.25886713559885,131.415846847092,0.0,33.25886722187025,8.627139327256571e-08,0.0
739,44400.0,44400,33.25886713549542,33.25886713549542,131.88701413129732,0.0,33.2588672217787,8.628327518459876e-08,0.0
740,44460.0,44460,33.25886713539215,33.25886713539215,132.35818141550115,0.0,33.258867221687105,8.629495415103869e-08,0.0
741,44520.0,44520,33.25886713528902,33.25886713528902,132.82934869970347,0.0,33.25886722159546,8.630643123961095e-08,0.0
742,44580.0,44580,33.25886713518603,33.25886713518603,133.30051598390435,0.0,33.258867221503735,8.631770749543431e-08,0.0
743,44640.0,44640,33.25886713508315,33.25886713508315,133.7716832681037,0.0,33.25886722141193,8.632878394142144e-08,0.0
744,44700.0,44700,33.25886713498036,33.25886713498036,134.24285055230158,0.0,33.25886722132003,8.633966157843386e-08,0.0
745,44760.0,44760,33.25886713487767,33.25886713487767,134.71401783649796,0.0,33.258867221228,8.635034138562419e-08,0.0
746,44820.0,44820,33.25886713477503,33.25886713477503,135.18518512069286,0.0,33.25886722113586,8.636082432067705e-08,0.0
747,44880.0,44880,33.25886713467246,33.25886713467246,135.65635240488632,0.0,33.25886722104357,8.637111132000327e-08,0.0
748,44940.0,44940,33.258867134569925,33.258867134569925,136.12751968907827,0.0,33.258867220951124,8.638120329900241e-08,0.0
749,45000.0,45000,33.258867134467415,33.258867134467415,136.59868697326874,0.0,33.25886722085851,8.639110115226605e-08,0.0
750,45060.0,45060,33.25886713436492,33.25886713436492,137.06985425745773,0.0,33.25886722076573,8.6400805753774e-08,0.0
751,45120.0,45120,33.258867134262424,33.258867134262424,137.54102154164525,0.0,33.25886722067274,8.641031795710163e-08,0.0
752,45180.0,45180,33.258867134159914,33.258867134159914,138.01218882583132,0.0,33.25886722057955,8.64196385956082e-08,0.0
753,45240.0,45240,33.25886713405738,33.25886713405738,138.48335611001588,0.0,33.258867220486145,8.642876848259974e-08,0.0
754,45300.0,45300,33.25886713395481,33.25886713395481,138.95452339419896,0.0,33.25886722039252,8.643770841154016e-08,0.0
755,45360.0,45360,33.25886713385218,33.25886713385218,139.42569067838056,0.0,33.25886722029864,8.644645915618347e-08,0.0
756,45420.0,45420,33.2588671337495,33.2588671337495,139.89685796256072,0.0,33.258867220204515,8.645502147076017e-08,0.0
757,45480.0,45480,33.25886713364673,33.25886713364673,140.36802524673936,0.0,33.258867220110126,8.64633960901185e-08,0.0
758,45540.0,45540,33.25886713354388,33.25886713354388,140.83919253091656,0.0,33.25886722001546,8.647158372988312e-08,0.0
759,45600.0,45600,33.25886713344093,33.25886713344093,141.31035981509228,0.0,33.25886721992052,8.647958508661408e-08,0.0
760,45660.0,45660,33.258867133337866,33.258867133337866,141.7815270992665,0.0,33.25886721982526,8.648740083794486e-08,0.0
761,45720.0,45720,33.25886713323468,33.25886713323468,142.25269438343926,0.0,33.258867219729716,8.649503164270283e-08,0.0
762,45780.0,45780,33.25886713313137,33.25886713313137,142.72386166761055,0.0,33.25886721963385,8.650247814108575e-08,0.0
763,45840.0,45840,33.25886713302791,33.25886713302791,143.19502895178033,0.0,33.258867219537656,8.650974095475955e-08,0.0
764,45900.0,45900,33.2588671329243,33.2588671329243,143.66619623594863,0.0,33.25886721944113,8.651682068700425e-08,0.0
765,45960.0,45960,33.25886713282053,33.25886713282053,144.13736352011546,0.0,33.258867219344246,8.652371792287095e-08,0.0
766,46020.0,46020,33.25886713271658,33.25886713271658,144.6085308042808,0.0,33.258867219247016,8.653043322924587e-08,0.0
767,46080.0,46080,33.25886713261245,33.25886713261245,145.07969808844464,0.0,33.25886721914942,8.653696715502401e-08,0.0
768,46140.0,46140,33.25886713250813,33.25886713250813,145.550865372607,0.0,33.258867219051446,8.654332023123647e-08,0.0
769,46200.0,46200,33.25886713240361,33.25886713240361,146.02203265676786,0.0,33.2588672189531,8.65494929711086e-08,0.0
770,46260.0,46260,33.258868563528125,-116.74113143647189,146.49319994092724,150.0,8.37994252272568e-08,116.7411315202713,0.0
771,46320.0,46320,33.25886856351669,-116.74113143648333,144.54751441677658,150.0,8.380038948444935e-08,116.74113152028372,0.0
772,46380.0,46380,33.258868563504166,-116.74113143649583,142.6018288926257,150.0,8.380115206891342e-08,116.74113152029699,0.0
773,46440.0,46440,33.25886856349052,-116.74113143650949,140.6561433684746,150.0,8.380171808848063e-08,116.7411315203112,0.0
774,46500.0,46500,33.25886856347574,-116.74113143652427,138.71045784432332,150.0,8.380209285653126e-08,116.74113152032636,0.0
775,46560.0,46560,33.2588685634598,-116.74113143654019,136.76477232017174,150.0,8.38022818967409e-08,116.74113152034248,0.0
776,46620.0,46620,33.258868563442675,-116.74113143655732,134.81908679601995,150.0,8.380229094834906e-08,116.74113152035962,0.0
777,46680.0,46680,33.25886856342434,-116.74113143657567,132.87340127186783,150.0,8.380212597198033e-08,116.74113152037779,0.0
778,46740.0,46740,33.258868563404775,-116.74113143659523,130.92771574771544,150.0,8.380179315597946e-08,116.74113152039702,0.0
779,46800.0,46800,33.258868563383935,-116.74113143661607,128.98203022356267,150.0,8.380129892352605e-08,116.74113152041738,0.0
780,46860.0,46860,33.258868563361794,-116.7411314366382,127.03634469940961,150.0,8.380064994039723e-08,116.74113152043883,0.0
781,46920.0,46920,33.25886856333833,-116.74113143666169,125.09065917525616,150.0,8.379985312366887e-08,116.74113152046152,0.0
782,46980.0,46980,33.25886856331349,-116.74113143668652,123.14497365110232,150.0,8.379891565126017e-08,116.74113152048542,0.0
783,47040.0,47040,33.25886856328725,-116.74113143671273,121.19928812694809,150.0,8.379784497259328e-08,116.74113152051058,0.0
784,47100.0,47100,33.25886856325957,-116.74113143674045,119.25360260279339,150.0,8.379664882029267e-08,116.74113152053711,0.0
785,47160.0,47160,33.2588685632304,-116.7411314367696,117.30791707863825,150.0,8.379533522329755e-08,116.74113152056493,0.0
786,47220.0,47220,33.258868563199705,-116.7411314368003,115.36223155448263,150.0,8.379391252121231e-08,116.74113152059424,0.0
787,47280.0,47280,33.25886856316743,-116.74113143683256,113.41654603032651,150.0,8.379238938027323e-08,116.74113152062498,0.0
788,47340.0,47340,33.25886856313354,-116.74113143686645,111.47086050616983,150.0,8.379077481094994e-08,116.74113152065722,0.0
789,47400.0,47400,33.258868437755375,-19.241131562244625,109.52517498201262,52.5,3.534206185515277e-07,19.241131915665243,0.0
790,47460.0,47460,33.258867137125755,33.258867137125755,109.20448945509168,0.0,33.25886722389852,8.677276068368748e-08,0.0
791,47520.0,47520,33.258867137701635,33.258867137701635,109.67565673931739,0.0,33.25886722448939,8.67877550759617e-08,0.0
792,47580.0,47580,33.25886713827589,33.25886713827589,110.1468240235512,0.0,33.25886722507844,8.680255379058415e-08,0.0
793,47640.0,47640,33.2588671388485,33.2588671388485,110.61799130779313,0.0,33.258867225665654,8.681715816310896e-08,0.0
794,47700.0,47700,33.258867139419465,33.258867139419465,111.08915859204312,0.0,33.258867226251034,8.683156950173495e-08,0.0
795,47760.0,47760,33.258867139988766,33.258867139988766,111.56032587630118,0.0,33.25886722683456,8.684578908781474e-08,0.0
796,47820.0,47820,33.2588671405564,33.2588671405564,112.03149316056727,0.0,33.25886722741622,8.685981817639535e-08,0.0
797,47880.0,47880,33.258867141122344,33.258867141122344,112.50266044484135,0.0,33.258867227996,8.687365799670576e-08,0.0
798,47940.0,47940,33.258867141686586,33.25886714168659,112.97382772912343,0.0,33.2588672285739,8.688730975257603e-08,0.0
799,48000.0,48000,33.25886714224913,33.25886714224914,113.44499501341346,0.0,33.25886722914991,8.690077462297713e-08,0.0
800,48060.0,48060,33.258867142809954,33.258867142809954,113.91616229771141,0.0,33.25886722972401,8.69140537623761e-08,0.0
801,48120.0,48120,33.25886714336905,33.25886714336905,114.38732958201729,0.0,33.2588672302962,8.692714830121842e-08,0.0
802,48180.0,48180,33.2588671439264,33.2588671439264,114.85849686633107,0.0,33.258867230866464,8.694005934628627e-08,0.0
803,48240.0,48240,33.258867144482,33.258867144482,115.32966415065269,0.0,33.25886723143479,8.695278798111192e-08,0.0
804,48300.0,48300,33.25886714503583,33.258867145035836,115.80083143498216,0.0,33.258867232001165,8.696533526637228e-08,0.0
805,48360.0,48360,33.25886714558789,33.25886714558789,116.27199871931944,0.0,33.25886723256559,8.697770224019094e-08,0.0
806,48420.0,48420,33.25886714613816,33.25886714613816,116.74316600366451,0.0,33.25886723312805,8.698988991854257e-08,0.0
807,48480.0,48480,33.25886714668663,33.25886714668663,117.21433328801736,0.0,33.258867233688534,8.700189929558355e-08,0.0
808,48540.0,48540,33.258867147233296,33.258867147233296,117.68550057237793,0.0,33.25886723424703,8.701373134395968e-08,0.0
809,48600.0,48600,33.25886714777814,33.25886714777814,118.15666785674624,0.0,33.258867234803525,8.702538701511908e-08,0.0
810,48660.0,48660,33.25886714832115,33.25886714832115,118.62783514112222,0.0,33.25886723535802,8.703686723964752e-08,0.0
811,48720.0,48720,33.258867148862315,33.258867148862315,119.09900242550586,0.0,33.25886723591049,8.704817292752403e-08,0.0
812,48780.0,48780,33.25886714940164,33.25886714940164,119.57016970989716,0.0,33.25886723646094,8.705930496843462e-08,0.0
813,48840.0,48840,33.258867149939086,33.258867149939086,120.04133699429606,0.0,33.258867237009355,8.70702642320239e-08,0.0
814,48900.0,48900,33.258867150474664,33.258867150474664,120.51250427870255,0.0,33.25886723755572,8.708105156819298e-08,0.0
815,48960.0,48960,33.25886715100836,33.25886715100836,120.9836715631166,0.0,33.25886723810003,8.709166780732548e-08,0.0
816,49020.0,49020,33.25886715154016,33.25886715154016,121.45483884753818,0.0,33.258867238642274,8.710211376055682e-08,0.0
817,49080.0,49080,33.25886715207006,33.25886715207006,121.92600613196728,0.0,33.25886723918244,8.711239022000714e-08,0.0
818,49140.0,49140,33.258867152598036,33.258867152598036,122.39717341640385,0.0,33.25886723972054,8.712249795902097e-08,0.0
819,49200.0,49200,33.258867153124086,33.258867153124086,122.86834070084788,0.0,33.25886724025653,8.713243773239319e-08,0.0
820,49260.0,49260,33.258867153648204,33.258867153648204,123.33950798529935,0.0,33.25886724079042,8.714221027659306e-08,0.0
821,49320.0,49320,33.25886715417038,33.25886715417038,123.81067526975819,0.0,33.2588672413222,8.715181630995551e-08,0.0
822,49380.0,49380,33.2588671546906,33.2588671546906,124.28184255422441,0.0,33.25886724185186,8.716125653293287e-08,0.0
823,49440.0,49440,33.258867155208854,33.258867155208854,124.753009838698,0.0,33.25886724237939,8.717053162824763e-08,0.0
824,49500.0,49500,33.258867155725135,33.258867155725135,125.2241771231789,0.0,33.25886724290478,8.717964226111461e-08,0.0
825,49560.0,49560,33.25886715623943,33.25886715623943,125.69534440766708,0.0,33.25886724342802,8.718858907943224e-08,0.0
826,49620.0,49620,33.258867156751734,33.258867156751734,126.16651169216252,0.0,33.258867243949105,8.719737271394046e-08,0.0
827,49680.0,49680,33.25886715726204,33.25886715726204,126.63767897666521,0.0,33.258867244468036,8.720599377843286e-08,0.0
828,49740.0,49740,33.258867157770325,33.258867157770325,127.1088462611751,0.0,33.258867244984785,8.721445286989874e-08,0.0
829,49800.0,49800,33.2588671582766,33.2588671582766,127.58001354569218,0.0,33.258867245499346,8.722275056870957e-08,0.0
830,49860.0,49860,33.25886715878084,33.258867158780845,128.0511808302164,0.0,33.25886724601173,8.723088743877986e-08,0.0
831,49920.0,49920,33.25886715928304,33.25886715928304,128.52234811474776,0.0,33.25886724652191,8.723886402770719e-08,0.0
832,49980.0,49980,33.2588671597832,33.2588671597832,128.99351539928617,0.0,33.25886724702988,8.724668086695776e-08,0.0
833,50040.0,50040,33.258867160281305,33.25886716028131,129.46468268383168,0.0,33.25886724753564,8.72543384719729e-08,0.0
834,50100.0,50100,33.25886716077735,33.25886716077735,129.93584996838422,0.0,33.25886724803919,8.72618373423625e-08,0.0
835,50160.0,50160,33.25886716127132,33.25886716127132,130.40701725294377,0.0,33.2588672485405,8.726917796199866e-08,0.0
836,50220.0,50220,33.25886716176321,33.25886716176321,130.8781845375103,0.0,33.25886724903957,8.727636079918154e-08,0.0
837,50280.0,50280,33.25886716225302,33.25886716225302,131.34935182208378,0.0,33.2588672495364,8.728338630676264e-08,0.0
838,50340.0,50340,33.25886716274073,33.25886716274073,131.8205191066642,0.0,33.25886725003098,8.729025492227597e-08,0.0
839,50400.0,50400,33.258867163226334,33.258867163226334,132.2916863912515,0.0,33.2588672505233,8.729696706804769e-08,0.0
840,50460.0,50460,33.25886716370984,33.25886716370984,132.76285367584563,0.0,33.25886725101336,8.730352315134105e-08,0.0
841,50520.0,50520,33.258867164191216,33.258867164191216,133.23402096044663,0.0,33.258867251501144,8.730992356445306e-08,0.0
842,50580.0,50580,33.25886716467048,33.25886716467048,133.70518824505442,0.0,33.25886725198664,8.731616868485175e-08,0.0
843,50640.0,50640,33.2588671651476,33.258867165147606,134.176355529669,0.0,33.25886725246986,8.732225887525103e-08,0.0
844,50700.0,50700,33.25886716562259,33.25886716562259,134.6475228142903,0.0,33.258867252950786,8.732819448374888e-08,0.0
845,50760.0,50760,33.258867166095435,33.258867166095435,135.11869009891834,0.0,33.258867253429415,8.733397584393589e-08,0.0
846,50820.0,50820,33.25886716656613,33.258867166566134,135.58985738355304,0.0,33.258867253905734,8.733960327496622e-08,0.0
847,50880.0,50880,33.258867167034666,33.258867167034666,136.06102466819442,0.0,33.258867254379744,8.734507708168006e-08,0.0
848,50940.0,50940,33.25886716750104,33.25886716750104,136.5321919528424,0.0,33.25886725485143,8.735039755469033e-08,0.0
849,51000.0,51000,33.258867167965235,33.258867167965235,137.003359237497,0.0,33.2588672553208,8.735556497049234e-08,0.0
850,51060.0,51060,33.25886856519574,-266.74113143480423,137.47452652215813,300.0,8.143963899476971e-08,266.7411315162439,0.0
851,51120.0,51120,33.25886856520386,-266.74113143479616,133.02884099804118,300.0,8.14413623764864e-08,266.74113151623754,0.0
852,51180.0,51180,33.25886856521142,-266.7411314347886,128.5831554739243,300.0,8.144183428296143e-08,266.74113151623044,0.0
853,51240.0,51240,33.25886856521832,-266.74113143478166,124.13746994980761,300.0,8.14410783608164e-08,266.7411315162227,0.0
854,51300.0,51300,33.25886856522446,-266.7411314347755,119.691784425691,300.0,8.143912119956125e-08,266.74113151621464,0.0
855,51360.0,51360,33.25886856522972,-266.74113143477035,115.24609890157451,300.0,8.143599270740191e-08,266.74113151620634,0.0
856,51420.0,51420,33.258868565233925,-266.7411314347661,110.80041337745813,300.0,8.143172655602298e-08,266.7411315161978,0.0
857,51480.0,51480,33.258868565236895,-266.7411314347631,106.35472785334181,300.0,8.142636070567937e-08,266.74113151618945,0.0
858,51540.0,51540,33.258868565238416,-266.7411314347616,101.90904232922556,300.0,8.141993802481298e-08,266.7411315161815,0.0
859,51600.0,51600,33.2588685652382,-266.7411314347618,97.46335680510934,300.0,8.141250702097111e-08,266.7411315161743,0.0
860,51660.0,51660,33.25886856154781,-126.74113143845204,93.01767128099316,159.99999999999986,8.314583489798372e-08,126.74113152159788,0.0
861,51720.0,51720,33.25886717827669,33.25886717827669,90.90531909014445,0.0,33.25886726578154,8.750485007168742e-08,0.0
862,51780.0,51780,33.258867179584485,33.25886717958449,91.3764863749513,0.0,33.2588672671091,8.752461167491284e-08,0.0
863,51840.0,51840,33.258867180886924,33.258867180886924,91.84765365977663,0.0,33.2588672684311,8.754417877870071e-08,0.0
864,51900.0,51900,33.25886718218401,33.25886718218401,92.31882094462037,0.0,33.25886726974757,8.756355305831284e-08,0.0
865,51960.0,51960,33.25886718347574,33.25886718347574,92.78998822948242,0.0,33.25886727105848,8.758273615928781e-08,0.0
866,52020.0,52020,33.258867184762124,33.258867184762124,93.26115551436274,0.0,33.25886727236385,8.760172969811879e-08,0.0
867,52080.0,52080,33.25886718604316,33.25886718604316,93.73232279926123,0.0,33.2588672736637,8.762053526293431e-08,0.0
868,52140.0,52140,33.258867187318856,33.258867187318856,94.20349008417783,0.0,33.25886727495801,8.763915441410308e-08,0.0
869,52200.0,52200,33.258867188589214,33.258867188589214,94.67465736911245,0.0,33.258867276246804,8.765758868488317e-08,0.0
870,52260.0,52260,33.258867189854236,33.258867189854236,95.14582465406502,0.0,33.25886727753008,8.767583958196862e-08,0.0
871,52320.0,52320,33.25886719111393,33.25886719111393,95.61699193903544,0.0,33.258867278807834,8.769390858608439e-08,0.0
872,52380.0,52380,33.258867192368285,33.258867192368285,96.08815922402368,0.0,33.25886728008009,8.771179715256051e-08,0.0
873,52440.0,52440,33.25886719361732,33.25886719361732,96.55932650902967,0.0,33.258867281346824,8.772950671180283e-08,0.0
874,52500.0,52500,33.258867194861025,33.258867194861025,97.03049379405329,0.0,33.25886728260806,8.774703866984933e-08,0.0
875,52560.0,52560,33.2588671960994,33.2588671960994,97.50166107909449,0.0,33.25886728386379,8.776439440886258e-08,0.0
876,52620.0,52620,33.25886719733245,33.25886719733245,97.9728283641532,0.0,33.25886728511403,8.778157528759237e-08,0.0
877,52680.0,52680,33.258867198560175,33.25886719856018,98.44399564922931,0.0,33.25886728635876,8.77985826418543e-08,0.0
878,52740.0,52740,33.25886719978258,33.258867199782586,98.91516293432278,0.0,33.258867287598,8.781541778496187e-08,0.0
879,52800.0,52800,33.25886720099966,33.25886720099966,99.38633021943352,0.0,33.258867288831745,8.783208200819219e-08,0.0
880,52860.0,52860,33.25886720221142,33.25886720221142,99.85749750456147,0.0,33.258867290059996,8.784857658118066e-08,0.0
881,52920.0,52920,33.25886720341785,33.25886720341785,100.32866478970654,0.0,33.258867291282755,8.786490275232347e-08,0.0
882,52980.0,52980,33.25886720461896,33.25886720461896,100.79983207486868,0.0,33.25886729250002,8.788106174920975e-08,0.0
883,53040.0,53040,33.258867205814745,33.258867205814745,101.27099936004777,0.0,33.2588672937118,8.789705477897384e-08,0.0
884,53100.0,53100,33.2588672070052,33.2588672070052,101.74216664524377,0.0,33.25886729491809,8.7912883028681e-08,0.0
885,53160.0,53160,33.25886720819034,33.25886720819034,102.21333393045659,0.0,33.258867296118886,8.792854766568267e-08,0.0
886,53220.0,53220,33.258867209370145,33.258867209370145,102.68450121568615,0.0,33.2588672973142,8.794404983797254e-08,0.0
887,53280.0,53280,33.25886721054462,33.25886721054462,103.15566850093242,0.0,33.258867298504015,8.795939067453102e-08,0.0
888,53340.0,53340,33.25886721171378,33.25886721171378,103.62683578619527,0.0,33.25886729968835,8.797457128565958e-08,0.0
889,53400.0,53400,33.2588672128776,33.2588672128776,104.09800307147462,0.0,33.25886730086719,8.798959276328275e-08,0.0
890,53460.0,53460,33.25886721403608,33.25886721403608,104.56917035677047,0.0,33.25886730204054,8.800445618130225e-08,0.0
891,53520.0,53520,33.258867215189234,33.25886721518924,105.04033764208266,0.0,33.258867303208405,8.80191625958526e-08,0.0
892,53580.0,53580,33.25886721633706,33.25886721633706,105.51150492741117,0.0,33.258867304370774,8.803371304563944e-08,0.0
893,53640.0,53640,33.25886721747954,33.25886721747955,105.98267221275589,0.0,33.25886730552766,8.804810855220701e-08,0.0
894,53700.0,53700,33.25886721861669,33.25886721861669,106.45383949811678,0.0,33.25886730667904,8.80623501202183e-08,0.0
895,53760.0,53760,33.2588672197485,33.2588672197485,106.92500678349373,0.0,33.258867307824936,8.807643873774807e-08,0.0
896,53820.0,53820,33.25886722087496,33.25886722087497,107.39617406888667,0.0,33.25886730896534,8.80903753765374e-08,0.0
897,53880.0,53880,33.25886722199609,33.25886722199609,107.86734135429555,0.0,33.25886731010025,8.810416099224336e-08,0.0
898,53940.0,53940,33.258867223111864,33.258867223111864,108.33850863972026,0.0,33.258867311229665,8.811779652470533e-08,0.0
899,54000.0,54000,33.25886722422229,33.25886722422229,108.80967592516075,0.0,33.25886731235357,8.81312828982006e-08,0.0
900,54060.0,54060,33.25886722532737,33.25886722532737,109.28084321061695,0.0,33.258867313471995,8.814462102166432e-08,0.0
901,54120.0,54120,33.2588672264271,33.2588672264271,109.75201049608874,0.0,33.25886731458491,8.81578117889471e-08,0.0
902,54180.0,54180,33.25886722752148,33.25886722752148,110.2231777815761,0.0,33.25886731569233,8.817085607901814e-08,0.0
903,54240.0,54240,33.25886722861049,33.25886722861049,110.69434506707893,0.0,33.258867316794245,8.818375475620311e-08,0.0
904,54300.0,54300,33.258867229694154,33.258867229694154,111.16551235259715,0.0,33.25886731789066,8.819650867040712e-08,0.0
905,54360.0,54360,33.25886723077245,33.25886723077245,111.6366796381307,0.0,33.258867318981565,8.820911865731788e-08,0.0
906,54420.0,54420,33.258867231845386,33.258867231845386,112.10784692367949,0.0,33.25886732006697,8.822158553862974e-08,0.0
907,54480.0,54480,33.258867232912955,33.258867232912955,112.57901420924344,0.0,33.258867321146866,8.823391012220847e-08,0.0
908,54540.0,54540,33.25886723397516,33.25886723397516,113.05018149482248,0.0,33.258867322221256,8.824609320234081e-08,0.0
909,54600.0,54600,33.258867235032,33.258867235032,113.52134878041656,0.0,33.25886732329014,8.825813555987165e-08,0.0
910,54660.0,54660,33.25886723608346,33.25886723608346,113.99251606602556,0.0,33.2588673243535,8.827003796244874e-08,0.0
911,54720.0,54720,33.25886723712955,33.25886723712955,114.46368335164944,0.0,33.25886732541135,8.828180116466768e-08,0.0
912,54780.0,54780,33.25886723817027,33.25886723817027,114.93485063728812,0.0,33.258867326463694,8.829342590826235e-08,0.0
913,54840.0,54840,33.2588672392056,33.25886723920561,115.40601792294149,0.0,33.258867327510515,8.830491292228844e-08,0.0
914,54900.0,54900,33.25886724023556,33.25886724023556,115.8771852086095,0.0,33.25886732855182,8.831626292327341e-08,0.0
915,54960.0,54960,33.258867241260134,33.258867241260134,116.3483524942921,0.0,33.258867329587616,8.832747661542565e-08,0.0
916,55020.0,55020,33.25886724227933,33.25886724227933,116.81951977998916,0.0,33.25886733061788,8.833855469073905e-08,0.0
917,55080.0,55080,33.25886724329313,33.25886724329313,117.29068706570065,0.0,33.258867331642634,8.834949782920814e-08,0.0
918,55140.0,55140,33.25886724430155,33.25886724430155,117.76185435142646,0.0,33.25886733266185,8.836030669896417e-08,0.0
919,55200.0,55200,33.25886724530457,33.25886724530458,118.23302163716653,0.0,33.25886733367555,8.83709819564064e-08,0.0
920,55260.0,55260,33.25886724630221,33.25886724630221,118.70418892292078,0.0,33.258867334683735,8.838152424637666e-08,0.0
921,55320.0,55320,33.25886724729445,33.25886724729445,119.17535620868915,0.0,33.25886733568638,8.839193420231432e-08,0.0
922,55380.0,55380,33.25886724828129,33.25886724828129,119.64652349447155,0.0,33.2588673366835,8.840221244637075e-08,0.0
923,55440.0,55440,33.258867249262735,33.258867249262735,120.11769078026789,0.0,33.2588673376751,8.841235958955622e-08,0.0
924,55500.0,55500,33.25886725023878,33.25886725023878,120.58885806607812,0.0,33.258867338661155,8.842237623188503e-08,0.0
925,55560.0,55560,33.25886725120942,33.25886725120942,121.06002535190215,0.0,33.25886733964168,8.843226296251067e-08,0.0
926,55620.0,55620,33.25886725217466,33.25886725217466,121.53119263773992,0.0,33.25886734061668,8.844202035984716e-08,0.0
927,55680.0,55680,33.2588672531345,33.2588672531345,122.00235992359133,0.0,33.258867341586146,8.845164899168643e-08,0.0
928,55740.0,55740,33.258867254088926,33.258867254088926,122.4735272094563,0.0,33.25886734255008,8.846114941535425e-08,0.0
929,55800.0,55800,33.25886725503795,33.25886725503795,122.94469449533479,0.0,33.25886734350847,8.847052217779212e-08,0.0
930,55860.0,55860,33.258867255981556,33.258867255981556,123.41586178122667,0.0,33.25886734446132,8.847976781570128e-08,0.0
931,55920.0,55920,33.25886725691975,33.25886725691976,123.88702906713192,0.0,33.25886734540864,8.84888868556641e-08,0.0
932,55980.0,55980,33.25886725785254,33.25886725785254,124.35819635305043,0.0,33.25886734635042,8.84978798142378e-08,0.0
933,56040.0,56040,33.25886725877991,33.25886725877991,124.82936363898213,0.0,33.25886734728666,8.850674719806004e-08,0.0
934,56100.0,56100,33.258867259701866,33.258867259701866,125.30053092492695,0.0,33.25886734821736,8.851548950399388e-08,0.0
935,56160.0,56160,33.25886726061841,33.25886726061841,125.77169821088481,0.0,33.25886734914251,8.852410721918806e-08,0.0
936,56220.0,56220,33.25886726152953,33.25886726152953,126.24286549685561,0.0,33.25886735006213,8.85326008212141e-08,0.0
937,56280.0,56280,33.25886726243523,33.25886726243523,126.71403278283933,0.0,33.2588673509762,8.854097077814815e-08,0.0
938,56340.0,56340,33.25886726333551,33.25886726333551,127.18520006883584,0.0,33.25886735188473,8.85492175486806e-08,0.0
939,56400.0,56400,33.258867264230375,33.258867264230375,127.6563673548451,0.0,33.25886735278772,8.855734158220873e-08,0.0
940,56460.0,56460,33.25886726511981,33.25886726511981,128.12753464086703,0.0,33.258867353685154,8.856534331891371e-08,0.0
941,56520.0,56520,33.258867266003826,33.258867266003826,128.5987019269015,0.0,33.25886735457705,8.857322318988297e-08,0.0
942,56580.0,56580,33.25886726688242,33.25886726688242,129.06986921294848,0.0,33.2588673554634,8.858098161718018e-08,0.0
943,56640.0,56640,33.25886726775558,33.25886726775558,129.5410364990079,0.0,33.258867356344204,8.858861901393608e-08,0.0
944,56700.0,56700,33.25886726862333,33.25886726862333,130.01220378507966,0.0,33.258867357219465,8.859613578442442e-08,0.0
945,56760.0,56760,33.25886726948564,33.25886726948564,130.4833710711637,0.0,33.25886735808918,8.860353232416458e-08,0.0
946,56820.0,56820,33.25886727034253,33.25886727034253,130.95453835725996,0.0,33.25886735895334,8.86108090200084e-08,0.0
947,56880.0,56880,33.25886727119399,33.25886727119399,131.4257056433683,0.0,33.25886735981196,8.861796625016384e-08,0.0
948,56940.0,56940,33.25886727204002,33.25886727204003,131.89687292948872,0.0,33.25886736066503,8.862500438435385e-08,0.0
949,57000.0,57000,33.25886727288063,33.25886727288063,132.3680402156211,0.0,33.25886736151255,8.863192378381834e-08,0.0
950,57060.0,57060,33.25886727371581,33.25886727371581,132.83920750176537,0.0,33.258867362354536,8.863872480143254e-08,0.0
951,57120.0,57120,33.25886727454555,33.25886727454555,133.31037478792143,0.0,33.258867363190966,8.864540778177217e-08,0.0
952,57180.0,57180,33.25886727536987,33.25886727536987,133.78154207408926,0.0,33.25886736402185,8.86519730611588e-08,0.0
953,57240.0,57240,33.25886727618877,33.25886727618877,134.25270936026874,0.0,33.258867364847184,8.865842096776933e-08,0.0
954,57300.0,57300,33.25886727700223,33.25886727700223,134.72387664645981,0.0,33.25886736566698,8.866475182164201e-08,0.0
955,57360.0,57360,33.25886727781026,33.25886727781026,135.19504393266237,0.0,33.258867366481226,8.867096593481544e-08,0.0
956,57420.0,57420,33.25886727861287,33.25886727861287,135.66621121887638,0.0,33.25886736728993,8.867706361132469e-08,0.0
957,57480.0,57480,33.25886727941004,33.25886727941004,136.13737850510174,0.0,33.258867368093085,8.868304514730785e-08,0.0
958,57540.0,57540,33.25886728020179,33.25886728020179,136.60854579133837,0.0,33.258867368890705,8.868891083103658e-08,0.0
959,57600.0,57600,33.25886728098811,33.25886728098811,137.07971307758623,0.0,33.25886736968277,8.869466094299314e-08,0.0
960,57660.0,57660,33.25886728176901,33.25886728176901,137.55088036384518,0.0,33.2588673704693,8.870029575590089e-08,0.0
961,57720.0,57720,33.25886728254447,33.25886728254447,138.02204765011518,0.0,33.25886737125029,8.870581553481806e-08,0.0
962,57780.0,57780,33.25886728331451,33.258867283314515,138.49321493639619,0.0,33.25886737202573,8.87112205371575e-08,0.0
963,57840.0,57840,33.25886728407913,33.25886728407913,138.96438222268807,0.0,33.25886737279564,8.871651101275375e-08,0.0
964,57900.0,57900,33.25886728483832,33.25886728483832,139.43554950899076,0.0,33.25886737356001,8.87216872039005e-08,0.0
965,57960.0,57960,33.25886728559208,33.25886728559208,139.90671679530422,0.0,33.25886737431884,8.872674934541285e-08,0.0
966,58020.0,58020,33.258867286340426,33.258867286340426,140.3778840816283,0.0,33.25886737507213,8.873169766466862e-08,0.0
967,58080.0,58080,33.25886728708335,33.25886728708335,140.84905136796303,0.0,33.25886737581988,8.873653238164986e-08,0.0
968,58140.0,58140,33.25886728782085,33.25886728782085,141.32021865430823,0.0,33.2588673765621,8.874125370899517e-08,0.0
969,58200.0,58200,33.25886728855293,33.25886728855293,141.79138594066387,0.0,33.25886737729879,8.874586185202822e-08,0.0
970,58260.0,58260,33.258867289279586,33.258867289279586,142.26255322702988,0.0,33.25886737802995,8.875035700881308e-08,0.0
971,58320.0,58320,33.25886729000083,33.258867290000836,142.73372051340615,0.0,33.25886737875557,8.875473937018971e-08,0.0
972,58380.0,58380,33.258867290716665,33.258867290716665,143.20488779979266,0.0,33.258867379475674,8.875900911979369e-08,0.0
973,58440.0,58440,33.25886729142707,33.25886729142707,143.67605508618928,0.0,33.25886738019024,8.876316643415096e-08,0.0
974,58500.0,58500,33.258867292132074,33.258867292132074,144.14722237259596,0.0,33.25886738089928,8.87672114826245e-08,0.0
975,58560.0,58560,33.25886729283166,33.25886729283167,144.61838965901262,0.0,33.258867381602805,8.877114442752585e-08,0.0
976,58620.0,58620,33.25886729352584,33.25886729352584,145.08955694543917,0.0,33.25886738230081,8.877496542410723e-08,0.0
977,58680.0,58680,33.25886729421461,33.25886729421462,145.56072423187555,0.0,33.25886738299329,8.8778674620598e-08,0.0
978,58740.0,58740,33.258867294897975,33.258867294897975,146.0318915183217,0.0,33.25886738368025,8.878227215826882e-08,0.0
979,58800.0,58800,33.25886729557594,33.25886729557594,146.50305880477748,0.0,33.2588673843617,8.87857581713981e-08,0.0
980,58860.0,58860,33.258867296248496,33.258867296248496,146.97422609124288,0.0,33.258867385037625,8.87891327873559e-08,0.0
981,58920.0,58920,33.25886729691565,33.25886729691565,147.4453933777178,0.0,33.25886738570805,8.879239612658803e-08,0.0
982,58980.0,58980,33.25886729757741,33.25886729757742,147.91656066420217,0.0,33.25886738637296,8.879554830269021e-08,0.0
983,59040.0,59040,33.25886729823378,33.25886729823378,148.38772795069588,0.0,33.25886738703237,8.879858942237538e-08,0.0
984,59100.0,59100,33.25886729888475,33.25886729888475,148.8588952371989,0.0,33.25886738768627,8.880151958553592e-08,0.0
985,59160.0,59160,33.25886729953034,33.25886729953034,149.33006252371115,0.0,33.25886738833467,8.880433888525448e-08,0.0
986,59220.0,59220,33.25886730017053,33.25886730017053,149.80122981023254,0.0,33.25886738897758,8.880704740781385e-08,0.0
987,59280.0,59280,33.258867300805335,33.258867300805335,150.27239709676297,0.0,33.25886738961498,8.88096452327335e-08,0.0
988,59340.0,59340,33.258867301434755,33.258867301434755,150.74356438330236,0.0,33.25886739024689,8.881213243277046e-08,0.0
989,59400.0,59400,33.2588673020588,33.2588673020588,151.2147316698507,0.0,33.25886739087331,8.881450907393922e-08,0.0
990,59460.0,59460,33.258867302677466,33.25886730267747,151.68589895640787,0.0,33.25886739149425,8.88167752155343e-08,0.0
991,59520.0,59520,33.258867303290764,33.258867303290764,152.15706624297383,0.0,33.2588673921097,8.881893091014502e-08,0.0
992,59580.0,59580,33.25886730389868,33.25886730389868,152.6282335295484,0.0,33.258867392719665,8.88209762036527e-08,0.0
993,59640.0,59640,33.25886730450124,33.25886730450124,153.09940081613163,0.0,33.25886739332415,8.882291113526503e-08,0.0
994,59700.0,59700,33.25886730509843,33.25886730509843,153.5705681027234,0.0,33.25886739392317,8.882473573749836e-08,0.0
995,59760.0,59760,33.25886730569026,33.25886730569026,154.04173538932358,0.0,33.25886739451671,8.882645003621922e-08,0.0
996,59820.0,59820,33.25886730627673,33.25886730627673,154.51290267593217,0.0,33.25886739510478,8.882805405062049e-08,0.0
997,59880.0,59880,33.258867306857844,33.258867306857844,154.98406996254906,0.0,33.258867395687396,8.882954779325213e-08,0.0
998,59940.0,59940,33.25886730743361,33.25886730743361,155.45523724917416,0.0,33.25886739626454,8.883093127000827e-08,0.0
999,60000.0,60000,33.25886730800403,33.25886730800403,155.92640453580742,0.0,33.25886739683623,8.883220448015485e-08,0.0
1000,60060.0,60060,33.2588673085691,33.2588673085691,156.39757182244875,0.0,33.258867397402476,8.883336741630793e-08,0.0
1001,60120.0,60120,33.25886730912884,33.25886730912884,156.8687391090981,0.0,33.258867397963265,8.883442006444551e-08,0.0
1002,60180.0,60180,33.25886730968324,33.25886730968324,157.33990639575538,0.0,33.2588673985186,8.883536240391842e-08,0.0
1003,60240.0,60240,33.25886731023231,33.25886731023231,157.8110736824205,0.0,33.25886739906851,8.883619440742759e-08,0.0
1004,60300.0,60300,33.258867310776054,33.258867310776054,158.28224096909338,0.0,33.25886739961297,8.883691604105758e-08,0.0
1005,60360.0,60360,33.25886731131447,33.258867311314475,158.75340825577402,0.0,33.258867400152,8.883752726422929e-08,0.0
1006,60420.0,60420,33.258867311847574,33.258867311847574,159.22457554246222,0.0,33.2588674006856,8.883802802973145e-08,0.0
1007,60480.0,60480,33.258867312375365,33.258867312375365,159.695742829158,0.0,33.258867401213784,8.883841828370098e-08,0.0
1008,60540.0,60540,33.25886731289784,33.25886731289784,160.16691011586127,0.0,33.25886740173654,8.883869796561006e-08,0.0
1009,60600.0,60600,33.25886731341502,33.25886731341502,160.63807740257192,0.0,33.258867402253884,8.883886700829384e-08,0.0
1010,60660.0,60660,33.258867313926885,33.258867313926885,161.10924468928994,0.0,33.25886740276581,8.88389253378833e-08,0.0
1011,60720.0,60720,33.258867314433466,33.258867314433466,161.58041197601517,0.0,33.25886740327234,8.883887287385065e-08,0.0
1012,60780.0,60780,33.258867314934754,33.258867314934754,162.05157926274757,0.0,33.258867403773465,8.883870952897582e-08,0.0
1013,60840.0,60840,33.258867315430756,33.258867315430756,162.52274654948712,0.0,33.25886740426919,8.883843520931777e-08,0.0
1014,60900.0,60900,33.25886731592148,33.25886731592148,162.99391383623365,0.0,33.25886740475953,8.883804981422936e-08,0.0
1015,60960.0,60960,33.258867316406935,33.258867316406935,163.46508112298716,0.0,33.25886740524449,8.883755323633561e-08,0.0
1016,61020.0,61020,33.25886731688711,33.25886731688711,163.93624840974752,0.0,33.25886740572406,8.883694536150015e-08,0.0
1017,61080.0,61080,33.25886731736203,33.25886731736203,164.40741569651473,0.0,33.258867406198256,8.883622606884401e-08,0.0
1018,61140.0,61140,33.25886731783169,33.258867317831694,164.87858298328865,0.0,33.258867406667086,8.883539523068538e-08,0.0
1019,61200.0,61200,33.2588673182961,33.2588673182961,165.34975027006917,0.0,33.25886740713055,8.88344527125347e-08,0.0
1020,61260.0,61260,33.25886731875526,33.25886731875526,165.82091755685633,0.0,33.25886740758865,8.883339837311539e-08,0.0
1021,61320.0,61320,33.25886731920917,33.25886731920917,166.29208484364997,0.0,33.258867408041404,8.883223206427404e-08,0.0
1022,61380.0,61380,33.25886731965786,33.25886731965786,166.7632521304501,0.0,33.25886740848881,8.88309536310071e-08,0.0
1023,61440.0,61440,33.25886732010132,33.25886732010132,167.23441941725653,0.0,33.25886740893088,8.882956291141246e-08,0.0
1024,61500.0,61500,33.25886732053955,33.25886732053955,167.70558670406928,0.0,33.25886740936761,8.882805973666683e-08,0.0
1025,61560.0,61560,33.25886732097257,33.25886732097257,168.17675399088822,0.0,33.25886740979902,8.882644393102567e-08,0.0
1026,61620.0,61620,33.25886732140038,33.25886732140038,168.64792127771332,0.0,33.2588674102251,8.882471531175422e-08,0.0
1027,61680.0,61680,33.25886732182298,33.25886732182298,169.11908856454443,0.0,33.25886741064586,8.882287368911753e-08,0.0
1028,61740.0,61740,33.2588673222404,33.2588673222404,169.59025585138158,0.0,33.25886741106132,8.88209188663667e-08,0.0
1029,61800.0,61800,33.25886732265262,33.25886732265262,170.06142313822463,0.0,33.25886741147147,8.881885063967577e-08,0.0
1030,61860.0,61860,33.25886732305966,33.25886732305966,170.53259042507352,0.0,33.25886741187633,8.881666879812388e-08,0.0
1031,61920.0,61920,33.25886732346152,33.25886732346152,171.00375771192824,0.0,33.2588674122759,8.881437312367954e-08,0.0
1032,61980.0,61980,33.25886732385822,33.25886732385822,171.47492499878862,0.0,33.258867412670185,8.881196339111871e-08,0.0
1033,62040.0,62040,33.258867324249756,33.258867324249756,171.9460922856546,0.0,33.2588674130592,8.880943936804753e-08,0.0
1034,62100.0,62100,33.258867324636135,33.258867324636135,172.41725957252618,0.0,33.258867413442935,8.88068008148125e-08,0.0
1035,62160.0,62160,33.25886732501738,33.25886732501738,172.8884268594032,0.0,33.25886741382143,8.88040474844798e-08,0.0
1036,62220.0,62220,33.258867325393474,33.258867325393474,173.35959414628564,0.0,33.258867414194654,8.880117912280068e-08,0.0
1037,62280.0,62280,33.25886732576444,33.25886732576444,173.8307614331734,0.0,33.25886741456264,8.879819546818296e-08,0.0
1038,62340.0,62340,33.258867326130286,33.258867326130286,174.3019287200664,0.0,33.25886741492538,8.879509625160016e-08,0.0
1039,62400.0,62400,33.258867326491014,33.258867326491014,174.77309600696464,0.0,33.2588674152829,8.879188119659452e-08,0.0
1040,62460.0,62460,33.25886732684664,33.25886732684664,175.24426329386796,0.0,33.25886741563519,8.878855001920493e-08,0.0
1041,62520.0,62520,33.258867327197166,33.258867327197166,175.71543058077637,0.0,33.25886741598227,8.878510242793248e-08,0.0
1042,62580.0,62580,33.2588673275426,33.2588673275426,176.18659786768976,0.0,33.258867416324144,8.878153812369001e-08,0.0
1043,62640.0,62640,33.25886732788296,33.25886732788296,176.657765154608,0.0,33.25886741666081,8.877785679973615e-08,0.0
1044,62700.0,62700,33.25886732821824,33.25886732821824,177.1289324415311,0.0,33.2588674169923,8.877405814163968e-08,0.0
1045,62760.0,62760,33.25886732854846,33.25886732854846,177.60009972845896,0.0,33.258867417318605,8.877014182723129e-08,0.0
1046,62820.0,62820,33.25886732887362,33.25886732887362,178.07126701539153,0.0,33.25886741763973,8.876610752653146e-08,0.0
1047,62880.0,62880,33.25886732919374,33.25886732919374,178.54243430232864,0.0,33.2588674179557,8.876195490170612e-08,0.0
1048,62940.0,62940,33.258867329508824,33.258867329508824,179.0136015892704,0.0,33.258867418266505,8.875768360701042e-08,0.0
1049,63000.0,63000,33.25886732981888,33.25886732981888,179.48476887621655,0.0,33.25886741857217,8.875329328870876e-08,0.0
1050,63060.0,63060,33.25886733012391,33.25886733012391,179.95593616316714,0.0,33.258867418872704,8.874878358506792e-08,0.0
1051,63120.0,63120,33.258867330423946,33.258867330423946,180.42710345012208,0.0,33.258867419168105,8.874415412622683e-08,0.0
1052,63180.0,63180,33.25886733071898,33.25886733071898,180.89827073708125,0.0,33.25886741945838,8.873940453417387e-08,0.0
1053,63240.0,63240,33.258867331009014,33.25886733100902,181.36943802404463,0.0,33.25886741974356,8.873453442267681e-08,0.0
1054,63300.0,63300,33.258867331294084,33.258867331294084,181.84060531101207,0.0,33.25886742002362,8.872954339722261e-08,0.0
1055,63360.0,63360,33.25886733157418,33.25886733157418,182.3117725979836,0.0,33.258867420298614,8.872443105493855e-08,0.0
1056,63420.0,63420,33.258867331849316,33.258867331849316,182.78293988495915,0.0,33.258867420568514,8.871919698450634e-08,0.0
1057,63480.0,63480,33.25886733211951,33.25886733211951,183.25410717193859,0.0,33.25886742083335,8.871384076613843e-08,0.0
1058,63540.0,63540,33.25886733238476,33.25886733238476,183.72527445892186,0.0,33.25886742109312,8.870836197147153e-08,0.0
1059,63600.0,63600,33.25886733264509,33.25886733264509,184.1964417459089,0.0,33.258867421347844,8.870276016348953e-08,0.0
1060,63660.0,63660,33.2588673329005,33.2588673329005,184.66760903289963,0.0,33.258867421597536,8.869703489647136e-08,0.0
1061,63720.0,63720,33.25886733315101,33.25886733315101,185.13877631989402,0.0,33.2588674218422,8.869118571588922e-08,0.0
1062,63780.0,63780,33.25886733339662,33.25886733339662,185.60994360689196,0.0,33.25886742208184,8.868521215835938e-08,0.0
1063,63840.0,63840,33.25886733363736,33.25886733363736,186.08111089389337,0.0,33.25886742231648,8.867911375153649e-08,0.0
1064,63900.0,63900,33.258867333873226,33.258867333873226,186.55227818089827,0.0,33.25886742254612,8.867289001402683e-08,0.0
1065,63960.0,63960,33.25886733410424,33.25886733410424,187.02344546790647,0.0,33.25886742277077,8.866654045535182e-08,0.0
1066,64020.0,64020,33.2588673343304,33.2588673343304,187.494612754918,0.0,33.25886742299046,8.866006457581177e-08,0.0
1067,64080.0,64080,33.258867334551724,33.258867334551724,187.96578004193273,0.0,33.25886742320519,8.865346186641991e-08,0.0
1068,64140.0,64140,33.25886733476823,33.25886733476823,188.4369473289506,0.0,33.25886742341497,8.864673180881841e-08,0.0
1069,64200.0,64200,33.25886733497993,33.25886733497993,188.90811461597156,0.0,33.258867423619805,8.863987387517977e-08,0.0
1070,64260.0,64260,33.25886733518683,33.25886733518683,189.37928190299556,0.0,33.258867423819716,8.863288752812295e-08,0.0
1071,64320.0,64320,33.25886733538894,33.25886733538895,189.85044919002246,0.0,33.25886742401472,8.862577222062456e-08,0.0
1072,64380.0,64380,33.258867335586295,33.258867335586295,190.3216164770523,0.0,33.25886742420482,8.86185273959094e-08,0.0
1073,64440.0,64440,33.25886733577888,33.25886733577888,190.79278376408493,0.0,33.25886742439004,8.861115248736551e-08,0.0
1074,64500.0,64500,33.25886733596673,33.25886733596673,191.2639510511203,0.0,33.258867424570376,8.860364691845052e-08,0.0
1075,64560.0,64560,33.25886733614984,33.25886733614984,191.73511833815837,0.0,33.25886742474585,8.859601010258112e-08,0.0
1076,64620.0,64620,33.25886733632824,33.25886733632824,192.20628562519906,0.0,33.258867424916474,8.858824144304724e-08,0.0
1077,64680.0,64680,33.25886733650192,33.25886733650193,192.67745291224225,0.0,33.258867425082265,8.858034033288968e-08,0.0
1078,64740.0,64740,33.25886733667093,33.25886733667093,193.14862019928793,0.0,33.25886742524324,8.857230615480739e-08,0.0
1079,64800.0,64800,33.25886733683526,33.25886733683526,193.61978748633607,0.0,33.2588674253994,8.85641382810647e-08,0.0
1080,64860.0,64860,33.258867336994925,33.258867336994925,194.09095477338656,0.0,33.25886742555076,8.855583607335618e-08,0.0
1081,64920.0,64920,33.258867337149944,33.258867337149944,194.5621220604393,0.0,33.258867425697346,8.854739888272573e-08,0.0
1082,64980.0,64980,33.25886733730034,33.25886733730034,195.03328934749425,0.0,33.25886742583916,8.853882604942845e-08,0.0
1083,65040.0,65040,33.25886733744611,33.25886733744611,195.50445663455133,0.0,33.25886742597623,8.853011690286057e-08,0.0
1084,65100.0,65100,33.25886733758729,33.25886733758729,195.97562392161052,0.0,33.25886742610856,8.852127076138189e-08,0.0
1085,65160.0,65160,33.25886733772387,33.25886733772387,196.4467912086717,0.0,33.258867426236165,8.851228693227036e-08,0.0
1086,65220.0,65220,33.25886733785589,33.25886733785589,196.9179584957349,0.0,33.25886742635906,8.850316471154156e-08,0.0
1087,65280.0,65280,33.258867337983354,33.258867337983354,197.38912578279997,0.0,33.258867426477266,8.849390338390035e-08,0.0
1088,65340.0,65340,33.258867338106285,33.258867338106285,197.86029306986686,0.0,33.25886742659079,8.848450222254547e-08,0.0
1089,65400.0,65400,33.25886733822468,33.25886733822468,198.33146035693557,0.0,33.258867426699645,8.847496048910845e-08,0.0
1090,65460.0,65460,33.25886733833859,33.25886733833859,198.8026276440059,0.0,33.25886742680387,8.846527743349467e-08,0.0
1091,65520.0,65520,33.258867338448,33.258867338448,199.2737949310779,0.0,33.25886742690345,8.845545229377295e-08,0.0
1092,65580.0,65580,33.25886733855294,33.25886733855294,199.7449622181515,0.0,33.25886742699843,8.844548429604624e-08,0.0
1093,65640.0,65640,33.258867338653424,33.258867338653424,200.21612950522658,0.0,33.258867427088795,8.843537265433818e-08,0.0
1094,65700.0,65700,33.258867338749475,33.258867338749475,200.68729679230313,0.0,33.25886742717459,8.842511657043324e-08,0.0
1095,65760.0,65760,33.25886733884111,33.25886733884111,201.15846407938105,0.0,33.25886742725582,8.841471523378402e-08,0.0
1096,65820.0,65820,33.25886733892834,33.25886733892834,201.6296313664603,0.0,33.258867427332504,8.840416782132081e-08,0.0
1097,65880.0,65880,33.25886733901118,33.25886733901118,202.1007986535408,0.0,33.25886742740466,8.839347349740617e-08,0.0
1098,65940.0,65940,33.25886733908967,33.25886733908967,202.5719659406225,0.0,33.2588674274723,8.838263141361698e-08,0.0
1099,66000.0,66000,33.2588673391638,33.25886733916381,203.04313322770534,0.0,33.25886742753544,8.83716407086624e-08,0.0
1100,66060.0,66060,33.25886733923362,33.25886733923362,203.51430051478926,0.0,33.25886742759411,8.836050050820645e-08,0.0
1101,66120.0,66120,33.258867339299115,33.258867339299115,203.98546780187422,0.0,33.258867427648326,8.834920992476524e-08,0.0
1102,66180.0,66180,33.25886733936033,33.25886733936033,204.45663508896013,0.0,33.2588674276981,8.83377680575384e-08,0.0
1103,66240.0,66240,33.25886733941728,33.25886733941728,204.9278023760469,0.0,33.258867427743446,8.832617399229352e-08,0.0
1104,66300.0,66300,33.25886733946997,33.25886733946997,205.39896966313455,0.0,33.2588674277844,8.831442680118668e-08,0.0
1105,66360.0,66360,33.258867339518446,33.258867339518446,205.87013695022293,0.0,33.258867427820974,8.830252554265779e-08,0.0
1106,66420.0,66420,33.258867339562705,33.258867339562705,206.34130423731204,0.0,33.258867427853176,8.829046926126783e-08,0.0
1107,66480.0,66480,33.25886856427028,-266.7411314357297,206.81247152440184,300.0,8.181549939900972e-08,266.7411315175452,0.0
1108,66540.0,66540,33.258868564312436,-266.7411314356876,202.36678600026852,300.0,8.182484671366229e-08,266.74113151751243,0.0
1109,66600.0,66600,33.258868564349804,-266.74113143565023,197.92110047613585,300.0,8.183306148017882e-08,266.74113151748327,0.0
1110,66660.0,66660,33.258868564382496,-266.7411314356175,193.47541495200377,300.0,8.184011742769344e-08,266.74113151745763,0.0
1111,66720.0,66720,33.25886856441064,-266.74113143558935,189.02972942787227,300.0,8.18459920429752e-08,266.74113151743535,0.0
1112,66780.0,66780,33.258868564434316,-266.7411314355657,184.58404390374122,300.0,8.185066609168245e-08,266.7411315174164,0.0
1113,66840.0,66840,33.2588685644536,-266.7411314355464,180.1383583796105,300.0,8.185412322150659e-08,266.74113151740056,0.0
1114,66900.0,66900,33.25886856446857,-266.74113143553143,175.6926728554801,300.0,8.185634963553231e-08,266.74113151738777,0.0
1115,66960.0,66960,33.25886856447927,-266.7411314355207,171.24698733135,300.0,8.185733382661012e-08,266.74113151737805,0.0
1116,67020.0,67020,33.25886856448573,-266.74113143551426,166.80130180722006,300.0,8.185706636530861e-08,266.74113151737134,0.0
1117,67080.0,67080,33.25886856448797,-266.74113143551205,162.35561628309017,300.0,8.18555397357384e-08,266.7411315173676,0.0
1118,67140.0,67140,33.258868564485994,-266.74113143551403,157.90993075896037,300.0,8.185274821491072e-08,266.7411315173668,0.0
1119,67200.0,67200,33.25886856447978,-266.74113143552023,153.4642452348305,300.0,8.18486877925176e-08,266.7411315173689,0.0
1120,67260.0,67260,33.258868555510986,-36.741131444489305,149.0185597107006,70.00000000000028,1.0205498950819184e-07,36.741131546544295,0.0
1121,67320.0,67320,33.25886734594024,33.25886734594024,148.406207519704,0.0,33.25886743418152,8.824127713131433e-08,0.0
1122,67380.0,67380,33.25886734672212,33.25886734672212,148.87737480688423,0.0,33.258867434967534,8.824541117238502e-08,0.0
1123,67440.0,67440,33.25886734749831,33.25886734749832,149.34854209407555,0.0,33.25886743574772,8.82494060766632e-08,0.0
1124,67500.0,67500,33.25886734826883,33.25886734826883,149.81970938127787,0.0,33.25886743652209,8.825326211618256e-08,0.0
1125,67560.0,67560,33.25886734903366,33.25886734903366,150.29087666849108,0.0,33.25886743729064,8.825697955286092e-08,0.0
1126,67620.0,67620,33.258867349792816,33.258867349792816,150.7620439557151,0.0,33.25886743805338,8.826055863851888e-08,0.0
1127,67680.0,67680,33.2588673505463,33.2588673505463,151.23321124294986,0.0,33.258867438810306,8.82639996148661e-08,0.0
1128,67740.0,67740,33.25886735129412,33.25886735129412,151.70437853019533,0.0,33.25886743956143,8.826730271352487e-08,0.0
1129,67800.0,67800,33.258867352036276,33.258867352036276,152.17554581745134,0.0,33.258867440306744,8.827046815600953e-08,0.0
1130,67860.0,67860,33.258867352772775,33.258867352772775,152.64671310471786,0.0,33.25886744104627,8.827349615375394e-08,0.0
1131,67920.0,67920,33.25886735350361,33.25886735350361,153.11788039199482,0.0,33.25886744178,8.827638690809087e-08,0.0
1132,67980.0,67980,33.258867354228805,33.258867354228805,153.58904767928215,0.0,33.25886744250795,8.827914061028356e-08,0.0
1133,68040.0,68040,33.25886735494835,33.25886735494835,154.0602149665797,0.0,33.25886744323011,8.828175744150891e-08,0.0
1134,68100.0,68100,33.25886735566226,33.25886735566226,154.53138225388744,0.0,33.2588674439465,8.828423757288316e-08,0.0
1135,68160.0,68160,33.25886735637053,33.25886735637053,155.00254954120533,0.0,33.258867444657106,8.828658116543029e-08,0.0
1136,68220.0,68220,33.25886735707317,33.25886735707317,155.4737168285332,0.0,33.25886744536196,8.828878837013631e-08,0.0
1137,68280.0,68280,33.258867357770185,33.258867357770185,155.94488411587105,0.0,33.258867446061046,8.829085932789204e-08,0.0
1138,68340.0,68340,33.25886735846158,33.25886735846158,156.41605140321875,0.0,33.25886744675437,8.82927941695661e-08,0.0
1139,68400.0,68400,33.25886735914736,33.25886735914736,156.88721869057625,0.0,33.25886744744196,8.829459301594868e-08,0.0
1140,68460.0,68460,33.258867359827526,33.258867359827526,157.35838597794344,0.0,33.25886744812379,8.829625597778312e-08,0.0
1141,68520.0,68520,33.258867360502094,33.258867360502094,157.8295532653203,0.0,33.25886744879988,8.829778315576194e-08,0.0
1142,68580.0,68580,33.25886736117107,33.25886736117107,158.3007205527067,0.0,33.258867449470245,8.82991746405397e-08,0.0
1143,68640.0,68640,33.25886736183445,33.25886736183445,158.77188784010255,0.0,33.25886745013488,8.830043051270637e-08,0.0
1144,68700.0,68700,33.258867362492246,33.258867362492246,159.24305512750783,0.0,33.258867450793794,8.830155084281386e-08,0.0
1145,68760.0,68760,33.25886736314446,33.25886736314446,159.71422241492243,0.0,33.258867451446996,8.830253569135351e-08,0.0
1146,68820.0,68820,33.258867363791104,33.258867363791104,160.18538970234624,0.0,33.25886745209449,8.830338510880424e-08,0.0
1147,68880.0,68880,33.25886736443218,33.25886736443218,160.6565569897792,0.0,33.258867452736276,8.830409913555577e-08,0.0
1148,68940.0,68940,33.258867365067694,33.258867365067694,161.12772427722126,0.0,33.258867453372375,8.83046778019539e-08,0.0
1149,69000.0,69000,33.25886736569766,33.25886736569766,161.59889156467233,0.0,33.25886745400278,8.830512112830443e-08,0.0
1150,69060.0,69060,33.25886736632208,33.25886736632208,162.07005885213232,0.0,33.25886745462751,8.830542912483678e-08,0.0
1151,69120.0,69120,33.25886736694096,33.25886736694096,162.54122613960112,0.0,33.258867455246566,8.830560179171964e-08,0.0
1152,69180.0,69180,33.25886736755431,33.25886736755431,163.0123934270787,0.0,33.25886745585995,8.830563911905118e-08,0.0
1153,69240.0,69240,33.258867368162136,33.258867368162136,163.48356071456502,0.0,33.25886745646768,8.830554108685316e-08,0.0
1154,69300.0,69300,33.25886736876444,33.25886736876444,163.9547280020599,0.0,33.25886745706975,8.830530766505404e-08,0.0
1155,69360.0,69360,33.25886736936124,33.25886736936124,164.42589528956333,0.0,33.25886745766618,8.830493881349305e-08,0.0
1156,69420.0,69420,33.25886736995253,33.25886736995253,164.89706257707522,0.0,33.258867458256965,8.830443448189939e-08,0.0
1157,69480.0,69480,33.25886737053834,33.25886737053834,165.36822986459546,0.0,33.25886745884213,8.830379460988833e-08,0.0
1158,69540.0,69540,33.258867371118654,33.258867371118654,165.83939715212404,0.0,33.25886745942167,8.830301912695822e-08,0.0
1159,69600.0,69600,33.2588673716935,33.2588673716935,166.31056443966082,0.0,33.25886745999561,8.830210795244217e-08,0.0
1160,69660.0,69660,33.25886737226286,33.25886737226286,166.78173172720574,0.0,33.258867460563934,8.830106099554257e-08,0.0
1161,69720.0,69720,33.25886737282678,33.25886737282678,167.25289901475875,0.0,33.258867461126655,8.82998781552699e-08,0.0
1162,69780.0,69780,33.258867373385236,33.258867373385236,167.72406630231976,0.0,33.25886746168379,8.829855932047038e-08,0.0
1163,69840.0,69840,33.258867373938244,33.258867373938244,168.19523358988863,0.0,33.25886746223535,8.829710436977172e-08,0.0
1164,69900.0,69900,33.25886737448583,33.25886737448583,168.66640087746538,0.0,33.25886746278134,8.8295513171589e-08,0.0
1165,69960.0,69960,33.25886737502798,33.25886737502798,169.13756816504988,0.0,33.25886746332177,8.82937855840813e-08,0.0
1166,70020.0,70020,33.25886737556472,33.25886737556472,169.60873545264207,0.0,33.25886746385664,8.829192145516643e-08,0.0
1167,70080.0,70080,33.25886737609605,33.25886737609605,170.0799027402419,0.0,33.25886746438597,8.82899206224707e-08,0.0
1168,70140.0,70140,33.258867376621986,33.258867376621986,170.5510700278492,0.0,33.25886746490977,8.828778291330717e-08,0.0
1169,70200.0,70200,33.25886737714253,33.25886737714253,171.02223731546397,0.0,33.25886746542804,8.828550814466971e-08,0.0
1170,70260.0,70260,33.258867377657694,33.258867377657694,171.49340460308613,0.0,33.25886746594079,8.828309612320543e-08,0.0
1171,70320.0,70320,33.25886737816749,33.258867378167494,171.9645718907156,0.0,33.25886746644804,8.828054664516037e-08,0.0
1172,70380.0,70380,33.25886737867193,33.25886737867193,172.4357391783523,0.0,33.25886746694979,8.827785949639428e-08,0.0
1173,70440.0,70440,33.25886737917102,33.25886737917102,172.90690646599614,0.0,33.25886746744605,8.827503445232447e-08,0.0
1174,70500.0,70500,33.25886737966477,33.25886737966477,173.3780737536471,0.0,33.25886746793684,8.827207127790895e-08,0.0
1175,70560.0,70560,33.2588673801532,33.2588673801532,173.849241041305,0.0,33.25886746842217,8.826896972760698e-08,0.0
1176,70620.0,70620,33.2588673806363,33.2588673806363,174.3204083289699,0.0,33.25886746890203,8.826572954536927e-08,0.0
1177,70680.0,70680,33.2588673811141,33.2588673811141,174.79157561664158,0.0,33.258867469376455,8.826235046456982e-08,0.0
1178,70740.0,70740,33.25886738158661,33.25886738158661,175.26274290432008,0.0,33.25886746984545,8.825883220801383e-08,0.0
1179,70800.0,70800,33.258867382053836,33.258867382053836,175.73391019200528,0.0,33.258867470309006,8.825517448788349e-08,0.0
1180,70860.0,70860,33.25886738251579,33.25886738251579,176.20507747969708,0.0,33.258867470767164,8.825137700570535e-08,0.0
1181,70920.0,70920,33.258867382972475,33.258867382972475,176.67624476739545,0.0,33.258867471219915,8.824743945231684e-08,0.0
1182,70980.0,70980,33.25886738342392,33.25886738342392,177.14741205510026,0.0,33.25886747166728,8.824336150780798e-08,0.0
1183,71040.0,71040,33.25886738387012,33.25886738387012,177.61857934281153,0.0,33.258867472109266,8.823914284155305e-08,0.0
1184,71100.0,71100,33.258867384311095,33.258867384311095,178.0897466305291,0.0,33.25886747254588,8.823478311208323e-08,0.0
1185,71160.0,71160,33.25886738474686,33.258867384746864,178.56091391825294,0.0,33.258867472977144,8.82302819671103e-08,0.0
1186,71220.0,71220,33.258867385177425,33.258867385177425,179.032081205983,0.0,33.258867473403065,8.822563904347934e-08,0.0
1187,71280.0,71280,33.2588673856028,33.2588673856028,179.50324849371913,0.0,33.25886747382365,8.822085396710452e-08,0.0
1188,71340.0,71340,33.258867386023,33.258867386023,179.9744157814613,0.0,33.258867474238926,8.821592635293754e-08,0.0
1189,71400.0,71400,33.258867386438034,33.258867386438034,180.44558306920945,0.0,33.258867474648895,8.82108558049677e-08,0.0
1190,71460.0,71460,33.25886738684792,33.25886738684792,180.91675035696346,0.0,33.25886747505356,8.820564191611229e-08,0.0
1191,71520.0,71520,33.25886738725267,33.25886738725267,181.38791764472333,0.0,33.25886747545295,8.820028426823345e-08,0.0
1192,71580.0,71580,33.258867387652295,33.258867387652295,181.8590849324889,0.0,33.25886747584708,8.819478243208087e-08,0.0
1193,71640.0,71640,33.258867388046816,33.258867388046816,182.3302522202602,0.0,33.258867476235956,8.818913596721388e-08,0.0
1194,71700.0,71700,33.25886738843624,33.25886738843624,182.80141950803704,0.0,33.258867476619585,8.81833444220212e-08,0.0
1195,71760.0,71760,33.258867388820576,33.258867388820576,183.27258679581948,0.0,33.258867476997985,8.817740733363802e-08,0.0
1196,71820.0,71820,33.25886738919985,33.25886738919985,183.74375408360737,0.0,33.258867477371176,8.817132422791843e-08,0.0
1197,71880.0,71880,33.25886738957407,33.25886738957407,184.2149213714006,0.0,33.258867477739166,8.8165094619389e-08,0.0
1198,71940.0,71940,33.25886856502255,-266.7411314349775,184.68608865919919,300.0,8.188681841323455e-08,266.7411315168643,0.0
1199,72000.0,72000,33.25886856504309,-266.7411314349569,180.24040313507817,300.0,8.189232764954384e-08,266.74113151684924,0.0
1200,72060.0,72060,33.25886856505918,-266.7411314349408,175.79471761095752,300.0,8.189674957173842e-08,266.7411315168376,0.0
1201,72120.0,72120,33.258868565070934,-266.74113143492906,171.34903208683713,300.0,8.190007294993753e-08,266.7411315168291,0.0
1202,72180.0,72180,33.25886856507839,-266.7411314349216,166.9033465627169,300.0,8.190228878827071e-08,266.74113151682394,0.0
1203,72240.0,72240,33.25886856508159,-266.74113143491843,162.45766103859683,300.0,8.190339014906816e-08,266.74113151682184,0.0
1204,72300.0,72300,33.25886856508056,-266.74113143491945,158.01197551447677,300.0,8.190337202021424e-08,266.74113151682286,0.0
1205,72360.0,72360,33.25886856507529,-266.7411314349247,153.56628999035672,300.0,8.190223122233807e-08,266.7411315168269,0.0
1206,72420.0,72420,33.25886856506574,-266.7411314349343,149.12060446623659,300.0,8.189996635323073e-08,266.74113151683423,0.0
1207,72480.0,72480,33.258868558883336,-146.74113144111666,144.67491894211625,180.0,8.25763365231985e-08,146.74113152369299,0.0
1208,72540.0,72540,33.25886739661941,33.25886739661941,142.22923341789124,0.0,33.25886748478019,8.816078725747515e-08,0.0
1209,72600.0,72600,33.25886739752285,33.25886739752285,142.70040070578963,0.0,33.25886748568852,8.81656695017628e-08,0.0
1210,72660.0,72660,33.25886739841969,33.25886739841969,143.17156799370082,0.0,33.2588674865901,8.817040822102611e-08,0.0
1211,72720.0,72720,33.25886739930992,33.25886739930992,143.64273528162468,0.0,33.25886748748493,8.817500371467782e-08,0.0
1212,72780.0,72780,33.25886740019357,33.25886740019357,144.11390256956116,0.0,33.25886748837303,8.817945627153913e-08,0.0
1213,72840.0,72840,33.25886740107063,33.25886740107063,144.58506985751015,0.0,33.25886748925439,8.818376616982799e-08,0.0
1214,72900.0,72900,33.25886740194111,33.25886740194111,145.05623714547156,0.0,33.25886749012905,8.818793367716982e-08,0.0
1215,72960.0,72960,33.25886740280502,33.25886740280502,145.52740443344524,0.0,33.258867490996984,8.819195905059763e-08,0.0
1216,73020.0,73020,33.25886740366237,33.25886740366237,145.9985717214312,0.0,33.25886749185821,8.819584253655489e-08,0.0
1217,73080.0,73080,33.258867404513154,33.258867404513154,146.4697390094293,0.0,33.258867492712746,8.819958437091236e-08,0.0
1218,73140.0,73140,33.2588674053574,33.2588674053574,146.94090629743943,0.0,33.25886749356058,8.820318477897498e-08,0.0
1219,73200.0,73200,33.258867406195094,33.258867406195094,147.4120735854615,0.0,33.25886749440174,8.820664397549961e-08,0.0
1220,73260.0,73260,33.25886740702626,33.25886740702626,147.88324087349542,0.0,33.25886749523622,8.820996216467235e-08,0.0
1221,73320.0,73320,33.25886740785089,33.25886740785089,148.35440816154113,0.0,33.25886749606403,8.821313954014605e-08,0.0
1222,73380.0,73380,33.258867408669005,33.258867408669005,148.82557544959852,0.0,33.25886749688518,8.821617628506001e-08,0.0
1223,73440.0,73440,33.25886740948061,33.25886740948061,149.29674273766744,0.0,33.25886749769968,8.821907257201734e-08,0.0
1224,73500.0,73500,33.25886741028571,33.25886741028571,149.76791002574788,0.0,33.258867498507534,8.82218285631115e-08,0.0
1225,73560.0,73560,33.25886741108431,33.25886741108431,150.23907731383974,0.0,33.25886749930876,8.822444440994519e-08,0.0
1226,73620.0,73620,33.25886741187642,33.25886741187642,150.7102446019429,0.0,33.25886750010335,8.822692025363118e-08,0.0
1227,73680.0,73680,33.25886741266206,33.25886741266206,151.18141189005726,0.0,33.25886750089132,8.822925622479441e-08,0.0
1228,73740.0,73740,33.25886741344122,33.25886741344122,151.65257917818278,0.0,33.258867501672675,8.823145244360843e-08,0.0
1229,73800.0,73800,33.25886741421393,33.25886741421393,152.12374646631926,0.0,33.25886750244744,8.823350901978158e-08,0.0
1230,73860.0,73860,33.25886741498017,33.25886741498017,152.59491375446672,0.0,33.2588675032156,8.823542605256792e-08,0.0
1231,73920.0,73920,33.25886741573997,33.25886741573997,153.06608104262503,0.0,33.25886750397718,8.823720363079177e-08,0.0
1232,73980.0,73980,33.25886741649333,33.25886741649333,153.53724833079414,0.0,33.25886750473218,8.823884183285276e-08,0.0
1233,74040.0,74040,33.25886741724027,33.25886741724027,154.00841561897388,0.0,33.25886750548061,8.824034072673368e-08,0.0
1234,74100.0,74100,33.25886741798078,33.25886741798078,154.4795829071642,0.0,33.25886750622248,8.824170036999257e-08,0.0
1235,74160.0,74160,33.258867418714885,33.258867418714885,154.95075019536498,0.0,33.258867506957806,8.824292080980514e-08,0.0
1236,74220.0,74220,33.25886741944258,33.25886741944258,155.42191748357618,0.0,33.25886750768659,8.824400208295003e-08,0.0
1237,74280.0,74280,33.25886742016389,33.25886742016389,155.8930847717977,0.0,33.258867508408834,8.824494421582353e-08,0.0
1238,74340.0,74340,33.258867420878815,33.258867420878815,156.3642520600294,0.0,33.258867509124556,8.824574722443966e-08,0.0
1239,74400.0,74400,33.25886742158736,33.25886742158736,156.83541934827124,0.0,33.25886750983378,8.82464111144518e-08,0.0
1240,74460.0,74460,33.25886742228955,33.25886742228955,157.30658663652315,0.0,33.25886751053648,8.82469358811468e-08,0.0
1241,74520.0,74520,33.258867422985375,33.258867422985375,157.777753924785,0.0,33.258867511232694,8.824732150946575e-08,0.0
1242,74580.0,74580,33.25886742367486,33.25886742367486,158.2489212130567,0.0,33.258867511922425,8.824756797399599e-08,0.0
1243,74640.0,74640,33.25886742435801,33.25886742435801,158.72008850133815,0.0,33.25886751260568,8.824767523898105e-08,0.0
1244,74700.0,74700,33.25886742503483,33.25886742503483,159.1912557896293,0.0,33.25886751328247,8.824764325833348e-08,0.0
1245,74760.0,74760,33.25886742570533,33.25886742570533,159.66242307793004,0.0,33.25886751395281,8.82474719756397e-08,0.0
1246,74820.0,74820,33.258867426369534,33.258867426369534,160.13359036624024,0.0,33.258867514616696,8.824716132414926e-08,0.0
1247,74880.0,74880,33.25886742702744,33.25886742702744,160.60475765455988,0.0,33.25886751527415,8.824671122679644e-08,0.0
1248,74940.0,74940,33.25886742767906,33.25886742767906,161.07592494288883,0.0,33.25886751592518,8.824612159620726e-08,0.0
1249,75000.0,75000,33.2588674283244,33.2588674283244,161.54709223122703,0.0,33.258867516569794,8.824539233467766e-08,0.0
1250,75060.0,75060,33.258867428963484,33.258867428963484,162.01825951957437,0.0,33.258867517208,8.824452333421011e-08,0.0
1251,75120.0,75120,33.25886742959631,33.25886742959631,162.48942680793078,0.0,33.258867517839825,8.824351447651256e-08,0.0
1252,75180.0,75180,33.25886743022289,33.25886743022289,162.96059409629612,0.0,33.25886751846526,8.824236563296396e-08,0.0
1253,75240.0,75240,33.25886743084324,33.25886743084324,163.43176138467035,0.0,33.25886751908432,8.82410766646635e-08,0.0
1254,75300.0,75300,33.258867431457375,33.258867431457375,163.90292867305337,0.0,33.25886751969702,8.823964742242379e-08,0.0
1255,75360.0,75360,33.258867432065294,33.258867432065294,164.3740959614451,0.0,33.258867520303376,8.823807774676001e-08,0.0
1256,75420.0,75420,33.25886743266702,33.25886743266702,164.84526324984546,0.0,33.25886752090339,8.823636746790859e-08,0.0
1257,75480.0,75480,33.25886743326255,33.25886743326255,165.31643053825434,0.0,33.25886752149707,8.823451640581342e-08,0.0
1258,75540.0,75540,33.25886743385191,33.25886743385192,165.78759782667166,0.0,33.25886752208444,8.823252437015747e-08,0.0
1259,75600.0,75600,33.25886743443511,33.25886743443511,166.25876511509728,0.0,33.258867522665504,8.823039116033216e-08,0.0
1260,75660.0,75660,33.25886743501216,33.25886743501216,166.72993240353122,0.0,33.25886752324027,8.822811656548274e-08,0.0
1261,75720.0,75720,33.258867435583056,33.25886743558306,167.20109969197335,0.0,33.25886752380876,8.822570036447081e-08,0.0
1262,75780.0,75780,33.25886743614783,33.25886743614783,167.67226698042356,0.0,33.25886752437098,8.822314232592072e-08,0.0
1263,75840.0,75840,33.258867436706495,33.258867436706495,168.14343426888175,0.0,33.258867524926934,8.822044220818596e-08,0.0
1264,75900.0,75900,33.25886743725905,33.25886743725905,168.61460155734792,0.0,33.25886752547665,8.821759975940352e-08,0.0
1265,75960.0,75960,33.25886743780551,33.25886743780551,169.0857688458219,0.0,33.25886752602013,8.821461471744738e-08,0.0
1266,76020.0,76020,33.2588674383459,33.2588674383459,169.5569361343036,0.0,33.258867526557395,8.821148680999083e-08,0.0
1267,76080.0,76080,33.25886743888022,33.25886743888022,170.02810342279298,0.0,33.25886752708844,8.820821575446391e-08,0.0
1268,76140.0,76140,33.25886743940849,33.2588674394085,170.49927071128994,0.0,33.25886752761329,8.820480125812454e-08,0.0
1269,76200.0,76200,33.258867439930725,33.258867439930725,170.9704379997944,0.0,33.258867528131965,8.820124301800909e-08,0.0
1270,76260.0,76260,33.25886744044693,33.25886744044693,171.44160528830625,0.0,33.258867528644465,8.819754072098974e-08,0.0
1271,76320.0,76320,33.25886744095711,33.25886744095711,171.91277257682543,0.0,33.258867529150805,8.819369404378422e-08,0.0
1272,76380.0,76380,33.2588674414613,33.2588674414613,172.38393986535186,0.0,33.258867529651006,8.818970265294403e-08,0.0
1273,76440.0,76440,33.2588674419595,33.2588674419595,172.85510715388543,0.0,33.25886753014507,8.818556620491562e-08,0.0
1274,76500.0,76500,33.25886744245173,33.25886744245174,173.32627444242607,0.0,33.25886753063302,8.818128434602456e-08,0.0
1275,76560.0,76560,33.258867442938005,33.258867442938005,173.79744173097373,0.0,33.258867531114866,8.817685671252395e-08,0.0
1276,76620.0,76620,33.25886744341833,33.25886744341833,174.26860901952824,0.0,33.25886753159062,8.817228293061897e-08,0.0
1277,76680.0,76680,33.258867443892726,33.258867443892726,174.73977630808957,0.0,33.25886753206029,8.816756261648876e-08,0.0
1278,76740.0,76740,33.25886744436121,33.25886744436121,175.21094359665764,0.0,33.25886753252391,8.816269537630205e-08,0.0
1279,76800.0,76800,33.25886744482379,33.25886744482379,175.6821108852324,0.0,33.258867532981476,8.815768080628334e-08,0.0
1280,76860.0,76860,33.25886744528049,33.25886744528049,176.15327817381367,0.0,33.258867533433005,8.815251849275033e-08,0.0
1281,76920.0,76920,33.258867445731305,33.258867445731305,176.62444546240147,0.0,33.258867533878515,8.814720801211406e-08,0.0
1282,76980.0,76980,33.258867446176275,33.258867446176275,177.09561275099563,0.0,33.25886753431802,8.814174893097244e-08,0.0
1283,77040.0,77040,33.2588674466154,33.2588674466154,177.56678003959613,0.0,33.258867534751545,8.813614080614004e-08,0.0
1284,77100.0,77100,33.2588674470487,33.2588674470487,178.03794732820285,0.0,33.25886753517908,8.81303831846963e-08,0.0
1285,77160.0,77160,33.258867447476185,33.258867447476185,178.50911461681574,0.0,33.258867535600665,8.812447560407633e-08,0.0
1286,77220.0,77220,33.258867447897885,33.258867447897885,178.98028190543468,0.0,33.2588675360163,8.811841759207496e-08,0.0
1287,77280.0,77280,33.2588674483138,33.2588674483138,179.45144919405962,0.0,33.25886753642602,8.811220866697975e-08,0.0
1288,77340.0,77340,33.258867448723954,33.258867448723954,179.92261648269047,0.0,33.258867536829804,8.810584833760962e-08,0.0
1289,77400.0,77400,33.25886744912837,33.25886744912837,180.39378377132715,0.0,33.2588675372277,8.809933610341742e-08,0.0
1290,77460.0,77460,33.25886744952705,33.25886744952705,180.86495105996957,0.0,33.25886753761972,8.8092671454554e-08,0.0
1291,77520.0,77520,33.25886744992002,33.25886744992002,181.33611834861762,0.0,33.25886753800587,8.808585387198672e-08,0.0
1292,77580.0,77580,33.258868554509824,-116.74113144549017,181.8072856372713,150.0,8.415744427811294e-08,116.74113152964762,0.0
1293,77640.0,77640,33.258868554558944,-116.74113144544106,179.86160011296943,150.0,8.416343560529618e-08,116.7411315296045,0.0
1294,77700.0,77700,33.2588685546045,-116.74113144539552,177.91591458866833,150.0,8.416913492140678e-08,116.74113152956465,0.0
1295,77760.0,77760,33.25886855464651,-116.74113144535347,175.97022906436797,150.0,8.417454441061638e-08,116.74113152952802,0.0
1296,77820.0,77820,33.258868554685016,-116.74113144531498,174.02454354006832,150.0,8.417966604853387e-08,116.74113152949464,0.0
1297,77880.0,77880,33.25886855472003,-116.74113144527998,172.0788580157693,150.0,8.418450161356829e-08,116.74113152946447,0.0
1298,77940.0,77940,33.25886855475158,-116.74113144524843,170.13317249147087,150.0,8.418905269721556e-08,116.7411315294375,0.0
1299,78000.0,78000,33.258868554779674,-116.74113144522032,168.18748696717293,150.0,8.419332071336333e-08,116.74113152941364,0.0
1300,78060.0,78060,33.25886855480434,-116.74113144519568,166.24180144287547,150.0,8.419730690667633e-08,116.741131529393,0.0
1301,78120.0,78120,33.258868554825575,-116.74113144517445,164.29611591857838,150.0,8.420101236006426e-08,116.74113152937547,0.0
1302,78180.0,78180,33.258868554843396,-116.7411314451566,162.35043039428166,150.0,8.420443800128028e-08,116.74113152936104,0.0
1303,78240.0,78240,33.25886855485781,-116.74113144514217,160.4047448699852,150.0,8.420758460869975e-08,116.74113152934977,0.0
1304,78300.0,78300,33.258868554868826,-116.74113144513117,158.45905934568898,150.0,8.421045281630569e-08,116.74113152934162,0.0
1305,78360.0,78360,33.25886855487645,-116.74113144512356,156.51337382139295,150.0,8.421304311787893e-08,116.7411315293366,0.0
1306,78420.0,78420,33.258868554880664,-116.74113144511935,154.56768829709702,150.0,8.421535587042476e-08,116.74113152933472,0.0
1307,78480.0,78480,33.25886855488148,-116.74113144511853,152.6220027728012,150.0,8.421739129691575e-08,116.7411315293359,0.0
1308,78540.0,78540,33.25886855487889,-116.74113144512111,150.67631724850534,150.0,8.421914948824024e-08,116.74113152934027,0.0
1309,78600.0,78600,33.25886855487288,-116.74113144512711,148.73063172420947,150.0,8.422063040446537e-08,116.74113152934775,0.0
1310,78660.0,78660,33.258868554863454,-116.74113144513656,146.78494619991346,150.0,8.422183387544182e-08,116.74113152935838,0.0
1311,78720.0,78720,33.25886855485059,-116.7411314451494,144.8392606756173,150.0,8.422275960056305e-08,116.74113152937215,0.0
1312,78780.0,78780,33.25886855483427,-116.74113144516572,142.89357515132093,150.0,8.422340714797108e-08,116.74113152938912,0.0
1313,78840.0,78840,33.2588669487034,13.258866948703252,140.9478896270243,20.000000000000146,13.258867036379087,8.767583333124415e-08,0.0
1314,78900.0,78900,33.258867465486055,33.258867465486055,141.13572357524507,0.0,33.25886755352386,8.803780087116627e-08,0.0
1315,78960.0,78960,33.25886746643108,33.25886746643108,141.60689086411935,0.0,33.25886755447095,8.803987985822721e-08,0.0
1316,79020.0,79020,33.258867467367935,33.258867467367935,142.07805815300705,0.0,33.25886755540974,8.804180262506734e-08,0.0
1317,79080.0,79080,33.258867468296664,33.258867468296664,142.549225441908,0.0,33.258867556340235,8.80435691943663e-08,0.0
1318,79140.0,79140,33.258867469217265,33.258867469217265,143.0203927308221,0.0,33.25886755726245,8.804517957845895e-08,0.0
1319,79200.0,79200,33.25886747012975,33.25886747012975,143.49156001974924,0.0,33.25886755817639,8.804663377939747e-08,0.0
1320,79260.0,79260,33.258867471034144,33.258867471034144,143.96272730868932,0.0,33.25886755908207,8.80479317891152e-08,0.0
1321,79320.0,79320,33.258867471930444,33.258867471930444,144.4338945976422,0.0,33.25886755997952,8.804907358948475e-08,0.0
1322,79380.0,79380,33.258867472818686,33.258867472818686,144.90506188660774,0.0,33.25886756086874,8.805005915250065e-08,0.0
1323,79440.0,79440,33.258867473698864,33.258867473698864,145.37622917558588,0.0,33.25886756174975,8.805088844037197e-08,0.0
1324,79500.0,79500,33.258867474571005,33.258867474571005,145.8473964645765,0.0,33.25886756262256,8.805156140565956e-08,0.0
1325,79560.0,79560,33.25886747543512,33.25886747543512,146.3185637535795,0.0,33.25886756348719,8.805207799144569e-08,0.0
1326,79620.0,79620,33.258867476291215,33.258867476291215,146.7897310425947,0.0,33.25886756434365,8.805243813146829e-08,0.0
1327,79680.0,79680,33.25886747713932,33.25886747713932,147.260898331622,0.0,33.258867565191956,8.805264175027775e-08,0.0
1328,79740.0,79740,33.25886747797943,33.25886747797943,147.73206562066136,0.0,33.258867566032116,8.805268876341852e-08,0.0
1329,79800.0,79800,33.25886747881158,33.25886747881158,148.20323290971263,0.0,33.258867566864154,8.80525790775899e-08,0.0
1330,79860.0,79860,33.25886747963577,33.25886747963577,148.67440019877566,0.0,33.25886756768808,8.805231259084534e-08,0.0
1331,79920.0,79920,33.25886748045202,33.25886748045202,149.14556748785037,0.0,33.2588675685039,8.805188919278586e-08,0.0
1332,79980.0,79980,33.25886748126034,33.25886748126034,149.61673477693662,0.0,33.25886756931165,8.805130876474841e-08,0.0
1333,80040.0,80040,33.25886748206075,33.25886748206075,150.0879020660344,0.0,33.25886757011132,8.805057118005562e-08,0.0
1334,80100.0,80100,33.258867482853255,33.25886748285326,150.55906935514346,0.0,33.258867570902936,8.804967630419126e-08,0.0
1335,80160.0,80160,33.258867483637886,33.258867483637886,151.03023664426374,0.0,33.25886757168651,8.804862399508649e-08,0.0
1336,80220.0,80220,33.258867484414644,33.258867484414644,151.50140393339515,0.0,33.25886757246206,8.804741410333983e-08,0.0
1337,80280.0,80280,33.25886748518355,33.25886748518355,151.97257122253757,0.0,33.258867573229594,8.804604647249835e-08,0.0
1338,80340.0,80340,33.25886748594461,33.25886748594461,152.4437385116909,0.0,33.25886757398913,8.804452093930038e-08,0.0
1339,80400.0,80400,33.25886748669785,33.25886748669785,152.91490580085502,0.0,33.258867574740684,8.804283733400109e-08,0.0
1340,80460.0,80460,33.25886748744328,33.25886748744328,153.3860730900298,0.0,33.258867575484274,8.804099548065964e-08,0.0
1341,80520.0,80520,33.25886748818091,33.25886748818091,153.85724037921517,0.0,33.258867576219906,8.803899519744991e-08,0.0
1342,80580.0,80580,33.25886748891077,33.25886748891077,154.32840766841096,0.0,33.2588675769476,8.803683629701378e-08,0.0
1343,80640.0,80640,33.258867489632856,33.258867489632856,154.7995749576171,0.0,33.258867577667374,8.803451858677876e-08,0.0
1344,80700.0,80700,33.25886749034719,33.25886749034719,155.27074224683346,0.0,33.25886757837924,8.80320418693724e-08,0.0
1345,80760.0,80760,33.2588674910538,33.2588674910538,155.74190953606,0.0,33.2588675790832,8.802940594296468e-08,0.0
1346,80820.0,80820,33.258867491752675,33.258867491752675,156.21307682529653,0.0,33.258867579779285,8.802661060169814e-08,0.0
1347,80880.0,80880,33.25886749244385,33.25886749244385,156.68424411454296,0.0,33.25886758046751,8.802365563610425e-08,0.0
1348,80940.0,80940,33.25886749312734,33.25886749312734,157.15541140379915,0.0,33.258867581147875,8.802054083356711e-08,0.0
1349,81000.0,81000,33.258867493803145,33.258867493803145,157.6265786930651,0.0,33.25886758182041,8.80172659787606e-08,0.0
1350,81060.0,81060,33.2588674944713,33.2588674944713,158.0977459823406,0.0,33.25886758248513,8.801383085416527e-08,0.0
1351,81120.0,81120,33.25886749513181,33.25886749513181,158.56891327162555,0.0,33.25886758314204,8.801023524058344e-08,0.0
1352,81180.0,81180,33.25886749578469,33.25886749578469,159.04008056091993,0.0,33.25886758379117,8.800647891767294e-08,0.0
1353,81240.0,81240,33.25886749642996,33.25886749642996,159.51124785022353,0.0,33.25886758443252,8.80025616644986e-08,0.0
1354,81300.0,81300,33.25886749706763,33.25886749706763,159.9824151395363,0.0,33.25886758506611,8.799848326017167e-08,0.0
1355,81360.0,81360,33.25886749769772,33.25886749769772,160.4535824288581,0.0,33.258867585691966,8.799424348444171e-08,0.0
1356,81420.0,81420,33.25886749832024,33.25886749832024,160.92474971818882,0.0,33.25886758631009,8.798984211834192e-08,0.0
1357,81480.0,81480,33.258867498935224,33.258867498935224,161.39591700752837,0.0,33.2588675869205,8.79852789449182e-08,0.0
1358,81540.0,81540,33.25886749954267,33.25886749954267,161.8670842968767,0.0,33.25886758752323,8.798055374991193e-08,0.0
1359,81600.0,81600,33.2588685658356,-266.7411314341644,162.33825158623355,300.0,8.279667123101294e-08,266.74113151696105,0.0
1360,81660.0,81660,33.258868565848715,-266.7411314341513,157.89256606212385,300.0,8.281126129563082e-08,266.7411315169626,0.0
1361,81720.0,81720,33.258868565857725,-266.7411314341423,153.44688053801428,300.0,8.282508071843838e-08,266.74113151696736,0.0
1362,81780.0,81780,33.25886858403507,-566.741131415965,149.00119501390483,600.0,8.215283582476828e-08,566.7411314981179,0.0
1363,81840.0,81840,33.258868584012355,-566.7411314159876,139.55550949010004,600.0,8.215404698834163e-08,566.7411314981417,0.0
1364,81900.0,81900,33.25886858401369,-566.7411314159864,130.10982396629487,600.0,8.215731096316302e-08,566.7411314981437,0.0
1365,81960.0,81960,33.25886858403896,-566.7411314159611,120.6641384424897,600.0,8.216263206541357e-08,566.7411314981238,0.0
1366,82020.0,82020,33.25886858408819,-566.7411314159118,111.21845291868496,600.0,8.217002827046307e-08,566.7411314980818,0.0
1367,82080.0,82080,33.2588685841615,-566.7411314158385,101.772767394881,600.0,8.217952788765136e-08,566.741131498018,0.0
1368,82140.0,82140,33.25886856623795,-301.7411314337622,92.32708187107825,335.0000000000001,8.363813853020325e-08,301.74113151740033,0.0
1369,82200.0,82200,33.258868565656556,-266.74113143434346,87.29806301363978,300.0,8.288090449622277e-08,266.7411315172244,0.0
1370,82260.0,82260,33.258868565590916,-266.74113143440906,82.85237748952684,300.0,8.288254192979149e-08,266.74113151729165,0.0
1371,82320.0,82320,33.25886856551636,-266.74113143448363,78.40669196541285,300.0,8.288380875391894e-08,266.7411315173675,0.0
1372,82380.0,82380,33.25886856543209,-266.7411314345679,73.96100644129757,300.0,8.288476801275144e-08,266.74113151745263,0.0
1373,82440.0,82440,33.258868549821266,-96.74113145017859,69.5153209171809,129.99999999999986,8.502269694266186e-08,96.74113153520128,0.0
1374,82500.0,82500,33.25886752420947,33.25886752420947,67.90296872613203,0.0,33.25886761235328,8.814380869303318e-08,0.0
1375,82560.0,82560,33.25886752694294,33.25886752694294,68.37413601583796,0.0,33.25886761511105,8.816810340838889e-08,0.0
1376,82620.0,82620,33.258867529658126,33.258867529658126,68.84530330558258,0.0,33.258867617850306,8.819217921180087e-08,0.0
1377,82680.0,82680,33.258867532355175,33.258867532355175,69.31647059536559,0.0,33.25886762057121,8.821603759968935e-08,0.0
1378,82740.0,82740,33.258867535034234,33.258867535034234,69.78763788518674,0.0,33.258867623273915,8.823968005056233e-08,0.0
1379,82800.0,82800,33.25886753769546,33.25886753769546,70.2588051750458,0.0,33.258867625958565,8.82631080251132e-08,0.0
1380,82860.0,82860,33.258867540339,33.258867540339,70.72997246494249,0.0,33.25886762862532,8.828632296627597e-08,0.0
1381,82920.0,82920,33.258867542965,33.258867542965,71.20113975487656,0.0,33.25886763127432,8.830932629932109e-08,0.0
1382,82980.0,82980,33.258867545573594,33.258867545573594,71.6723070448478,0.0,33.25886763390571,8.833211943190855e-08,0.0
1383,83040.0,83040,33.25886754816492,33.25886754816492,72.14347433485592,0.0,33.25886763651963,8.835470375415119e-08,0.0
1384,83100.0,83100,33.258867550739126,33.258867550739126,72.61464162490071,0.0,33.258867639116204,8.837708063866688e-08,0.0
1385,83160.0,83160,33.258867553296334,33.258867553296334,73.08580891498191,0.0,33.25886764169558,8.839925144062692e-08,0.0
1386,83220.0,83220,33.25886755583667,33.25886755583667,73.55697620509928,0.0,33.2588676442579,8.842121749783791e-08,0.0
1387,83280.0,83280,33.25886755836027,33.25886755836027,74.02814349525256,0.0,33.25886764680325,8.844298013075067e-08,0.0
1388,83340.0,83340,33.25886756086725,33.25886756086725,74.49931078544157,0.0,33.2588676493318,8.846454064252821e-08,0.0
1389,83400.0,83400,33.25886756335775,33.25886756335775,74.97047807566604,0.0,33.258867651843644,8.8485900319111e-08,0.0
1390,83460.0,83460,33.258867565831856,33.258867565831856,75.44164536592571,0.0,33.258867654338914,8.85070604292642e-08,0.0
1391,83520.0,83520,33.25886756828971,33.25886756828971,75.91281265622038,0.0,33.25886765681773,8.852802222461524e-08,0.0
1392,83580.0,83580,33.25886757073142,33.25886757073142,76.38397994654983,0.0,33.258867659280206,8.854878693973562e-08,0.0
1393,83640.0,83640,33.25886757315709,33.25886757315709,76.85514723691381,0.0,33.25886766172645,8.856935579217454e-08,0.0
1394,83700.0,83700,33.258867575566846,33.258867575566846,77.32631452731212,0.0,33.25886766415657,8.858972998256739e-08,0.0
1395,83760.0,83760,33.25886757796078,33.25886757796078,77.7974818177445,0.0,33.25886766657069,8.860991069465054e-08,0.0
1396,83820.0,83820,33.258867580339,33.258867580339,78.26864910821077,0.0,33.2588676689689,8.862989909536106e-08,0.0
1397,83880.0,83880,33.258867582701626,33.258867582701626,78.73981639871066,0.0,33.25886767135132,8.864969633490665e-08,0.0
1398,83940.0,83940,33.25886758504873,33.25886758504873,79.21098368924397,0.0,33.25886767371804,8.866930354684566e-08,0.0
1399,84000.0,84000,33.25886758738044,33.25886758738044,79.68215097981049,0.0,33.258867676069165,8.86887218481403e-08,0.0
1400,84060.0,84060,33.25886758969684,33.25886758969684,80.15331827040998,0.0,33.2588676784048,8.870795233928203e-08,0.0
1401,84120.0,84120,33.258867591998026,33.258867591998026,80.62448556104225,0.0,33.258867680725025,8.872699610435161e-08,0.0
1402,84180.0,84180,33.2588675942841,33.2588675942841,81.09565285170707,0.0,33.25886768302995,8.874585421112187e-08,0.0
1403,84240.0,84240,33.258867596555135,33.258867596555135,81.56682014240424,0.0,33.258867685319665,8.876452771112465e-08,0.0
1404,84300.0,84300,33.258867598811236,33.258867598811236,82.03798743313352,0.0,33.258867687594254,8.878301763981862e-08,0.0
1405,84360.0,84360,33.25886760105249,33.25886760105249,82.50915472389471,0.0,33.258867689853815,8.880132501660507e-08,0.0
1406,84420.0,84420,33.258867603278986,33.258867603278986,82.9803220146876,0.0,33.258867692098434,8.881945084497188e-08,0.0
1407,84480.0,84480,33.2588676054908,33.2588676054908,83.45148930551201,0.0,33.258867694328195,8.883739611262974e-08,0.0
1408,84540.0,84540,33.258867607688025,33.258867607688025,83.9226565963677,0.0,33.25886769654318,8.885516179155459e-08,0.0
1409,84600.0,84600,33.258868544368895,-116.7411314556311,84.39382388725446,150.0,8.415184640774993e-08,116.74113153978297,0.0
1410,84660.0,84660,33.2588685440736,-116.74113145592639,82.44813836278357,150.0,8.414021472763293e-08,116.74113154006662,0.0
1411,84720.0,84720,33.25886854376641,-116.74113145623362,80.50245283830776,150.0,8.41276848763013e-08,116.74113154036131,0.0
1412,84780.0,84780,33.25886854344686,-116.74113145655316,78.5567673138269,150.0,8.41142231992299e-08,116.74113154066738,0.0
1413,84840.0,84840,33.25886854311448,-116.74113145688553,76.61108178934072,150.0,8.409979425040577e-08,116.74113154098532,0.0
1414,84900.0,84900,33.25886854276876,-116.74113145723123,74.66539626484905,150.0,8.408436074527763e-08,116.7411315413156,0.0
1415,84960.0,84960,33.258868542409175,-116.74113145759082,72.71971074035164,150.0,8.406788351869886e-08,116.7411315416587,0.0
1416,85020.0,85020,33.25886854203517,-116.74113145796484,70.77402521584828,150.0,8.40503214891256e-08,116.74113154201517,0.0
1417,85080.0,85080,33.25886854164615,-116.74113145835385,68.82833969133874,150.0,8.403163163054715e-08,116.74113154238547,0.0
1418,85140.0,85140,33.25886854124153,-116.74113145875849,66.88265416682276,150.0,8.40117689537311e-08,116.74113154277025,0.0
1419,85200.0,85200,33.25886854082067,-116.74113145917933,64.93696864230009,150.0,8.399068649855228e-08,116.74113154317,0.0
1420,85260.0,85260,33.258868540382906,-116.74113145961708,62.99128311777046,150.0,8.396833533935312e-08,116.74113154358541,0.0
1421,85320.0,85320,33.258868539927555,-116.74113146007245,61.045597593233566,150.0,8.394466460548824e-08,116.74113154401711,0.0
1422,85380.0,85380,33.25886853945389,-116.74113146054613,59.09991206868917,150.0,8.391962151937883e-08,116.74113154446574,0.0
1423,85440.0,85440,33.258868538961195,-116.74113146103882,57.15422654413692,150.0,8.38931514545383e-08,116.74113154493197,0.0
1424,85500.0,85500,33.258868538448695,-116.74113146155129,55.20854101957654,150.0,8.386519801619972e-08,116.7411315454165,0.0
1425,85560.0,85560,33.25886853791562,-116.7411314620844,53.262855495007685,150.0,8.383570314742401e-08,116.7411315459201,0.0
1426,85620.0,85620,33.25886853736115,-116.74113146263883,51.317169970430015,150.0,8.380460726346412e-08,116.74113154644346,0.0
1427,85680.0,85680,33.25886853678448,-116.74113146321552,49.37148444584319,150.0,8.377184941748547e-08,116.74113154698739,0.0
1428,85740.0,85740,33.25886853565401,-79.24113146434597,47.42579892124683,112.5,8.27654686113113e-08,79.24113154711145,0.0
1429,85800.0,85800,33.258867679361984,33.258867679361984,46.10511339663414,0.0,33.2588677687507,8.938871608813385e-08,0.0
1430,85860.0,85860,33.25886768451182,33.25886768451182,46.57628068853496,0.0,33.25886777393468,8.942286533651354e-08,0.0
1431,85920.0,85920,33.25886768963079,33.25886768963079,47.04744798050865,0.0,33.25886777908759,8.945679802457303e-08,0.0
1432,85980.0,85980,33.25886769471948,33.25886769471948,47.51861527255477,0.0,33.25886778420999,8.949051572072108e-08,0.0
1433,86040.0,86040,33.258867699778456,33.258867699778456,47.98978256467289,0.0,33.25886778930248,8.952401998135518e-08,0.0
1434,86100.0,86100,33.25886770480828,33.25886770480828,48.46094985686261,0.0,33.25886779436559,8.955731235044627e-08,0.0
1435,86160.0,86160,33.25886770980949,33.25886770980949,48.9321171491235,0.0,33.25886779939989,8.959039435921599e-08,0.0
1436,86220.0,86220,33.25886771478261,33.25886771478261,49.403284441455156,0.0,33.25886780440588,8.962326752580527e-08,0.0
1437,86280.0,86280,33.258867719728144,33.258867719728144,49.87445173385718,0.0,33.25886780938407,8.965593335496746e-08,0.0
1438,86340.0,86340,33.25886772464657,33.25886772464657,50.345619026329175,0.0,33.25886781433496,8.96883933378266e-08,0.0
1439,86400.0,86400,33.25886772953837,33.25886772953837,50.816786318870776,0.0,33.258867819259024,8.972064895159124e-08,0.0
1440,,86460,,,,,,,
