,time,time_x,P_Grid,P_BTMS,E_BTMS,P_Charge,P_BTMS_Ch,P_BTMS_DCh,"param: btms size, a,b_sys,b_cap,b_loan,c,d_wait_cost",E_Shift,P_Shift
0,60.0,60,47.11411967467847,47.114120179489504,377.5285666973516,0.0,47.11412055932644,3.7983694372141973e-07,469.63667059061174,3.2952104378665847e-13,5.048110408935233e-07
1,120.0,120,47.11411967351449,47.11411971850716,378.1960167322777,0.0,47.11412009847542,3.799682627391991e-07,0.4931506849315068,8.414202910508829e-09,4.499268519397827e-08
2,180.0,180,47.114119673344625,47.11411967794576,378.8634667606729,0.0,47.114120057978624,3.800328662114278e-07,0.04323985936321764,9.164434441220119e-09,4.6011345838435794e-09
3,240.0,240,47.11411967325386,47.114119673760115,379.5309167884933,0.0,47.114120053814474,3.800543636482394e-07,0.023148148148148147,9.24147302577233e-09,5.06266250560325e-10
4,300.0,300,47.11411967316628,47.114119673230206,380.19836681625435,0.0,47.11412005328744,3.8005723056845814e-07,0.009341992564003648,9.250263779061618e-09,6.393845353437286e-11
5,360.0,360,47.114119673078555,47.11411967308303,380.8658168440079,0.0,47.11412005313665,3.8005362587259766e-07,0.12,9.251682469807395e-09,4.487752742845006e-12
6,420.0,420,47.11411967299187,47.114119672982454,381.5332668717593,0.0,47.11412005303087,3.800484176721428e-07,10.0,9.252110419649915e-09,-9.414959140349277e-12
7,480.0,480,47.114119672906384,47.114119672891,382.20071689950936,0.0,47.114120052934446,3.8004345768907967e-07,0.0,9.252306775247786e-09,-1.5383566936781934e-11
8,540.0,540,47.114119672821595,47.11411967280284,382.86816692725813,0.0,47.114120052842296,3.800394609307767e-07,0.0,9.252403773181344e-09,-1.87493319390478e-11
9,600.0,600,47.114119672736834,47.114119672716065,383.5356169550056,0.0,47.11412005275273,3.8003666875033576e-07,0.0,9.252444790177176e-09,-2.0761929966972256e-11
10,660.0,660,47.11411967265152,47.11411967262956,384.2030669827519,0.0,47.11412005266462,3.800350613298665e-07,0.0,9.252452372520882e-09,-2.194674765443815e-11
11,720.0,720,47.11411967256524,47.11411967254262,384.870517010497,0.0,47.11412005257707,3.8003445524429273e-07,0.0,9.252440308937973e-09,-2.2611558815720592e-11
12,780.0,780,47.11411967247777,47.11411967245482,385.5379670382408,0.0,47.1141200524894,3.8003458730042767e-07,0.0,9.252417258449564e-09,-2.294885388737661e-11
13,840.0,840,47.11411967238905,47.114119672365966,386.20541706598345,0.0,47.11412005240115,3.8003518827282573e-07,0.0,9.252388672568195e-09,-2.3074738911825358e-11
14,900.0,900,47.11411967229912,47.114119672276054,386.87286709372484,0.0,47.114120052312074,3.8003603102992367e-07,0.0,9.252358068919275e-09,-2.305854890336917e-11
15,960.0,960,47.11411967220812,47.11411967218517,387.54031712146485,0.0,47.11412005222211,3.8003694889993455e-07,0.0,9.252327810983222e-09,-2.2945442690715416e-11
16,1020.0,1020,47.11411967211624,47.11411967209346,388.2077671492037,0.0,47.11412005213129,3.8003783236414024e-07,0.0,9.252299510977977e-09,-2.2769499952849757e-11
17,1080.0,1080,47.11411967202365,47.11411967200109,388.87521717694113,0.0,47.11412005203969,3.8003861567430886e-07,0.0,9.25227421428894e-09,-2.2558843559018146e-11
18,1140.0,1140,47.11411967193053,47.114119671908185,389.54266720467723,0.0,47.114120051947445,3.800392621336202e-07,0.0,9.252252498457093e-09,-2.2336462389368807e-11
19,1200.0,1200,47.114119671837,47.114119671814876,390.21011723241213,0.0,47.11412005185462,3.80039752346264e-07,0.0,9.252234558456069e-09,-2.211984193564142e-11
20,1260.0,1260,47.11411967174318,47.114119671721255,390.8775672601456,0.0,47.11412005176132,3.800400764456621e-07,0.0,9.25222029817752e-09,-2.1920956384703818e-11
21,1320.0,1320,47.11411967164912,47.114119671627364,391.54501728787784,0.0,47.114120051667584,3.8004022967111997e-07,0.0,9.252209422100606e-09,-2.174693253109908e-11
22,1380.0,1380,47.11411967155485,47.11411967153324,392.2124673156087,0.0,47.11412005157345,3.800402102069042e-07,0.0,9.252201515958275e-09,-2.160111830105463e-11
23,1440.0,1440,47.11411967146038,47.11411967143889,392.8799173433382,0.0,47.114120051478906,3.800400183134413e-07,0.0,9.252196109650454e-09,-2.148420200652971e-11
24,1500.0,1500,47.1141196713657,47.1141196713443,393.54736737106646,0.0,47.11412005138395,3.800396560726283e-07,0.0,9.252192721539225e-09,-2.1395152628810273e-11
25,1560.0,1560,47.114119671270785,47.11411967124945,394.2148173987933,0.0,47.114120051288566,3.800391273389971e-07,0.0,9.25219088710294e-09,-2.1331903515334987e-11
26,1620.0,1620,47.1141196711756,47.114119671154306,394.8822674265188,0.0,47.11412005119274,3.800384376874709e-07,0.0,9.252190176209368e-09,-2.1291800478286826e-11
27,1680.0,1680,47.11411967108014,47.114119671058866,395.549717454243,0.0,47.11412005109646,3.80037594272686e-07,0.0,9.252190202934676e-09,-2.1271877468524394e-11
28,1740.0,1740,47.11411967098435,47.11411967096308,396.2171674819658,0.0,47.11412005099968,3.8003660558746423e-07,0.0,9.252190630782757e-09,-2.1269026781972133e-11
29,1800.0,1800,47.11411967088822,47.114119670866934,396.8846175096873,0.0,47.114120050902415,3.800354811434585e-07,0.0,9.252191175068507e-09,-2.1280114153220676e-11
30,1860.0,1860,47.11411967079174,47.11411967077042,397.55206753740737,0.0,47.11412005080465,3.800342311126136e-07,0.0,9.252191603381306e-09,-2.130207191495617e-11
31,1920.0,1920,47.114119670694876,47.11411967067354,398.2195175651261,0.0,47.11412005070639,3.800328659668305e-07,0.0,9.25219173448238e-09,-2.133198140519733e-11
32,1980.0,1980,47.11411967059763,47.11411967057626,398.88696759284346,0.0,47.11412005060765,3.8003139614794693e-07,0.0,9.252191435834004e-09,-2.136714991159109e-11
33,2040.0,2040,47.1141196705,47.1141196704786,399.5544176205595,0.0,47.114120050508426,3.800298317883319e-07,0.0,9.252190619832627e-09,-2.1405176814831595e-11
34,2100.0,2100,47.114119670402005,47.11411967038055,400.2218676482741,0.0,47.11412005040872,3.8002818249351164e-07,0.0,9.25218923894509e-09,-2.1444004819451915e-11
35,2160.0,2160,47.11411967030363,47.11411967028214,400.8893176759873,0.0,47.11412005030859,3.800264571878832e-07,0.0,9.252187279981575e-09,-2.1481951344859583e-11
36,2220.0,2220,47.1141196702049,47.11411967018337,401.55676770369917,0.0,47.11412005020803,3.800246640188898e-07,0.0,9.252184757848423e-09,-2.1517718979176674e-11
37,2280.0,2280,47.114119670105815,47.114119670084264,402.2242177314096,0.0,47.11412005010707,3.800228103109856e-07,0.0,9.252181709126688e-09,-2.1550385150618298e-11
38,2340.0,2340,47.1141196700064,47.114119669984824,402.89166775911866,0.0,47.114120050005724,3.8002090255865293e-07,0.0,9.252178185819225e-09,-2.157937382243098e-11
39,2400.0,2400,47.114119669906685,47.11411966988508,403.55911778682633,0.0,47.11412004990402,3.800189464484279e-07,0.0,9.25217424957128e-09,-2.1604414320033756e-11
40,2460.0,2460,47.11411966980666,47.11411966978503,404.22656781453253,0.0,47.114120049801976,3.800169469009432e-07,0.0,9.252169966580802e-09,-2.1625490811254062e-11
41,2520.0,2520,47.11411966970637,47.11411966968471,404.89401784223736,0.0,47.114120049699615,3.800149081248067e-07,0.0,9.252165403343367e-09,-2.1642788588350473e-11
42,2580.0,2580,47.114119669605806,47.11411966958415,405.56146786994077,0.0,47.11412004959697,3.800128336774971e-07,0.0,9.252160623300524e-09,-2.1656640499817728e-11
43,2640.0,2640,47.11411966950501,47.11411966948334,406.22891789764276,0.0,47.11412004949406,3.800107265279461e-07,0.0,9.252155684376713e-09,-2.1667477209834042e-11
44,2700.0,2700,47.114119669403976,47.1141196693823,406.8963679253433,0.0,47.114120049390884,3.800085891189427e-07,0.0,9.252150637346297e-09,-2.167578376042561e-11
45,2760.0,2760,47.11411966930273,47.114119669281045,407.5638179530425,0.0,47.114120049287465,3.800064234263474e-07,0.0,9.252145524925092e-09,-2.1682063326995354e-11
46,2820.0,2820,47.11411966920128,47.11411966917959,408.23126798074014,0.0,47.11412004918381,3.8000423101480747e-07,0.0,9.252140381466114e-09,-2.1686809220666256e-11
47,2880.0,2880,47.11411966909963,47.11411966907794,408.89871800843645,0.0,47.11412004907994,3.8000201308870347e-07,0.0,9.252135233121669e-09,-2.169048384241173e-11
48,2940.0,2940,47.1141196689978,47.1141196689761,409.56616803613133,0.0,47.11412004897586,3.7999977053839185e-07,0.0,9.252130098355384e-09,-2.1693505782023536e-11
49,3000.0,3000,47.11411966889579,47.11411966887409,410.23361806382474,0.0,47.11412004887158,3.7999750398145026e-07,0.0,9.252124988672293e-09,-2.1696241096056563e-11
50,3060.0,3060,47.1141196687936,47.11411966877189,410.90106809151666,0.0,47.11412004876709,3.799952137995052e-07,0.0,9.252119909491075e-09,-2.169900109839098e-11
51,3120.0,3120,47.11411966869124,47.114119668669524,411.5685181192072,0.0,47.11412004866242,3.799929001705499e-07,0.0,9.252114861056101e-09,-2.1702042351010364e-11
52,3180.0,3180,47.1141196685887,47.11411966856699,412.2359681468963,0.0,47.114120048557545,3.799905630974243e-07,0.0,9.252109839348051e-09,-2.1705570075514385e-11
53,3240.0,3240,47.114119668486,47.114119668464284,412.9034181745839,0.0,47.114120048452484,3.7998820243289264e-07,0.0,9.252104836938228e-09,-2.170974261808517e-11
54,3300.0,3300,47.11411966838312,47.1141196683614,413.5708682022701,0.0,47.11412004834721,3.7998581790157723e-07,0.0,9.252099843769903e-09,-2.1714677495131497e-11
55,3360.0,3360,47.11411966828006,47.11411966825833,414.2383182299548,0.0,47.11412004824174,3.799834091193099e-07,0.0,9.252094847837285e-09,-2.1720457117875573e-11
56,3420.0,3420,47.114119668176826,47.11411966815509,414.9057682576381,0.0,47.11412004813606,3.799809756105221e-07,0.0,9.252089835770191e-09,-2.1727134885256384e-11
57,3480.0,3480,47.11411966807341,47.114119668051664,415.57321828531997,0.0,47.11412004803017,3.7997851682332805e-07,0.0,9.2520847933183e-09,-2.1734740992718473e-11
58,3540.0,3540,47.1141196679698,47.114119667948046,416.2406683130003,0.0,47.114120047924075,3.7997603214343746e-07,0.0,9.25207970573717e-09,-2.1743287317836142e-11
59,3600.0,3600,47.114119667866,47.11411966784424,416.9081183406792,0.0,47.11412004781776,3.7997352090632456e-07,0.0,9.252074558094285e-09,-2.1752772086487397e-11
60,3660.0,3660,47.11411966776199,47.114119667740226,417.57556836835664,0.0,47.114120047711204,3.799709824084271e-07,0.0,9.252069335496034e-09,-2.1763183879563547e-11
61,3720.0,3720,47.11411966765778,47.114119667636,418.24301839603254,0.0,47.11412004760441,3.799684159171236e-07,0.0,9.252064023250503e-09,-2.1774504961597622e-11
62,3780.0,3780,47.11411966755336,47.11411966753156,418.9104684237071,0.0,47.11412004749738,3.799658206796087e-07,0.0,9.252058606973446e-09,-2.178671367483021e-11
63,3840.0,3840,47.11411966744871,47.114119667426905,419.5779184513801,0.0,47.114120047390095,3.7996319593088547e-07,0.0,9.252053072652462e-09,-2.1799787146931053e-11
64,3900.0,3900,47.114119667343836,47.114119667322015,420.2453684790517,0.0,47.11412004728255,3.7996054090066715e-07,0.0,9.252047406671198e-09,-2.1813702627185696e-11
65,3960.0,3960,47.11411966723873,47.11411966721689,420.91281850672175,0.0,47.11412004717474,3.7995785481939555e-07,0.0,9.252041595806667e-09,-2.1828439026876337e-11
66,4020.0,4020,47.11411966713337,47.114119667111524,421.5802685343903,0.0,47.11412004706665,3.79955136923118e-07,0.0,9.252035627203605e-09,-2.1843977891502992e-11
67,4080.0,4080,47.11411966702777,47.1141196670059,422.24771856205746,0.0,47.114120046958284,3.79952386457721e-07,0.0,9.252029488330186e-09,-2.1860304167023334e-11
68,4140.0,4140,47.11411966692191,47.11411966690003,422.91516858972307,0.0,47.11412004684962,3.799496026817706e-07,0.0,9.252023166926028e-09,-2.187740643047166e-11
69,4200.0,4200,47.11411966681579,47.11411966679389,423.5826186173872,0.0,47.114120046740666,3.7994678486889317e-07,0.0,9.252016650939265e-09,-2.189527743831319e-11
70,4260.0,4260,47.11411966670939,47.11411966668747,424.2500686450498,0.0,47.1141200466314,3.799439323087221e-07,0.0,9.252009928460748e-09,-2.1913914201999182e-11
71,4320.0,4320,47.114119666602726,47.114119666580784,424.9175186727109,0.0,47.114120046521826,3.799410443074484e-07,0.0,9.252002987654829e-09,-2.1933317721414835e-11
72,4380.0,4380,47.114119666495775,47.11411966647382,425.58496870037055,0.0,47.114120046411934,3.7993812018710403e-07,0.0,9.25199581669232e-09,-2.1953492979599192e-11
73,4440.0,4440,47.114119666388525,47.11411966636655,426.2524187280286,0.0,47.1141200463017,3.799351592842818e-07,0.0,9.25198840368774e-09,-2.1974448787123075e-11
74,4500.0,4500,47.114119666280985,47.114119666258986,426.9198687556852,0.0,47.11412004619115,3.7993216094788687e-07,0.0,9.251980736636012e-09,-2.1996197101364406e-11
75,4560.0,4560,47.11411966617314,47.11411966615111,427.58731878334027,0.0,47.11412004608024,3.7992912453640006e-07,0.0,9.2519728033621e-09,-2.201875287606648e-11
76,4620.0,4620,47.11411966606498,47.11411966604293,428.2547688109938,0.0,47.11412004596898,3.799260494139761e-07,0.0,9.251964591473666e-09,-2.2042133526085664e-11
77,4680.0,4680,47.11411966595651,47.11411966593443,428.92221883864585,0.0,47.11412004585737,3.79922934946405e-07,0.0,9.251956088318938e-09,-2.2066358151908675e-11
78,4740.0,4740,47.1141196658477,47.114119665825605,429.58966886629634,0.0,47.11412004574539,3.7991978049589086e-07,0.0,9.251947280964837e-09,-2.209144720098537e-11
79,4800.0,4800,47.11411966573858,47.11411966571645,430.2571188939453,0.0,47.11412004563303,3.799165854155501e-07,0.0,9.251938156172066e-09,-2.2117421687283844e-11
80,4860.0,4860,47.114119665629104,47.11411966560695,430.9245689215927,0.0,47.114120045520295,3.7991334904304276e-07,0.0,9.251928700390247e-09,-2.2144302458987696e-11
81,4920.0,4920,47.11411966551928,47.11411966549711,431.5920189492386,0.0,47.11412004540717,3.7991007069368807e-07,0.0,9.251918899763143e-09,-2.2172109871021636e-11
82,4980.0,4980,47.11411966540911,47.11411966538691,432.25946897688294,0.0,47.11412004529366,3.79906749652759e-07,0.0,9.25190874013779e-09,-2.2200862732796295e-11
83,5040.0,5040,47.11411966529858,47.11411966527635,432.92691900452576,0.0,47.11412004517973,3.799033851673584e-07,0.0,9.251898207091388e-09,-2.2230578182659775e-11
84,5100.0,5100,47.11411966518769,47.11411966516542,433.594369032167,0.0,47.11412004506539,3.7989997643727406e-07,0.0,9.251887285965557e-09,-2.2261271137510424e-11
85,5160.0,5160,47.11411966507641,47.11411966505411,434.2618190598066,0.0,47.11412004495063,3.798965226055173e-07,0.0,9.251875961902542e-09,-2.2292954002002266e-11
86,5220.0,5220,47.11411966496475,47.114119664942415,434.9292690874447,0.0,47.11412004483543,3.7989302274785894e-07,0.0,9.251864219891297e-09,-2.232563678269176e-11
87,5280.0,5280,47.114119664852694,47.11411966483033,435.59671911508127,0.0,47.114120044719805,3.7988947586174993e-07,0.0,9.251852044810872e-09,-2.235932754620452e-11
88,5340.0,5340,47.11411966474024,47.11411966471784,436.2641691427162,0.0,47.11412004460371,3.79885880854526e-07,0.0,9.251839421464474e-09,-2.239403297482179e-11
89,5400.0,5400,47.11411966462737,47.11411966460493,436.93161917034945,0.0,47.114120044487166,3.7988223653093454e-07,0.0,9.251826334607983e-09,-2.2429759850344022e-11
90,5460.0,5460,47.11411966451408,47.114119664491604,437.5990691979813,0.0,47.11412004437014,3.7987854157983e-07,0.0,9.25181276894994e-09,-2.246651689542188e-11
91,5520.0,5520,47.114119664400356,47.114119664377846,438.2665192256114,0.0,47.11412004425263,3.798747945603929e-07,0.0,9.251798709126458e-09,-2.250431739906537e-11
92,5580.0,5580,47.1141196642862,47.114119664263654,438.93396925324004,0.0,47.11412004413464,3.7987099388766043e-07,0.0,9.25178413962681e-09,-2.2543182808941347e-11
93,5640.0,5640,47.11411966417158,47.114119664148994,439.60141928086693,0.0,47.114120044016126,3.7986713781735706e-07,0.0,9.251769044662725e-09,-2.258314683197972e-11
94,5700.0,5700,47.11411966405651,47.11411966403388,440.26886930849236,0.0,47.1141200438971,3.7986322443043256e-07,0.0,9.251753407971359e-09,-2.26242612327135e-11
95,5760.0,5760,47.11411966394096,47.11411966391829,440.93631933611607,0.0,47.11412004377754,3.798592516169462e-07,0.0,9.251737212516404e-09,-2.2666602332949277e-11
96,5820.0,5820,47.11411966382493,47.114119663802214,441.6037693637382,0.0,47.11412004365742,3.798552170595315e-07,0.0,9.251720440091688e-09,-2.271027833190972e-11
97,5880.0,5880,47.1141196637084,47.114119663685635,442.27121939135867,0.0,47.11412004353675,3.7985111821628243e-07,0.0,9.251703070789043e-09,-2.275543881377111e-11
98,5940.0,5940,47.11411966359137,47.11411966356856,442.9386694189774,0.0,47.114120043415504,3.7984695230324284e-07,0.0,9.251685082322913e-09,-2.2802284690876184e-11
99,6000.0,6000,47.11411966347381,47.11411966345095,443.6061194465946,0.0,47.11412004329365,3.7984271627582934e-07,0.0,9.251666449180884e-09,-2.2851080729257027e-11
100,6060.0,6060,47.11411966335571,47.11411966333281,444.27356947421015,0.0,47.114120043171205,3.7983840680963446e-07,0.0,9.251647141570174e-09,-2.290216930075038e-11
101,6120.0,6120,47.11411966323707,47.114119663214105,444.94101950182386,0.0,47.114120043048125,3.7983402027993285e-07,0.0,9.251627124134279e-09,-2.295598818533114e-11
102,6180.0,6180,47.11411966311786,47.11411966309485,445.6084695294361,0.0,47.11412004292439,3.79829552740006e-07,0.0,9.251606354377013e-09,-2.30130927148542e-11
103,6240.0,6240,47.11411966299808,47.11411966297499,446.27591955704656,0.0,47.11412004279999,3.7982499989819315e-07,0.0,9.251584780716315e-09,-2.307418585340099e-11
104,6300.0,6300,47.1141196628777,47.114119662854556,446.94336958465544,0.0,47.114120042674905,3.798203570944603e-07,0.0,9.25156234003694e-09,-2.3140160598422133e-11
105,6360.0,6360,47.114119662756714,47.1141196627335,447.61081961226256,0.0,47.11412004254911,3.798156192776173e-07,0.0,9.251538954547335e-09,-2.3212160266530062e-11
106,6420.0,6420,47.11411966263511,47.11411966261181,448.27826963986803,0.0,47.114120042422584,3.7981078098566776e-07,0.0,9.25151452762011e-09,-2.3291665988037427e-11
107,6480.0,6480,47.114119662512856,47.11411966248947,448.94571966747174,0.0,47.1141200422953,3.798058363330208e-07,0.0,9.251488938187072e-09,-2.3380621253256774e-11
108,6540.0,6540,47.114119662389946,47.11411966236646,449.61316969507374,0.0,47.11412004216724,3.798007790098138e-07,0.0,9.251462033058635e-09,-2.3481602919129292e-11
109,6600.0,6600,47.11411966226636,47.11411966224276,450.28061972267386,0.0,47.11412004203835,3.7979560229965234e-07,0.0,9.251433616392503e-09,-2.3598045983441454e-11
110,6660.0,6660,47.11411966214208,47.11411966211834,450.9480697502724,0.0,47.114120041908635,3.797902991209183e-07,0.0,9.251403435422197e-09,-2.3734517752024053e-11
111,6720.0,6720,47.114119662017075,47.11411966199318,451.6155197778691,0.0,47.11412004177804,3.79784862093116e-07,0.0,9.251371161617095e-09,-2.3897015698204875e-11
112,6780.0,6780,47.11411966189134,47.11411966186723,452.2829698054642,0.0,47.114120041646515,3.79779283619747e-07,0.0,9.251336366879365e-09,-2.409322359196929e-11
113,6840.0,6840,47.114119661764825,47.114119661740496,452.9504198330573,0.0,47.11412004151404,3.7977355595830475e-07,0.0,9.25129849547757e-09,-2.4332595365321717e-11
114,6900.0,6900,47.11411966163753,47.114119661612904,453.6178698606488,0.0,47.114120041380566,3.7976767121309765e-07,0.0,9.251256834579656e-09,-2.462604473671773e-11
115,6960.0,6960,47.11411966150941,47.11411966148442,454.28531988823835,0.0,47.11412004124603,3.7976162112938376e-07,0.0,9.251210489960063e-09,-2.4984909143484595e-11
116,7020.0,7020,47.114119661380435,47.11411966135501,454.9527699158262,0.0,47.114120041110404,3.797553964901307e-07,0.0,9.251158378972105e-09,-2.5418796794769044e-11
117,7080.0,7080,47.11411966125058,47.11411966122464,455.6202199434122,0.0,47.11412004097362,3.797489858350652e-07,0.0,9.251099259398043e-09,-2.593207082924949e-11
118,7140.0,7140,47.11411966111979,47.11411966109326,456.2876699709965,0.0,47.11412004083563,3.7974237320222326e-07,0.0,9.251031816888765e-09,-2.6519358775517723e-11
119,7200.0,7200,47.11411966098804,47.114119660960874,456.95511999857894,0.0,47.1141200406964,3.797355347732494e-07,0.0,9.25095482724893e-09,-2.7161821041724826e-11
120,7260.0,7260,47.11411966085529,47.11411966082745,457.6225700261595,0.0,47.11412004055588,3.797284348910097e-07,0.0,9.250867380929249e-09,-2.782751250684142e-11
121,7320.0,7320,47.11411966072149,47.11411966069301,458.2900200537381,0.0,47.11412004041403,3.7972102300942586e-07,0.0,9.250769101575498e-09,-2.847876222117501e-11
122,7380.0,7380,47.11411966058664,47.11411966055754,458.95747008131485,0.0,47.11412004027078,3.797132342412421e-07,0.0,9.250660241816995e-09,-2.9082606625474756e-11
123,7440.0,7440,47.11411966045066,47.11411966042105,459.6249201088897,0.0,47.11412004012604,3.797049953911383e-07,0.0,9.250541605691104e-09,-2.9603637065055997e-11
124,7500.0,7500,47.114119660313506,47.114119660283556,460.29237013646264,0.0,47.11412003997978,3.7969623191945864e-07,0.0,9.250414591247349e-09,-2.9940014618290525e-11
125,7560.0,7560,47.11411966017498,47.11411966014519,460.9598201640336,0.0,47.114120039832045,3.796868564592647e-07,0.0,9.25028230080492e-09,-2.977668492459205e-11
126,7620.0,7620,47.11411966003472,47.11411966000627,461.6272701916027,0.0,47.11412003968297,3.796767068253947e-07,0.0,9.25015309797848e-09,-2.844169722375385e-11
127,7680.0,7680,47.114119659892125,47.114119659867,462.29472021916985,0.0,47.11412003953242,3.7966543376701577e-07,0.0,9.25004655620003e-09,-2.512215392717159e-11
128,7740.0,7740,47.11411965974648,47.114119659726256,462.96217024673496,0.0,47.11412003937873,3.7965247929881415e-07,0.0,9.24999579871308e-09,-2.021554219669368e-11
129,7800.0,7800,47.11411965959714,47.11411965957782,463.62962027429813,0.0,47.114120039215315,3.7963750459584514e-07,0.0,9.250027303646739e-09,-1.9311115714229116e-11
130,7860.0,7860,47.11411965944297,47.11411965940505,464.29707030185943,0.0,47.114120039026595,3.796215602596525e-07,0.0,9.250074350698676e-09,-3.792164795926649e-11
131,7920.0,7920,47.11411965927994,47.114119659219995,464.9645203294181,0.0,47.11412003882747,3.7960748380259794e-07,0.0,9.249811609535213e-09,-5.994496079547997e-11
132,7980.0,7980,47.114119659113136,47.11411965903586,465.6319703569743,0.0,47.11412003863145,3.7959559579135725e-07,0.0,9.249181974158579e-09,-7.727207243247392e-11
133,8040.0,8040,47.11411965892718,47.11411965877798,466.29942038452776,0.0,47.11412003836263,3.7958465523196745e-07,0.0,9.248264346025516e-09,-1.4918966299556447e-10
134,8100.0,8100,47.11411965871756,47.11411965843157,466.9668704120777,0.0,47.114120038011805,3.795802386441573e-07,0.0,9.246149121175056e-09,-2.8599110623538124e-10
135,8160.0,8160,47.114119658381775,47.11411965531692,467.6343204396228,0.0,47.114120034909966,3.79593057991061e-07,0.0,9.24175509921231e-09,-3.0648528360044766e-09
136,8220.0,8220,47.1141196580133,47.114119628139875,468.30177046712373,0.0,47.11412000765654,3.79516670802881e-07,0.0,9.19104946282519e-09,-2.9873419888934843e-08
137,8280.0,8280,47.11411965750183,47.11411934050965,468.9692204942398,0.0,47.11411971996095,3.7945129331709203e-07,0.0,8.693531042186864e-09,-3.169921733905318e-07
138,8340.0,8340,47.11412178297179,-102.8858779000174,469.6366705172812,150.0,3.691053484052904e-07,102.88587826912277,0.0,3.4106963283992936e-09,3.170107944770729e-07
139,8400.0,8400,47.11412178306836,-102.8858781870743,467.9219058846911,150.0,3.690619065175493e-07,102.8858785561362,0.0,8.694648975798052e-09,2.9857335367756975e-08
140,8460.0,8460,47.11412178309512,-102.88587821389127,466.20714124731677,150.0,3.691048764211448e-07,102.88587858299616,0.0,9.19270724927627e-09,3.013605878712861e-09
141,8520.0,8520,47.1141217831434,-102.8858782165389,464.4923766094954,150.0,3.6909276914675165e-07,102.88587858563167,0.0,9.24336645209342e-09,3.176956988839141e-10
142,8580.0,8580,47.11412178319374,-102.88587821674808,462.7776119716298,150.0,3.690686800571387e-07,102.88587858581677,0.0,9.249094026656234e-09,5.817835435813587e-11
143,8640.0,8640,47.11412178322987,-102.88587821678283,461.0628473337609,150.0,3.690613431202854e-07,102.88587858584417,0.0,9.250497253433864e-09,-1.2682590746774643e-11
144,8700.0,8700,47.114121783260074,-102.8858782167686,459.3480826958915,150.0,3.690606007105191e-07,102.88587858582922,0.0,9.250720286323237e-09,-2.867591581751356e-11
145,8760.0,8760,47.11412178328387,-102.88587821674956,457.6333180580223,150.0,3.690684743323182e-07,102.88587858581805,0.0,9.250676960334439e-09,-3.342658293489946e-11
146,8820.0,8820,47.11412178330757,-102.88587821672674,455.9185534201534,150.0,3.690680629022757e-07,102.8858785857948,0.0,9.250554249528544e-09,-3.4289849973422696e-11
147,8880.0,8880,47.11412178333137,-102.88587821669421,454.20378878228485,150.0,3.6906114946733744e-07,102.88587858575536,0.0,9.25041725916165e-09,-2.5562536100893782e-11
148,8940.0,8940,47.11412178335379,-102.885878216665,452.48902414441676,150.0,3.6905271681862197e-07,102.88587858571773,0.0,9.250425960619968e-09,-1.8791571625442857e-11
149,9000.0,9000,47.114121783374344,-102.88587821664125,450.7742595065493,150.0,3.690451374230134e-07,102.88587858568638,0.0,9.25054778275865e-09,-1.5584143184411914e-11
150,9060.0,9060,47.11412178339315,-102.88587821662178,449.0594948686823,150.0,3.6903893886527633e-07,102.88587858566072,0.0,9.250723309740534e-09,-1.4929546733984638e-11
151,9120.0,9120,47.1141217834105,-102.88587821660514,447.34473023081557,150.0,3.6903400463652084e-07,102.88587858563915,0.0,9.250909954221243e-09,-1.5634630000432162e-11
152,9180.0,9180,47.11412178342663,-102.8858782165902,445.6299655929491,150.0,3.6903010140198846e-07,102.88587858562032,0.0,9.251085023395886e-09,-1.6841809829888628e-11
153,9240.0,9240,47.11412178344171,-102.88587821657637,443.9152009550829,150.0,3.69027034824584e-07,102.88587858560342,0.0,9.25124013065121e-09,-1.807807923422391e-11
154,9300.0,9300,47.11412178345585,-102.8858782165633,442.20043631721694,150.0,3.6902466956533716e-07,102.88587858558797,0.0,9.25137478147342e-09,-1.9141415077880338e-11
155,9360.0,9360,47.11412178346917,-102.88587821655082,440.4856716793512,150.0,3.6902291144752957e-07,102.88587858557375,0.0,9.251491852149682e-09,-1.9983280051832522e-11
156,9420.0,9420,47.114121783481735,-102.88587821653888,438.7709070414857,150.0,3.6902168733037386e-07,102.88587858556059,0.0,9.25159502887448e-09,-2.063335155951506e-11
157,9480.0,9480,47.114121783493644,-102.88587821652753,437.05614240362047,150.0,3.690209307018633e-07,102.88587858554847,0.0,9.251687503144365e-09,-2.1160727284945013e-11
158,9540.0,9540,47.114121783504956,-102.88587821651672,435.3413777657553,150.0,3.6902057220851893e-07,102.8858785855373,0.0,9.25177131465297e-09,-2.1657784988938796e-11
159,9600.0,9600,47.114121783515735,-102.88587821650653,433.6266131278904,150.0,3.690205331518535e-07,102.88587858552705,0.0,9.251846963554732e-09,-2.224287941872019e-11
160,9660.0,9660,47.11412178352605,-102.88587821649705,431.9118484900256,150.0,3.6902071764753997e-07,102.88587858551777,0.0,9.251912977839101e-09,-2.3103116230448798e-11
161,9720.0,9720,47.114121783535964,-102.88587821648866,430.197083852161,150.0,3.690209884228304e-07,102.88587858550967,0.0,9.25196476766328e-09,-2.463389065175269e-11
162,9780.0,9780,47.11412178354555,-102.8858782164822,428.48231921429647,150.0,3.69021090356978e-07,102.88587858550328,0.0,9.251991153630756e-09,-2.7735319508853736e-11
163,9840.0,9840,47.11412178355499,-102.88587821647965,426.76755457643213,150.0,3.690205069508702e-07,102.88587858550017,0.0,9.251965953539169e-09,-3.462640788334673e-11
164,9900.0,9900,47.11412178356449,-102.88587821649331,425.0527899385678,150.0,3.6901858282824565e-07,102.8858785855119,0.0,9.25182599733393e-09,-5.780172650591437e-11
165,9960.0,9960,47.114121783573864,-102.88587821664855,423.33802530070324,150.0,3.6901640803603135e-07,102.88587858566497,0.0,9.251299859524766e-09,-2.2241680278507357e-10
166,10020.0,10020,47.11412178358239,-102.88587821814814,421.6232606628361,150.0,3.69019709085357e-07,102.88587858716785,0.0,9.248030158591007e-09,-1.7305341102274626e-09
167,10080.0,10080,47.11412178360596,-102.88587823231059,419.90849602494404,150.0,3.689959544232154e-07,102.88587860130654,0.0,9.219624991866527e-09,-1.5916541135911087e-08
168,10140.0,10140,47.114121782970614,-37.885878401292636,418.19373138681595,85.00000000000028,3.7004771882143497e-07,37.88587877134036,0.0,8.954785050554004e-09,-1.8426296634687005e-07
169,10200.0,10200,47.11412185024669,-252.88587799940734,417.56230007920215,300.0,2.626403987936148e-07,252.88587826204773,0.0,5.88416993222901e-09,1.5034598167234527e-07
170,10260.0,10260,47.11412185623908,-252.8858781066481,413.34753544522164,300.0,2.5376974213101185e-07,252.88587836041785,0.0,8.390342718701388e-09,3.711277901532046e-08
171,10320.0,10320,47.11412185780034,-252.88587813188713,409.132770809476,300.0,2.5147755109147393e-07,252.88587838336468,0.0,9.009287756000345e-09,1.0312542799823338e-08
172,10380.0,10380,47.11412185824335,-252.88587813879633,404.91800617331546,300.0,2.508309437902464e-07,252.88587838962727,0.0,9.181559427041928e-09,2.960300768502579e-09
173,10440.0,10440,47.11412185837361,-252.88587814075157,400.7032415370413,300.0,2.506438223307985e-07,252.88587839139535,0.0,9.231292591219338e-09,8.748399739370593e-10
174,10500.0,10500,47.11412185841187,-252.88587814128238,396.48847690073507,300.0,2.5059180273967533e-07,252.8858783918742,0.0,9.246267585717471e-09,3.057340025347177e-10
175,10560.0,10560,47.11412185841799,-252.88587814133638,392.27371226442017,300.0,2.5058697667869877e-07,252.88587839192334,0.0,9.251757312642052e-09,2.4563467010227967e-10
176,10620.0,10620,47.114121858398626,-252.88587814102013,388.0589476281043,300.0,2.5061951235301266e-07,252.8858783916397,0.0,9.256245439256122e-09,5.812282535339152e-10
177,10680.0,10680,47.11412185831941,-252.88587813979004,383.8441829917936,300.0,2.5073990594538264e-07,252.8858783905299,0.0,9.266327088145721e-09,1.890596250622948e-09
178,10740.0,10740,47.11412185804505,-252.88587813548418,379.6294183555032,300.0,2.5114685199061714e-07,252.88587838663102,0.0,9.298232208431117e-09,6.470791605144702e-09
179,10800.0,10800,47.114121857107946,-252.88587812045157,375.41465371928354,300.0,2.5252810376210053e-07,252.88587837297968,0.0,9.406475294346984e-09,2.2440481817807087e-08
180,10860.0,10860,47.11412185396685,-252.8858780673061,371.1998890833109,300.0,2.571645596494201e-07,252.8858783244707,0.0,9.780882734199327e-09,7.872706687719648e-08
181,10920.0,10920,47.11412184419285,-252.88587786986136,366.98512444821245,300.0,2.7176408160239816e-07,252.88587814162548,0.0,1.1093406013139972e-08,2.8594579736506627e-07
182,10980.0,10980,47.114121783529626,-52.88587857180605,362.7703598163682,100.00000000000028,3.691509093572881e-07,52.88587894095697,0.0,1.5859586673951027e-08,-3.553353927252457e-07
183,11040.0,11040,47.114121783721316,-102.88587825295073,361.8889285059148,150.0,3.6888441109028256e-07,102.88587862183515,0.0,9.937762237645191e-09,-3.667202953949779e-08
184,11100.0,11100,47.11412178369974,-102.88587822020686,360.174163867443,150.0,3.6896045040226413e-07,102.88587858916732,0.0,9.32699980039407e-09,-3.9066058321587506e-09
185,11160.0,11160,47.11412178369471,-102.88587821679347,358.4593992295167,150.0,3.689820317398499e-07,102.88587858577552,0.0,9.262328282697346e-09,-4.881845639223903e-10
186,11220.0,11220,47.11412178369347,-102.88587821641964,356.7446345916472,150.0,3.6899421172401163e-07,102.88587858541385,0.0,9.254630606912354e-09,-1.1309228509035525e-10
187,11280.0,11280,47.11412178369414,-102.88587821636418,355.02986995378393,150.0,3.6900173460462284e-07,102.8858785853659,0.0,9.253184502702167e-09,-5.830454641506292e-11
188,11340.0,11340,47.114121783696206,-102.88587821634601,353.31510531592164,150.0,3.6900528406660843e-07,102.88587858535129,0.0,9.252651534021551e-09,-4.2210647148871185e-11
189,11400.0,11400,47.11412178369914,-102.88587821633492,351.6003406780596,150.0,3.6900624104047956e-07,102.88587858534117,0.0,9.252386819832687e-09,-3.406670880995329e-11
190,11460.0,11460,47.114121783702515,-102.88587821632677,349.8855760401977,150.0,3.690057660781079e-07,102.88587858533256,0.0,9.252257879449002e-09,-2.927443613808947e-11
191,11520.0,11520,47.114121783706075,-102.88587821632036,348.17081140233597,150.0,3.690045802354031e-07,102.88587858532496,0.0,9.252208862068542e-09,-2.644064094982175e-11
192,11580.0,11580,47.114121783709685,-102.88587821631519,346.45604676447437,150.0,3.690030965803483e-07,102.88587858531831,0.0,9.252207129338752e-09,-2.4858115668182013e-11
193,11640.0,11640,47.114121783713244,-102.88587821631083,344.7412821266128,150.0,3.69001550612107e-07,102.8858785853124,0.0,9.252231825761458e-09,-2.4074032029031624e-11
194,11700.0,11700,47.11412178371672,-102.88587821630705,343.0265174887513,150.0,3.6900007560496977e-07,102.88587858530713,0.0,9.252269641821662e-09,-2.376268110172974e-11
195,11760.0,11760,47.114121783720066,-102.88587821630361,341.31175285088995,150.0,3.689987446026148e-07,102.88587858530236,0.0,9.252312696816295e-09,-2.3686536149213044e-11
196,11820.0,11820,47.11412178372328,-102.88587821630041,339.5969882130286,150.0,3.689975963201961e-07,102.88587858529802,0.0,9.252357069602407e-09,-2.3680870064330648e-11
197,11880.0,11880,47.11412178372633,-102.8858782162973,337.88222357516736,150.0,3.6899665155381524e-07,102.88587858529397,0.0,9.252401585152042e-09,-2.3639532390054853e-11
198,11940.0,11940,47.11412178372923,-102.88587821629427,336.16745893730615,150.0,3.689959226151515e-07,102.8858785852902,0.0,9.252446837960545e-09,-2.3499769235090635e-11
199,12000.0,12000,47.114121783731946,-102.88587821629127,334.452694299445,150.0,3.68995417433953e-07,102.8858785852867,0.0,9.25249446845443e-09,-2.3228889338624012e-11
200,12060.0,12060,47.114121783734475,-102.88587821628833,332.73792966158385,150.0,3.6899513969642576e-07,102.88587858528348,0.0,9.25254666171063e-09,-2.281526481095673e-11
201,12120.0,12120,47.11412178373679,-102.88587821628548,331.02316502372275,150.0,3.689950858428076e-07,102.88587858528058,0.0,9.252605796276197e-09,-2.2269710109110424e-11
202,12180.0,12180,47.114121783738874,-102.88587821628279,329.3084003858618,150.0,3.689952372363473e-07,102.88587858527804,0.0,9.252674070113987e-09,-2.1660558164541622e-11
203,12240.0,12240,47.1141217837407,-102.88587821628055,327.5936357480008,150.0,3.6899553597169876e-07,102.8858785852761,0.0,9.252752542073899e-09,-2.1245947213716326e-11
204,12300.0,12300,47.11412178374228,-102.88587821627952,325.87887111013987,150.0,3.689958058650608e-07,102.88587858527535,0.0,9.25283796863788e-09,-2.18006855951427e-11
205,12360.0,12360,47.11412178374369,-102.88587821628141,324.16410647227895,150.0,3.689955436868154e-07,102.88587858527696,0.0,9.252914192730129e-09,-2.5099306703603195e-11
206,12420.0,12420,47.11412178374524,-102.8858782162893,322.44934183441796,150.0,3.689936090143662e-07,102.88587858528292,0.0,9.252935480571003e-09,-3.4530810873677674e-11
207,12480.0,12480,47.11412178374738,-102.88587821631758,320.7345771965569,150.0,3.689887202436654e-07,102.88587858530632,0.0,9.252799609903565e-09,-6.495458943836501e-11
208,12540.0,12540,47.11412178375008,-102.88587821650827,319.0198125586954,150.0,3.6898406785510633e-07,102.88587858549236,0.0,9.252156688867708e-09,-2.583620471264414e-10
209,12600.0,12600,47.11412178375342,-102.88587821813479,317.30504792083065,150.0,3.689962897454208e-07,102.8858785871311,0.0,9.248290279114071e-09,-1.888209165602991e-09
210,12660.0,12660,47.1141217837733,-102.88587823333066,315.5902832829388,150.0,3.6901798191935345e-07,102.88587860234864,0.0,9.217259514461391e-09,-1.710395610188157e-08
211,12720.0,12720,47.11412178344583,-42.885878399150464,313.87551864479366,90.0,3.6939587912570016e-07,42.88587876854635,0.0,8.932631675818485e-09,-1.8259628052372972e-07
212,12780.0,12780,47.114121850366274,-252.8858779995208,313.1607540038839,300.0,2.6258912779880345e-07,252.88587826210997,0.0,5.889797053267071e-09,1.5011289060322114e-07
213,12840.0,12840,47.11412185633883,-252.8858781066071,308.9459893699016,300.0,2.537384761661062e-07,252.88587836034557,0.0,8.39208545722978e-09,3.705409167261323e-08
214,12900.0,12900,47.114121857893345,-252.88587813182127,304.7312247341567,300.0,2.5144978534807327e-07,252.8858783832711,0.0,9.010053177182567e-09,1.0285392293409812e-08
215,12960.0,12960,47.114121858333135,-252.8858781387226,300.51646009799725,300.0,2.508026844730299e-07,252.8858783895253,0.0,9.181873103404665e-09,2.944283616237374e-09
216,13020.0,13020,47.11412185846181,-252.88587814067847,296.3016954617244,300.0,2.5061331827904903e-07,252.88587839129175,0.0,9.231339919962413e-09,8.597090384170822e-10
217,13080.0,13080,47.11412185849972,-252.88587814121672,292.0869308254194,300.0,2.505576878553194e-07,252.88587839177444,0.0,9.246063161364204e-09,2.835678763837827e-10
218,13140.0,13140,47.11412185850692,-252.88587814128724,287.8721661891057,300.0,2.5054738232318654e-07,252.88587839183464,0.0,9.251183705853021e-09,2.0582663111276333e-10
219,13200.0,13200,47.11412185849117,-252.88587814101027,283.6574015527908,300.0,2.505708209027156e-07,252.88587839158112,0.0,9.255008426840461e-09,4.986024964209086e-10
220,13260.0,13260,47.11412185842147,-252.88587813989315,279.4426369164804,300.0,2.506732808985316e-07,252.88587839056643,0.0,9.263712803662091e-09,1.685399339908017e-09
221,13320.0,13320,47.11412185817387,-252.8858781359614,275.22787228018836,300.0,2.510363512840148e-07,252.8858783869978,0.0,9.292197481956244e-09,5.864684143586413e-09
222,13380.0,13380,47.11412185731948,-252.885878122241,271.013107643961,300.0,2.5228957964423934e-07,252.8858783745306,0.0,9.390337888520886e-09,2.0439464170055203e-08
223,13440.0,13440,47.11412185444063,-252.88587807382376,266.7983430079591,300.0,2.5652668490305695e-07,252.88587833035047,0.0,9.731393808624125e-09,7.1735635782492e-08
224,13500.0,13500,47.11412184539786,-252.88587789479791,262.5835783727536,300.0,2.699945483700982e-07,252.88587816479244,0.0,1.0927392089645098e-08,2.5980421350200204e-07
225,13560.0,13560,47.11412178407658,-192.8858787606552,258.36881374049824,240.0,3.682312324042973e-07,192.88587912888642,0.0,1.525787930744305e-08,-5.447317981357671e-07
226,13620.0,13620,47.114121851055216,-252.88587801208575,255.15404909356627,300.0,2.615416680836543e-07,252.8858782736274,0.0,6.179447240670692e-09,1.3685904512241262e-07
227,13680.0,13680,47.11412185653106,-252.8858781093164,250.93928445937723,300.0,2.534515757417814e-07,252.88587836276798,0.0,8.460836603754473e-09,3.415254809318541e-08
228,13740.0,13740,47.114121857963795,-252.88587813255103,246.72451982358788,300.0,2.5134961908437743e-07,252.88587838390063,0.0,9.030444333573822e-09,9.485199421531446e-09
229,13800.0,13800,47.11412185836709,-252.88587813893423,242.50975518741654,300.0,2.5075925776533096e-07,252.8858783896935,0.0,9.18892695525868e-09,2.6986739405142656e-09
230,13860.0,13860,47.11412185848313,-252.88587814075282,238.29499055114033,300.0,2.5058975424492215e-07,252.8858783913426,0.0,9.234299789050934e-09,7.640297130575167e-10
231,13920.0,13920,47.11412185851687,-252.88587814127663,234.08022591483424,300.0,2.5054073818395247e-07,252.8858783918174,0.0,9.247428176411784e-09,2.0648762581121507e-10
232,13980.0,13980,47.114121858526765,-252.88587814142835,229.86546127851946,300.0,2.5052656635591365e-07,252.88587839195498,0.0,9.25126408189904e-09,4.489849470312024e-11
233,14040.0,14040,47.11412185852969,-252.88587814147263,225.65069664220232,300.0,2.5052255556236466e-07,252.88587839199516,0.0,9.252406826800203e-09,-2.3419248883963275e-12
234,14100.0,14100,47.114121858530545,-252.88587814148576,221.43593200588433,300.0,2.505215432813421e-07,252.88587839200733,0.0,9.252762266864426e-09,-1.6306968528130236e-11
235,14160.0,14160,47.11412185853073,-252.88587814148985,217.22116736956613,300.0,2.505214532887706e-07,252.88587839201128,0.0,9.252885007289011e-09,-2.0547709641178934e-11
236,14220.0,14220,47.11412185853067,-252.88587814149116,213.00640273324788,300.0,2.50521675836818e-07,252.88587839201287,0.0,9.252937127569386e-09,-2.1850900105033084e-11
237,14280.0,14280,47.1141218585305,-252.88587814149167,208.79163809692963,300.0,2.505220338159676e-07,252.88587839201372,0.0,9.252967590675648e-09,-2.2179428840988526e-11
238,14340.0,14340,47.11412185853024,-252.88587814149193,204.57687346061132,300.0,2.5052248768274034e-07,252.8858783920144,0.0,9.252992642968174e-09,-2.217408159759506e-11
239,14400.0,14400,47.11412185852989,-252.88587814149201,200.36210882429305,300.0,2.50523030696301e-07,252.88587839201503,0.0,9.253017852215557e-09,-2.1911942382048464e-11
240,14460.0,14460,47.11412185852944,-252.88587814149196,196.14734418797477,300.0,2.505236848345239e-07,252.88587839201566,0.0,9.253047499491663e-09,-2.1398995223916386e-11
241,14520.0,14520,47.11412185852887,-252.88587814149165,191.9325795516565,300.0,2.5052449407882075e-07,252.88587839201614,0.0,9.253085767513541e-09,-2.05235686955069e-11
242,14580.0,14580,47.11412185852813,-252.88587814149056,187.71781491533818,300.0,2.5052552759707266e-07,252.88587839201608,0.0,9.253138702783917e-09,-1.8684830494417055e-11
243,14640.0,14640,47.11412185852712,-252.88587814148724,183.50305027901993,300.0,2.50526969298034e-07,252.88587839201426,0.0,9.25322236433302e-09,-1.438836815323809e-11
244,14700.0,14700,47.11412185852551,-252.88587814147715,179.28828564270174,300.0,2.505293173404165e-07,252.8858783920065,0.0,9.253377721081709e-09,-2.65623887830191e-12
245,14760.0,14760,47.11412185852225,-252.8858781414449,175.07352100638366,300.0,2.50534121161721e-07,252.88587839197902,0.0,9.253728711473224e-09,3.281644089058054e-11
246,14820.0,14820,47.11412185851395,-252.88587814133825,170.85875637006615,300.0,2.505464267083959e-07,252.88587839188466,0.0,9.254671034687009e-09,1.478219999461968e-10
247,14880.0,14880,47.11412185848897,-252.88587814097676,166.64399173375034,300.0,2.5058328715415144e-07,252.88587839156008,0.0,9.257530287717225e-09,5.342369998128813e-10
248,14940.0,14940,47.114121858407565,-252.88587813973493,162.42922709744053,300.0,2.507030624967107e-07,252.885878390438,0.0,9.266830081406695e-09,1.8575455789119934e-09
249,15000.0,15000,47.1141218581329,-252.88587813543634,158.21446246115104,300.0,2.5110650411814034e-07,252.8858783865428,0.0,9.298185594136037e-09,6.430765549758241e-09
250,15060.0,15060,47.11412185719815,-252.88587812046697,153.99969782493224,300.0,2.524795226133301e-07,252.88587837294648,0.0,9.405762702136851e-09,2.2334860389824494e-08
251,15120.0,15120,47.114121854068635,-252.88587806758494,149.78493318895949,300.0,2.570916667951288e-07,252.88587832467658,0.0,9.778410959729055e-09,7.834640227053407e-08
252,15180.0,15180,47.114121844334015,-252.88587787100312,145.57016855385655,300.0,2.716190977395386e-07,252.8858781426222,0.0,1.1084591575338884e-08,2.846629081498835e-07
253,15240.0,15240,47.114121783935204,-142.88587856898042,141.35540392199368,190.00000000000028,3.6853654209704795e-07,142.885878937517,0.0,1.582939372903907e-08,-3.5291535949138225e-07
254,15300.0,15300,47.114121783937506,-152.88587825333354,138.9739726115889,200.0,3.685558463281027e-07,152.8858786218894,0.0,9.947905880878692e-09,-3.7271058354572335e-08
255,15360.0,15360,47.11412178392538,-152.88587822001318,136.42587463977816,200.0,3.685864369867735e-07,152.88587858859967,0.0,9.32716169690856e-09,-3.938568538906336e-09
256,15420.0,15420,47.11412178391965,-152.88587821655676,133.8777766685227,200.0,3.685984657402597e-07,152.8858785851552,0.0,9.261959801181438e-09,-4.764074945725087e-10
257,15480.0,15480,47.11412178391648,-152.88587821617332,131.3296786973248,200.0,3.686039934975378e-07,152.88587858477732,0.0,9.254460820879113e-09,-8.981901166650561e-11
258,15540.0,15540,47.11412178391443,-152.8858782161229,128.78158072613326,200.0,3.686063780470634e-07,152.88587858472926,0.0,9.253405041386374e-09,-3.7341148146538794e-11
259,15600.0,15600,47.11412178391271,-152.88587821611577,126.2334827549426,200.0,3.686076792142088e-07,152.88587858472346,0.0,9.253223911826228e-09,-2.8505839524123688e-11
260,15660.0,15660,47.11412178391102,-152.88587821611588,123.68538478375204,200.0,3.6860875807799597e-07,152.88587858472465,0.0,9.253190059003555e-09,-2.689542507819188e-11
261,15720.0,15720,47.11412178390927,-152.8858782161172,121.13728681256146,200.0,3.6860978834240305e-07,152.88587858472698,0.0,9.253183075762767e-09,-2.647115737933772e-11
262,15780.0,15780,47.11412178390745,-152.88587821611864,118.58918884137087,200.0,3.6861075338308595e-07,152.88587858472943,0.0,9.253183197233821e-09,-2.611662654031118e-11
263,15840.0,15840,47.114121783905574,-152.88587821612015,116.04109087018028,200.0,3.6861163853772275e-07,152.88587858473178,0.0,9.253189261661773e-09,-2.5717704453606857e-11
264,15900.0,15900,47.11412178390362,-152.8858782161217,113.49299289898966,200.0,3.6861245911360855e-07,152.88587858473417,0.0,9.253202007426593e-09,-2.5328083188641414e-11
265,15960.0,15960,47.1141217839016,-152.88587821612333,110.944894927799,200.0,3.6861324479311176e-07,152.8858785847366,0.0,9.253221277593862e-09,-2.4951896593031583e-11
266,16020.0,16020,47.11412178389949,-152.8858782161248,108.39679695660828,200.0,3.686140368909293e-07,152.88587858473883,0.0,9.253246846614924e-09,-2.4316608840950556e-11
267,16080.0,16080,47.11412178389727,-152.88587821612498,105.84869898541756,200.0,3.6861495259333973e-07,152.8858785847399,0.0,9.253283031453898e-09,-2.2268735419110636e-11
268,16140.0,16140,47.114121783894774,-152.88587821612074,103.30060101422681,200.0,3.6861641118296164e-07,152.88587858473716,0.0,9.253353373572735e-09,-1.5522233250015972e-11
269,16200.0,16200,47.11412178389163,-152.88587821610545,100.75250304303616,200.0,3.6861959848242507e-07,152.88587858472505,0.0,9.253536181389378e-09,2.9108871515969868e-12
270,16260.0,16260,47.11412178388696,-152.88587821606808,98.20440507184574,200.0,3.686268941694529e-07,152.885878584695,0.0,9.25402623264378e-09,4.494134271929311e-11
271,16320.0,16320,47.11412178387924,-152.8858782159815,95.65630710065594,200.0,3.6864122960782757e-07,152.88587858462273,0.0,9.25521683245527e-09,1.39253251701912e-10
272,16380.0,16380,47.11412178386422,-152.88587821585304,93.10820912946754,200.0,3.686684971194265e-07,152.88587858452155,0.0,9.257979361747493e-09,2.8272031410803857e-10
273,16440.0,16440,47.11412178379045,-116.2192115497727,90.5601111582812,163.33333333333243,3.6883758221324137e-07,116.21921191861028,0.0,9.263133135271614e-09,-2.3071372073026035e-10
274,16500.0,16500,47.11412178375296,-102.88587821645638,88.62312429819578,150.0,3.6893572972796953e-07,102.8858785853921,0.0,9.259729907433432e-09,-2.0931839405795082e-10
275,16560.0,16560,47.11412178373767,-102.88587821638892,86.90835966033207,150.0,3.6897134142666177e-07,102.88587858536027,0.0,9.256683420377353e-09,-1.2659211132538577e-10
276,16620.0,16620,47.11412178372877,-102.88587821634736,85.19359502246935,150.0,3.6898589642506423e-07,102.88587858533327,0.0,9.255015811600967e-09,-7.612641079066471e-11
277,16680.0,16680,47.114121783722425,-102.88587821633085,83.47883038460733,150.0,3.68993943347838e-07,102.88587858532482,0.0,9.254189333080763e-09,-5.328315375427409e-11
278,16740.0,16740,47.11412178371734,-102.88587821632382,81.76406574674556,150.0,3.6899885205841494e-07,102.88587858532267,0.0,9.253743597047151e-09,-4.115319011074728e-11
279,16800.0,16800,47.11412178371299,-102.88587821632103,80.04930110888388,150.0,3.690015902324828e-07,102.88587858532263,0.0,9.253500045339309e-09,-3.402572923621585e-11
280,16860.0,16860,47.11412178370903,-102.88587821632095,78.33453647102225,150.0,3.690029620357615e-07,102.88587858532391,0.0,9.253375302571123e-09,-2.996693883275387e-11
281,16920.0,16920,47.11412178370523,-102.88587821632252,76.61977183316061,150.0,3.6900356458040285e-07,102.88587858532611,0.0,9.253318224257147e-09,-2.7767182056691402e-11
282,16980.0,16980,47.11412178370146,-102.88587821632514,74.90500719529896,150.0,3.6900375174504746e-07,102.88587858532891,0.0,9.253297826232912e-09,-2.660275593174482e-11
283,17040.0,17040,47.11412178369765,-102.88587821632835,73.19024255743726,150.0,3.6900371258674046e-07,102.88587858533207,0.0,9.253296852469159e-09,-2.5986377274245988e-11
284,17100.0,17100,47.11412178369374,-102.88587821633192,71.4754779195755,150.0,3.690035468461137e-07,102.88587858533548,0.0,9.253306168189711e-09,-2.5654728089289745e-11
285,17160.0,17160,47.114121783689725,-102.88587821633574,69.76071328171368,150.0,3.690033095888538e-07,102.88587858533906,0.0,9.253321027179608e-09,-2.5466133701548425e-11
286,17220.0,17220,47.114121783685576,-102.88587821633976,68.04594864385179,150.0,3.69003034095795e-07,102.88587858534281,0.0,9.253339044404196e-09,-2.53392767301964e-11
287,17280.0,17280,47.11412178368129,-102.88587821634394,66.33118400598984,150.0,3.6900274375339073e-07,102.8858785853467,0.0,9.2533591900433e-09,-2.5222509986001893e-11
288,17340.0,17340,47.11412178367685,-102.88587821634823,64.61641936812784,150.0,3.6900245889442873e-07,102.88587858535071,0.0,9.253381294963801e-09,-2.507823796144093e-11
289,17400.0,17400,47.11412178367224,-102.88587821635264,62.90165473026575,150.0,3.6900220152320074e-07,102.88587858535485,0.0,9.253405816497643e-09,-2.4871974025830763e-11
290,17460.0,17460,47.114121783667464,-102.88587821635713,61.18689009240357,150.0,3.6900200001226073e-07,102.88587858535912,0.0,9.253433786599803e-09,-2.4559825867106362e-11
291,17520.0,17520,47.11412178366249,-102.88587821636159,59.472125454541356,150.0,3.690018958854006e-07,102.88587858536349,0.0,9.253466968583699e-09,-2.406637449049874e-11
292,17580.0,17580,47.1141217836573,-102.88587821636587,57.757360816679046,150.0,3.6900195254250456e-07,102.88587858536783,0.0,9.253508382535604e-09,-2.3165741125687295e-11
293,17640.0,17640,47.11412178365187,-102.88587821636835,56.04259617881666,150.0,3.6900225426472814e-07,102.88587858537062,0.0,9.253564812968514e-09,-2.022514847389568e-11
294,17700.0,17700,47.114121783646176,-102.88587821635299,54.32783154095422,150.0,3.690028658179724e-07,102.88587858535585,0.0,9.253670257198598e-09,8.443065456375768e-13
295,17760.0,17760,47.11412178364018,-102.88587821616017,52.61306690309205,150.0,3.6900381685900614e-07,102.88587858516398,0.0,9.254126861402262e-09,1.9967638174130285e-10
296,17820.0,17820,47.11412178363354,-102.88587821422146,50.89830226523309,150.0,3.690059547059474e-07,102.88587858322742,0.0,9.257897339336167e-09,2.1450068395020466e-09
297,17880.0,17880,47.114121783624206,-102.88587819513657,49.18353762740643,150.0,3.690154649512061e-07,102.88587856415204,0.0,9.29409003952851e-09,2.1239233107340757e-08
298,17940.0,17940,47.11412178361094,-102.88587801191272,47.46877298989784,150.0,3.690455581978919e-07,102.88587838095829,0.0,9.648520230928482e-09,2.044763484545746e-07
299,18000.0,18000,47.11412178366493,-102.8858755226268,45.754008355442906,150.0,3.68972884008946e-07,102.8858758915997,0.0,1.3056905104295281e-08,2.693708270813487e-06
300,18060.0,18060,47.1141208816225,2.114117661511501,44.03924376247625,45.0,2.114118034719386,3.732078929754865e-07,0.0,5.7952498762359347e-08,-3.2201109986041405e-06
301,18120.0,18120,47.11412178359164,-102.88587794682715,44.069193761747535,150.0,3.6905671188012534e-07,102.88587831588387,0.0,4.284434203116058e-09,2.6958120236751275e-07
302,18180.0,18180,47.11412178358891,-102.885878190804,42.35442912837733,150.0,3.690232662107434e-07,102.88587855982725,0.0,8.777898104706308e-09,2.5607108242942016e-08
303,18240.0,18240,47.11412178358717,-102.88587821384105,40.63966449094092,150.0,3.690079737083076e-07,102.88587858284903,0.0,9.205125965564776e-09,2.5717759890956936e-09
304,18300.0,18300,47.114121783581595,-102.88587821617233,38.9248998531206,150.0,3.690033721864486e-07,102.8858785851757,0.0,9.248431383032631e-09,2.4610804854038246e-10
305,18360.0,18360,47.11412178357481,-102.8858782164179,37.21013521526144,150.0,3.690013042607645e-07,102.8858785854192,0.0,9.252975618257837e-09,7.28840413943218e-12
306,18420.0,18420,47.11412178356746,-102.88587821645118,35.4953705773982,150.0,3.6900018017170115e-07,102.88587858545135,0.0,9.25353949715839e-09,-1.8618842152057532e-11
307,18480.0,18480,47.114121783559646,-102.8858782164628,33.78060593953438,150.0,3.6899966416951706e-07,102.88587858546246,0.0,9.253671556234561e-09,-2.2429808182905685e-11
308,18540.0,18540,47.11412178355142,-102.88587821647224,32.06584130167041,150.0,3.689995554938916e-07,102.8858785854718,0.0,9.2537400609409e-09,-2.3634514522054023e-11
309,18600.0,18600,47.11412178354282,-102.8858782164815,30.351076663806243,150.0,3.6899971126555853e-07,102.88587858548122,0.0,9.253788442685617e-09,-2.430904477124411e-11
310,18660.0,18660,47.11412178353384,-102.88587821649094,28.636312025941947,150.0,3.690000425423184e-07,102.88587858549099,0.0,9.253825530926204e-09,-2.4760689545232638e-11
311,18720.0,18720,47.11412178352448,-102.8858782165006,26.9215473880775,150.0,3.6900049534682863e-07,102.8858785855011,0.0,9.253855032886418e-09,-2.507275310989806e-11
312,18780.0,18780,47.11412178351473,-102.88587821651053,25.206782750212863,150.0,3.690010348869473e-07,102.88587858551158,0.0,9.253879266582884e-09,-2.5260811840781864e-11
313,18840.0,18840,47.11412178350458,-102.88587821652072,23.49201811234806,150.0,3.6900163881504686e-07,102.88587858552236,0.0,9.253900289587844e-09,-2.530046056147074e-11
314,18900.0,18900,47.114121783494,-102.88587821653115,21.777253474483096,150.0,3.690022974780103e-07,102.88587858553346,0.0,9.253920565376171e-09,-2.5140103564011712e-11
315,18960.0,18960,47.11412178348297,-102.88587821654176,20.062488836617963,150.0,3.690030190195115e-07,102.88587858554479,0.0,9.253943416482743e-09,-2.4712455722830705e-11
316,19020.0,19020,47.11412178347146,-102.8858782165525,18.34772419875264,150.0,3.690038385812476e-07,102.88587858555634,0.0,9.253973285884149e-09,-2.395198290133854e-11
317,19080.0,19080,47.11412178345946,-102.88587821656337,16.632959560887148,150.0,3.6900483092949677e-07,102.88587858556821,0.0,9.254015707390035e-09,-2.2823341481335996e-11
318,19140.0,19140,47.11412178344694,-102.88587821657441,14.918194923021478,150.0,3.690061234870439e-07,102.88587858558054,0.0,9.254076801342777e-09,-2.135359865318774e-11
319,19200.0,19200,47.11412178343395,-102.88587821658558,13.203430285155616,150.0,3.6900790150665514e-07,102.88587858559349,0.0,9.254162232109313e-09,-1.9522001813168608e-11
320,19260.0,19260,47.11412178342062,-102.88587821659483,11.488665647289553,150.0,3.690103925493519e-07,102.88587858560523,0.0,9.2542780012331e-09,-1.545715587309412e-11
321,19320.0,19320,47.11412178340732,-102.88587821657995,9.773901009423335,150.0,3.6901386002504657e-07,102.88587858559383,0.0,9.254461286266015e-09,1.2716537730993549e-11
322,19380.0,19380,47.11412178339465,-102.88587821632613,8.059136371557365,150.0,3.690190507739395e-07,102.8858785853452,0.0,9.25511383542126e-09,2.7921304149477705e-10
323,19440.0,19440,47.114121783382565,-102.8858782137608,6.344371733695595,150.0,3.6903030366619846e-07,102.88587858279112,0.0,9.260207551308842e-09,2.8566203555118263e-09
324,19500.0,19500,47.1141217833693,-102.88587818853729,4.629607095876564,150.0,3.690614467078071e-07,102.88587855759874,0.0,9.308256780732944e-09,2.8093419392869015e-08
325,19560.0,19560,47.11412178339007,-102.88587794658321,2.91484245847783,150.0,3.6906452595493706e-07,102.88587831564773,0.0,9.776910122740366e-09,2.700267400439562e-07
326,19620.0,19620,47.114121782841444,-57.885873986215316,1.2000778251116944,105.0,3.6986428546172193e-07,57.88587435607962,0.0,1.4277704268867396e-08,4.230943233178013e-06
327,19680.0,19680,47.11412028894321,47.114116053440874,0.2353132577496657,0.0,47.11411643066198,3.772210896699497e-07,0.0,8.479337898222656e-08,-4.235502356892781e-06
328,19740.0,19740,47.1141202882232,47.114120022456326,0.9027632342315238,0.0,47.114120399647994,3.771916468095174e-07,0.0,1.4201154893511828e-08,-2.6576688695644966e-07
329,19800.0,19800,47.11412028539417,47.11412025754515,1.5702132669412003,0.0,47.1141206347141,3.771689190201459e-07,0.0,9.770796201245575e-09,-2.7849032022390496e-08
330,19860.0,19860,47.11412028338279,47.11412028059523,2.237663302981341,0.0,47.11412065775186,3.7715661867649815e-07,0.0,9.305654468411948e-09,-2.7875747727216133e-09
331,19920.0,19920,47.114120281847754,47.11412028162995,2.9051133393481487,0.0,47.11412065878104,3.7715107752444617e-07,0.0,9.258194000732614e-09,-2.1782585131835132e-10
332,19980.0,19980,47.11412028059901,47.114120280641956,3.572563375729494,0.0,47.114120657790714,3.7714874063459216e-07,0.0,9.253560933039468e-09,4.293399530788321e-11
333,20040.0,20040,47.11412027954088,47.11412027960742,4.240013412096945,0.0,47.11412065675575,3.7714830875261007e-07,0.0,9.253273058723378e-09,6.652874990150906e-11
334,20100.0,20100,47.11412027861965,47.114120278686364,4.907463448449679,0.0,47.114120655835634,3.7714924940123277e-07,0.0,9.253377831467269e-09,6.66945630367223e-11
335,20160.0,20160,47.114120277802,47.11412027786741,5.574913484789356,0.0,47.114120655018674,3.771512549148598e-07,0.0,9.253484869558692e-09,6.538945390226669e-11
336,20220.0,20220,47.114120277065716,47.11412027713025,6.242363521117463,0.0,47.114120654284356,3.7715408484157224e-07,0.0,9.253569725856743e-09,6.451318592789015e-11
337,20280.0,20280,47.11412027639527,47.114120276459246,6.909813557435192,0.0,47.114120653616794,3.7715752859503954e-07,0.0,9.253639597615355e-09,6.3958675357767e-11
338,20340.0,20340,47.11412027577931,47.114120275842865,7.577263593743304,0.0,47.114120653004285,3.771614049658012e-07,0.0,9.253699885627214e-09,6.353961402728246e-11
339,20400.0,20400,47.11412027520927,47.11412027527244,8.244713630042694,0.0,47.114120652438025,3.7716556566528e-07,0.0,9.253752878031542e-09,6.315776794381949e-11
340,20460.0,20460,47.11412027467852,47.11412027474131,8.912163666334033,0.0,47.11412065191122,3.7716989481570376e-07,0.0,9.253799220819688e-09,6.277837068645481e-11
341,20520.0,20520,47.11412027418179,47.11412027424421,9.579613702617841,0.0,47.11412065141853,3.7717430524506377e-07,0.0,9.253838977135224e-09,6.239850944494019e-11
342,20580.0,20580,47.114120273714846,47.11412027377689,10.247063738894534,0.0,47.11412065095564,3.771787336098218e-07,0.0,9.2538721590033e-09,6.202762513010656e-11
343,20640.0,20640,47.11412027327418,47.11412027333588,10.91451377516459,0.0,47.11412065051903,3.771831355506631e-07,0.0,9.25389893370049e-09,6.167753331860445e-11
344,20700.0,20700,47.1141202728569,47.11412027291828,11.58196381142848,0.0,47.114120650105775,3.771874813649264e-07,0.0,9.253919663628326e-09,6.135799456398361e-11
345,20760.0,20760,47.114120272460575,47.11412027252166,12.249413847686382,0.0,47.114120649713435,3.771917523292735e-07,0.0,9.253934872278518e-09,6.107521769655501e-11
346,20820.0,20820,47.11412027208312,47.114120272143964,12.916863883938639,0.0,47.11412064933992,3.7719593767814654e-07,0.0,9.253945185213227e-09,6.083182221658582e-11
347,20880.0,20880,47.11412027172276,47.11412027178341,13.584313920185577,0.0,47.11412064898345,3.7720003219928713e-07,0.0,9.25395127039524e-09,6.062745995601154e-11
348,20940.0,20940,47.114120271377985,47.11412027143846,14.251763956427377,0.0,47.11412064864252,3.7720403438465787e-07,0.0,9.25395378886263e-09,6.045965613538643e-11
349,21000.0,21000,47.11412027104743,47.11412027110777,14.919213992664256,0.0,47.11412064831574,3.772079450609601e-07,0.0,9.253953359408472e-09,6.032463109469814e-11
350,21060.0,21060,47.114120270729956,47.114120270790195,15.586664028896447,0.0,47.11412064800197,3.772117664150888e-07,0.0,9.253950536939288e-09,6.021798775570968e-11
351,21120.0,21120,47.11412027042452,47.11412027048467,16.2541140651242,0.0,47.11412064770019,3.7721550133158023e-07,0.0,9.253945802282247e-09,6.013522378528967e-11
352,21180.0,21180,47.11412027013021,47.1141202701903,16.921564101347535,0.0,47.114120647409464,3.7721915296417525e-07,0.0,9.253939560512924e-09,6.007207504997906e-11
353,21240.0,21240,47.11412026984622,47.114120269906266,17.589014137566675,0.0,47.114120647129,3.772227244769646e-07,0.0,9.253932145002587e-09,6.00247150970421e-11
354,21300.0,21300,47.114120269571835,47.11412026963184,18.256464173781815,0.0,47.114120646858076,3.772262189018179e-07,0.0,9.253923824776619e-09,5.998984714085551e-11
355,21360.0,21360,47.1141202693064,47.11412026936638,18.923914209993036,0.0,47.114120646596035,3.772296390727031e-07,0.0,9.253914813401379e-09,5.996472122559341e-11
356,21420.0,21420,47.11412026904933,47.114120269109286,19.591364246200513,0.0,47.1141206463423,3.77232987607224e-07,0.0,9.253905278148778e-09,5.994710405787114e-11
357,21480.0,21480,47.11412026880009,47.11412026886005,20.258814282404337,0.0,47.11412064609633,3.772362669153981e-07,0.0,9.253895348657779e-09,5.993522348287507e-11
358,21540.0,21540,47.11412026855822,47.114120268618166,20.92626431860465,0.0,47.11412064585766,3.7723947922197496e-07,0.0,9.253885124655878e-09,5.992770224132954e-11
359,21600.0,21600,47.11412026832327,47.11412026838322,21.59371435480148,0.0,47.11412064562586,3.7724262659373966e-07,0.0,9.253874682584934e-09,5.992349005744576e-11
360,21660.0,21660,47.11412026809485,47.114120268154785,22.26116439099504,0.0,47.114120645400526,3.7724571096653534e-07,0.0,9.253864081077763e-09,5.992180009089179e-11
361,21720.0,21720,47.1141202678726,47.11412026793254,22.9286144271853,0.0,47.114120645181295,3.772487341692624e-07,0.0,9.253853365383905e-09,5.992205301765983e-11
362,21780.0,21780,47.11412026765617,47.11412026771611,23.596064463372418,0.0,47.11412064496783,3.7725169794354566e-07,0.0,9.253842570853413e-09,5.992382895754119e-11
363,21840.0,21840,47.11412026744526,47.11412026750521,24.26351449955646,0.0,47.11412064475983,3.7725460395880645e-07,0.0,9.253831725619022e-09,5.992682776248765e-11
364,21900.0,21900,47.11412026723959,47.11412026729954,24.930964535737495,0.0,47.11412064455701,3.7725745382285916e-07,0.0,9.253820852614598e-09,5.993083705259873e-11
365,21960.0,21960,47.1141202670389,47.114120267098855,25.598414571915637,0.0,47.11412064435912,3.7726024908870424e-07,0.0,9.253809971055895e-09,5.993570667138395e-11
366,22020.0,22020,47.11412026684294,47.1141202669029,26.265864608090922,0.0,47.11412064416591,3.7726299125830336e-07,0.0,9.253799097498182e-09,5.99413292482203e-11
367,22080.0,22080,47.11412026665149,47.11412026671145,26.933314644263415,0.0,47.11412064397715,3.772656817837497e-07,0.0,9.253788246561656e-09,5.994762505828215e-11
368,22140.0,22140,47.11412026646433,47.1141202665243,27.60076468043315,0.0,47.114120643792646,3.7726832206700416e-07,0.0,9.253777431411391e-09,5.995453107415777e-11
369,22200.0,22200,47.114120266281276,47.11412026634125,28.268214716600358,0.0,47.11412064361218,3.772709134583865e-07,0.0,9.2537666640426e-09,5.996199309494796e-11
370,22260.0,22260,47.11412026610214,47.114120266162125,28.935664752764822,0.0,47.1141206434356,3.772734572545614e-07,0.0,9.253755955442169e-09,5.996996027412214e-11
371,22320.0,22320,47.11412026592674,47.11412026598674,29.6031147889268,0.0,47.114120643262716,3.7727595469661074e-07,0.0,9.253745315654454e-09,5.997838160838594e-11
372,22380.0,22380,47.11412026575494,47.11412026581495,30.27056482508626,0.0,47.11412064309337,3.7727840696819777e-07,0.0,9.253734753786845e-09,5.998720395182144e-11
373,22440.0,22440,47.11412026558657,47.114120265646584,30.938014861243307,0.0,47.11412064292741,3.7728081519429924e-07,0.0,9.253724277982506e-09,5.999637125196774e-11
374,22500.0,22500,47.11412026542149,47.11412026548152,31.60546489739799,0.0,47.11412064276471,3.772831804407519e-07,0.0,9.25371389537718e-09,6.000582433059762e-11
375,22560.0,22560,47.11412026525957,47.114120265319606,32.272914933550275,0.0,47.11412064260512,3.772855037143331e-07,0.0,9.253703612055245e-09,6.001550165536239e-11
376,22620.0,22620,47.11412026510069,47.114120265160736,32.94036496970034,0.0,47.11412064244854,3.7728778596389657e-07,0.0,9.253693433013512e-09,6.002533996743046e-11
377,22680.0,22680,47.114120264944724,47.11412026500477,33.607815005848124,0.0,47.11412064229482,3.7729002808212816e-07,0.0,9.253683362139882e-09,6.003527568536576e-11
378,22740.0,22740,47.11412026479155,47.11412026485162,34.27526504199365,0.0,47.11412064214386,3.7729223090819635e-07,0.0,9.253673402209404e-09,6.00452461468804e-11
379,22800.0,22800,47.11412026464109,47.11412026470116,34.94271507813703,0.0,47.11412064199558,3.772943952306611e-07,0.0,9.253663554904535e-09,6.005519058230951e-11
380,22860.0,22860,47.114120264493216,47.1141202645533,35.61016511427822,0.0,47.11412064184984,3.7729652179146134e-07,0.0,9.253653820849203e-09,6.006505159115065e-11
381,22920.0,22920,47.11412026434785,47.11412026440794,36.27761515041735,0.0,47.11412064170657,3.772986112897874e-07,0.0,9.253644199668693e-09,6.007477597644819e-11
382,22980.0,22980,47.11412026420489,47.11412026426499,36.94506518655443,0.0,47.11412064156567,3.7730066438655074e-07,0.0,9.253634690060641e-09,6.00843157381462e-11
383,23040.0,23040,47.11412026406426,47.11412026412437,37.612515222689424,0.0,47.11412064142707,3.773026817088929e-07,0.0,9.253625289884509e-09,6.009362866550458e-11
384,23100.0,23100,47.11412026392587,47.11412026398599,38.27996525882245,0.0,47.11412064129067,3.773046638546497e-07,0.0,9.253615996260359e-09,6.010267900036628e-11
385,23160.0,23160,47.11412026378965,47.11412026384978,38.94741529495355,0.0,47.114120641156404,3.773066113968947e-07,0.0,9.253606805678236e-09,6.011143751839874e-11
386,23220.0,23220,47.11412026365552,47.11412026371566,39.61486533108266,0.0,47.11412064102421,3.773085248882825e-07,0.0,9.253597714106267e-09,6.011988191531513e-11
387,23280.0,23280,47.11412026352342,47.114120263583565,40.28231536720985,0.0,47.11412064089398,3.773104048649847e-07,0.0,9.253588717110793e-09,6.012799653406204e-11
388,23340.0,23340,47.114120263393275,47.11412026345342,40.9497654033352,0.0,47.11412064076569,3.773122518506883e-07,0.0,9.253579809966628e-09,6.013577224032011e-11
389,23400.0,23400,47.11412026326502,47.11412026332518,41.61721543945874,0.0,47.114120640639264,3.77314066359809e-07,0.0,9.253570987765891e-09,6.01432062916834e-11
390,23460.0,23460,47.114120263138595,47.114120263198764,42.28466547558037,0.0,47.11412064051463,3.773158489006065e-07,0.0,9.25356224552809e-09,6.015030162606332e-11
391,23520.0,23520,47.11412026301395,47.11412026307412,42.952115511700256,0.0,47.11412064039174,3.7731759997786917e-07,0.0,9.253553578293166e-09,6.015706651372835e-11
392,23580.0,23580,47.11412026289102,47.1141202629512,43.619565547818375,0.0,47.114120640270535,3.773193200950604e-07,0.0,9.253544981213124e-09,6.01635138694881e-11
393,23640.0,23640,47.11412026276975,47.114120262829935,44.287015583934775,0.0,47.114120640150965,3.7732100975614255e-07,0.0,9.253536449630905e-09,6.01696607141649e-11
394,23700.0,23700,47.114120262650104,47.114120262710294,44.95446562004944,0.0,47.114120640032986,3.77322669467086e-07,0.0,9.253527979146022e-09,6.017552748361518e-11
395,23760.0,23760,47.11412026253202,47.114120262592216,45.621915656162344,0.0,47.114120639916536,3.773242997366437e-07,0.0,9.253519565676761e-09,6.018113727548843e-11
396,23820.0,23820,47.11412026241545,47.11412026247566,46.28936569227366,0.0,47.11412063980157,3.7732590107737255e-07,0.0,9.25351120550375e-09,6.018651530378643e-11
397,23880.0,23880,47.11412026230036,47.11412026236057,46.95681572838326,0.0,47.11412063968806,3.77327474005702e-07,0.0,9.253502895303315e-09,6.019168829605348e-11
398,23940.0,23940,47.1141202621867,47.11412026224692,47.62426576449128,0.0,47.11412063957596,3.77329019042049e-07,0.0,9.253494632177952e-09,6.019668354719814e-11
399,24000.0,24000,47.11412026207444,47.114120262134655,48.29171580059767,0.0,47.114120639465206,3.7733053671070875e-07,0.0,9.253486413663321e-09,6.020152885991787e-11
400,24060.0,24060,47.11412026196352,47.11412026202375,48.959165836702425,0.0,47.11412063935579,3.773320275391952e-07,0.0,9.253478237738466e-09,6.020625163217863e-11
401,24120.0,24120,47.11412026185391,47.11412026191414,49.626615872805644,0.0,47.11412063924765,3.773334920578564e-07,0.0,9.253470102819721e-09,6.021087852487613e-11
402,24180.0,24180,47.11412026174559,47.11412026180582,50.29406590890728,0.0,47.11412063914077,3.773349307988191e-07,0.0,9.253462007748514e-09,6.021543508157814e-11
403,24240.0,24240,47.114120261638504,47.114120261698744,50.96151594500734,0.0,47.11412063903511,3.773363442952426e-07,0.0,9.253453951775052e-09,6.021994533934807e-11
404,24300.0,24300,47.11412026153263,47.11412026159287,51.628965981105985,0.0,47.11412063893062,3.7733773308028056e-07,0.0,9.253445934531077e-09,6.022443164215885e-11
405,24360.0,24360,47.11412026142793,47.114120261488175,52.296416017203065,0.0,47.11412063882729,3.773390976858589e-07,0.0,9.253437956004933e-09,6.022891424917285e-11
406,24420.0,24420,47.11412026132437,47.11412026138463,52.96386605329864,0.0,47.11412063872508,3.77340438641729e-07,0.0,9.253430016505717e-09,6.023341129485129e-11
407,24480.0,24480,47.11412026122193,47.11412026128219,53.631316089392776,0.0,47.114120638623966,3.773417564741885e-07,0.0,9.253422116629031e-09,6.023793878647569e-11
408,24540.0,24540,47.114120261120576,47.11412026118084,54.29876612548544,0.0,47.11412063852391,3.7734305170512297e-07,0.0,9.253414257221838e-09,6.02425103504159e-11
409,24600.0,24600,47.114120261020275,47.11412026108054,54.96621616157669,0.0,47.11412063842488,3.773443248506865e-07,0.0,9.253406439343743e-09,6.024713732314638e-11
410,24660.0,24660,47.114120260921005,47.11412026098127,55.63366619766649,0.0,47.11412063832686,3.7734557642042964e-07,0.0,9.253398664229334e-09,6.025182889915678e-11
411,24720.0,24720,47.11412026082274,47.114120260883006,56.30111623375493,0.0,47.11412063822983,3.7734680691627226e-07,0.0,9.253390933251796e-09,6.02565919905582e-11
412,24780.0,24780,47.11412026072544,47.114120260785725,56.96856626984189,0.0,47.11412063813376,3.7734801683145377e-07,0.0,9.25338324788686e-09,6.026143159298797e-11
413,24840.0,24840,47.11412026062911,47.11412026068939,57.6360163059275,0.0,47.114120638038614,3.7734920664985607e-07,0.0,9.253375609680188e-09,6.026635068200943e-11
414,24900.0,24900,47.1141202605337,47.11412026059399,58.303466342011745,0.0,47.11412063794439,3.7735037684506843e-07,0.0,9.253368020215267e-09,6.027135055888764e-11
415,24960.0,24960,47.1141202604392,47.114120260499504,58.97091637809469,0.0,47.11412063785105,3.773515278798423e-07,0.0,9.253360481084907e-09,6.02764309256897e-11
416,25020.0,25020,47.114120260345594,47.11412026040589,59.638366414176204,0.0,47.11412063775857,3.773526602054088e-07,0.0,9.253352993864707e-09,6.028159004263096e-11
417,25080.0,25080,47.11412026025285,47.11412026031314,60.30581645025643,0.0,47.114120637666936,3.7735377426100236e-07,0.0,9.253345560091185e-09,6.028682508117277e-11
418,25140.0,25140,47.114120260160945,47.11412026022125,60.97326648633532,0.0,47.114120637576136,3.7735487047347634e-07,0.0,9.253338181242046e-09,6.029213192159335e-11
419,25200.0,25200,47.11412026006985,47.11412026013017,61.64071652241293,0.0,47.11412063748614,3.7735594925682114e-07,0.0,9.253330858716289e-09,6.029750588768102e-11
420,25260.0,25260,47.11412025997957,47.1141202600399,62.30816655848923,0.0,47.11412063739692,3.7735701101209536e-07,0.0,9.253323593824166e-09,6.030294148160113e-11
421,25320.0,25320,47.11412025989008,47.114120259950404,62.9756165945643,0.0,47.11412063730847,3.773580561271389e-07,0.0,9.253316387775523e-09,6.030843261517772e-11
422,25380.0,25380,47.114120259801346,47.114120259861686,63.64306663063807,0.0,47.114120637220786,3.7735908497642374e-07,0.0,9.253309241668333e-09,6.031397300618464e-11
423,25440.0,25440,47.11412025971337,47.114120259773706,64.31051666671053,0.0,47.11412063713382,3.7736009792116894e-07,0.0,9.253302156487074e-09,6.03195560202578e-11
424,25500.0,25500,47.11412025962611,47.11412025968646,64.97796670278179,0.0,47.11412063704758,3.773610953091279e-07,0.0,9.253295133096825e-09,6.032517505383175e-11
425,25560.0,25560,47.11412025953958,47.11412025959993,65.64541673885181,0.0,47.11412063696202,3.77362077474761e-07,0.0,9.253288172243607e-09,6.033082343715712e-11
426,25620.0,25620,47.11412025945375,47.114120259514095,66.31286677492065,0.0,47.11412063687716,3.7736304473938445e-07,0.0,9.253281274554039e-09,6.033649460807395e-11
427,25680.0,25680,47.11412025936859,47.11412025942895,66.9803168109882,0.0,47.11412063679296,3.773639974111874e-07,0.0,9.253274440537483e-09,6.034218238186352e-11
428,25740.0,25740,47.1141202592841,47.11412025934447,67.64776684705454,0.0,47.114120636709416,3.7736493578555937e-07,0.0,9.253267670591965e-09,6.03478806377331e-11
429,25800.0,25800,47.11412025920027,47.11412025926063,68.31521688311966,0.0,47.11412063662651,3.773658601451186e-07,0.0,9.253260965006499e-09,6.035358382271992e-11
430,25860.0,25860,47.114120259117065,47.11412025917745,68.98266691918361,0.0,47.114120636544236,3.7736677076003343e-07,0.0,9.253254323969876e-09,6.03592867029465e-11
431,25920.0,25920,47.1141202590345,47.11412025909488,69.65011695524642,0.0,47.114120636462566,3.773676678882977e-07,0.0,9.253247747576045e-09,6.0364984510619e-11
432,25980.0,25980,47.11412025895254,47.11412025901292,70.31756699130806,0.0,47.114120636381486,3.7736855177579963e-07,0.0,9.253241235832537e-09,6.03706728738136e-11
433,26040.0,26040,47.114120258871175,47.11412025893156,70.98501702736851,0.0,47.114120636301,3.773694226567922e-07,0.0,9.253234788668711e-09,6.037634804002257e-11
434,26100.0,26100,47.114120258790386,47.11412025885078,71.6524670634278,0.0,47.11412063622108,3.773702807540023e-07,0.0,9.253228405942568e-09,6.038200673622976e-11
435,26160.0,26160,47.11412025871018,47.11412025877058,72.31991709948596,0.0,47.11412063614172,3.7737112627888296e-07,0.0,9.253222087453127e-09,6.038764617922606e-11
436,26220.0,26220,47.11412025863053,47.11412025869093,72.98736713554295,0.0,47.114120636062914,3.7737195943195764e-07,0.0,9.253215832945794e-09,6.039326417819612e-11
437,26280.0,26280,47.114120258551424,47.114120258611834,73.65481717159886,0.0,47.11412063598464,3.7737278040290654e-07,0.0,9.253209642123666e-09,6.039885901146388e-11
438,26340.0,26340,47.11412025847285,47.11412025853327,74.32226720765367,0.0,47.11412063590688,3.77373589370922e-07,0.0,9.253203514655414e-09,6.04044296027812e-11
439,26400.0,26400,47.114120258394806,47.11412025845524,74.9897172437073,0.0,47.11412063582964,3.7737438650485787e-07,0.0,9.253197450186226e-09,6.04099751810149e-11
440,26460.0,26460,47.11412025831728,47.11412025837771,75.65716727975983,0.0,47.1141206357529,3.773751719633899e-07,0.0,9.2531914483421e-09,6.041549584608721e-11
441,26520.0,26520,47.114120258240256,47.11412025830069,76.32461731581132,0.0,47.114120635676656,3.7737594589518816e-07,0.0,9.253185508746708e-09,6.042099181118607e-11
442,26580.0,26580,47.114120258163716,47.11412025822416,76.99206735186166,0.0,47.114120635600884,3.7737670843914066e-07,0.0,9.253179631020674e-09,6.042646425611253e-11
443,26640.0,26640,47.11412025808767,47.11412025814812,77.65951738791094,0.0,47.114120635525595,3.77377459724296e-07,0.0,9.253173814800395e-09,6.043191463835965e-11
444,26700.0,26700,47.114120258012086,47.11412025807254,78.32696742395916,0.0,47.11412063545075,3.7737819987013867e-07,0.0,9.253168059740024e-09,6.043734505251104e-11
445,26760.0,26760,47.11412025793697,47.11412025799742,78.99441746000622,0.0,47.114120635376366,3.773789289864228e-07,0.0,9.253162365525083e-09,6.044275815472057e-11
446,26820.0,26820,47.114120257862304,47.114120257922764,79.66186749605222,0.0,47.114120635302434,3.773796471733269e-07,0.0,9.253156731881083e-09,6.044815729419803e-11
447,26880.0,26880,47.11412025778809,47.114120257848555,80.32931753209724,0.0,47.11412063522892,3.773803545212648e-07,0.0,9.25315115858355e-09,6.045354652276968e-11
448,26940.0,26940,47.1141202577143,47.11412025777477,80.9967675681412,0.0,47.114120635155835,3.773810511108911e-07,0.0,9.253145645471664e-09,6.045893056902892e-11
449,27000.0,27000,47.11412025764094,47.11412025770142,81.66421760418405,0.0,47.11412063508318,3.773817370127972e-07,0.0,9.253140192459721e-09,6.046431502060343e-11
450,27060.0,27060,47.114120257568004,47.114120257628485,82.33166764022594,0.0,47.11412063501092,3.773824122874254e-07,0.0,9.253134799550234e-09,6.046970639580001e-11
451,27120.0,27120,47.11412025749547,47.11412025755597,82.99911767626675,0.0,47.11412063493906,3.773830769844834e-07,0.0,9.253129466850416e-09,6.047511219548138e-11
452,27180.0,27180,47.114120257423345,47.11412025748384,83.66656771230656,0.0,47.11412063486759,3.77383731142738e-07,0.0,9.253124194589221e-09,6.048054105984779e-11
453,27240.0,27240,47.11412025735161,47.11412025741211,84.33401774834535,0.0,47.11412063479651,3.7738437478924624e-07,0.0,9.25311898313527e-09,6.048600300134753e-11
454,27300.0,27300,47.11412025728026,47.114120257340765,85.00146778438305,0.0,47.11412063472579,3.773850079390225e-07,0.0,9.253113833020875e-09,6.049150914213783e-11
455,27360.0,27360,47.11412025720929,47.1141202572698,85.66891782041974,0.0,47.11412063465545,3.77385630593765e-07,0.0,9.253108744960502e-09,6.049707244060375e-11
456,27420.0,27420,47.114120257138694,47.114120257199204,86.3363678564555,0.0,47.114120634585475,3.7738624274136246e-07,0.0,9.25310371988001e-09,6.050270717976265e-11
457,27480.0,27480,47.11412025706846,47.11412025712898,87.0038178924902,0.0,47.11412063451584,3.773868443544939e-07,0.0,9.253098758941552e-09,6.050842913749427e-11
458,27540.0,27540,47.11412025699858,47.11412025705911,87.67126792852395,0.0,47.114120634446564,3.773874353894929e-07,0.0,9.253093863567437e-09,6.051425590403938e-11
459,27600.0,27600,47.114120256929056,47.11412025698959,88.3387179645567,0.0,47.11412063437762,3.7738801578495906e-07,0.0,9.253089035468628e-09,6.052020605270868e-11
460,27660.0,27660,47.11412025685986,47.11412025692041,89.00616800058847,0.0,47.11412063430902,3.773885854601461e-07,0.0,9.253084276665542e-09,6.052629905263481e-11
461,27720.0,27720,47.11412025679102,47.11412025685157,89.67361803661922,0.0,47.11412063424073,3.7738914431344675e-07,0.0,9.253079589498986e-09,6.053255459236592e-11
462,27780.0,27780,47.1141202567225,47.11412025678306,90.34106807264904,0.0,47.11412063417277,3.773896922205687e-07,0.0,9.253074976636081e-09,6.053899114092584e-11
463,27840.0,27840,47.1141202566543,47.11412025671488,91.00851810867788,0.0,47.11412063410511,3.7739022903298527e-07,0.0,9.25307044104945e-09,6.0545624385335e-11
464,27900.0,27900,47.11412025658643,47.114120256647,91.67596814470566,0.0,47.114120634037775,3.773907545764554e-07,0.0,9.253065985972767e-09,6.055246459891693e-11
465,27960.0,27960,47.114120256518866,47.11412025657944,92.34341818073256,0.0,47.11412063397073,3.7739126864993353e-07,0.0,9.253061614809134e-09,6.055951336532313e-11
466,28020.0,28020,47.1141202564516,47.11412025651218,93.01086821675854,0.0,47.11412063390397,3.773917710250874e-07,0.0,9.253057330986034e-09,6.056675821406781e-11
467,28080.0,28080,47.114120256384645,47.11412025644523,93.67831825278351,0.0,47.114120633837516,3.7739226144670005e-07,0.0,9.253053137723334e-09,6.05741665423017e-11
468,28140.0,28140,47.114120256317975,47.11412025637858,94.34576828880752,0.0,47.114120633771336,3.773927396346833e-07,0.0,9.253049037696759e-09,6.058167678641768e-11
469,28200.0,28200,47.114120256251596,47.1141202563122,95.01321832483065,0.0,47.114120633705426,3.7739320528771554e-07,0.0,9.253045032556312e-09,6.058918714347475e-11
470,28260.0,28260,47.1141202561855,47.11412025624612,95.68066836085276,0.0,47.114120633639786,3.7739365808995956e-07,0.0,9.253041122255379e-09,6.059654170424803e-11
471,28320.0,28320,47.114120256119676,47.1141202561803,96.34811839687399,0.0,47.114120633574416,3.7739409772071885e-07,0.0,9.253037304150866e-09,6.06035131352979e-11
472,28380.0,28380,47.11412025605413,47.11412025611475,97.01556843289428,0.0,47.114120633509295,3.773945238690273e-07,0.0,9.25303357181093e-09,6.060978165794458e-11
473,28440.0,28440,47.11412025598884,47.11412025604947,97.68301846891364,0.0,47.11412063344442,3.773949362529207e-07,0.0,9.253029913478276e-09,6.061491174361734e-11
474,28500.0,28500,47.11412025592381,47.114120255984446,98.35046850493204,0.0,47.1141206333798,3.773953346451971e-07,0.0,9.253026310138674e-09,6.061832656475804e-11
475,28560.0,28560,47.114120255859035,47.11412025591967,99.01791854094954,0.0,47.11412063331541,3.77395718905454e-07,0.0,9.253022733169207e-09,6.061928256673012e-11
476,28620.0,28620,47.11412025579451,47.11412025585514,99.68536857696613,0.0,47.114120633251254,3.7739608901836127e-07,0.0,9.253019141557494e-09,6.061684942486589e-11
477,28680.0,28680,47.11412025573023,47.11412025579085,100.35281861298174,0.0,47.11412063318731,3.7739644513674283e-07,0.0,9.25301547879369e-09,6.0609900637756e-11
478,28740.0,28740,47.11412025566618,47.11412025572679,101.02026864899656,0.0,47.11412063312359,3.7739678762623525e-07,0.0,9.253011669599527e-09,6.05971261911212e-11
479,28800.0,28800,47.11412025560236,47.114120255662954,101.68771868501031,0.0,47.11412063306008,3.773971171049498e-07,0.0,9.253007616872674e-09,6.05770823722319e-11
480,28860.0,28860,47.114120255538765,47.11412025559933,102.35516872102328,0.0,47.11412063299677,3.773974344679418e-07,0.0,9.253003199459778e-09,6.054829981502333e-11
481,28920.0,28920,47.11412025547539,47.11412025553591,103.0226187570353,0.0,47.11412063293368,3.7739774088073897e-07,0.0,9.25299827173298e-09,6.050948004994393e-11
482,28980.0,28980,47.114120255412224,47.1141202554727,103.69006879304645,0.0,47.11412063287075,3.7739803771782644e-07,0.0,9.252992666438119e-09,6.045982000073307e-11
483,29040.0,29040,47.11412025534926,47.11412025540969,104.3575188290567,0.0,47.114120632808024,3.7739832641264554e-07,0.0,9.252986202959987e-09,6.039951918833394e-11
484,29100.0,29100,47.11412025528651,47.114120255346855,105.02496886506599,0.0,47.11412063274548,3.7739860817172255e-07,0.0,9.25297870403413e-09,6.03305386161012e-11
485,29160.0,29160,47.11412025522394,47.11412025528421,105.69241890107448,0.0,47.11412063268312,3.773988834885953e-07,0.0,9.252970025118291e-09,6.025770329992417e-11
486,29220.0,29220,47.114120255161566,47.11412025522178,106.35986893708206,0.0,47.11412063262094,3.7739915137333673e-07,0.0,9.252960102135516e-09,6.019025270385274e-11
487,29280.0,29280,47.11412025509938,47.11412025515954,107.0273189730887,0.0,47.114120632558965,3.7739940819303463e-07,0.0,9.252949025070328e-09,6.014392365147393e-11
488,29340.0,29340,47.11412025503737,47.11412025509753,107.69476900909447,0.0,47.1141206324972,3.773996460219912e-07,0.0,9.252937146289403e-09,6.014349973568959e-11
489,29400.0,29400,47.11412025497555,47.1141202550358,108.3622190450994,0.0,47.11412063243566,3.773998504827692e-07,0.0,9.252925231364708e-09,6.022523996456714e-11
490,29460.0,29460,47.11412025491392,47.114120254974374,109.02966908110346,0.0,47.11412063237439,3.7739999838881345e-07,0.0,9.252914650394297e-09,6.043717766038408e-11
491,29520.0,29520,47.11412025485247,47.11412025491332,109.69711911710654,0.0,47.114120632313394,3.774000564332253e-07,0.0,9.252907574319533e-09,6.083202316964593e-11
492,29580.0,29580,47.1141202547912,47.11412025485266,110.36456915310889,0.0,47.114120632252664,3.773999843167943e-07,0.0,9.252907052955996e-09,6.1441286371035e-11
493,29640.0,29640,47.114120254730075,47.11412025479231,111.03201918911033,0.0,47.11412063219208,3.7739974950480185e-07,0.0,9.252916661678727e-09,6.221094685109239e-11
494,29700.0,29700,47.11412025466903,47.11412025473193,111.69946922511087,0.0,47.11412063213131,3.7739936458340993e-07,0.0,9.252939075765286e-09,6.287720440764016e-11
495,29760.0,29760,47.114120254607904,47.114120254670716,112.36691926111064,0.0,47.11412063206969,3.7739895358930866e-07,0.0,9.2529725734803e-09,6.27971714490696e-11
496,29820.0,29820,47.11412025454647,47.114120254607364,113.03436929710948,0.0,47.114120632006205,3.7739882284684373e-07,0.0,9.25300471650526e-09,6.087486323011758e-11
497,29880.0,29880,47.11412025448453,47.11412025454025,113.70181933310748,0.0,47.11412063193973,3.773994563568062e-07,0.0,9.253004795735793e-09,5.570371410702705e-11
498,29940.0,29940,47.11412025442201,47.114120254466044,114.36926936910449,0.0,47.11412063186748,3.774014270038788e-07,0.0,9.252918652959245e-09,4.40106453775062e-11
499,30000.0,30000,47.11412025435874,47.1141202543611,115.03671940510047,0.0,47.11412063176688,3.774057629175247e-07,0.0,9.252637577917094e-09,2.3491390141375293e-12
500,30060.0,30060,47.11412025429448,47.11412025399895,115.70416944109486,0.0,47.11412063141427,3.7741531412163716e-07,0.0,9.2516620990969e-09,-2.9554390452101555e-10
501,30120.0,30120,47.11412025422346,47.11412025106076,116.37161947708414,0.0,47.11412062849361,3.7743283592945124e-07,0.0,9.245721717318672e-09,-3.1627073218477964e-09
502,30180.0,30180,47.11412025409894,47.114120222480715,117.0390695130318,0.0,47.1141205999432,3.774624669559813e-07,0.0,9.19199518232098e-09,-3.161823867739635e-08
503,30240.0,30240,47.114120253564664,47.11411991590423,117.70651954857453,0.0,47.11412029351748,3.7761322295187333e-07,0.0,8.664008143368017e-09,-3.37660451593923e-07
504,30300.0,30300,47.11412182443976,-252.88587788973578,118.3739695797737,300.0,2.7453093115662063e-07,252.8858781642667,0.0,3.0353126895187618e-09,2.8582442962261805e-07
505,30360.0,30360,47.11412183739282,-252.8858780995487,114.15920494759291,300.0,2.57864564942209e-07,252.88587835741325,0.0,7.797933928143054e-09,6.30584624656278e-08
506,30420.0,30420,47.11412184053131,-252.88587814198402,109.944440311957,300.0,2.538779732646236e-07,252.885878395862,0.0,8.84779278863285e-09,1.748463472033875e-08
507,30480.0,30480,47.11412184139438,-252.8858781531357,105.72967567562381,300.0,2.5279171771199595e-07,252.88587840592743,0.0,9.138091203903303e-09,5.469852089124739e-09
508,30540.0,30540,47.11412184159068,-252.8858781556192,101.51491103910745,300.0,2.5255204300397975e-07,252.88587840817124,0.0,9.228145272449155e-09,2.7900970057478564e-09
509,30600.0,30600,47.11412184146186,-252.88587815391577,97.30014640255025,300.0,2.5272756480964557e-07,252.88587840664331,0.0,9.273537901284505e-09,4.622329169607896e-09
510,30660.0,30660,47.11412184078655,-252.88587814506243,93.08538176602103,300.0,2.5360079239443466e-07,252.8858783986632,0.0,9.3494680911014e-09,1.4150953891905681e-08
511,30720.0,30720,47.114121838439836,-252.88587811349296,88.87061712963721,300.0,2.5660157021696414e-07,252.88587837009456,0.0,9.584207387885217e-09,4.8067169087313725e-08
512,30780.0,30780,47.11412183087611,-252.8858780006576,84.65585249377206,300.0,2.6629938322376756e-07,252.88587826695695,0.0,1.0384211875345813e-08,1.6846626207227215e-07
513,30840.0,30840,47.114121809788564,-252.8858775487575,80.44108785976324,300.0,2.9382578666975217e-07,252.88587784258328,0.0,1.3190858107217973e-08,6.414539249747577e-07
514,30900.0,30900,47.11412174825917,-37.88587599556764,76.22632323321723,84.99999999999986,3.792003797857952e-07,37.885876374767996,0.0,2.3880626641181657e-08,2.256173012545679e-06
515,30960.0,30960,47.11412024919008,47.11411735255155,75.59489196567765,0.0,47.114117730434764,3.7788319529353174e-07,0.0,6.148239288779598e-08,-2.8966385394250433e-06
516,31020.0,31020,47.1141202527215,47.11412004064259,76.26234196056195,0.0,47.11412041818137,3.775387652589044e-07,0.0,1.3204009348469588e-08,-2.1207892298792344e-07
517,31080.0,31080,47.11412025295504,47.114120230772414,76.92979199352841,0.0,47.11412060822022,3.7744779140370243e-07,0.0,9.66833355409848e-09,-2.218264419823173e-08
518,31140.0,31140,47.11412025293846,47.11412025067149,77.59724202918856,0.0,47.11412062809391,3.774224001779353e-07,0.0,9.29760632697662e-09,-2.2669885058322017e-09
519,31200.0,31200,47.11412025287952,47.11412025267552,78.26469206513072,0.0,47.114120630090014,3.7741448085277847e-07,0.0,9.258808053006374e-09,-2.0402767645481561e-10
520,31260.0,31260,47.114120252807595,47.11412025282408,78.93214210110129,0.0,47.114120630235526,3.774114258696125e-07,0.0,9.254392435893422e-09,1.6465456758289308e-11
521,31320.0,31320,47.11412025273049,47.11412025277215,79.59959213707397,0.0,47.114120630181525,3.774093603293503e-07,0.0,9.253651489324875e-09,4.164987748376907e-11
522,31380.0,31380,47.114120252651816,47.11412025269889,80.2670421730459,0.0,47.1141206301067,3.774077868130532e-07,0.0,9.253330110433601e-09,4.705960120413354e-11
523,31440.0,31440,47.11412025257267,47.11412025262436,80.93449220901678,0.0,47.11412063003156,3.7740717958920377e-07,0.0,9.253098805001844e-09,5.1679353179022723e-11
524,31500.0,31500,47.114120252493166,47.114120252549135,81.60194224498669,0.0,47.11412062995672,3.774075744501463e-07,0.0,9.252944458709484e-09,5.595832598163285e-11
525,31560.0,31560,47.11412025241336,47.114120252472624,82.2693922809555,0.0,47.11412062988131,3.774086746433551e-07,0.0,9.25286141205336e-09,5.924362440893208e-11
526,31620.0,31620,47.11412025233333,47.114120252394734,82.93684231692316,0.0,47.11412062980488,3.774101309702926e-07,0.0,9.252833103430187e-09,6.138935959117224e-11
527,31680.0,31680,47.11412025225318,47.11412025231574,83.60429235288977,0.0,47.114120629727445,3.774116875559667e-07,0.0,9.25284053082547e-09,6.25496515993862e-11
528,31740.0,31740,47.11412025217298,47.11412025223597,84.27174238885523,0.0,47.114120629649186,3.7741320259985683e-07,0.0,9.252867260128253e-09,6.296868898904537e-11
529,31800.0,31800,47.114120252092825,47.114120252155715,84.9391924248196,0.0,47.11412062957035,3.774146153154083e-07,0.0,9.252900930064836e-09,6.287995217262691e-11
530,31860.0,31860,47.11412025201274,47.114120252075224,85.60664246078277,0.0,47.114120629491154,3.774159089380522e-07,0.0,9.25293307437351e-09,6.247285333170156e-11
531,31920.0,31920,47.11412025193277,47.11412025199468,86.27409249674481,0.0,47.11412062941178,3.774170865642483e-07,0.0,9.25295838650568e-09,6.189099115452796e-11
532,31980.0,31980,47.11412025185293,47.114120251914194,86.94154253270572,0.0,47.11412062933237,3.774181587226565e-07,0.0,9.252973954941922e-09,6.12424925133908e-11
533,32040.0,32040,47.114120251773265,47.114120251833896,87.60899256866547,0.0,47.114120629253044,3.7741913726579613e-07,0.0,9.252978671117224e-09,6.061465787090391e-11
534,32100.0,32100,47.11412025169376,47.114120251753874,88.27644260462412,0.0,47.114120629173925,3.774200311590339e-07,0.0,9.252972881846547e-09,6.009248157445994e-11
535,32160.0,32160,47.114120251614466,47.114120251674265,88.94389264058165,0.0,47.114120629095126,3.774208406926358e-07,0.0,9.252958350799201e-09,5.978574751420822e-11
536,32220.0,32220,47.1141202515354,47.11412025159529,89.611342676538,0.0,47.11412062901685,3.774215455786911e-07,0.0,9.252938671909422e-09,5.987210536260706e-11
537,32280.0,32280,47.11412025145665,47.11412025151731,90.27879271249326,0.0,47.11412062893941,3.7742208009008114e-07,0.0,9.252920401031588e-09,6.065712421917809e-11
538,32340.0,32340,47.1141202513783,47.11412025144094,90.94624274844736,0.0,47.11412062886325,3.7742229167421583e-07,0.0,9.252915188739277e-09,6.261857946253774e-11
539,32400.0,32400,47.11412025130051,47.11412025136684,91.61369278440038,0.0,47.11412062878877,3.774219102051211e-07,0.0,9.2529426512384e-09,6.631564176194233e-11
540,32460.0,32460,47.11412025122327,47.11412025129514,92.28114282035239,0.0,47.1141206287158,3.774206517386953e-07,0.0,9.253031727118367e-09,7.18551868754881e-11
541,32520.0,32520,47.114120251145884,47.11412025122254,92.94859285630336,0.0,47.114120628641274,3.7741872370609956e-07,0.0,9.253213137436087e-09,7.663616542738294e-11
542,32580.0,32580,47.114120251065046,47.114120251130515,93.61604289225333,0.0,47.11412062854839,3.774178547734287e-07,0.0,9.2534742495246e-09,6.545215214325606e-11
543,32640.0,32640,47.11412025097506,47.11412025098492,94.28349292820204,0.0,47.11412062840599,3.774210552733329e-07,0.0,9.2535489745701e-09,9.839207064689052e-12
544,32700.0,32700,47.11412025091556,47.11412025099849,94.9509429641486,0.0,47.11412062842488,3.774263639473165e-07,0.0,9.252696615369033e-09,8.291477604707206e-11
545,32760.0,32760,47.11412025081428,47.11412025040829,95.6183930000954,0.0,47.11412062784126,3.774329534670921e-07,0.0,9.253060690476678e-09,-4.060083977177368e-10
546,32820.0,32820,47.11412025072969,47.11412024752321,96.28584303603377,0.0,47.114120624973175,3.7744995025893846e-07,0.0,9.245278051208939e-09,-3.206500568196244e-09
547,32880.0,32880,47.1141202507107,47.11412021934029,96.95329307193127,0.0,47.11412059688307,3.775427607970722e-07,0.0,9.190820119036255e-09,-3.137042213123106e-08
548,32940.0,32940,47.114120250175965,47.11411991352866,97.62074310742925,0.0,47.11412029106652,3.775378519724554e-07,0.0,8.666965459815686e-09,-3.366473263143882e-07
549,33000.0,33000,47.11412182433312,-252.88587789140402,98.28819313859495,300.0,2.7458621052980554e-07,252.8858781659902,0.0,3.0551451146060457e-09,2.842628487779516e-07
550,33060.0,33060,47.114121837297525,-252.88587809954888,94.0734285063863,300.0,2.5787692787496047e-07,252.88587835742575,0.0,7.791754101030959e-09,6.315357506911605e-08
551,33120.0,33120,47.11412184045817,-252.88587814203837,89.85866387075035,300.0,2.538718638634306e-07,252.8858783959102,0.0,8.843196156573506e-09,1.7503440667042432e-08
552,33180.0,33180,47.114121841354574,-252.8858781534495,85.6438992344162,300.0,2.527551809112922e-07,252.88587840620468,0.0,9.133803156784818e-09,5.1959011644306635e-09
553,33240.0,33240,47.114121841615,-252.8858781566833,81.42913459789467,300.0,2.5243796048803255e-07,252.88587840912126,0.0,9.219286681815693e-09,1.7016842346028183e-09
554,33300.0,33300,47.11412184167465,-252.88587815742684,77.21436996132012,300.0,2.5236904464198867e-07,252.88587840979582,0.0,9.24653498396623e-09,8.984897146533883e-10
555,33360.0,33360,47.11412184163509,-252.88587815693916,72.99960532473327,300.0,2.524239765170645e-07,252.88587840936313,0.0,9.260397823269283e-09,1.4257105574039843e-09
556,33420.0,33420,47.114121841435406,-252.8858781543851,68.78484068815449,300.0,2.5268416777739306e-07,252.88587840706924,0.0,9.283048344257658e-09,4.179472421061103e-09
557,33480.0,33480,47.11412184074244,-252.88587814535654,64.57007605161752,300.0,2.535748337290648e-07,252.88587839893134,0.0,9.35159502435145e-09,1.3901007256019858e-08
558,33540.0,33540,47.114121838410306,-252.88587811400254,60.355311415228876,300.0,2.565549488555397e-07,252.88587837055752,0.0,9.582166026265472e-09,4.758711737262802e-08
559,33600.0,33600,47.11412183090913,-252.885878002125,56.140546779355326,300.0,2.661726288593418e-07,252.8858782682976,0.0,1.0374167605652384e-08,1.669658562006209e-07
560,33660.0,33660,47.11412180992538,-252.88587755460892,51.92578214532236,300.0,2.9353808779907523e-07,252.88587784814698,0.0,1.3155805729933142e-08,6.354657138542065e-07
561,33720.0,33720,47.114121749490735,-187.88587595880338,47.711017518679604,234.99999999999983,3.7653665632488446e-07,187.88587633534001,0.0,2.374576906649827e-08,2.2917056468433708e-06
562,33780.0,33780,47.11412024424345,47.11411732244194,44.579586251759366,0.0,47.11411770060935,3.7816739415518377e-07,0.0,6.193974256797943e-08,-2.9218015289047343e-06
563,33840.0,33840,47.114120248540814,47.1141200345808,45.24703624621644,0.0,47.11412041223317,3.776523530981648e-07,0.0,1.324197214557195e-08,-2.1396003387420757e-07
564,33900.0,33900,47.1141202487375,47.114120226301615,45.914486279096735,0.0,47.11412060382226,3.7752062670462966e-07,0.0,9.674941536655573e-09,-2.243590073684737e-08
565,33960.0,33960,47.11412024867133,47.11412024631795,46.58193631469345,0.0,47.114120623786725,3.7746875819858433e-07,0.0,9.299990713048605e-09,-2.3533912672797383e-09
566,34020.0,34020,47.11412024857151,47.11412024833992,47.249386350573836,0.0,47.11412062579223,3.774522959499642e-07,0.0,9.25975017840191e-09,-2.3161165764484784e-10
567,34080.0,34080,47.1141202484539,47.11412024846092,47.916836386482885,0.0,47.114120625906885,3.7744595010682987e-07,0.0,9.254872671255977e-09,6.998787531558934e-12
568,34140.0,34140,47.114120248328355,47.11412024836637,48.58428642239359,0.0,47.11412062580961,3.774432271281858e-07,0.0,9.253971752233017e-09,3.799448398546958e-11
569,34200.0,34200,47.11412024820013,47.11412024824422,49.251736458303085,0.0,47.11412062568589,3.774416559999556e-07,0.0,9.253587174703322e-09,4.407093055312375e-11
570,34260.0,34260,47.11412024807176,47.11412024812069,49.91918649421077,0.0,47.11412062556204,3.7744132650215307e-07,0.0,9.253303724324127e-09,4.892013230642527e-11
571,34320.0,34320,47.11412024794378,47.11412024799763,50.586636530116785,0.0,47.1141206254399,3.774422593717057e-07,0.0,9.253101028972675e-09,5.383042973869319e-11
572,34380.0,34380,47.11412024781635,47.11412024787429,51.25408656602101,0.0,47.1141206253184,3.774440939471005e-07,0.0,9.252980144800726e-09,5.792252673415064e-11
573,34440.0,34440,47.11412024768957,47.114120247750414,51.92153660192351,0.0,47.1141206251968,3.7744636612515603e-07,0.0,9.252927438824017e-09,6.083038353506299e-11
574,34500.0,34500,47.11412024756351,47.11412024762614,52.588986637824206,0.0,47.11412062507488,3.774487245625228e-07,0.0,9.252923159776302e-09,6.260615804449584e-11
575,34560.0,34560,47.11412024743824,47.11412024750173,53.25643667372315,0.0,47.11412062495274,3.7745098419731966e-07,0.0,9.252948422379282e-09,6.348129788597018e-11
576,34620.0,34620,47.114120247313785,47.11412024737753,53.92388670962036,0.0,47.114120624830626,3.7745308086449335e-07,0.0,9.252988203317595e-09,6.372634158625169e-11
577,34680.0,34680,47.11412024719019,47.114120247253794,54.59133674551577,0.0,47.11412062470882,3.774550090912213e-07,0.0,9.253031994753894e-09,6.358662039818631e-11
578,34740.0,34740,47.114120247067476,47.11412024713075,55.2587867814094,0.0,47.11412062458754,3.7745678155120496e-07,0.0,9.253073383032023e-09,6.326073566914307e-11
579,34800.0,34800,47.114120246945646,47.114120247008564,55.92623681730135,0.0,47.11412062446699,3.7745841156017555e-07,0.0,9.253109267786687e-09,6.289938158008048e-11
580,34860.0,34860,47.11412024682472,47.114120246887346,56.59368685319149,0.0,47.11412062434727,3.774599079207162e-07,0.0,9.253139061747745e-09,6.261145660639011e-11
581,34920.0,34920,47.1141202467047,47.114120246767186,57.261136889079964,0.0,47.114120624228484,3.7746127371413454e-07,0.0,9.253163993027841e-09,6.246988569987706e-11
582,34980.0,34980,47.11412024658559,47.11412024664812,57.928586924966694,0.0,47.11412062411065,3.7746250581310994e-07,0.0,9.25318650494949e-09,6.251238484777571e-11
583,35040.0,35040,47.1141202464674,47.114120246530156,58.59603696085181,0.0,47.11412062399377,3.774635955056223e-07,0.0,9.253209668895591e-09,6.27338146798753e-11
584,35100.0,35100,47.114120246350126,47.114120246413215,59.263486996735196,0.0,47.11412062387777,3.774645321790065e-07,0.0,9.253236469813211e-09,6.306874734440943e-11
585,35160.0,35160,47.114120246233746,47.114120246297134,59.93093703261692,0.0,47.11412062376246,3.774653116933987e-07,0.0,9.253268801165888e-09,6.33684275813236e-11
586,35220.0,35220,47.11412024611822,47.11412024618162,60.59838706849705,0.0,47.11412062364759,3.7746594906650477e-07,0.0,9.253306075882309e-09,6.33866097571611e-11
587,35280.0,35280,47.11412024600345,47.114120246066264,61.265837104375514,0.0,47.11412062353278,3.7746649312654173e-07,0.0,9.253343601351245e-09,6.279438737657527e-11
588,35340.0,35340,47.11412024588934,47.11412024595059,61.93328714025231,0.0,47.11412062341765,3.7746704391117756e-07,0.0,9.25337120193281e-09,6.12275942580733e-11
589,35400.0,35400,47.11412024577573,47.11412024583414,62.60073717612754,0.0,47.114120623301936,3.7746778308017427e-07,0.0,9.253372632232641e-09,5.838744015236467e-11
590,35460.0,35460,47.11412024566254,47.11412024571698,63.26818721200107,0.0,47.11412062318601,3.774690115565816e-07,0.0,9.25332666836472e-09,5.4420894501154486e-11
591,35520.0,35520,47.11412024555,47.114120245600525,63.93563724787291,0.0,47.114120623071614,3.774710743998476e-07,0.0,9.253214538844607e-09,5.051015548117473e-11
592,35580.0,35580,47.11412024543846,47.11412024548442,64.60308728374312,0.0,47.11412062295834,3.7747390033327207e-07,0.0,9.253037179192444e-09,4.594915052767908e-11
593,35640.0,35640,47.11412024532729,47.11412024534209,65.27053731961163,0.0,47.11412062281813,3.774760171875125e-07,0.0,9.25278375290454e-09,1.4785048305984913e-11
594,35700.0,35700,47.11412024521295,47.114120244928294,65.93798735547817,0.0,47.1141206224033,3.774749865711923e-07,0.0,9.252010801614902e-09,-2.8467363440699796e-10
595,35760.0,35760,47.11412024507896,47.11412024188225,66.60543739133887,0.0,47.11412061936102,3.774787529647642e-07,0.0,9.246246407918459e-09,-3.196725536110308e-09
596,35820.0,35820,47.11412024488125,47.1141202132002,67.27288742715639,0.0,47.11412059072508,3.775248529596194e-07,0.0,9.191946791685637e-09,-3.1681057299843436e-08
597,35880.0,35880,47.11412024421577,47.11411990654367,67.94033746256747,0.0,47.114120284288575,3.7774488508425583e-07,0.0,8.66290718016241e-09,-3.376721145966509e-07
598,35940.0,35940,47.1141218242393,-252.885877889607,68.60778749363364,300.0,2.745501446402762e-07,252.8858781641571,0.0,3.034016244196283e-09,2.861536725574651e-07
599,36000.0,36000,47.114121837166735,-252.88587809955922,64.39302286145504,300.0,2.5790270655059473e-07,252.8858783574619,0.0,7.802115847541175e-09,6.327402211689771e-08
600,36060.0,36060,47.1141218402485,-252.88587814123048,60.17825822581882,300.0,2.539895695902934e-07,252.88587839522006,0.0,8.855564350989412e-09,1.8520986374563372e-08
601,36120.0,36120,47.11412184092777,-252.88587814992601,55.96349358949788,300.0,2.531432585713613e-07,252.88587840306926,0.0,9.163132043173388e-09,9.146187540895275e-09
602,36180.0,36180,47.114121840496665,-252.8858781441198,51.748728953034124,300.0,2.5371069399519583e-07,252.8858783978305,0.0,9.314453811348818e-09,1.5383505934796153e-08
603,36240.0,36240,47.11412183824637,-252.88587811373057,47.533964316665745,300.0,2.5659351551450924e-07,252.8858783703241,0.0,9.56972973763192e-09,4.802304331132147e-08
604,36300.0,36300,47.11412183077019,-252.88587800221595,43.319199680796544,300.0,2.661786395825871e-07,252.88587826839458,0.0,1.0368993426899445e-08,1.6701383572558862e-07
605,36360.0,36360,47.114121809783136,-252.88587755512717,39.10443504676204,300.0,2.9352818508052196e-07,252.88587784865533,0.0,1.3151428041456336e-08,6.350896523505262e-07
606,36420.0,36420,47.11412174937699,-212.8858759557124,34.889670420110605,260.00000000000017,3.7641506909978994e-07,212.88587633212745,0.0,2.3735120753845703e-08,2.294910710470534e-06
607,36480.0,36480,47.11412023830675,47.11411731415086,31.34157248657561,0.0,47.11411769252287,3.78371980575851e-07,0.0,6.198250940618437e-08,-2.924155895345323e-06
608,36540.0,36540,47.11412024268006,47.1141200285568,32.00902248091465,0.0,47.11412040629005,3.7773323458554367e-07,0.0,1.3245496895472755e-08,-2.1412328021877419e-07
609,36600.0,36600,47.11412024284838,47.11412022039873,32.67647251370944,0.0,47.11412059797951,3.775807605573122e-07,0.0,9.675742518564703e-09,-2.2449664675925987e-08
610,36660.0,36660,47.11412024272635,47.11412024035758,33.34392254922237,0.0,47.11412061788002,3.7752243043756143e-07,0.0,9.300559055656141e-09,-2.368795655576061e-09
611,36720.0,36720,47.11412024257508,47.114120242337705,34.01137258501819,0.0,47.11412061984288,3.7750515636913786e-07,0.0,9.260058704238244e-09,-2.373967912278468e-10
612,36780.0,36780,47.11412024240622,47.11412024241141,34.6788226208421,0.0,47.1141206199104,3.774989711360421e-07,0.0,9.255081792679414e-09,5.171851786924774e-12
613,36840.0,36840,47.11412024223013,47.114120242268214,35.34627265666711,0.0,47.1141206197655,3.774972747911073e-07,0.0,9.254147466088398e-09,3.806508448395187e-11
614,36900.0,36900,47.11412024205122,47.11412024209408,36.01372269249006,0.0,47.11412061958998,3.774958829701894e-07,0.0,9.253761052102718e-09,4.2846363440652515e-11
615,36960.0,36960,47.114120241873195,47.11412024192055,36.68117272831052,0.0,47.11412061941592,3.7749534607784105e-07,0.0,9.253454121403731e-09,4.7342223886159183e-11
616,37020.0,37020,47.11412024169656,47.114120241749106,37.3486227641285,0.0,47.11412061924527,3.774961452170469e-07,0.0,9.253222003781401e-09,5.252631910632155e-11
617,37080.0,37080,47.114120241521356,47.11412024157831,38.01607279994414,0.0,47.11412061907643,3.774980999633032e-07,0.0,9.253076216848284e-09,5.6938285460336555e-11
618,37140.0,37140,47.11412024134773,47.11412024140788,38.68352283575725,0.0,47.114120618908636,3.7750074027376965e-07,0.0,9.253003908988237e-09,6.013435085793952e-11
619,37200.0,37200,47.11412024117585,47.11412024123805,39.350972871567954,0.0,47.11412061874167,3.7750360772882303e-07,0.0,9.252984813214813e-09,6.218422526714272e-11
620,37260.0,37260,47.11412024100582,47.11412024106916,40.01842290737628,0.0,47.11412061857556,3.7750639584813276e-07,0.0,9.252999816204437e-09,6.331557694258584e-11
621,37320.0,37320,47.11412024083771,47.11412024090149,40.68587294318226,0.0,47.114120618410475,3.7750895818481616e-07,0.0,9.253033598740989e-09,6.377620681339131e-11
622,37380.0,37380,47.11412024067151,47.11412024073531,41.35332297898578,0.0,47.11412061824659,3.775112580730112e-07,0.0,9.253074974897687e-09,6.378403368457641e-11
623,37440.0,37440,47.114120240507255,47.114120240570784,42.020773014787004,0.0,47.114120618084115,3.775133152768843e-07,0.0,9.253116394616448e-09,6.35135626217145e-11
624,37500.0,37500,47.1141202403449,47.11412024040801,42.68822305058587,0.0,47.1141206179232,3.775151704254588e-07,0.0,9.25315321929659e-09,6.309662031182372e-11
625,37560.0,37560,47.11412024018442,47.11412024024706,43.35567308638238,0.0,47.114120617763945,3.7751686695084813e-07,0.0,9.253183009300899e-09,6.262816090428652e-11
626,37620.0,37620,47.11412024002577,47.11412024008796,44.02312312217667,0.0,47.11412061760642,3.7751844385115156e-07,0.0,9.253204908432101e-09,6.21737206348553e-11
627,37680.0,37680,47.11412023986891,47.1141202399307,44.690573157968664,0.0,47.114120617450645,3.7751993350410444e-07,0.0,9.253219153002523e-09,6.177707835532126e-11
628,37740.0,37740,47.114120239713785,47.11412023977527,45.358023193758434,0.0,47.11412061729664,3.775213612396223e-07,0.0,9.253226708872284e-09,6.146734199769743e-11
629,37800.0,37800,47.114120239560364,47.11412023962164,46.02547322954597,0.0,47.11412061714441,3.77522745236794e-07,0.0,9.253229026802136e-09,6.126494639954163e-11
630,37860.0,37860,47.1141202394086,47.1141202394698,46.69292326533137,0.0,47.114120616993915,3.7752409630249706e-07,0.0,9.253227897874095e-09,6.118601482601877e-11
631,37920.0,37920,47.11412023925846,47.114120239319725,47.36037330111459,0.0,47.114120616845156,3.7752541757824045e-07,0.0,9.253225381655357e-09,6.124416547407212e-11
632,37980.0,37980,47.11412023910994,47.1141202391714,48.02782333689568,0.0,47.114120616698116,3.775267045734004e-07,0.0,9.253223764478084e-09,6.144809958318454e-11
633,38040.0,38040,47.114120238963,47.11412023902481,48.69527337267469,0.0,47.11412061655277,3.775279463417007e-07,0.0,9.253225477485447e-09,6.179232988059401e-11
634,38100.0,38100,47.11412023881762,47.11412023887988,49.362723408451565,0.0,47.114120616409025,3.7752912905180087e-07,0.0,9.253232860105412e-09,6.223795223358953e-11
635,38160.0,38160,47.11412023867379,47.11412023873649,50.03017344422641,0.0,47.11412061626675,3.7753024316164613e-07,0.0,9.253247602958845e-09,6.268254689971593e-11
636,38220.0,38220,47.11412023853145,47.114120238594396,50.69762347999928,0.0,47.11412061612571,3.77531293948349e-07,0.0,9.253269689022352e-09,6.292678066872954e-11
637,38280.0,38280,47.1141202383905,47.114120238453175,51.36507351577008,0.0,47.11412061598551,3.7753231186515e-07,0.0,9.25329577808684e-09,6.26603187722403e-11
638,38340.0,38340,47.114120238250784,47.114120238312296,52.032523551538866,0.0,47.11412061584567,3.775333578114905e-07,0.0,9.253317356493162e-09,6.149395671825302e-11
639,38400.0,38400,47.11412023811207,47.114120238171125,52.69997358730569,0.0,47.11412061570567,3.7753453040229696e-07,0.0,9.253319422842718e-09,5.903512977927443e-11
640,38460.0,38460,47.11412023797411,47.11412023802909,53.367423623070465,0.0,47.11412061556511,3.775360061156585e-07,0.0,9.253280433094393e-09,5.495572694403805e-11
641,38520.0,38520,47.11412023783678,47.114120237884684,54.03487365883328,0.0,47.11412061542278,3.775380829377416e-07,0.0,9.253173376658028e-09,4.788096204189838e-11
642,38580.0,38580,47.1141202376998,47.114120237718076,54.70232369459397,0.0,47.114120615259,3.775409083797167e-07,0.0,9.25294833354365e-09,1.825192387193439e-11
643,38640.0,38640,47.11412023756152,47.114120237319355,55.36977373035234,0.0,47.11412061486295,3.775435756748268e-07,0.0,9.252229401357256e-09,-2.421874065260796e-10
644,38700.0,38700,47.114120237416806,47.11412023463341,56.03722376610511,0.0,47.11412061217885,3.7754542220757236e-07,0.0,9.247169682806993e-09,-2.7834138182469963e-09
645,38760.0,38760,47.114120237225656,47.11412020924096,56.70467380181974,0.0,47.11412058680034,3.7755936447822397e-07,0.0,9.1997557081645e-09,-2.7984709893437398e-08
646,38820.0,38820,47.11412023653881,47.11411994010459,57.37212383717468,0.0,47.11412031772547,3.776208666568792e-07,0.0,8.732318725948698e-09,-2.964342433719363e-07
647,38880.0,38880,47.114121748763715,-102.88587795461723,58.03957386871671,150.0,3.7711447291413865e-07,102.88587833173169,0.0,3.790718568843222e-09,2.966190323124514e-07
648,38940.0,38940,47.114121748838976,-102.88587822311072,56.32480923519817,150.0,3.7707696227765897e-07,102.88587860018767,0.0,8.733170237999279e-09,2.8050274547862294e-08
649,39000.0,39000,47.1141217488769,-102.88587824822775,54.610044597204876,150.0,3.770626162026546e-07,102.88587862529033,0.0,9.199471505577963e-09,2.8953281879040966e-09
650,39060.0,39060,47.11412174884964,-102.88587825077175,52.895279958792955,150.0,3.770560085702566e-07,102.88587862782774,0.0,9.246522359441361e-09,3.785728235790227e-10
651,39120.0,39120,47.114121748820686,-102.88587825105259,51.180515320338706,150.0,3.7704921192875416e-07,102.88587862810176,0.0,9.251626846506927e-09,1.2670167389685508e-10
652,39180.0,39180,47.114121748806326,-102.88587825109683,49.46575068187975,150.0,3.770437309626615e-07,102.88587862814055,0.0,9.252533334788376e-09,9.6807845713192e-11
653,39240.0,39240,47.114121748801374,-102.88587825111058,47.75098604342007,150.0,3.7704086082050874e-07,102.88587862815143,0.0,9.25294151026387e-09,8.802208679068776e-11
654,39300.0,39300,47.11412174880062,-102.88587825111621,46.036221404960195,150.0,3.7704042679497113e-07,102.88587862815662,0.0,9.253203179036746e-09,8.313333240319915e-11
655,39360.0,39360,47.114121748802056,-102.88587825111742,44.321456766500205,150.0,3.770417758297299e-07,102.88587862815919,0.0,9.253383287681507e-09,8.048805997934378e-11
656,39420.0,39420,47.114121748805104,-102.88587825111584,42.606692128040166,150.0,3.770443286919607e-07,102.88587862816014,0.0,9.253519223237366e-09,7.90455263432967e-11
657,39480.0,39480,47.114121748809296,-102.88587825111249,40.89192748958018,150.0,3.7704761454948857e-07,102.88587862816009,0.0,9.253631025931367e-09,7.818589383311946e-11
658,39540.0,39540,47.114121748813695,-102.88587825110702,39.177162851120244,150.0,3.770511347277947e-07,102.88587862815814,0.0,9.253728402648713e-09,7.92694963319602e-11
659,39600.0,39600,47.114121748816785,-102.88587825108465,37.4623982126604,150.0,3.770542617674084e-07,102.88587862813888,0.0,9.253843728045072e-09,9.853288835596578e-11
660,39660.0,39660,47.11412174881574,-102.88587825088966,35.747633574200925,150.0,3.7705635431037524e-07,102.88587862794598,0.0,9.254279982036813e-09,2.945742501656793e-10
661,39720.0,39720,47.11412174880062,-102.8858782489722,34.03286893574464,150.0,3.770581367033001e-07,102.88587862603032,0.0,9.257983456365969e-09,2.2271543966059115e-09
662,39780.0,39780,47.11412174874091,-102.88587823004384,32.31810429732033,150.0,3.7706790106114565e-07,102.8858786071117,0.0,9.293896580620998e-09,2.1215227559756536e-08
663,39840.0,39840,47.11412174865278,-102.88587804767575,30.603339659211468,150.0,3.770928108465879e-07,102.88587842476853,0.0,9.646278822809843e-09,2.0367145500470234e-07
664,39900.0,39900,47.11412174909953,-102.88587557172029,28.888575024141968,150.0,3.769919942689111e-07,102.88587594871227,0.0,1.3039609527551779e-08,2.6791801554306987e-06
665,39960.0,39960,47.1141202293865,47.11411755192785,27.17381043033867,0.0,47.114117929861784,3.7793391309707183e-07,0.0,5.7691472064046214e-08,-2.6774586687600784e-06
666,40020.0,40020,47.11412023298907,47.114120028128504,27.841260428047352,0.0,47.11412040575785,3.776293288569066e-07,0.0,1.3066068724406677e-08,-2.0486058883010313e-07
667,40080.0,40080,47.11412023319436,47.11412021190548,28.508710460836337,0.0,47.114120589498604,3.775931067340949e-07,0.0,9.650687327873695e-09,-2.12888969446531e-08
668,40140.0,40140,47.114120233013914,47.11412023087879,29.17616049622887,0.0,47.11412060845815,3.775793473201619e-07,0.0,9.294845480446989e-09,-2.1351459547031124e-09
669,40200.0,40200,47.11412023279306,47.114120232615186,29.843610531890256,0.0,47.11412061019085,3.7757564848054933e-07,0.0,9.258234049992417e-09,-1.7789693016532554e-10
670,40260.0,40260,47.11412023256793,47.11412023259349,30.51106056757619,0.0,47.114120610169145,3.77575641064012e-07,0.0,9.254243425846517e-09,2.5544130345762045e-11
671,40320.0,40320,47.11412023234409,47.1141202323932,31.17851060326196,0.0,47.11412060997023,3.7757701900237864e-07,0.0,9.253643359374252e-09,4.908700381157603e-11
672,40380.0,40380,47.114120232122886,47.1141202321768,31.845960638944796,0.0,47.114120609755815,3.775789974271673e-07,0.0,9.253435558118602e-09,5.389554203955144e-11
673,40440.0,40440,47.11412023190463,47.11412023196116,32.51341067462455,0.0,47.11412060954248,3.7758130368634983e-07,0.0,9.253307796936203e-09,5.6516768436894076e-11
674,40500.0,40500,47.11412023168937,47.11412023174797,33.1808607103013,0.0,47.114120609331806,3.7758382218744015e-07,0.0,9.253223626256154e-09,5.858163884537092e-11
675,40560.0,40560,47.11412023147713,47.114120231537406,33.84831074597496,0.0,47.1141206091239,3.7758647700574067e-07,0.0,9.253173774133861e-09,6.026403197424274e-11
676,40620.0,40620,47.114120231267904,47.1141202313296,34.51576078164567,0.0,47.114120608918824,3.775892037309067e-07,0.0,9.2531518654838e-09,6.167732063738418e-11
677,40680.0,40680,47.11412023106173,47.11412023112473,35.18321081731343,0.0,47.11412060871669,3.775919404832143e-07,0.0,9.253153415859631e-09,6.297914028234596e-11
678,40740.0,40740,47.11412023085863,47.11412023092297,35.850660852978265,0.0,47.1141206085176,3.775946170375545e-07,0.0,9.253176569653622e-09,6.432244665081778e-11
679,40800.0,40800,47.114120230658614,47.1141202307244,36.51811088864026,0.0,47.114120608321564,3.775971459247907e-07,0.0,9.253222021343385e-09,6.576463453457899e-11
680,40860.0,40860,47.11412023046167,47.114120230528826,37.185560924299395,0.0,47.11412060812826,3.7759942623776514e-07,0.0,9.253291421281278e-09,6.71360108856881e-11
681,40920.0,40920,47.114120230267666,47.11412023033561,37.853010959955725,0.0,47.11412060793699,3.7760136471204365e-07,0.0,9.253383589016004e-09,6.791894209196001e-11
682,40980.0,40980,47.1141202300763,47.114120230143676,38.52046099560938,0.0,47.11412060774659,3.776029007074467e-07,0.0,9.253488712542188e-09,6.735359375423726e-11
683,41040.0,41040,47.114120229887085,47.11412022995204,39.18791103126031,0.0,47.114120607556075,3.7760401287460995e-07,0.0,9.253584311021129e-09,6.493838094593965e-11
684,41100.0,41100,47.114120229699225,47.114120229759685,39.8553610669085,0.0,47.11412060736446,3.7760476328422245e-07,0.0,9.253639542102541e-09,6.044132072136424e-11
685,41160.0,41160,47.11412022951181,47.11412022956477,40.52281110255395,0.0,47.1141206071704,3.7760561588387653e-07,0.0,9.253619705058816e-09,5.2933528110222844e-11
686,41220.0,41220,47.11412022932522,47.11412022936983,41.190261138196696,0.0,47.114120606977856,3.7760800439660377e-07,0.0,9.253474633637779e-09,4.4595218577629074e-11
687,41280.0,41280,47.114120229140276,47.11412022918465,41.85771117383661,0.0,47.11412060679862,3.776139526300663e-07,0.0,9.253190512817294e-09,4.4352349660521296e-11
688,41340.0,41340,47.11412022895369,47.114120228982564,42.52516120947393,0.0,47.11412060660502,3.776224318694552e-07,0.0,9.252902318596935e-09,2.8860095252051013e-11
689,41400.0,41400,47.11412022878022,47.11412022853269,43.19261124510832,0.0,47.11412060615233,3.776196206848477e-07,0.0,9.252355840350913e-09,-2.475477169816328e-10
690,41460.0,41460,47.11412022860512,47.11412022542199,43.86006128073637,0.0,47.11412060302854,3.7760653086664315e-07,0.0,9.247201631245043e-09,-3.1831427688887866e-09
691,41520.0,41520,47.11412022836243,47.11412019671997,44.52751131632042,0.0,47.11412057436588,3.7764588126052916e-07,0.0,9.193118530857738e-09,-3.164246789042136e-08
692,41580.0,41580,47.114120227594064,47.1141198901224,45.19496135149772,0.0,47.11412026801045,3.7788803689778316e-07,0.0,8.664711194992842e-09,-3.374716844611616e-07
693,41640.0,41640,47.11412182378689,-252.88587789059713,45.86241138233092,300.0,2.7452586118482717e-07,252.885878165123,0.0,3.0391521726550365e-09,2.856159347720075e-07
694,41700.0,41700,47.11412183682464,-252.88587810028136,41.6476467501359,300.0,2.578470445760205e-07,252.88587835812837,0.0,7.798286094536697e-09,6.289396124009404e-08
695,41760.0,41760,47.11412184000868,-252.88587814250602,37.4328821144878,300.0,2.5386103992061357e-07,252.88587839636702,0.0,8.845392507509263e-09,1.7485278833176028e-08
696,41820.0,41820,47.11412184089785,-252.88587815356433,33.218117478145935,300.0,2.5277511103604026e-07,252.88587840633943,0.0,9.135687840898585e-09,5.5377785155495564e-09
697,41880.0,41880,47.11412184111174,-252.88587815600764,29.003352841622483,300.0,2.5253523836837505e-07,252.88587840854282,0.0,9.226858255072125e-09,2.8805892684319974e-09
698,41940.0,41940,47.11412184099068,-252.8858781542607,24.788588205058886,300.0,2.527135109532267e-07,252.88587840697426,0.0,9.2737432164371e-09,4.748598054690767e-09
699,42000.0,42000,47.11412184030453,-252.88587814527583,20.573823568524016,300.0,2.536001595863218e-07,252.88587839887597,0.0,9.351764925241381e-09,1.4419608545047539e-08
700,42060.0,42060,47.114121837907255,-252.88587811318726,16.359058932136627,300.0,2.566485624818639e-07,252.88587836983578,0.0,9.590979995979373e-09,4.890549724261655e-08
701,42120.0,42120,47.11412183019831,-252.88587799811964,12.144294296276435,300.0,2.664979694390575e-07,252.88587826461756,0.0,1.0404991399350953e-08,1.7168203268603276e-07
702,42180.0,42180,47.11412180875121,-252.88587753410644,7.929529662309465,300.0,2.943803218558505e-07,252.88587782848674,0.0,1.3265375250498108e-08,6.571423332785744e-07
703,42240.0,42240,47.11412174873866,-222.8858777289893,3.714765036006287,270.0,3.7637650328285755e-07,222.88587810536578,0.0,2.421699119052681e-08,5.222720285127036e-07
704,42300.0,42300,47.1141196731302,47.11411850735645,4.0625006277679347e-07,0.0,47.11411888817997,3.8082352993313335e-07,0.0,3.2921066652241523e-08,-1.1657737442854052e-06
705,42360.0,42360,47.114119679881114,47.11411945254781,0.6674504174851099,0.0,47.11411983268446,3.8013665227778995e-07,0.0,1.3491444465804133e-08,-2.2733329502544003e-07
706,42420.0,42420,47.11411968002594,47.11411965609769,1.3349004421120714,0.0,47.11412003607025,3.799725620777353e-07,0.0,9.702842898630967e-09,-2.3928239122502184e-08
707,42480.0,42480,47.11411967974852,47.11411967712381,2.0023504696231043,0.0,47.11412005703707,3.799132593242341e-07,0.0,9.304399091536301e-09,-2.6246995412313157e-09
708,42540.0,42540,47.11411967946426,47.1141196791216,2.669800497432129,0.0,47.114120059025616,3.799040239908767e-07,0.0,9.26102231271292e-09,-3.4265110749400586e-10
709,42600.0,42600,47.11411967916514,47.1141196790758,3.337250525269499,0.0,47.11412005897632,3.799005232049384e-07,0.0,9.255679627882673e-09,-8.933403431711967e-11
710,42660.0,42660,47.11411967888256,47.114119678836445,4.004700553106207,0.0,47.11412005874253,3.7990608982308597e-07,0.0,9.254558150284545e-09,-4.6116104213488044e-11
711,42720.0,42720,47.11411967862014,47.114119678571875,4.672150580939516,0.0,47.11412005847697,3.799051074469235e-07,0.0,9.25415585209027e-09,-4.826249933449847e-11
712,42780.0,42780,47.11411967839268,47.11411967835058,5.339600608769092,0.0,47.114120058255025,3.7990444671481125e-07,0.0,9.253717004296034e-09,-4.209196641278524e-11
713,42840.0,42840,47.1141196781941,47.11411967815959,6.007050636595527,0.0,47.11412005806528,3.799056983932414e-07,0.0,9.25338040543259e-09,-3.4507316510172374e-11
714,42900.0,42900,47.114119678018795,47.11411967799009,6.674500664419249,0.0,47.114120057898816,3.7990872639989336e-07,0.0,9.25316975017712e-09,-2.869911793089304e-11
715,42960.0,42960,47.11411967786217,47.11411967783763,7.341950692240557,0.0,47.11412005775055,3.7991292498924765e-07,0.0,9.25305551668741e-09,-2.453329521468508e-11
716,43020.0,43020,47.114119677720424,47.114119677698774,8.009400720059716,0.0,47.11412005761634,3.799175751958172e-07,0.0,9.253010377669002e-09,-2.1643471828153622e-11
717,43080.0,43080,47.11411967759073,47.11411967757095,8.676850747876896,0.0,47.11412005749305,3.799221043741179e-07,0.0,9.253013085266255e-09,-1.9771606068086696e-11
718,43140.0,43140,47.11411967747107,47.11411967745236,9.344300775692249,0.0,47.11412005737855,3.7992619145928905e-07,0.0,9.25304668050511e-09,-1.870964217160138e-11
719,43200.0,43200,47.11411967736008,47.11411967734181,10.011750803505917,0.0,47.11412005727154,3.7992973876302013e-07,0.0,9.253097670374535e-09,-1.827038419864235e-11
720,43260.0,43260,47.11411967725678,47.1141196772385,10.679200831318004,0.0,47.11412005717128,3.7993278569873773e-07,0.0,9.253155684650784e-09,-1.828040334668401e-11
721,43320.0,43320,47.11411967716048,47.11411967714189,11.34665085912861,0.0,47.11412005707732,3.799354277416551e-07,0.0,9.253213247006954e-09,-1.8583144927109008e-11
722,43380.0,43380,47.11411967707068,47.11411967705163,12.014100886937861,0.0,47.11412005698939,3.799377667056322e-07,0.0,9.253265492560045e-09,-1.9046405831668016e-11
723,43440.0,43440,47.11411967698699,47.11411967696741,12.68155091474582,0.0,47.114120056907296,3.7993988980161644e-07,0.0,9.253309760490614e-09,-1.9568095548092962e-11
724,43500.0,43500,47.1141196769091,47.114119676889004,13.349000942552575,0.0,47.11412005683086,3.7994186535472606e-07,0.0,9.253345091045514e-09,-2.0077165426763896e-11
725,43560.0,43560,47.11411967683672,47.11411967681619,14.016450970358212,0.0,47.11412005675993,3.7994374516175977e-07,0.0,9.253371707562942e-09,-2.0530228750886712e-11
726,43620.0,43620,47.11411967676964,47.11411967674872,14.683900998162818,0.0,47.11412005669429,3.799455682040123e-07,0.0,9.253390555236624e-09,-2.0905909781125018e-11
727,43680.0,43680,47.11411967670761,47.11411967668641,15.35135102596646,0.0,47.114120056633766,3.799473637819504e-07,0.0,9.253402934282254e-09,-2.119870523519275e-11
728,43740.0,43740,47.11411967665042,47.114119676628995,16.018801053769216,0.0,47.114120056578145,3.7994915373720253e-07,0.0,9.253410235517156e-09,-2.1413403857732157e-11
729,43800.0,43800,47.11411967659785,47.11411967657629,16.686251081571157,0.0,47.11412005652724,3.7995095396442306e-07,0.0,9.253413768970275e-09,-2.156053338150347e-11
730,43860.0,43860,47.114119676549706,47.11411967652805,17.35370110937235,0.0,47.11412005648082,3.7995277549136907e-07,0.0,9.253414668368526e-09,-2.1652969988836545e-11
731,43920.0,43920,47.114119676505766,47.11411967648406,18.021151137172843,0.0,47.11412005643868,3.7995462533247505e-07,0.0,9.253413852111301e-09,-2.170364954547466e-11
732,43980.0,43980,47.11411967646585,47.11411967644411,18.688601164972727,0.0,47.11412005640062,3.799565072297707e-07,0.0,9.253412022375102e-09,-2.172421147127297e-11
733,44040.0,44040,47.11411967642975,47.11411967640802,19.35605119277204,0.0,47.114120056366446,3.799584223256912e-07,0.0,9.253409686797926e-09,-2.1724355087828374e-11
734,44100.0,44100,47.1141196763973,47.11411967637559,20.023501220570832,0.0,47.11412005633595,3.7996036977414326e-07,0.0,9.253407190882335e-09,-2.1711685431186873e-11
735,44160.0,44160,47.11411967636833,47.11411967634663,20.69095124836917,0.0,47.11412005630897,3.7996234728148976e-07,0.0,9.253404752956267e-09,-2.1691855004014456e-11
736,44220.0,44220,47.11411967634266,47.11411967632099,21.35840127616708,0.0,47.11412005628533,3.799643515687739e-07,0.0,9.25340249676238e-09,-2.166885287388347e-11
737,44280.0,44280,47.114119676320136,47.114119676298486,22.02585130396463,0.0,47.11412005626486,3.79966378751171e-07,0.0,9.253400479225753e-09,-2.1645340330350536e-11
738,44340.0,44340,47.11411967630061,47.11411967627898,22.693301331761866,0.0,47.1141200562474,3.799684246381168e-07,0.0,9.25339871261896e-09,-2.1622973054735972e-11
739,44400.0,44400,47.114119676283934,47.11411967626233,23.360751359558787,0.0,47.11412005623281,3.799704849617947e-07,0.0,9.253397181354356e-09,-2.1602678910040105e-11
740,44460.0,44460,47.11411967626998,47.11411967624839,24.02820138735548,0.0,47.11412005622094,3.799725555437977e-07,0.0,9.253395854143525e-09,-2.1584882546687973e-11
741,44520.0,44520,47.11411967625862,47.114119676237046,24.695651415151996,0.0,47.11412005621167,3.7997463241164706e-07,0.0,9.253394692410631e-09,-2.1569676802309282e-11
742,44580.0,44580,47.11411967624973,47.11411967622816,25.363101442948317,0.0,47.11412005620487,3.7997671187520095e-07,0.0,9.253393655840731e-09,-2.1556949166786657e-11
743,44640.0,44640,47.114119676243185,47.11411967622164,26.03055147074453,0.0,47.11412005620043,3.7997879057176704e-07,0.0,9.253392705827509e-09,-2.154647065280736e-11
744,44700.0,44700,47.1141196762389,47.114119676217356,26.698001498540624,0.0,47.11412005619821,3.79980865488185e-07,0.0,9.253391807426827e-09,-2.1537957242990632e-11
745,44760.0,44760,47.114119676236754,47.11411967621521,27.365451526336674,0.0,47.11412005619814,3.7998293396541077e-07,0.0,9.253390930292078e-09,-2.1531109325242828e-11
746,44820.0,44820,47.11411967623666,47.114119676215125,28.03290155413267,0.0,47.114120056200115,3.7998499369096607e-07,0.0,9.253390048946706e-09,-2.1525637375186592e-11
747,44880.0,44880,47.114119676238516,47.11411967621699,28.70035158192866,0.0,47.11412005620402,3.7998704268277676e-07,0.0,9.253389142628045e-09,-2.1521275878606105e-11
748,44940.0,44940,47.11411967624224,47.114119676220724,29.367801609724676,0.0,47.11412005620979,3.7998907926731375e-07,0.0,9.253388194896825e-09,-2.1517790879966563e-11
749,45000.0,45000,47.11411967624776,47.11411967622623,30.035251637520748,0.0,47.114120056217324,3.7999110205462995e-07,0.0,9.253387193120279e-09,-2.1514982809730202e-11
750,45060.0,45060,47.11411967625498,47.114119676233464,30.70270166531688,0.0,47.11412005622657,3.799931099115558e-07,0.0,9.253386127907204e-09,-2.1512685623981563e-11
751,45120.0,45120,47.11411967626383,47.11411967624232,31.370151693113115,0.0,47.11412005623741,3.7999510193465393e-07,0.0,9.253384992555385e-09,-2.1510765091070576e-11
752,45180.0,45180,47.11411967627426,47.114119676252734,32.03760172090945,0.0,47.1141200562498,3.7999707742370684e-07,0.0,9.253383782529325e-09,-2.150911485679487e-11
753,45240.0,45240,47.114119676286165,47.11411967626466,32.70505174870594,0.0,47.11412005626369,3.7999903585639293e-07,0.0,9.253382494998394e-09,-2.1507653324484218e-11
754,45300.0,45300,47.11411967629952,47.114119676278,33.3725017765026,0.0,47.11412005627897,3.8000097686474044e-07,0.0,9.253381128430025e-09,-2.150631937029513e-11
755,45360.0,45360,47.11411967631423,47.114119676292724,34.03995180429945,0.0,47.11412005629561,3.8000290021336045e-07,0.0,9.253379682252103e-09,-2.150506885277872e-11
756,45420.0,45420,47.11411967633026,47.11411967630875,34.70740183209649,0.0,47.11412005631355,3.800048057798768e-07,0.0,9.253378156575427e-09,-2.150387093174508e-11
757,45480.0,45480,47.11411967634755,47.11411967632604,35.37485185989376,0.0,47.11412005633273,3.800066935374104e-07,0.0,9.253376551972649e-09,-2.1502705184864205e-11
758,45540.0,45540,47.114119676366045,47.11411967634454,36.04230188769128,0.0,47.1141200563531,3.800085635389564e-07,0.0,9.25337486930795e-09,-2.1501558706455406e-11
759,45600.0,45600,47.11411967638569,47.11411967636419,36.70975191548906,0.0,47.1141200563746,3.800104159039765e-07,0.0,9.253373109616726e-09,-2.1500423994867033e-11
760,45660.0,45660,47.11411967640645,47.114119676384945,37.3772019432871,0.0,47.11412005639719,3.8001225080653374e-07,0.0,9.253371274015057e-09,-2.1499296942236357e-11
761,45720.0,45720,47.11411967642827,47.114119676406766,38.04465197108542,0.0,47.11412005642083,3.800140684651611e-07,0.0,9.253369363647171e-09,-2.1498175249708524e-11
762,45780.0,45780,47.114119676451104,47.1141196764296,38.712101998884066,0.0,47.114120056445465,3.8001586913423803e-07,0.0,9.253367379655147e-09,-2.1497057423135138e-11
763,45840.0,45840,47.11411967647491,47.114119676453406,39.37955202668302,0.0,47.11412005647106,3.8001765309646874e-07,0.0,9.25336532317048e-09,-2.1495941860523704e-11
764,45900.0,45900,47.114119676499655,47.11411967647816,40.04700205448229,0.0,47.11412005649757,3.80019420656755e-07,0.0,9.253363195314272e-09,-2.1494826192029154e-11
765,45960.0,45960,47.11411967652529,47.11411967650379,40.714452082281944,0.0,47.11412005652496,3.8002117213680323e-07,0.0,9.253360997213537e-09,-2.149370691277131e-11
766,46020.0,46020,47.11411967655179,47.11411967653029,41.381902110081924,0.0,47.11412005655319,3.800229078705229e-07,0.0,9.25335873002147e-09,-2.149257917990304e-11
767,46080.0,46080,47.11411967657911,47.114119676557614,42.049352137882295,0.0,47.11412005658223,3.8002462820026875e-07,0.0,9.253356394940748e-09,-2.1491436991204903e-11
768,46140.0,46140,47.11411967660721,47.114119676585716,42.71680216568304,0.0,47.114120056612045,3.800263334736968e-07,0.0,9.25335399324379e-09,-2.1490272797546347e-11
769,46200.0,46200,47.11411967663608,47.114119676614585,43.38425219348418,0.0,47.1141200566426,3.8002802404079245e-07,0.0,9.253351526300548e-09,-2.148907833529998e-11
770,46260.0,46260,47.11411967666566,47.114119676644165,44.05170222128573,0.0,47.11412005667386,3.8002970025166145e-07,0.0,9.253348995591063e-09,-2.1487844150318674e-11
771,46320.0,46320,47.114119676695935,47.11411967667445,44.719152249087685,0.0,47.11412005670581,3.8003136245448195e-07,0.0,9.253346402727153e-09,-2.1486560401611787e-11
772,46380.0,46380,47.11411967672688,47.114119676705386,45.386602276890066,0.0,47.11412005673839,3.8003301099366267e-07,0.0,9.25334374945904e-09,-2.148521686972417e-11
773,46440.0,46440,47.114119676758456,47.11411967673697,46.05405230469289,0.0,47.114120056771604,3.800346462085119e-07,0.0,9.253341037682542e-09,-2.1483803238460478e-11
774,46500.0,46500,47.11411967679064,47.11411967676914,46.72150233249615,0.0,47.114120056805405,3.8003626843179735e-07,0.0,9.253338269442633e-09,-2.148230950530843e-11
775,46560.0,46560,47.1141196768234,47.11411967680191,47.38895236029986,0.0,47.11412005683979,3.800378779887022e-07,0.0,9.253335446928987e-09,-2.1480726021956422e-11
776,46620.0,46620,47.11411967685672,47.11411967683524,48.05640238810404,0.0,47.114120056874704,3.8003947519596426e-07,0.0,9.253332572470037e-09,-2.1479043916370816e-11
777,46680.0,46680,47.114119676890574,47.11411967686909,48.723852415908674,0.0,47.114120056910146,3.8004106036092936e-07,0.0,9.253329648521339e-09,-2.147725510609876e-11
778,46740.0,46740,47.11411967692493,47.11411967690344,49.39130244371381,0.0,47.11412005694608,3.8004263378100655e-07,0.0,9.25332667765355e-09,-2.1475352464247375e-11
779,46800.0,46800,47.114119676959774,47.114119676938294,50.05875247151941,0.0,47.114120056982486,3.8004419574304814e-07,0.0,9.253323662537376e-09,-2.147332999661992e-11
780,46860.0,46860,47.11411967699508,47.1141196769736,50.7262024993255,0.0,47.11412005701934,3.8004574652301716e-07,0.0,9.253320605925093e-09,-2.147118289457477e-11
781,46920.0,46920,47.114119677030835,47.11411967700936,51.39365252713212,0.0,47.114120057056645,3.800472863855799e-07,0.0,9.253317510630477e-09,-2.1468907442776744e-11
782,46980.0,46980,47.114119677067,47.11411967704553,52.0611025549392,0.0,47.11412005709434,3.8004881558397396e-07,0.0,9.253314379513563e-09,-2.1466501295366407e-11
783,47040.0,47040,47.11411967710358,47.11411967708211,52.728552582746794,0.0,47.11412005713243,3.8005033435982485e-07,0.0,9.253311215456432e-09,-2.1463963077532388e-11
784,47100.0,47100,47.114119677140536,47.114119677119064,53.396002610554916,0.0,47.11412005717091,3.8005184294313416e-07,0.0,9.253308021347984e-09,-2.146129281235914e-11
785,47160.0,47160,47.11411967717786,47.114119677156395,54.06345263836354,0.0,47.114120057209725,3.800533415523143e-07,0.0,9.253304800062596e-09,-2.1458491310076605e-11
786,47220.0,47220,47.11411967721553,47.11411967719407,54.730902666172696,0.0,47.11412005724888,3.800548303942974e-07,0.0,9.253301554446312e-09,-2.1455560544770516e-11
787,47280.0,47280,47.11411967725352,47.11411967723207,55.3983526939824,0.0,47.11412005728837,3.8005630966471306e-07,0.0,9.253298287297134e-09,-2.145250342141935e-11
788,47340.0,47340,47.11411967729184,47.11411967727038,56.06580272179262,0.0,47.11412005732815,3.8005777954816396e-07,0.0,9.253295001352458e-09,-2.1449323655934142e-11
789,47400.0,47400,47.11411967733044,47.11411967730899,56.733252749603366,0.0,47.11412005736823,3.8005924021839773e-07,0.0,9.253291699274383e-09,-2.1446025557540497e-11
790,47460.0,47460,47.11411967736934,47.11411967734789,57.40070277741468,0.0,47.11412005740857,3.8006069183874314e-07,0.0,9.253288383639659e-09,-2.1442614110599188e-11
791,47520.0,47520,47.11411967740849,47.11411967738704,58.06815280522654,0.0,47.11412005744917,3.800621345624544e-07,0.0,9.253285056930198e-09,-2.1439094938546675e-11
792,47580.0,47580,47.114119677447896,47.11411967742646,58.735602833038946,0.0,47.11412005749002,3.800635685330322e-07,0.0,9.253281721523923e-09,-2.143547387755492e-11
793,47640.0,47640,47.114119677487544,47.1141196774661,59.403052860851915,0.0,47.11412005753109,3.8006499388464283e-07,0.0,9.25327837968867e-09,-2.1431757158344316e-11
794,47700.0,47700,47.11411967752741,47.114119677505975,60.07050288866544,0.0,47.11412005757238,3.800664107426916e-07,0.0,9.253275033576997e-09,-2.1427951285235305e-11
795,47760.0,47760,47.114119677567494,47.114119677546064,60.73795291647951,0.0,47.114120057613874,3.800678192240584e-07,0.0,9.253271685223481e-09,-2.1424062845401273e-11
796,47820.0,47820,47.114119677607775,47.11411967758635,61.405402944294146,0.0,47.11412005765556,3.8006921943767676e-07,0.0,9.25326833654312e-09,-2.142009844070565e-11
797,47880.0,47880,47.11411967764824,47.11411967762682,62.07285297210936,0.0,47.11412005769742,3.800706114849245e-07,0.0,9.25326498932971e-09,-2.1416064943207507e-11
798,47940.0,47940,47.114119677688876,47.11411967766746,62.740302999925134,0.0,47.11412005773945,3.800719954600363e-07,0.0,9.253261645253871e-09,-2.141196877341872e-11
799,48000.0,48000,47.11411967772968,47.11411967770827,63.40775302774151,0.0,47.114120057781626,3.8007337145071225e-07,0.0,9.25325830586987e-09,-2.1407816474966235e-11
800,48060.0,48060,47.11411967777064,47.11411967774922,64.07520305555843,0.0,47.11412005782396,3.800747395383011e-07,0.0,9.253254972613103e-09,-2.1403614492064447e-11
801,48120.0,48120,47.11411967781173,47.11411967779033,64.74265308337596,0.0,47.114120057866415,3.800760997983858e-07,0.0,9.253251646804573e-09,-2.139936886766574e-11
802,48180.0,48180,47.114119677852955,47.11411967783155,65.41010311119403,0.0,47.114120057909005,3.8007745230117344e-07,0.0,9.253248329654671e-09,-2.139508558806323e-11
803,48240.0,48240,47.1141196778943,47.1141196778729,66.07755313901271,0.0,47.114120057951695,3.8007879711176476e-07,0.0,9.253245022266923e-09,-2.1390770314569935e-11
804,48300.0,48300,47.11411967793575,47.11411967791436,66.74500316683192,0.0,47.114120057994484,3.800801342907398e-07,0.0,9.253241725641412e-09,-2.138642853798421e-11
805,48360.0,48360,47.1141196779773,47.11411967795591,67.41245319465177,0.0,47.11412005803737,3.8008146389428363e-07,0.0,9.25323844068068e-09,-2.1382065296185212e-11
806,48420.0,48420,47.11411967801895,47.114119677997564,68.0799032224722,0.0,47.114120058080346,3.800827859746858e-07,0.0,9.253235168194757e-09,-2.1377685498668287e-11
807,48480.0,48480,47.114119678060675,47.114119678039295,68.7473532502932,0.0,47.1141200581234,3.800841005805296e-07,0.0,9.253231908905828e-09,-2.1373293646127502e-11
808,48540.0,48540,47.114119678102476,47.1141196780811,69.41480327811477,0.0,47.114120058166506,3.8008540775719687e-07,0.0,9.253228663452161e-09,-2.1368894070058228e-11
809,48600.0,48600,47.11411967814434,47.11411967812297,70.08225330593699,0.0,47.11412005820967,3.8008670754686806e-07,0.0,9.253225432395115e-09,-2.1364490685758324e-11
810,48660.0,48660,47.11411967818626,47.1141196781649,70.74970333375975,0.0,47.11412005825289,3.8008799998906153e-07,0.0,9.253222216223791e-09,-2.1360087219591572e-11
811,48720.0,48720,47.11411967822823,47.11411967820687,71.4171533615831,0.0,47.11412005829615,3.800892851206737e-07,0.0,9.253219015357907e-09,-2.135568703707966e-11
812,48780.0,48780,47.114119678270235,47.11411967824889,72.08460338940708,0.0,47.11412005833944,3.8009056297627174e-07,0.0,9.253215830156043e-09,-2.1351293328721265e-11
813,48840.0,48840,47.114119678312285,47.11411967829093,72.75205341723162,0.0,47.11412005838276,3.800918335883974e-07,0.0,9.253212660916717e-09,-2.134690893155222e-11
814,48900.0,48900,47.114119678354356,47.114119678333005,73.41950344505675,0.0,47.114120058426096,3.800930969875845e-07,0.0,9.253209507886094e-09,-2.134253643983847e-11
815,48960.0,48960,47.114119678396435,47.1141196783751,74.0869534728825,0.0,47.11412005846944,3.8009435320273164e-07,0.0,9.253206371261214e-09,-2.1338178347600654e-11
816,49020.0,49020,47.114119678438534,47.1141196784172,74.75440350070882,0.0,47.114120058512796,3.800956022610852e-07,0.0,9.25320325119268e-09,-2.1333836668312963e-11
817,49080.0,49080,47.11411967848064,47.1141196784593,75.42185352853572,0.0,47.11412005855614,3.800968441884859e-07,0.0,9.253200147790397e-09,-2.1329513499950443e-11
818,49140.0,49140,47.11411967852274,47.11411967850141,76.08930355636323,0.0,47.11412005859948,3.8009807900955807e-07,0.0,9.253197061126259e-09,-2.132521048242996e-11
819,49200.0,49200,47.11411967856483,47.11411967854351,76.75675358419134,0.0,47.11412005864281,3.8009930674770986e-07,0.0,9.253193991238634e-09,-2.1320929321625516e-11
820,49260.0,49260,47.11411967860691,47.11411967858559,77.42420361202005,0.0,47.114120058686105,3.8010052742532804e-07,0.0,9.253190938132725e-09,-2.1316671272291134e-11
821,49320.0,49320,47.11411967864897,47.11411967862765,78.09165363984935,0.0,47.11412005872939,3.8010174106384144e-07,0.0,9.253187901788448e-09,-2.131243760286307e-11
822,49380.0,49380,47.114119678691004,47.11411967866969,78.75910366767924,0.0,47.11412005877263,3.8010294768389844e-07,0.0,9.253184882159366e-09,-2.1308229482144047e-11
823,49440.0,49440,47.114119678733005,47.114119678711695,79.42655369550971,0.0,47.114120058815836,3.8010414730530416e-07,0.0,9.253181879175738e-09,-2.130404774185025e-11
824,49500.0,49500,47.11411967877497,47.11411967875367,80.09400372334079,0.0,47.114120058859,3.801053399472842e-07,0.0,9.253178892748277e-09,-2.129989328668567e-11
825,49560.0,49560,47.114119678816884,47.11411967879558,80.76145375117244,0.0,47.1141200589021,3.801065256283355e-07,0.0,9.253175922770305e-09,-2.1295766811725527e-11
826,49620.0,49620,47.114119678858756,47.11411967883746,81.4289037790047,0.0,47.11412005894516,3.801077043665249e-07,0.0,9.253172969117755e-09,-2.129166884390965e-11
827,49680.0,49680,47.11411967890057,47.114119678879284,82.09635380683754,0.0,47.11412005898815,3.8010887617928774e-07,0.0,9.253170031654185e-09,-2.1287600024746917e-11
828,49740.0,49740,47.11411967894234,47.11411967892104,82.76380383467097,0.0,47.11412005903108,3.801100410837213e-07,0.0,9.253167110229351e-09,-2.1283560634196736e-11
829,49800.0,49800,47.11411967898403,47.11411967896275,83.431253862505,0.0,47.11412005907394,3.8011119909648657e-07,0.0,9.253164204682788e-09,-2.1279551130113325e-11
830,49860.0,49860,47.11411967902566,47.11411967900438,84.09870389033962,0.0,47.11412005911673,3.801123502338659e-07,0.0,9.25316131484435e-09,-2.127557164249972e-11
831,49920.0,49920,47.114119679067215,47.11411967904594,84.76615391817481,0.0,47.11412005915943,3.801134945118319e-07,0.0,9.253158440536722e-09,-2.1271622576122806e-11
832,49980.0,49980,47.1141196791087,47.11411967908742,85.4336039460106,0.0,47.114120059202044,3.801146319460531e-07,0.0,9.253155581573798e-09,-2.126770385138156e-11
833,50040.0,50040,47.1141196791501,47.11411967912883,86.10105397384697,0.0,47.114120059244584,3.8011576255189964e-07,0.0,9.253152737764813e-09,-2.1263815719570717e-11
834,50100.0,50100,47.11411967919141,47.114119679170145,86.76850400168394,0.0,47.114120059287025,3.801168863445409e-07,0.0,9.253149908914702e-09,-2.125995823109018e-11
835,50160.0,50160,47.11411967923263,47.11411967921137,87.43595402952147,0.0,47.114120059329366,3.8011800333891096e-07,0.0,9.25314709482248e-09,-2.125613127336182e-11
836,50220.0,50220,47.11411967927376,47.114119679252504,88.1034040573596,0.0,47.11412005937161,3.801191135497145e-07,0.0,9.253144295284832e-09,-2.125233495228802e-11
837,50280.0,50280,47.11411967931479,47.11411967929354,88.7708540851983,0.0,47.11412005941375,3.8012021699147825e-07,0.0,9.253141510094858e-09,-2.1248569126913125e-11
838,50340.0,50340,47.114119679355724,47.11411967933447,89.43830411303756,0.0,47.11412005945578,3.801213136786143e-07,0.0,9.25313873904512e-09,-2.1244833739427704e-11
839,50400.0,50400,47.114119679396545,47.1141196793753,90.1057541408774,0.0,47.114120059497694,3.801224036252536e-07,0.0,9.25313598192513e-09,-2.1241128773703193e-11
840,50460.0,50460,47.114119679437266,47.114119679416014,90.77320416871781,0.0,47.114120059539495,3.8012348684546963e-07,0.0,9.253133238522431e-09,-2.123745391456424e-11
841,50520.0,50520,47.11411967947787,47.11411967945662,91.44065419655882,0.0,47.11412005958118,3.80124563353204e-07,0.0,9.253130508626536e-09,-2.1233809212540833e-11
842,50580.0,50580,47.114119679518346,47.114119679497115,92.10810422440039,0.0,47.11412005962274,3.801256331621917e-07,0.0,9.253127792024091e-09,-2.1230194381378972e-11
843,50640.0,50640,47.11411967955871,47.11411967953748,92.77555425224254,0.0,47.114120059664174,3.8012669628607604e-07,0.0,9.253125088502635e-09,-2.122660928668915e-11
844,50700.0,50700,47.114119679598964,47.114119679577726,93.44300428008525,0.0,47.11412005970547,3.801277527384773e-07,0.0,9.25312239785043e-09,-2.122305376475448e-11
845,50760.0,50760,47.114119679639074,47.11411967961785,94.11045430792852,0.0,47.11412005974665,3.801288025327805e-07,0.0,9.253119719854656e-09,-2.121952763348209e-11
846,50820.0,50820,47.114119679679064,47.11411967965784,94.77790433577235,0.0,47.11412005978769,3.801298456823363e-07,0.0,9.253117054304112e-09,-2.121603070729398e-11
847,50880.0,50880,47.11411967971892,47.1141196796977,95.44535436361674,0.0,47.11412005982857,3.8013088220040363e-07,0.0,9.253114400986875e-09,-2.121256275814549e-11
848,50940.0,50940,47.11411967975864,47.11411967973742,96.11280439146171,0.0,47.11412005986933,3.8013191210011496e-07,0.0,9.253111759694253e-09,-2.1209123556184e-11
849,51000.0,51000,47.114119679798215,47.11411967977701,96.78025441930725,0.0,47.11412005990994,3.8013293539455717e-07,0.0,9.253109130216834e-09,-2.1205712977962982e-11
850,51060.0,51060,47.11411967983766,47.114119679816454,97.44770444715333,0.0,47.114120059950395,3.8013395209670214e-07,0.0,9.253106512346464e-09,-2.1202330805556628e-11
851,51120.0,51120,47.11411967987696,47.11411967985575,98.11515447499997,0.0,47.1141200599907,3.8013496221945883e-07,0.0,9.253103905876243e-09,-2.1198976784938646e-11
852,51180.0,51180,47.1141196799161,47.1141196798949,98.78260450284718,0.0,47.114120060030864,3.801359657756901e-07,0.0,9.253101310599627e-09,-2.1195650757970095e-11
853,51240.0,51240,47.1141196799551,47.1141196799339,99.45005453069493,0.0,47.11412006007086,3.801369627781615e-07,0.0,9.253098726312764e-09,-2.119235250362068e-11
854,51300.0,51300,47.11411967999395,47.11411967997275,100.11750455854322,0.0,47.11412006011069,3.801379532395925e-07,0.0,9.253096152811802e-09,-2.1189081920183304e-11
855,51360.0,51360,47.11411968003264,47.11411968001145,100.78495458639208,0.0,47.11412006015038,3.801389371726281e-07,0.0,9.253093589893426e-09,-2.1185838643541904e-11
856,51420.0,51420,47.11411968007117,47.11411968004998,101.45240461424147,0.0,47.11412006018989,3.801399145898616e-07,0.0,9.25309103735737e-09,-2.1182622618283648e-11
857,51480.0,51480,47.114119680109546,47.11411968008836,102.11985464209141,0.0,47.11412006022923,3.8014088550387486e-07,0.0,9.253088495003007e-09,-2.1179433591705383e-11
858,51540.0,51540,47.11411968014775,47.11411968012657,102.78730466994188,0.0,47.114120060268405,3.8014184992715215e-07,0.0,9.253085962631507e-09,-2.1176271460979274e-11
859,51600.0,51600,47.114119680185794,47.11411968016462,103.45475469779291,0.0,47.114120060307414,3.801428078721377e-07,0.0,9.253083440044391e-09,-2.117313599886729e-11
860,51660.0,51660,47.11411968022367,47.1141196802025,104.12220472564442,0.0,47.11412006034625,3.801437593513215e-07,0.0,9.253080927044266e-09,-2.11700269972333e-11
861,51720.0,51720,47.11411968026138,47.11411968024021,104.78965475349654,0.0,47.11412006038491,3.8014470437705024e-07,0.0,9.253078423436064e-09,-2.1166944377313182e-11
862,51780.0,51780,47.11411968029892,47.11411968027775,105.45710478134913,0.0,47.11412006042339,3.801456429617049e-07,0.0,9.253075929023818e-09,-2.1163887935139647e-11
863,51840.0,51840,47.11411968033628,47.114119680315106,106.1245548092023,0.0,47.11412006046168,3.8014657511766647e-07,0.0,9.253073443612822e-09,-2.1160857523239932e-11
864,51900.0,51900,47.11411968037346,47.1141196803523,106.79200483705598,0.0,47.11412006049979,3.8014750085724156e-07,0.0,9.25307096701034e-09,-2.1157852992340662e-11
865,51960.0,51960,47.114119680410475,47.11411968038931,107.45945486491017,0.0,47.11412006053772,3.801484201927709e-07,0.0,9.253068499023272e-09,-2.1154874233428862e-11
866,52020.0,52020,47.114119680447295,47.11411968042614,108.12690489276486,0.0,47.114120060575466,3.801493331366127e-07,0.0,9.253066039458528e-09,-2.1151921056362688e-11
867,52080.0,52080,47.114119680483945,47.11411968046279,108.79435492062012,0.0,47.114120060613025,3.801502397010504e-07,0.0,9.2530635881257e-09,-2.114899337894683e-11
868,52140.0,52140,47.1141196805204,47.11411968049925,109.46180494847586,0.0,47.11412006065039,3.801511398984364e-07,0.0,9.253061144833306e-09,-2.1146091014404647e-11
869,52200.0,52200,47.11411968055668,47.11411968053553,110.12925497633213,0.0,47.11412006068756,3.8015203374113444e-07,0.0,9.253058709390584e-09,-2.114321388265273e-11
870,52260.0,52260,47.114119680592765,47.11411968057162,110.79670500418894,0.0,47.11412006072453,3.80152921241497e-07,0.0,9.253056281607841e-09,-2.1140361891638328e-11
871,52320.0,52320,47.11411968062866,47.114119680607516,111.46415503204622,0.0,47.114120060761316,3.801538024119567e-07,0.0,9.253053861295212e-09,-2.1137534908696023e-11
872,52380.0,52380,47.11411968066436,47.11411968064322,112.13160505990402,0.0,47.114120060797894,3.8015467726488885e-07,0.0,9.253051448263368e-09,-2.1134732848988952e-11
873,52440.0,52440,47.11411968069987,47.11411968067874,112.79905508776234,0.0,47.114120060834274,3.8015554581281215e-07,0.0,9.253049042322259e-09,-2.1131955569928247e-11
874,52500.0,52500,47.114119680735186,47.114119680714055,113.46650511562112,0.0,47.114120060870455,3.801564080682454e-07,0.0,9.25304664328399e-09,-2.1129202980102504e-11
875,52560.0,52560,47.1141196807703,47.11411968074917,114.13395514348043,0.0,47.11412006090642,3.8015726404372454e-07,0.0,9.253044250959948e-09,-2.112647499692806e-11
876,52620.0,52620,47.11411968080522,47.11411968078409,114.80140517134025,0.0,47.114120060942206,3.801581137519519e-07,0.0,9.253041865161163e-09,-2.1123771598309197e-11
877,52680.0,52680,47.114119680839934,47.11411968081881,115.46885519920055,0.0,47.11412006097776,3.8015895720557237e-07,0.0,9.253039485698302e-09,-2.1121092587663468e-11
878,52740.0,52740,47.11411968087445,47.11411968085332,116.13630522706131,0.0,47.114120061013104,3.801597944173802e-07,0.0,9.25303711238383e-09,-2.111843796952547e-11
879,52800.0,52800,47.11411968090876,47.11411968088764,116.80375525492259,0.0,47.11412006104826,3.8016062540024967e-07,0.0,9.253034745029312e-09,-2.1115807614352835e-11
880,52860.0,52860,47.11411968094286,47.114119680921746,117.47120528278435,0.0,47.11412006108319,3.801614501671414e-07,0.0,9.253032383445599e-09,-2.1113201457087135e-11
881,52920.0,52920,47.11411968097676,47.114119680955646,118.13865531064657,0.0,47.11412006111791,3.801622687310561e-07,0.0,9.253030027444794e-09,-2.1110619439398403e-11
882,52980.0,52980,47.11411968101045,47.11411968098934,118.8061053385093,0.0,47.114120061152406,3.801630811052296e-07,0.0,9.253027676838462e-09,-2.110806141412098e-11
883,53040.0,53040,47.114119681043924,47.114119681022814,119.47355536637245,0.0,47.114120061186696,3.801638873028232e-07,0.0,9.253025331438888e-09,-2.1105527404759166e-11
884,53100.0,53100,47.11411968107719,47.11411968105608,120.14100539423612,0.0,47.114120061220774,3.8016468733727935e-07,0.0,9.253022991056743e-09,-2.110301726537695e-11
885,53160.0,53160,47.114119681110246,47.11411968108914,120.80845542210025,0.0,47.11412006125461,3.8016548122207495e-07,0.0,9.253020655504847e-09,-2.110053098013221e-11
886,53220.0,53220,47.11411968114309,47.114119681121984,121.47590544996486,0.0,47.11412006128825,3.8016626897084747e-07,0.0,9.253018324594405e-09,-2.109806836192176e-11
887,53280.0,53280,47.11411968117571,47.114119681154605,122.14335547782991,0.0,47.11412006132166,3.8016705059733196e-07,0.0,9.253015998137706e-09,-2.109562945569834e-11
888,53340.0,53340,47.114119681208116,47.114119681187006,122.81080550569546,0.0,47.11412006135483,3.8016782611545853e-07,0.0,9.253013675947209e-09,-2.1093214061208618e-11
889,53400.0,53400,47.1141196812403,47.1141196812192,123.47825553356142,0.0,47.114120061387794,3.8016859553924334e-07,0.0,9.253011357835557e-09,-2.10908221665981e-11
890,53460.0,53460,47.114119681272264,47.11411968125117,124.14570556142783,0.0,47.11412006142052,3.801693588829034e-07,0.0,9.253009043615753e-09,-2.1088453617589757e-11
891,53520.0,53520,47.11411968130401,47.11411968128291,124.81315558929471,0.0,47.11412006145302,3.801701161607417e-07,0.0,9.253006733101868e-09,-2.1086108327658888e-11
892,53580.0,53580,47.114119681335524,47.114119681314435,125.48060561716206,0.0,47.114120061485295,3.8017086738729074e-07,0.0,9.253004426107982e-09,-2.1083786213143817e-11
893,53640.0,53640,47.11411968136682,47.114119681345734,126.14805564502983,0.0,47.11412006151734,3.801716125771864e-07,0.0,9.253002122449248e-09,-2.1081487074373905e-11
894,53700.0,53700,47.114119681397895,47.114119681376806,126.81550567289804,0.0,47.11412006154915,3.801723517452422e-07,0.0,9.252999821941892e-09,-2.107921086533363e-11
895,53760.0,53760,47.11411968142874,47.11411968140765,127.48295570076671,0.0,47.114120061580735,3.8017308490640383e-07,0.0,9.252997524403935e-09,-2.1076957354834802e-11
896,53820.0,53820,47.11411968145935,47.11411968143827,128.1504057286358,0.0,47.114120061612084,3.801738120758177e-07,0.0,9.252995229653936e-09,-2.1074726434586505e-11
897,53880.0,53880,47.11411968148973,47.11411968146866,128.81785575650537,0.0,47.114120061643185,3.8017453326876787e-07,0.0,9.252992937512604e-09,-2.1072517896572012e-11
898,53940.0,53940,47.11411968151989,47.11411968149881,129.48530578437533,0.0,47.11412006167405,3.801752485006533e-07,0.0,9.252990647802624e-09,-2.1070331528704336e-11
899,54000.0,54000,47.114119681549816,47.11411968152874,130.15275581224572,0.0,47.11412006170469,3.801759577870563e-07,0.0,9.252988360349544e-09,-2.106816714595158e-11
900,54060.0,54060,47.1141196815795,47.114119681558435,130.8202058401165,0.0,47.11412006173509,3.801766611436856e-07,0.0,9.25298607498053e-09,-2.1066024558505096e-11
901,54120.0,54120,47.114119681608955,47.114119681587894,131.48765586798774,0.0,47.11412006176524,3.801773585863875e-07,0.0,9.252983791526153e-09,-2.1063903384441525e-11
902,54180.0,54180,47.114119681638186,47.11411968161711,132.15510589585935,0.0,47.11412006179516,3.80178050131106e-07,0.0,9.252981509820749e-09,-2.1061803399829885e-11
903,54240.0,54240,47.11411968166716,47.1141196816461,132.8225559237314,0.0,47.11412006182483,3.8017873579392835e-07,0.0,9.252979229702418e-09,-2.1059724270787573e-11
904,54300.0,54300,47.11411968169591,47.11411968167484,133.49000595160385,0.0,47.11412006185425,3.8017941559097055e-07,0.0,9.252976951013925e-09,-2.1057665642575176e-11
905,54360.0,54360,47.11411968172442,47.11411968170336,134.15745597947668,0.0,47.11412006188344,3.8018008953846913e-07,0.0,9.252974673602693e-09,-2.1055627141314084e-11
906,54420.0,54420,47.11411968175268,47.11411968173162,134.82490600734994,0.0,47.11412006191238,3.801807576526835e-07,0.0,9.252972397321526e-09,-2.1053608279393742e-11
907,54480.0,54480,47.114119681780714,47.11411968175966,135.49235603522357,0.0,47.11412006194107,3.8018141994993053e-07,0.0,9.252970122030575e-09,-2.105160868980826e-11
908,54540.0,54540,47.114119681808496,47.114119681787436,136.15980606309765,0.0,47.1141200619695,3.801820764464868e-07,0.0,9.252967847595914e-09,-2.1049627761812043e-11
909,54600.0,54600,47.11411968183604,47.114119681814984,136.82725609097213,0.0,47.1141200619977,3.801827271586118e-07,0.0,9.2529655738915e-09,-2.104766497142565e-11
910,54660.0,54660,47.11411968186333,47.11411968184228,137.49470611884698,0.0,47.11412006202564,3.8018337210250757e-07,0.0,9.2529633007999e-09,-2.104571966968287e-11
911,54720.0,54720,47.11411968189039,47.114119681869326,138.1621561467222,0.0,47.11412006205334,3.801840112941754e-07,0.0,9.252961028213358e-09,-2.1043791222163436e-11
912,54780.0,54780,47.11411968191719,47.114119681896135,138.82960617459779,0.0,47.11412006208078,3.8018464474958786e-07,0.0,9.252958756034524e-09,-2.104187888784681e-11
913,54840.0,54840,47.11411968194375,47.114119681922695,139.49705620247377,0.0,47.11412006210796,3.801852724844536e-07,0.0,9.252956484177333e-09,-2.10399818017137e-11
914,54900.0,54900,47.11411968197005,47.11411968194901,140.16450623035013,0.0,47.114120062134894,3.801858945141084e-07,0.0,9.25295421256846e-09,-2.103809913917155e-11
915,54960.0,54960,47.11411968199611,47.11411968197507,140.83195625822685,0.0,47.11412006216158,3.8018651085375596e-07,0.0,9.252951941149276e-09,-2.10362299358496e-11
916,55020.0,55020,47.114119682021915,47.114119682000876,141.49940628610395,0.0,47.11412006218799,3.801871215179863e-07,0.0,9.252949669873881e-09,-2.1034373146091203e-11
917,55080.0,55080,47.11411968204747,47.114119682026434,142.16685631398144,0.0,47.114120062214155,3.801877265210851e-07,0.0,9.252947398715385e-09,-2.1032527559225588e-11
918,55140.0,55140,47.114119682072776,47.11411968205174,142.83430634185925,0.0,47.11412006224006,3.801883258766326e-07,0.0,9.252945127665e-09,-2.103069201011654e-11
919,55200.0,55200,47.11411968209783,47.11411968207679,143.50175636973745,0.0,47.11412006226571,3.801889195976065e-07,0.0,9.252942856732229e-09,-2.102886518918358e-11
920,55260.0,55260,47.11411968212262,47.11411968210159,144.16920639761594,0.0,47.114120062291086,3.801895076962214e-07,0.0,9.252940585949344e-09,-2.1027045575186974e-11
921,55320.0,55320,47.114119682147155,47.11411968212612,144.83665642549482,0.0,47.11412006231622,3.80190090183797e-07,0.0,9.252938315371387e-09,-2.102523163830611e-11
922,55380.0,55380,47.11411968217144,47.11411968215041,145.50410645337405,0.0,47.11412006234108,3.8019066707062026e-07,0.0,9.25293604507886e-09,-2.1023421654952303e-11
923,55440.0,55440,47.114119682195465,47.11411968217444,146.17155648125362,0.0,47.11412006236567,3.801912383658306e-07,0.0,9.252933775180592e-09,-2.1021613733953683e-11
924,55500.0,55500,47.11411968221923,47.1141196821982,146.83900650913353,0.0,47.11412006239001,3.801918040772996e-07,0.0,9.252931505814456e-09,-2.1019805957346115e-11
925,55560.0,55560,47.11411968224274,47.11411968222171,147.5064565370138,0.0,47.114120062414074,3.8019236421143575e-07,0.0,9.252929237151854e-09,-2.1017996168339748e-11
926,55620.0,55620,47.11411968226598,47.11411968224496,148.17390656489437,0.0,47.11412006243788,3.8019291877296094e-07,0.0,9.252926969397893e-09,-2.1016181951222654e-11
927,55680.0,55680,47.114119682288965,47.11411968226794,148.8413565927753,0.0,47.1141200624614,3.801934677648011e-07,0.0,9.252924702797124e-09,-2.1014360883665096e-11
928,55740.0,55740,47.11411968231168,47.11411968229067,149.5088066206565,0.0,47.11412006248467,3.8019401118779955e-07,0.0,9.252922437634799e-09,-2.1012530271720166e-11
929,55800.0,55800,47.11411968233414,47.114119682313124,150.17625664853807,0.0,47.114120062507666,3.8019454904056224e-07,0.0,9.252920174239195e-09,-2.1010687203581837e-11
930,55860.0,55860,47.11411968235633,47.11411968233532,150.8437066764199,0.0,47.1141200625304,3.8019508131921075e-07,0.0,9.252917912987002e-09,-2.1008828541526738e-11
931,55920.0,55920,47.11411968237826,47.11411968235725,151.5111567043021,0.0,47.11412006255285,3.8019560801699225e-07,0.0,9.252915654306185e-09,-2.1006950937721082e-11
932,55980.0,55980,47.11411968239992,47.114119682378906,152.1786067321846,0.0,47.114120062575026,3.801961291241305e-07,0.0,9.252913398679572e-09,-2.1005050855161324e-11
933,56040.0,56040,47.11411968242131,47.11411968240031,152.84605676006737,0.0,47.114120062596946,3.8019664462752153e-07,0.0,9.252911146648617e-09,-2.1003124444683414e-11
934,56100.0,56100,47.114119682442436,47.114119682421425,153.5135067879505,0.0,47.114120062618575,3.8019715451026326e-07,0.0,9.252908898818066e-09,-2.1001167606740236e-11
935,56160.0,56160,47.11411968246329,47.114119682442286,154.18095681583387,0.0,47.114120062639934,3.8019765875150076e-07,0.0,9.252906655860078e-09,-2.0999175891922327e-11
936,56220.0,56220,47.114119682483874,47.114119682462864,154.84840684371758,0.0,47.114120062661016,3.8019815732589245e-07,0.0,9.252904418519778e-09,-2.099714489377066e-11
937,56280.0,56280,47.11411968250418,47.114119682483185,155.51585687160153,0.0,47.11412006268183,3.8019865020326605e-07,0.0,9.252902187616165e-09,-2.0995069458756567e-11
938,56340.0,56340,47.11411968252422,47.11411968250322,156.1833068994858,0.0,47.114120062702355,3.8019913734818806e-07,0.0,9.2528999640525e-09,-2.0992944515217348e-11
939,56400.0,56400,47.114119682543986,47.114119682523,156.85075692737036,0.0,47.114120062722606,3.801996187196255e-07,0.0,9.252897748815955e-09,-2.099076463055628e-11
940,56460.0,56460,47.11411968256348,47.11411968254249,157.51820695525518,0.0,47.11412006274257,3.8020009427028027e-07,0.0,9.252895542983526e-09,-2.0988524020677057e-11
941,56520.0,56520,47.11411968258269,47.1141196825617,158.18565698314026,0.0,47.114120062762254,3.802005639462335e-07,0.0,9.252893347727584e-09,-2.0986216717200853e-11
942,56580.0,56580,47.114119682601626,47.114119682580636,158.85310701102566,0.0,47.11412006278166,3.802010276863945e-07,0.0,9.252891164320374e-09,-2.0983836622041523e-11
943,56640.0,56640,47.11411968262029,47.11411968259931,159.5205570389113,0.0,47.11412006280079,3.802014854220596e-07,0.0,9.252888994133463e-09,-2.098137743725268e-11
944,56700.0,56700,47.11411968263867,47.11411968261769,160.1880070667972,0.0,47.114120062819616,3.8020193707618856e-07,0.0,9.252886838644021e-09,-2.0978832664113354e-11
945,56760.0,56760,47.11411968265678,47.11411968263579,160.85545709468337,0.0,47.11412006283817,3.8020238256304343e-07,0.0,9.252884699435892e-09,-2.097619598595484e-11
946,56820.0,56820,47.1141196826746,47.114119682653616,161.5229071225698,0.0,47.114120062856436,3.802028217876093e-07,0.0,9.252882578197813e-09,-2.097346117144972e-11
947,56880.0,56880,47.114119682692134,47.11411968267115,162.19035715045646,0.0,47.114120062874406,3.802032546449054e-07,0.0,9.25288047672196e-09,-2.097062220523856e-11
948,56940.0,56940,47.11411968270939,47.11411968268842,162.8578071783434,0.0,47.11412006289209,3.802036810197387e-07,0.0,9.252878396899487e-09,-2.0967673547654955e-11
949,57000.0,57000,47.11411968272636,47.11411968270539,163.52525720623055,0.0,47.11412006290949,3.802041007860441e-07,0.0,9.252876340713518e-09,-2.0964610571836924e-11
950,57060.0,57060,47.11411968274305,47.114119682722084,164.19270723411796,0.0,47.1141200629266,3.802045138064195e-07,0.0,9.252874310223913e-09,-2.0961429514627037e-11
951,57120.0,57120,47.11411968275946,47.11411968273849,164.8601572620056,0.0,47.11412006294341,3.8020491993210304e-07,0.0,9.25287230755239e-09,-2.095812827985627e-11
952,57180.0,57180,47.11411968277557,47.114119682754605,165.52760728989344,0.0,47.11412006295993,3.802053190023362e-07,0.0,9.252870334854552e-09,-2.095470657950119e-11
953,57240.0,57240,47.1141196827914,47.11411968277044,166.19505731778153,0.0,47.11412006297615,3.802057108446164e-07,0.0,9.252868394291022e-09,-2.095116692784658e-11
954,57300.0,57300,47.11411968280694,47.11411968278598,166.86250734566988,0.0,47.11412006299207,3.8020609527462207e-07,0.0,9.25286648797939e-09,-2.0947515005748582e-11
955,57360.0,57360,47.114119682822185,47.11411968280123,167.52995737355843,0.0,47.1141200630077,3.802064720966375e-07,0.0,9.252864617942767e-09,-2.0943760833131075e-11
956,57420.0,57420,47.11411968283714,47.114119682816195,168.19740740144718,0.0,47.11412006302303,3.8020684110416093e-07,0.0,9.252862786034828e-09,-2.0939919728801695e-11
957,57480.0,57480,47.11411968285181,47.11411968283087,168.86485742933613,0.0,47.11412006303806,3.802072020809601e-07,0.0,9.252860993856456e-09,-2.0936013837443888e-11
958,57540.0,57540,47.11411968286618,47.11411968284524,169.5323074572253,0.0,47.114120063052795,3.8020755480252963e-07,0.0,9.252859242636858e-09,-2.0932073128108082e-11
959,57600.0,57600,47.11411968288026,47.11411968285933,170.19975748511465,0.0,47.114120063067226,3.802078990380704e-07,0.0,9.252857533107361e-09,-2.092813754817525e-11
960,57660.0,57660,47.11411968289404,47.11411968287311,170.86720751300425,0.0,47.11412006308134,3.8020823455327206e-07,0.0,9.252855865331251e-09,-2.0924258902570638e-11
961,57720.0,57720,47.11411968290753,47.1141196828866,171.53465754089402,0.0,47.114120063095164,3.8020856111377247e-07,0.0,9.252854238509795e-09,-2.092050281624537e-11
962,57780.0,57780,47.114119682920716,47.1141196828998,172.20210756878396,0.0,47.114120063108665,3.802088784894611e-07,0.0,9.25285265074969e-09,-2.0916951310455626e-11
963,57840.0,57840,47.114119682933605,47.11411968291269,172.8695575966741,0.0,47.11412006312187,3.802091864601756e-07,0.0,9.252851098792524e-09,-2.0913704953204495e-11
964,57900.0,57900,47.114119682946196,47.114119682925285,173.5370076245644,0.0,47.11412006313476,3.802094848223172e-07,0.0,9.252849577701186e-09,-2.091088564544824e-11
965,57960.0,57960,47.11411968295849,47.11411968293757,174.20445765245492,0.0,47.11412006314734,3.8020977339715264e-07,0.0,9.252848080510448e-09,-2.0908638507403368e-11
966,58020.0,58020,47.11411968297048,47.11411968294957,174.87190768034557,0.0,47.11412006315961,3.802100520405729e-07,0.0,9.252846597834839e-09,-2.0907133713659914e-11
967,58080.0,58080,47.114119682982164,47.11411968296125,175.53935770823642,0.0,47.11412006317156,3.8021032065486074e-07,0.0,9.252845117454858e-09,-2.090656753567409e-11
968,58140.0,58140,47.11411968299355,47.114119682972635,176.20680773612742,0.0,47.11412006318321,3.802105792022132e-07,0.0,9.252843623880934e-09,-2.090716190580234e-11
969,58200.0,58200,47.114119683004624,47.114119682983706,176.87425776401858,0.0,47.11412006319453,3.8021082772079473e-07,0.0,9.252842097925823e-09,-2.090916211709759e-11
970,58260.0,58260,47.11411968301538,47.11411968299446,177.54170779190991,0.0,47.114120063205526,3.802110663428036e-07,0.0,9.25284051631572e-09,-2.091283195909198e-11
971,58320.0,58320,47.11411968302585,47.11411968300492,178.2091578198014,0.0,47.11412006321621,3.802112953153558e-07,0.0,9.252838851383507e-09,-2.091844553206128e-11
972,58380.0,58380,47.11411968303599,47.114119683015055,178.87660784769304,0.0,47.114120063226565,3.8021151502385285e-07,0.0,9.25283707089609e-09,-2.092627397610077e-11
973,58440.0,58440,47.11411968304582,47.114119683024875,179.5440578755848,0.0,47.1141200632366,3.802117260180521e-07,0.0,9.252835138105134e-09,-2.0936566836063168e-11
974,58500.0,58500,47.114119683055335,47.11411968303438,180.2115079034767,0.0,47.11412006324631,3.8021192904109147e-07,0.0,9.252833012107087e-09,-2.0949526630010443e-11
975,58560.0,58560,47.11411968306454,47.11411968304356,180.87895793136875,0.0,47.11412006325568,3.8021212506101027e-07,0.0,9.252830648628996e-09,-2.096527466651542e-11
976,58620.0,58620,47.11411968307341,47.114119683052415,181.5464079592609,0.0,47.11412006326473,3.8021231530468487e-07,0.0,9.25282800138144e-09,-2.09838073735001e-11
977,58680.0,58680,47.11411968308196,47.114119683060956,182.2138579871532,0.0,47.114120063273454,3.80212501293641e-07,0.0,9.252825024142585e-09,-2.1004941770179694e-11
978,58740.0,58740,47.114119683090195,47.11411968306916,182.88130801504565,0.0,47.11412006328184,3.802126848802216e-07,0.0,9.252821673749468e-09,-2.102824744506302e-11
979,58800.0,58800,47.114119683098096,47.11411968307704,183.54875804293818,0.0,47.1141200632899,3.802128682818898e-07,0.0,9.252817914223266e-09,-2.1052965104019507e-11
980,58860.0,58860,47.11411968310568,47.11411968308459,184.21620807083082,0.0,47.11412006329764,3.8021305410895147e-07,0.0,9.25281372225558e-09,-2.1077906909433578e-11
981,58920.0,58920,47.11411968311294,47.114119683091836,184.88365809872354,0.0,47.11412006330507,3.802132453786978e-07,0.0,9.252809094348817e-09,-2.110133818279947e-11
982,58980.0,58980,47.11411968311988,47.11411968309875,185.5511081266164,0.0,47.11412006331219,3.802134455034716e-07,0.0,9.252804055937044e-09,-2.1120835680810707e-11
983,59040.0,59040,47.114119683126525,47.11411968310538,186.21855815450937,0.0,47.114120063319035,3.802136582341093e-07,0.0,9.25279867286358e-09,-2.113312099584747e-11
984,59100.0,59100,47.11411968313288,47.11411968311174,186.8860081824024,0.0,47.114120063325615,3.802138875320454e-07,0.0,9.252793065634717e-09,-2.113387212280126e-11
985,59160.0,59160,47.114119683138966,47.11411968311785,187.55345821029553,0.0,47.11412006333198,3.802141373346925e-07,0.0,9.252787426815872e-09,-2.111753077209779e-11
986,59220.0,59220,47.11411968314485,47.11411968312376,188.22090823818874,0.0,47.11412006333817,3.8021441117287397e-07,0.0,9.252782041633063e-09,-2.10771560612346e-11
987,59280.0,59280,47.114119683150555,47.11411968312955,188.88835826608207,0.0,47.11412006334425,3.8021471160425047e-07,0.0,9.252777311012016e-09,-2.1004445072380745e-11
988,59340.0,59340,47.11411968315616,47.11411968313527,189.55580829397545,0.0,47.1141200633503,3.802150394514155e-07,0.0,9.252773774263907e-09,-2.089016707475626e-11
989,59400.0,59400,47.11411968316176,47.11411968314104,190.2232583218689,0.0,47.114120063356424,3.802153928939943e-07,0.0,9.252772124529383e-09,-2.0725463980555e-11
990,59460.0,59460,47.11411968316747,47.11411968314697,190.89070834976246,0.0,47.114120063362726,3.802157665659294e-07,0.0,9.252773202535867e-09,-2.050474058682359e-11
991,59520.0,59520,47.114119683173435,47.1141196831532,191.55815837765607,0.0,47.11412006336934,3.802161509334733e-07,0.0,9.25277794217143e-09,-2.0231077816445516e-11
992,59580.0,59580,47.11411968317984,47.114119683159906,192.2256084055498,0.0,47.114120063376426,3.802165322943917e-07,0.0,9.252787225829032e-09,-1.992484602320452e-11
993,59640.0,59640,47.1141196831869,47.11411968316725,192.89305843344363,0.0,47.11412006338414,3.802168935790761e-07,0.0,9.252801596193548e-09,-1.963470741189696e-11
994,59700.0,59700,47.114119683194915,47.11411968317547,193.56050846133752,0.0,47.114120063392676,3.80217215590662e-07,0.0,9.25282078466935e-09,-1.944683167310547e-11
995,59760.0,59760,47.11411968320428,47.11411968318479,194.22795848923155,0.0,47.11412006340226,3.8021747769443753e-07,0.0,9.252843086257059e-09,-1.948471262096948e-11
996,59820.0,59820,47.11411968321542,47.11411968319552,194.8954085171257,0.0,47.114120063413175,3.802176579777008e-07,0.0,9.25286473758865e-09,-1.9895756730633044e-11
997,59880.0,59880,47.11411968322886,47.11411968320801,195.56285854502002,0.0,47.11412006342574,3.8021773881493564e-07,0.0,9.252879518651272e-09,-2.0837570401693923e-11
998,59940.0,59940,47.114119683245015,47.114119683222526,196.23030857291445,0.0,47.114120063440254,3.8021773326247395e-07,0.0,9.252878583254658e-09,-2.247978011870642e-11
999,60000.0,60000,47.11411968326424,47.11411968323927,196.89775860080917,0.0,47.11412006345701,3.8021773913295866e-07,0.0,9.252850259174005e-09,-2.4968610476327585e-11
1000,60060.0,60060,47.114119683286816,47.11411968325856,197.5652086287041,0.0,47.11412006347651,3.8021796309496353e-07,0.0,9.25278043821575e-09,-2.8257764991888648e-11
1001,60120.0,60120,47.114119683313014,47.11411968328084,198.2326586565993,0.0,47.114120063499406,3.802185681919644e-07,0.0,9.252655784035417e-09,-3.216885960010397e-11
1002,60180.0,60180,47.114119683342174,47.11411968330312,198.90010868449485,0.0,47.11412006352241,3.802192923685681e-07,0.0,9.252465930701102e-09,-3.905112794477638e-11
1003,60240.0,60240,47.11411968336959,47.11411968329493,199.56755871239068,0.0,47.11412006351433,3.8021940364381095e-07,0.0,9.252161344907026e-09,-7.464513942137617e-11
1004,60300.0,60300,47.114119683384544,47.11411968300629,200.23500874028642,0.0,47.11412006322616,3.802198783129389e-07,0.0,9.2512634399903e-09,-3.78253548850406e-10
1005,60360.0,60360,47.11411968338226,47.1141196801192,200.902458768178,0.0,47.11412006034926,3.8023006112360923e-07,0.0,9.24530517385277e-09,-3.2630529284347078e-09
1006,60420.0,60420,47.11411968332986,47.11411965167747,201.56990879602873,0.0,47.11412003195522,3.8027775868506927e-07,0.0,9.191266550280236e-09,-3.165238685326546e-08
1007,60480.0,60480,47.114119682427464,47.114119344708534,202.23735882347637,0.0,47.114119725171356,3.804628303444217e-07,0.0,8.66407203179329e-09,-3.377189265726849e-07
1008,60540.0,60540,47.114121817328744,-252.88587789716738,202.90480884657484,300.0,2.7517813197542123e-07,252.88587817234549,0.0,3.0357684746070963e-09,2.855039110929287e-07
1009,60600.0,60600,47.11412183107356,-252.88587810577303,198.69004421426703,300.0,2.5834315283292516e-07,252.8858783641162,0.0,7.79453644729155e-09,6.315340843138143e-08
1010,60660.0,60660,47.114121834381166,-252.88587814789892,194.47527957852452,300.0,2.5432516763239577e-07,252.88587840222408,0.0,8.847456668203503e-09,1.7719934078860416e-08
1011,60720.0,60720,47.114121835244816,-252.88587815846677,190.26051494209,300.0,2.532812331340061e-07,252.88587841174805,0.0,9.143149386319269e-09,6.2883980969810994e-09
1012,60780.0,60780,47.114121835280855,-252.88587815907502,186.04575030548196,300.0,2.532289562969829e-07,252.88587841230395,0.0,9.248315549302806e-09,5.644129392661037e-09
1013,60840.0,60840,47.11412183458576,-252.8858781509772,181.83098566886386,300.0,2.540458957897047e-07,252.8858784050231,0.0,9.342744388129281e-09,1.4437078843791242e-08
1014,60900.0,60900,47.11412183209876,-252.88587811992838,177.61622103237872,300.0,2.570512365439573e-07,252.88587837697958,0.0,9.5837243775454e-09,4.7972850814941033e-08
1015,60960.0,60960,47.11412182413266,-252.88587800856632,173.40145639640355,300.0,2.6679327188964784e-07,252.88587827535963,0.0,1.0383637941896333e-08,1.6730102872981824e-07
1016,61020.0,61020,47.11412180167344,-252.88587756519678,169.18669176226007,300.0,2.9446952589934977e-07,252.88587785966632,0.0,1.3172361824998147e-08,6.331297729841678e-07
1017,61080.0,61080,47.114121735999426,-207.88587604041885,164.97192713543689,255.0,3.7900782396426733e-07,207.8858764194267,0.0,2.3724908133215588e-08,2.223581682957247e-06
1018,61140.0,61140,47.1141196735293,47.11411681862217,161.50716253381532,0.0,47.11411720000872,3.8138656117792316e-07,0.0,6.078498748641069e-08,-2.854907128406403e-06
1019,61200.0,61200,47.11411968284965,47.114119470777126,162.17461252112525,0.0,47.11411985124635,3.8046922837203394e-07,0.0,1.3203559160552445e-08,-2.1207251366459749e-07
1020,61260.0,61260,47.11411968343652,47.114119661199354,162.84206254600966,0.0,47.11412004149444,3.802950912010401e-07,0.0,9.669363480567256e-09,-2.2237163968302103e-08
1021,61320.0,61320,47.11411968347126,47.114119681061815,163.50951257359213,0.0,47.114120061286705,3.8022489913422665e-07,0.0,9.299088924992648e-09,-2.409441302804097e-09
1022,61380.0,61380,47.11411968356256,47.11411968325684,164.1769626014562,0.0,47.11412006347143,3.8021459837376667e-07,0.0,9.259277446397975e-09,-3.057181784982532e-10
1023,61440.0,61440,47.114119683622434,47.11411968356045,164.8444126293514,0.0,47.11412006377677,3.8021631608618415e-07,0.0,9.254528490596559e-09,-6.196933723638805e-11
1024,61500.0,61500,47.11411968364711,47.114119683613474,165.51186265725087,0.0,47.11412006383403,3.802205586839096e-07,0.0,9.253841978044288e-09,-3.363201034664529e-11
1025,61560.0,61560,47.11411968365151,47.11411968361831,166.1793126851511,0.0,47.11412006384151,3.8022319500683677e-07,0.0,9.253627566520849e-09,-3.318918165236994e-11
1026,61620.0,61620,47.114119683647445,47.11411968361097,166.8467627130514,0.0,47.11412006383375,3.802227822980529e-07,0.0,9.253420330766143e-09,-3.645818147778541e-11
1027,61680.0,61680,47.11411968364437,47.11411968361007,167.5142127409516,0.0,47.11412006383229,3.8022222961388516e-07,0.0,9.253158504735412e-09,-3.429402798352722e-11
1028,61740.0,61740,47.114119683644496,47.11411968361482,168.18166276885177,0.0,47.114120063837476,3.802226681090538e-07,0.0,9.252932711242627e-09,-2.967848263101443e-11
1029,61800.0,61800,47.11411968364778,47.114119683622334,168.849112796752,0.0,47.114120063846386,3.8022405569442725e-07,0.0,9.252783843411872e-09,-2.544050515771286e-11
1030,61860.0,61860,47.11411968365369,47.114119683631394,169.51656282465234,0.0,47.114120063857435,3.8022604960866366e-07,0.0,9.252705621489645e-09,-2.2291470556551783e-11
1031,61920.0,61920,47.11411968366163,47.11411968364148,170.1840128525528,0.0,47.11412006386977,3.8022828869571416e-07,0.0,9.252679894582497e-09,-2.013922421965975e-11
1032,61980.0,61980,47.114119683671106,47.114119683652355,170.8514628804534,0.0,47.11412006388284,3.802304923247486e-07,0.0,9.25269004131673e-09,-1.8747969258933323e-11
1033,62040.0,62040,47.11411968368176,47.11411968366385,171.51891290835417,0.0,47.11412006389633,3.8023248611067087e-07,0.0,9.252723369879437e-09,-1.7897477526268153e-11
1034,62100.0,62100,47.11411968369337,47.11411968367595,172.18636293625505,0.0,47.11412006391013,3.802341834034267e-07,0.0,9.252770861337236e-09,-1.7408214848601228e-11
1035,62160.0,62160,47.1141196837059,47.11411968368875,172.85381296415613,0.0,47.114120063924304,3.802355515106543e-07,0.0,9.252826491859679e-09,-1.714787901716135e-11
1036,62220.0,62220,47.11411968371946,47.11411968370242,173.5212629920574,0.0,47.11412006393899,3.8023658335561796e-07,0.0,9.252886444832872e-09,-1.7038988383405892e-11
1037,62280.0,62280,47.11411968373424,47.11411968371716,174.18871301995884,0.0,47.11412006395444,3.802372819132678e-07,0.0,9.252948196207412e-09,-1.7064749617937346e-11
1038,62340.0,62340,47.114119683750545,47.11411968373327,174.8561630478605,0.0,47.11412006397092,3.802376560875989e-07,0.0,9.25300950222711e-09,-1.7265305345673417e-11
1039,62400.0,62400,47.114119683768784,47.11411968375106,175.52361307576237,0.0,47.11412006398878,3.8023772365822504e-07,0.0,9.2530674500241e-09,-1.7718409040208998e-11
1040,62460.0,62460,47.11411968378938,47.114119683770866,176.1910631036645,0.0,47.114120064008375,3.802375178546145e-07,0.0,9.253117830653735e-09,-1.8512513955707958e-11
1041,62520.0,62520,47.11411968381258,47.114119683792836,176.85851313156692,0.0,47.11412006402993,3.802370984795799e-07,0.0,9.25315496093099e-09,-1.9739974700306234e-11
1042,62580.0,62580,47.11411968383835,47.114119683816824,177.52596315946963,0.0,47.114120064053395,3.802365735073073e-07,0.0,9.253171618712728e-09,-2.151737223352078e-11
1043,62640.0,62640,47.11411968386622,47.114119683842276,178.1934131873727,0.0,47.114120064078406,3.80236129785864e-07,0.0,9.253158639252855e-09,-2.3938731299482926e-11
1044,62700.0,62700,47.11411968389562,47.114119683868786,178.86086321527614,0.0,47.11412006410481,3.8023603078572525e-07,0.0,9.253105290722859e-09,-2.6830285879329635e-11
1045,62760.0,62760,47.114119683925985,47.11411968389645,179.52831324317992,0.0,47.11412006413291,3.802364698024525e-07,0.0,9.253003736087339e-09,-2.95337979372358e-11
1046,62820.0,62820,47.11411968395539,47.11411968392378,180.19576327108413,0.0,47.114120064160936,3.8023715844437295e-07,0.0,9.252857104111466e-09,-3.160056802229582e-11
1047,62880.0,62880,47.11411968397674,47.11411968394063,180.8632132989887,0.0,47.114120064177456,3.802368358115375e-07,0.0,9.252675986462266e-09,-3.6112278524051464e-11
1048,62940.0,62940,47.114119683976206,47.11411968390562,181.53066332689355,0.0,47.114120064139506,3.8023388834993804e-07,0.0,9.252419573819155e-09,-7.057814258575858e-11
1049,63000.0,63000,47.114119683947735,47.11411968356811,182.19811335479787,0.0,47.11412006379837,3.8023026200545686e-07,0.0,9.251588508023583e-09,-3.7961037965277536e-10
1050,63060.0,63060,47.114119683910474,47.1141196806339,182.86556338269742,0.0,47.11412006087277,3.802388798698239e-07,0.0,9.24560655644876e-09,-3.2765740175816284e-09
1051,63120.0,63120,47.11411968383409,47.11411965218348,183.5330134105554,0.0,47.11412003247607,3.8029259802325606e-07,0.0,9.191341599843134e-09,-3.1650605739910675e-08
1052,63180.0,63180,47.11411968295304,47.114119345212615,184.20046343801016,0.0,47.114119725746846,3.805342347051891e-07,0.0,8.664176305038315e-09,-3.377404224116879e-07
1053,63240.0,63240,47.1141218173296,-252.88587789718534,184.86791346111562,300.0,2.751626771724498e-07,252.88587817234801,0.0,3.035515028603759e-09,2.854850405805332e-07
1054,63300.0,63300,47.11412183105536,-252.88587810591505,180.65314882880753,300.0,2.583221474813586e-07,252.88587836423721,0.0,7.793967095927265e-09,6.302957880127687e-08
1055,63360.0,63360,47.11412183436066,-252.88587814830046,176.43838419306275,300.0,2.542780699095992e-07,252.88587840257856,0.0,8.844822729562776e-09,1.7338876124115434e-08
1056,63420.0,63420,47.11412183528564,-252.88587815963334,172.22361955662163,300.0,2.531520616622636e-07,252.88587841278544,0.0,9.134163846463412e-09,5.080986083863103e-09
1057,63480.0,63480,47.11412183556094,-252.88587816278618,168.00885491999446,300.0,2.528338804217255e-07,252.88587841562006,0.0,9.219205412217888e-09,1.6529075205221594e-09
1058,63540.0,63540,47.11412183563444,-252.88587816346228,163.79409028331554,300.0,2.527672287013289e-07,252.88587841622956,0.0,9.247111608501977e-09,9.032581801434442e-10
1059,63600.0,63600,47.11412183559107,-252.88587816294188,159.5793256466255,300.0,2.528287642834872e-07,252.88587841577066,0.0,9.262523419360063e-09,1.4670195016010408e-09
1060,63660.0,63660,47.114121835344804,-252.885878160388,155.36456100994397,300.0,2.531039600896077e-07,252.885878413492,0.0,9.28733173323465e-09,4.2671703833845355e-09
1061,63720.0,63720,47.11412183455278,-252.88587815129728,151.14979637330433,300.0,2.5403030605019e-07,252.88587840532762,0.0,9.358810660083945e-09,1.414994969560444e-08
1062,63780.0,63780,47.11412183202834,-252.88587811958521,146.93503173681387,300.0,2.5710440987617935e-07,252.88587837668962,0.0,9.5950049546929e-09,4.8386475560524393e-08
1063,63840.0,63840,47.114121823972695,-252.88587800695913,142.7202671008443,300.0,2.6696116947415354e-07,252.88587827392033,0.0,1.0401811399242209e-08,1.6906815521891915e-07
1064,63900.0,63900,47.1141218011124,-252.88587755896583,138.50550246672714,300.0,2.9485340582523444e-07,252.88587785381924,0.0,1.3219984998902962e-08,6.399218241239534e-07
1065,63960.0,63960,47.11412173323845,-22.885876098119617,134.29073784000684,69.99999999999986,3.827725787780207e-07,22.8858764808922,0.0,2.3885728272133394e-08,2.1686418006556894e-06
1066,64020.0,64020,47.11411967817177,47.11411686554996,133.90930657074753,0.0,47.114117246452494,3.80902535941703e-07,0.0,6.003013693149786e-08,-2.8126218007503067e-06
1067,64080.0,64080,47.11411968378673,47.114119474310655,134.57675655872345,0.0,47.11411985470266,3.803920008738536e-07,0.0,1.3153461146307801e-08,-2.094760687472442e-07
1068,64140.0,64140,47.11411968415489,47.11411966218734,135.24420658365815,0.0,47.11412004244023,3.8025289443818724e-07,0.0,9.66253850766462e-09,-2.1967546630195262e-08
1069,64200.0,64200,47.11411968429934,47.1141196819843,135.91165661125476,0.0,47.11412006220882,3.802245191007075e-07,0.0,9.296757820770415e-09,-2.315034293444525e-09
1070,64260.0,64260,47.11411968440676,47.114119684144015,136.57910663913188,0.0,47.11412006436976,3.8022573932334245e-07,0.0,9.258519787635001e-09,-2.627298676774816e-10
1071,64320.0,64320,47.11411968445187,47.11411968439438,137.24655666703964,0.0,47.11412006462469,3.8023031464815965e-07,0.0,9.25448692457778e-09,-5.7482103625387424e-11
1072,64380.0,64380,47.11411968446697,47.1141196844381,137.9140066949509,0.0,47.11412006467909,3.802409992123499e-07,0.0,9.253874803369308e-09,-2.8863697552795177e-11
1073,64440.0,64440,47.11411968445452,47.114119684414675,138.58145672286275,0.0,47.11412006465491,3.8024024192487294e-07,0.0,9.253739271514228e-09,-3.9845516194502764e-11
1074,64500.0,64500,47.114119684444425,47.114119684405274,139.2489067507743,0.0,47.11412006464327,3.802379971879992e-07,0.0,9.253420532160688e-09,-3.91401790879592e-11
1075,64560.0,64560,47.11411968444259,47.114119684409715,139.9163567786857,0.0,47.11412006464737,3.802376589627605e-07,0.0,9.253113482175293e-09,-3.286850846859974e-11
1076,64620.0,64620,47.11411968444901,47.11411968442167,140.58380680659715,0.0,47.114120064660874,3.8023921654080564e-07,0.0,9.252910957133462e-09,-2.7336749155206312e-11
1077,64680.0,64680,47.11411968446233,47.11411968443896,141.25125683450878,0.0,47.114120064681,3.802420471418603e-07,0.0,9.25280066083602e-09,-2.3365091019644388e-11
1078,64740.0,64740,47.11411968448073,47.1141196844601,141.91870686242066,0.0,47.114120064705496,3.8024540490845097e-07,0.0,9.25275659777571e-09,-2.0628432533432932e-11
1079,64800.0,64800,47.114119684502384,47.114119684483526,142.58615689033283,0.0,47.11412006473218,3.8024864656280987e-07,0.0,9.252758171684953e-09,-1.884984168253279e-11
1080,64860.0,64860,47.114119684525754,47.114119684507905,143.2536069182453,0.0,47.11412006475928,3.8025137948649513e-07,0.0,9.252789396033155e-09,-1.784408503756074e-11
1081,64920.0,64920,47.11411968454969,47.114119684532234,143.92105694615813,0.0,47.1141200647857,3.802534740212436e-07,0.0,9.252837374636836e-09,-1.7451674252903938e-11
1082,64980.0,64980,47.11411968457343,47.11411968455591,144.58850697407127,0.0,47.11412006481088,3.802549782071542e-07,0.0,9.252891875826223e-09,-1.7512570937207237e-11
1083,65040.0,65040,47.11411968459654,47.11411968457866,145.25595700198477,0.0,47.11412006483467,3.802560158054129e-07,0.0,9.252945341035392e-09,-1.7869298090196502e-11
1084,65100.0,65100,47.11411968461884,47.11411968460046,145.92340702989858,0.0,47.11412006485717,3.8025671745496145e-07,0.0,9.25299284005546e-09,-1.8381560273536862e-11
1085,65160.0,65160,47.114119684640364,47.11411968462142,146.59085705781268,0.0,47.114120064878605,3.802571909186188e-07,0.0,9.253031782705225e-09,-1.8938811180858262e-11
1086,65220.0,65220,47.1141196846612,47.11411968464173,147.2583070857271,0.0,47.11412006489923,3.802575159438412e-07,0.0,9.25306142172073e-09,-1.9464820100181886e-11
1087,65280.0,65280,47.1141196846815,47.11411968466158,147.9257571136418,0.0,47.11412006491933,3.80257749175082e-07,0.0,9.253082280206951e-09,-1.9915143610852763e-11
1088,65340.0,65340,47.11411968470143,47.11411968468115,148.5932071415568,0.0,47.11412006493908,3.8025793084378283e-07,0.0,9.253095621647921e-09,-2.0270823429607985e-11
1089,65400.0,65400,47.11411968472113,47.114119684700604,149.26065716947204,0.0,47.11412006495868,3.8025809008238846e-07,0.0,9.253103025152827e-09,-2.0531004922830735e-11
1090,65460.0,65460,47.114119684740736,47.11411968472002,149.9281071973876,0.0,47.114120064978266,3.802582483528631e-07,0.0,9.253106083791804e-09,-2.0706007707674095e-11
1091,65520.0,65520,47.11411968476032,47.1141196847395,150.5955572253034,0.0,47.11412006499791,3.802584214447026e-07,0.0,9.253106218422557e-09,-2.0811614533021394e-11
1092,65580.0,65580,47.11411968477996,47.11411968475909,151.2630072532195,0.0,47.1141200650177,3.80258620645247e-07,0.0,9.253104586687481e-09,-2.086489945591483e-11
1093,65640.0,65640,47.1141196847997,47.11411968477881,151.93045728113583,0.0,47.11412006503766,3.802588535271795e-07,0.0,9.25310206152218e-09,-2.088159556793421e-11
1094,65700.0,65700,47.114119684819556,47.11411968479867,152.59790730905246,0.0,47.11412006505779,3.8025912459294825e-07,0.0,9.253099253525455e-09,-2.0874767195041557e-11
1095,65760.0,65760,47.11411968483954,47.11411968481868,153.2653573369694,0.0,47.11412006507811,3.802594358653564e-07,0.0,9.253096555455129e-09,-2.085442842105951e-11
1096,65820.0,65820,47.11411968485965,47.114119684838826,153.9328073648866,0.0,47.114120065098604,3.802597874346054e-07,0.0,9.253094193074831e-09,-2.0827741342444258e-11
1097,65880.0,65880,47.114119684879874,47.11411968485907,154.60025739280408,0.0,47.11412006511924,3.8026017794636524e-07,0.0,9.253092272694501e-09,-2.0799492788143054e-11
1098,65940.0,65940,47.11411968490018,47.1141196848794,155.26770742072188,0.0,47.11412006514,3.8026060501665406e-07,0.0,9.253090820770696e-09,-2.0772646221563725e-11
1099,66000.0,66000,47.11411968492055,47.11411968489979,155.93515744863996,0.0,47.114120065160854,3.8026106556938507e-07,0.0,9.253089814299803e-09,-2.0748852332674732e-11
1100,66060.0,66060,47.114119684940945,47.11411968492021,156.6026074765583,0.0,47.11412006518176,3.8026155610110177e-07,0.0,9.253089202711138e-09,-2.0728868793723485e-11
1101,66120.0,66120,47.11411968496134,47.114119684940626,157.27005750447697,0.0,47.1141200652027,3.8026207288347515e-07,0.0,9.253088922752657e-09,-2.071288019775617e-11
1102,66180.0,66180,47.1141196849817,47.114119684961,157.9375075323959,0.0,47.1141200652236,3.802626121148939e-07,0.0,9.253088908053037e-09,-2.070072578050839e-11
1103,66240.0,66240,47.11411968500199,47.1141196849813,158.6049575603151,0.0,47.11412006524446,3.8026317003233003e-07,0.0,9.25308909488494e-09,-2.0692056907837527e-11
1104,66300.0,66300,47.11411968502218,47.11411968500149,159.2724075882346,0.0,47.114120065265226,3.8026374299288817e-07,0.0,9.253089425300617e-09,-2.068643824290725e-11
1105,66360.0,66360,47.11411968504223,47.11411968502155,159.93985761615437,0.0,47.11412006528587,3.802643275318959e-07,0.0,9.253089848584692e-09,-2.068341263294907e-11
1106,66420.0,66420,47.11411968506213,47.114119685041445,160.60730764407444,0.0,47.11412006530636,3.802649204033225e-07,0.0,9.253090321620818e-09,-2.0682538145215522e-11
1107,66480.0,66480,47.11411968508183,47.11411968506114,161.2747576719948,0.0,47.11412006532665,3.80265518606102e-07,0.0,9.25309080864568e-09,-2.0683409050275634e-11
1108,66540.0,66540,47.11411968510132,47.11411968508063,161.94220769991543,0.0,47.11412006534674,3.8026611939983556e-07,0.0,9.253091280646405e-09,-2.0685665449065143e-11
1109,66600.0,66600,47.11411968512057,47.11411968509988,162.60965772783632,0.0,47.11412006536659,3.8026672031143577e-07,0.0,9.253091714602533e-09,-2.0688996008990142e-11
1110,66660.0,66660,47.11411968513956,47.11411968511886,163.27710775575747,0.0,47.114120065386174,3.8026731913520654e-07,0.0,9.253092092678484e-09,-2.069313694474967e-11
1111,66720.0,66720,47.11411968515827,47.114119685137574,163.9445577836789,0.0,47.11412006540548,3.802679139271292e-07,0.0,9.253092401432893e-09,-2.0697868807033085e-11
1112,66780.0,66780,47.11411968517669,47.11411968515598,164.61200781160056,0.0,47.11412006542448,3.8026850299513726e-07,0.0,9.253092631083166e-09,-2.07030120486789e-11
1113,66840.0,66840,47.114119685194794,47.11411968517408,165.27945783952254,0.0,47.11412006544317,3.802690848858927e-07,0.0,9.25309277484103e-09,-2.0708422094657915e-11
1114,66900.0,66900,47.11411968521258,47.11411968519186,165.94690786744476,0.0,47.11412006546151,3.802696583694897e-07,0.0,9.25309282832966e-09,-2.0713984770991056e-11
1115,66960.0,66960,47.11411968523002,47.114119685209296,166.61435789536722,0.0,47.11412006547952,3.80270222422312e-07,0.0,9.253092789080773e-09,-2.071961163259008e-11
1116,67020.0,67020,47.11411968524713,47.114119685226406,167.28180792328993,0.0,47.114120065497175,3.802707762092589e-07,0.0,9.25309265610343e-09,-2.072523554386359e-11
1117,67080.0,67080,47.114119685263894,47.11411968524316,167.94925795121287,0.0,47.11412006551447,3.8027131906562104e-07,0.0,9.253092429531923e-09,-2.0730807329305187e-11
1118,67140.0,67140,47.1141196852803,47.11411968525956,168.61670797913607,0.0,47.11412006553141,3.8027185047887594e-07,0.0,9.253092110323657e-09,-2.073629193271137e-11
1119,67200.0,67200,47.114119685296345,47.1141196852756,169.2841580070595,0.0,47.11412006554796,3.8027237007135593e-07,0.0,9.253091700027341e-09,-2.0741665770056275e-11
1120,67260.0,67260,47.114119685312026,47.11411968529128,169.95160803498314,0.0,47.11412006556415,3.80272877583432e-07,0.0,9.253091200588807e-09,-2.074691399974156e-11
1121,67320.0,67320,47.114119685327346,47.11411968530659,170.619058062907,0.0,47.114120065579954,3.802733728577996e-07,0.0,9.253090614207045e-09,-2.0752028621446128e-11
1122,67380.0,67380,47.114119685342295,47.11411968532153,171.2865080908311,0.0,47.11412006559539,3.802738558250376e-07,0.0,9.253089943219098e-09,-2.075700629044417e-11
1123,67440.0,67440,47.114119685356876,47.11411968533611,171.95395811875537,0.0,47.11412006561043,3.8027432649005713e-07,0.0,9.253089190022253e-09,-2.076184723511074e-11
1124,67500.0,67500,47.114119685371094,47.11411968535032,172.62140814667987,0.0,47.114120065625094,3.8027478492034576e-07,0.0,9.253088357013796e-09,-2.0766553761407146e-11
1125,67560.0,67560,47.114119685384935,47.11411968536416,173.2888581746045,0.0,47.11412006563938,3.802752312348085e-07,0.0,9.253087446558557e-09,-2.0771129331370817e-11
1126,67620.0,67620,47.114119685398414,47.114119685377624,173.9563082025294,0.0,47.11412006565329,3.8027566559441624e-07,0.0,9.253086460965077e-09,-2.077557810966472e-11
1127,67680.0,67680,47.11411968541152,47.114119685390726,174.62375823045448,0.0,47.11412006566681,3.8027608819351914e-07,0.0,9.25308540247878e-09,-2.0779903974714104e-11
1128,67740.0,67740,47.11411968542426,47.114119685403466,175.29120825837975,0.0,47.11412006567996,3.8027649925264094e-07,0.0,9.253084273280727e-09,-2.0784110505058406e-11
1129,67800.0,67800,47.114119685436634,47.11411968541584,175.9586582863052,0.0,47.114120065692724,3.8027689901192685e-07,0.0,9.253083075497837e-09,-2.0788200532648914e-11
1130,67860.0,67860,47.114119685448635,47.114119685427845,176.6261083142308,0.0,47.114120065705116,3.802772877256758e-07,0.0,9.253081811210765e-09,-2.079217619703895e-11
1131,67920.0,67920,47.11411968546028,47.114119685439476,177.29355834215662,0.0,47.11412006571714,3.802776656577567e-07,0.0,9.253080482467901e-09,-2.079603855142515e-11
1132,67980.0,67980,47.11411968547156,47.11411968545076,177.96100837008254,0.0,47.114120065728784,3.802780330774315e-07,0.0,9.253079091301497e-09,-2.0799788143133688e-11
1133,68040.0,68040,47.11411968548248,47.11411968546167,178.62845839800866,0.0,47.11412006574005,3.802783902561306e-07,0.0,9.253077639738602e-09,-2.080342447714394e-11
1134,68100.0,68100,47.11411968549303,47.11411968547222,179.29590842593493,0.0,47.11412006575095,3.802787374646535e-07,0.0,9.253076129813081e-09,-2.080694653698726e-11
1135,68160.0,68160,47.114119685503226,47.11411968548241,179.96335845386133,0.0,47.114120065761476,3.8027907497091384e-07,0.0,9.253074563580135e-09,-2.0810352873973292e-11
1136,68220.0,68220,47.11411968551306,47.11411968549224,180.63080848178788,0.0,47.11412006577164,3.802794030378453e-07,0.0,9.253072943120064e-09,-2.0813641548745313e-11
1137,68280.0,68280,47.11411968552253,47.11411968550172,181.2982585097146,0.0,47.11412006578143,3.8027972192216224e-07,0.0,9.25307127054544e-09,-2.0816810476885497e-11
1138,68340.0,68340,47.114119685531655,47.11411968551083,181.9657085376414,0.0,47.11412006579085,3.802800318729256e-07,0.0,9.253069548006667e-09,-2.081985754766679e-11
1139,68400.0,68400,47.11411968554041,47.11411968551958,182.63315856556838,0.0,47.11412006579991,3.8028033313072816e-07,0.0,9.25306777768893e-09,-2.082278066350477e-11
1140,68460.0,68460,47.11411968554881,47.114119685527974,183.30060859349544,0.0,47.1141200658086,3.802806259268566e-07,0.0,9.253065961813993e-09,-2.0825577965774818e-11
1141,68520.0,68520,47.11411968555686,47.114119685536025,183.96805862142264,0.0,47.11412006581693,3.802809104828847e-07,0.0,9.253064102634985e-09,-2.082824794362638e-11
1142,68580.0,68580,47.114119685564546,47.114119685543706,184.63550864934996,0.0,47.1141200658249,3.802811870101678e-07,0.0,9.253062202431582e-09,-2.083078942192188e-11
1143,68640.0,68640,47.11411968557188,47.11411968555104,185.30295867727742,0.0,47.11412006583249,3.802814557096485e-07,0.0,9.253060263503712e-09,-2.0833201699324605e-11
1144,68700.0,68700,47.114119685578856,47.114119685558016,185.97040870520493,0.0,47.11412006583972,3.802817167718272e-07,0.0,9.253058288163142e-09,-2.0835484630436576e-11
1145,68760.0,68760,47.11411968558547,47.11411968556463,186.63785873313256,0.0,47.1141200658466,3.802819703766249e-07,0.0,9.253056278725398e-09,-2.0837638525792092e-11
1146,68820.0,68820,47.11411968559174,47.1141196855709,187.30530876106025,0.0,47.11412006585311,3.802822166934978e-07,0.0,9.253054237500452e-09,-2.0839664465953837e-11
1147,68880.0,68880,47.11411968559765,47.114119685576796,187.97275878898807,0.0,47.11412006585925,3.8028245588154067e-07,0.0,9.253052166780706e-09,-2.084156384262372e-11
1148,68940.0,68940,47.1141196856032,47.11411968558235,188.64020881691596,0.0,47.11412006586504,3.8028268808968737e-07,0.0,9.253050068837224e-09,-2.084333877373732e-11
1149,69000.0,69000,47.1141196856084,47.114119685587546,189.3076588448439,0.0,47.11412006587046,3.8028291345697506e-07,0.0,9.253047945904316e-09,-2.0844991813906175e-11
1150,69060.0,69060,47.11411968561324,47.11411968559239,189.97510887277193,0.0,47.11412006587552,3.8028313211275644e-07,0.0,9.253045800175594e-09,-2.0846526150619724e-11
1151,69120.0,69120,47.11411968561773,47.11411968559687,190.6425589007,0.0,47.11412006588021,3.8028334417704383e-07,0.0,9.253043633791422e-09,-2.084794518237499e-11
1152,69180.0,69180,47.114119685621866,47.11411968560101,191.3100089286282,0.0,47.11412006588455,3.8028354976088226e-07,0.0,9.253041448834968e-09,-2.084925303102247e-11
1153,69240.0,69240,47.11411968562564,47.114119685604784,191.97745895655643,0.0,47.11412006588853,3.802837489665329e-07,0.0,9.253039247321272e-09,-2.085045386857532e-11
1154,69300.0,69300,47.114119685629056,47.1141196856082,192.64490898448472,0.0,47.11412006589214,3.8028394188809855e-07,0.0,9.253037031197243e-09,-2.0851552367906315e-11
1155,69360.0,69360,47.114119685632126,47.11411968561127,193.31235901241303,0.0,47.11412006589539,3.8028412861171296e-07,0.0,9.253034802331079e-09,-2.0852553465115737e-11
1156,69420.0,69420,47.11411968563484,47.11411968561398,193.97980904034142,0.0,47.11412006589828,3.8028430921591947e-07,0.0,9.253032562508513e-09,-2.085346212278099e-11
1157,69480.0,69480,47.11411968563719,47.11411968561633,194.6472590682698,0.0,47.11412006590081,3.8028448377218157e-07,0.0,9.253030313434406e-09,-2.0854283656819943e-11
1158,69540.0,69540,47.114119685639196,47.114119685618334,195.31470909619827,0.0,47.11412006590298,3.802846523451412e-07,0.0,9.253028056723089e-09,-2.085502330282859e-11
1159,69600.0,69600,47.11411968564084,47.11411968561998,195.98215912412672,0.0,47.11412006590479,3.802848149931177e-07,0.0,9.253025793903543e-09,-2.0855686493914032e-11
1160,69660.0,69660,47.11411968564213,47.11411968562127,196.64960915205523,0.0,47.114120065906235,3.802849717683605e-07,0.0,9.25302352641278e-09,-2.0856278605222133e-11
1161,69720.0,69720,47.11411968564306,47.1141196856222,197.31705917998372,0.0,47.114120065907315,3.8028512271751945e-07,0.0,9.253021255600313e-09,-2.0856804952696675e-11
1162,69780.0,69780,47.114119685643644,47.114119685622775,197.98450920791223,0.0,47.11412006590805,3.802852678819717e-07,0.0,9.253018982724577e-09,-2.085727087446226e-11
1163,69840.0,69840,47.114119685643864,47.114119685623,198.6519592358408,0.0,47.1141200659084,3.802854072981604e-07,0.0,9.25301670895813e-09,-2.0857681507205337e-11
1164,69900.0,69900,47.11411968564373,47.11411968562287,199.31940926376933,0.0,47.1141200659084,3.802855409979505e-07,0.0,9.253014435385494e-09,-2.085804197936047e-11
1165,69960.0,69960,47.114119685643246,47.114119685622384,199.98685929169784,0.0,47.11412006590805,3.8028566900897266e-07,0.0,9.253012163007109e-09,-2.0858357113162235e-11
1166,70020.0,70020,47.1141196856424,47.11411968562154,200.65430931962635,0.0,47.11412006590733,3.802857913549218e-07,0.0,9.25300989274291e-09,-2.0858631756632463e-11
1167,70080.0,70080,47.11411968564121,47.11411968562034,201.32175934755486,0.0,47.11412006590624,3.8028590805583255e-07,0.0,9.253007625431614e-09,-2.0858870407763284e-11
1168,70140.0,70140,47.11411968563965,47.11411968561879,201.98920937548334,0.0,47.1141200659048,3.802860191283889e-07,0.0,9.253005361837717e-09,-2.085907757664345e-11
1169,70200.0,70200,47.114119685637746,47.114119685616885,202.65665940341185,0.0,47.114120065902995,3.8028612458628e-07,0.0,9.253003102650586e-09,-2.0859257203257328e-11
1170,70260.0,70260,47.11411968563548,47.11411968561461,203.32410943134028,0.0,47.11412006590083,3.802862244403091e-07,0.0,9.253000848493073e-09,-2.0859413424101332e-11
1171,70320.0,70320,47.11411968563286,47.114119685611996,203.99155945926867,0.0,47.11412006589831,3.8028631869872644e-07,0.0,9.252998599919725e-09,-2.0859549958754078e-11
1172,70380.0,70380,47.11411968562989,47.114119685609026,204.659009487197,0.0,47.11412006589542,3.8028640736742417e-07,0.0,9.252996357423944e-09,-2.0859670333423182e-11
1173,70440.0,70440,47.11411968562656,47.114119685605694,205.32645951512535,0.0,47.11412006589218,3.802864904502807e-07,0.0,9.252994121438538e-09,-2.0859777813520568e-11
1174,70500.0,70500,47.11411968562288,47.11411968560201,205.99390954305363,0.0,47.11412006588857,3.802865679491148e-07,0.0,9.25299189234414e-09,-2.085987557842439e-11
1175,70560.0,70560,47.11411968561884,47.11411968559797,206.66135957098186,0.0,47.114120065884606,3.802866398641157e-07,0.0,9.252989670467057e-09,-2.0859966454234142e-11
1176,70620.0,70620,47.11411968561445,47.11411968559358,207.32880959891003,0.0,47.11412006588028,3.802867061938893e-07,0.0,9.252987456086261e-09,-2.0860053192873562e-11
1177,70680.0,70680,47.1141196856097,47.11411968558883,207.99625962683817,0.0,47.114120065875596,3.80286766935699e-07,0.0,9.25298524943627e-09,-2.0860138264921673e-11
1178,70740.0,70740,47.1141196856046,47.11411968558373,208.6637096547662,0.0,47.11412006587055,3.8028682208547117e-07,0.0,9.252983050708559e-09,-2.0860223913018058e-11
1179,70800.0,70800,47.11411968559914,47.114119685578274,209.33115968269416,0.0,47.114120065865144,3.802868716382202e-07,0.0,9.252980860058933e-09,-2.0860312404592984e-11
1180,70860.0,70860,47.11411968559333,47.11411968557247,209.99860971062205,0.0,47.114120065859375,3.802869155878302e-07,0.0,9.252978677605008e-09,-2.0860405547086427e-11
1181,70920.0,70920,47.11411968558717,47.1141196855663,210.66605973854988,0.0,47.11412006585324,3.802869539274278e-07,0.0,9.252976503433737e-09,-2.08605051537793e-11
1182,70980.0,70980,47.11411968558065,47.114119685559785,211.33350976647762,0.0,47.11412006584676,3.802869866494686e-07,0.0,9.252974337602137e-09,-2.086061287911742e-11
1183,71040.0,71040,47.114119685573776,47.11411968555291,212.00095979440522,0.0,47.11412006583992,3.8028701374562197e-07,0.0,9.252972180140146e-09,-2.0860730169414155e-11
1184,71100.0,71100,47.11411968556655,47.11411968554569,212.66840982233276,0.0,47.114120065832715,3.8028703520718454e-07,0.0,9.252970031052607e-09,-2.0860858367237054e-11
1185,71160.0,71160,47.11411968555897,47.11411968553811,213.33585985026022,0.0,47.11412006582515,3.8028705102493646e-07,0.0,9.252967890323206e-09,-2.0860998688474325e-11
1186,71220.0,71220,47.114119685551046,47.11411968553017,214.00330987818754,0.0,47.114120065817225,3.802870611892621e-07,0.0,9.252965757915007e-09,-2.0861152125237974e-11
1187,71280.0,71280,47.11411968554276,47.11411968552189,214.67075990611477,0.0,47.11412006580895,3.802870656902933e-07,0.0,9.252963633773505e-09,-2.0861319758078256e-11
1188,71340.0,71340,47.11411968553412,47.11411968551326,215.33820993404186,0.0,47.11412006580031,3.8028706451789804e-07,0.0,9.252961517827704e-09,-2.0861502327086518e-11
1189,71400.0,71400,47.114119685525125,47.114119685504264,216.00565996196883,0.0,47.11412006579132,3.802870576617377e-07,0.0,9.252959409993156e-09,-2.0861700661676195e-11
1190,71460.0,71460,47.11411968551578,47.11411968549491,216.67310998989566,0.0,47.114120065781954,3.8028704511138774e-07,0.0,9.25295731017233e-09,-2.0861915405231342e-11
1191,71520.0,71520,47.11411968550608,47.11411968548522,217.34056001782233,0.0,47.11412006577224,3.802870268562973e-07,0.0,9.252955218256932e-09,-2.0862147143774293e-11
1192,71580.0,71580,47.114119685496036,47.11411968547517,218.00801004574896,0.0,47.114120065762165,3.8028700288590975e-07,0.0,9.252953134128453e-09,-2.0862396359692028e-11
1193,71640.0,71640,47.11411968548564,47.11411968546477,218.6754600736753,0.0,47.114120065751735,3.8028697318960536e-07,0.0,9.252951057660851e-09,-2.0862663459067933e-11
1194,71700.0,71700,47.11411968547489,47.114119685454014,219.34291010160166,0.0,47.114120065740956,3.8028693775684483e-07,0.0,9.252948988720916e-09,-2.0862948869145623e-11
1195,71760.0,71760,47.114119685463784,47.114119685442915,220.01036012952773,0.0,47.11412006572981,3.802868965770314e-07,0.0,9.252946927167903e-09,-2.086325283908272e-11
1196,71820.0,71820,47.11411968545232,47.114119685431454,220.6778101574537,0.0,47.1141200657183,3.8028684963982066e-07,0.0,9.252944872858741e-09,-2.0863575615832145e-11
1197,71880.0,71880,47.114119685440514,47.114119685419645,221.34526018537957,0.0,47.114120065706445,3.802867969347709e-07,0.0,9.2529428256439e-09,-2.0863917425141062e-11
1198,71940.0,71940,47.114119685428356,47.11411968540749,222.0127102133052,0.0,47.114120065694216,3.80286738451641e-07,0.0,9.252940785372238e-09,-2.0864278447390684e-11
1199,72000.0,72000,47.11411968541585,47.114119685394975,222.68016024123065,0.0,47.11412006568165,3.8028667418034483e-07,0.0,9.252938751887955e-09,-2.086465869533073e-11
1200,72060.0,72060,47.11411968540299,47.114119685382114,223.34761026915592,0.0,47.11412006566871,3.8028660411091107e-07,0.0,9.252936725035784e-09,-2.086505837215548e-11
1201,72120.0,72120,47.11411968538978,47.11411968536891,224.01506029708105,0.0,47.11412006565543,3.8028652823347153e-07,0.0,9.252934704657592e-09,-2.086547743953034e-11
1202,72180.0,72180,47.11411968537622,47.11411968535535,224.68251032500598,0.0,47.114120065641785,3.802864465383761e-07,0.0,9.252932690594527e-09,-2.0865915947459852e-11
1203,72240.0,72240,47.114119685362304,47.114119685341436,225.3499603529307,0.0,47.11412006562779,3.8028635901610676e-07,0.0,9.252930682688815e-09,-2.0866373828288e-11
1204,72300.0,72300,47.11411968534804,47.11411968532717,226.01741038085527,0.0,47.11412006561343,3.8028626565733455e-07,0.0,9.252928680781427e-09,-2.086685111724594e-11
1205,72360.0,72360,47.114119685333435,47.11411968531256,226.6848604087796,0.0,47.11412006559871,3.802861664529258e-07,0.0,9.252926684714407e-09,-2.0867347725871274e-11
1206,72420.0,72420,47.11411968531847,47.114119685297595,227.35231043670376,0.0,47.11412006558365,3.802860613938902e-07,0.0,9.252924694331594e-09,-2.0867863596571155e-11
1207,72480.0,72480,47.11411968530316,47.11411968528228,228.01976046462764,0.0,47.11412006556823,3.8028595047136933e-07,0.0,9.252922709476466e-09,-2.086839867987837e-11
1208,72540.0,72540,47.1141196852875,47.11411968526662,228.68721049255132,0.0,47.11412006555245,3.802858336768033e-07,0.0,9.25292072999412e-09,-2.086895282681843e-11
1209,72600.0,72600,47.11411968527149,47.114119685250614,229.3546605204748,0.0,47.114120065536326,3.802857110016951e-07,0.0,9.252918755732156e-09,-2.0869525863268634e-11
1210,72660.0,72660,47.11411968525513,47.11411968523425,230.02211054839808,0.0,47.114120065519835,3.802855824377945e-07,0.0,9.252916786540872e-09,-2.087011781025405e-11
1211,72720.0,72720,47.11411968523843,47.114119685217545,230.6895605763211,0.0,47.114120065502995,3.802854479770121e-07,0.0,9.252914822270913e-09,-2.08707284274567e-11
1212,72780.0,72780,47.114119685221375,47.1141196852005,231.35701060424384,0.0,47.1141200654858,3.802853076113787e-07,0.0,9.252912862775267e-09,-2.0871357642112912e-11
1213,72840.0,72840,47.11411968520397,47.11411968518309,232.0244606321664,0.0,47.11412006546825,3.80285161333126e-07,0.0,9.252910907910499e-09,-2.0872005234344987e-11
1214,72900.0,72900,47.114119685186225,47.11411968516535,232.6919106600887,0.0,47.11412006545035,3.802850091346866e-07,0.0,9.25290895753461e-09,-2.0872671176990157e-11
1215,72960.0,72960,47.11411968516813,47.114119685147244,233.35936068801075,0.0,47.11412006543209,3.80284851008579e-07,0.0,9.2529070115074e-09,-2.087335520574763e-11
1216,73020.0,73020,47.11411968514968,47.1141196851288,234.02681071593253,0.0,47.11412006541347,3.8028468694749404e-07,0.0,9.252905069692962e-09,-2.0874057211218e-11
1217,73080.0,73080,47.11411968513089,47.114119685110005,234.6942607438541,0.0,47.11412006539452,3.80284516944306e-07,0.0,9.252903131956296e-09,-2.0874777069333193e-11
1218,73140.0,73140,47.11411968511175,47.11411968509086,235.36171077177536,0.0,47.114120065375204,3.8028434099198086e-07,0.0,9.252901198165979e-09,-2.0875514534289563e-11
1219,73200.0,73200,47.11411968509226,47.11411968507138,236.0291607996964,0.0,47.114120065355536,3.8028415908366845e-07,0.0,9.252899268193998e-09,-2.087626958161456e-11
1220,73260.0,73260,47.11411968507243,47.11411968505155,236.6966108276171,0.0,47.11412006533551,3.802839712125872e-07,0.0,9.252897341912164e-09,-2.08770419487567e-11
1221,73320.0,73320,47.11411968505225,47.11411968503136,237.36406085553753,0.0,47.11412006531514,3.802837773721221e-07,0.0,9.252895419197479e-09,-2.0877831554439876e-11
1222,73380.0,73380,47.11411968503173,47.11411968501084,238.0315108834577,0.0,47.114120065294415,3.802835775557556e-07,0.0,9.25289349992803e-09,-2.0878638157137842e-11
1223,73440.0,73440,47.11411968501086,47.11411968498997,238.69896091137753,0.0,47.11412006527333,3.802833717570677e-07,0.0,9.252891583986022e-09,-2.0879461692280327e-11
1224,73500.0,73500,47.114119684989646,47.11411968496876,239.3664109392971,0.0,47.11412006525191,3.80283159969776e-07,0.0,9.252889671254557e-09,-2.088030201352493e-11
1225,73560.0,73560,47.11411968496809,47.1141196849472,240.03386096721636,0.0,47.11412006523014,3.8028294218770726e-07,0.0,9.252887761620147e-09,-2.088115888624666e-11
1226,73620.0,73620,47.11411968494618,47.1141196849253,240.70131099513532,0.0,47.114120065208006,3.802827184046767e-07,0.0,9.252885854971631e-09,-2.0882032244082516e-11
1227,73680.0,73680,47.114119684923935,47.114119684903045,241.36876102305396,0.0,47.114120065185524,3.8028248861472896e-07,0.0,9.25288395119964e-09,-2.08829219200898e-11
1228,73740.0,73740,47.11411968490134,47.11411968488045,242.0362110509723,0.0,47.1141200651627,3.802822528118457e-07,0.0,9.252882050198578e-09,-2.0883827814780302e-11
1229,73800.0,73800,47.1141196848784,47.114119684857506,242.70366107889032,0.0,47.11412006513952,3.802820109901634e-07,0.0,9.252880151862836e-09,-2.0884749687691435e-11
1230,73860.0,73860,47.11411968485512,47.114119684834236,243.371111106808,0.0,47.11412006511599,3.8028176314385876e-07,0.0,9.252878256092554e-09,-2.0885687592995354e-11
1231,73920.0,73920,47.11411968483149,47.11411968481061,244.03856113472537,0.0,47.11412006509211,3.8028150926716577e-07,0.0,9.252876362785896e-09,-2.088664123446314e-11
1232,73980.0,73980,47.11411968480753,47.11411968478664,244.7060111626424,0.0,47.11412006506788,3.8028124935437587e-07,0.0,9.252874471846402e-09,-2.088761056102606e-11
1233,74040.0,74040,47.114119684783226,47.11411968476232,245.37346119055908,0.0,47.1141200650433,3.8028098339982637e-07,0.0,9.252872583177793e-09,-2.0888595456466443e-11
1234,74100.0,74100,47.11411968475857,47.11411968473767,246.04091121847546,0.0,47.114120065018376,3.8028071139787176e-07,0.0,9.25287069668684e-09,-2.0889595820461086e-11
1235,74160.0,74160,47.11411968473357,47.114119684712676,246.70836124639143,0.0,47.1141200649931,3.8028043334290673e-07,0.0,9.252868812281205e-09,-2.0890611511916376e-11
1236,74220.0,74220,47.114119684708236,47.11411968468734,247.37581127430713,0.0,47.11412006496748,3.802801492293719e-07,0.0,9.252866929871786e-09,-2.0891642454660017e-11
1237,74280.0,74280,47.11411968468256,47.11411968466166,248.04326130222236,0.0,47.11412006494151,3.802798590517479e-07,0.0,9.252865049369474e-09,-2.089268853525456e-11
1238,74340.0,74340,47.114119684656536,47.11411968463563,248.7107113301373,0.0,47.11412006491519,3.802795628044238e-07,0.0,9.252863170688926e-09,-2.0893749675484966e-11
1239,74400.0,74400,47.114119684630175,47.11411968460928,249.37816135805187,0.0,47.11412006488853,3.802792604819491e-07,0.0,9.252861293743903e-09,-2.0894825766347875e-11
1240,74460.0,74460,47.11411968460347,47.11411968458257,250.04561138596603,0.0,47.11412006486152,3.8027895207874725e-07,0.0,9.252859418451756e-09,-2.0895916737634493e-11
1241,74520.0,74520,47.11411968457642,47.11411968455552,250.71306141387987,0.0,47.114120064834154,3.802786375893047e-07,0.0,9.252857544730545e-09,-2.08970224516029e-11
1242,74580.0,74580,47.114119684549046,47.11411968452814,251.38051144179326,0.0,47.11412006480645,3.8027831700811357e-07,0.0,9.252855672499951e-09,-2.0898142951674523e-11
1243,74640.0,74640,47.11411968452132,47.114119684500416,252.04796146970634,0.0,47.1141200647784,3.802779903295974e-07,0.0,9.252853801680548e-09,-2.0899278091911066e-11
1244,74700.0,74700,47.114119684493254,47.11411968447235,252.71541149761896,0.0,47.11412006475,3.80277657548231e-07,0.0,9.252851932193268e-09,-2.0900427857485913e-11
1245,74760.0,74760,47.11411968446485,47.11411968444395,253.3828615255312,0.0,47.11412006472126,3.8027731865840345e-07,0.0,9.252850063961735e-09,-2.090159207929736e-11
1246,74820.0,74820,47.11411968443611,47.1141196844152,254.05031155344307,0.0,47.11412006469217,3.802769736545495e-07,0.0,9.252848196910108e-09,-2.0902770844820313e-11
1247,74880.0,74880,47.11411968440703,47.11411968438612,254.71776158135455,0.0,47.114120064662735,3.802766225309951e-07,0.0,9.252846330963446e-09,-2.0903964041240984e-11
1248,74940.0,74940,47.11411968437761,47.114119684356695,255.38521160926558,0.0,47.114120064632964,3.802762652820775e-07,0.0,9.252844466045907e-09,-2.0905171628198135e-11
1249,75000.0,75000,47.114119684347855,47.11411968432694,256.0526616371762,0.0,47.11412006460284,3.8027590190211674e-07,0.0,9.252842602085418e-09,-2.0906393554733692e-11
1250,75060.0,75060,47.11411968431776,47.114119684296845,256.7201116650864,0.0,47.11412006457237,3.8027553238533546e-07,0.0,9.252840739008649e-09,-2.0907629867877637e-11
1251,75120.0,75120,47.114119684287324,47.11411968426641,257.3875616929962,0.0,47.11412006454157,3.802751567259332e-07,0.0,9.252838876742449e-09,-2.0908880511378117e-11
1252,75180.0,75180,47.11411968425656,47.11411968423564,258.05501172090555,0.0,47.11412006451041,3.8027477491808097e-07,0.0,9.252837015214564e-09,-2.091014538695765e-11
1253,75240.0,75240,47.11411968422545,47.11411968420453,258.7224617488144,0.0,47.11412006447891,3.802743869559152e-07,0.0,9.252835154353997e-09,-2.091142464368686e-11
1254,75300.0,75300,47.114119684194,47.11411968417308,259.3899117767229,0.0,47.11412006444707,3.8027399283345774e-07,0.0,9.252833294088135e-09,-2.0912718167166188e-11
1255,75360.0,75360,47.11411968416222,47.11411968414129,260.05736180463094,0.0,47.114120064414884,3.802735925447073e-07,0.0,9.25283143434562e-09,-2.0914025994163714e-11
1256,75420.0,75420,47.11411968413011,47.114119684109184,260.7248118325384,0.0,47.11412006438236,3.8027318608361107e-07,0.0,9.252829575054736e-09,-2.091534815962854e-11
1257,75480.0,75480,47.11411968409765,47.114119684076734,261.3922618604456,0.0,47.1141200643495,3.8027277344402447e-07,0.0,9.252827716142693e-09,-2.0916684690034638e-11
1258,75540.0,75540,47.11411968406486,47.11411968404394,262.05971188835224,0.0,47.11412006431628,3.802723546197742e-07,0.0,9.25282585753795e-09,-2.0918035641309604e-11
1259,75600.0,75600,47.11411968403174,47.11411968401082,262.7271619162584,0.0,47.11412006428274,3.8027192960465247e-07,0.0,9.252823999166465e-09,-2.0919401015273118e-11
1260,75660.0,75660,47.11411968399828,47.11411968397736,263.3946119441642,0.0,47.114120064248844,3.8027149839230816e-07,0.0,9.252822140954728e-09,-2.0920780849429692e-11
1261,75720.0,75720,47.114119683964496,47.114119683943564,264.0620619720694,0.0,47.11412006421462,3.8027106097636136e-07,0.0,9.252820282829048e-09,-2.092217529479341e-11
1262,75780.0,75780,47.11411968393036,47.114119683909436,264.7295119999742,0.0,47.11412006418005,3.802706173504323e-07,0.0,9.252818424712693e-09,-2.0923584363168347e-11
1263,75840.0,75840,47.11411968389591,47.114119683874975,265.3969620278785,0.0,47.11412006414513,3.802701675079632e-07,0.0,9.25281656652964e-09,-2.0925008137955466e-11
1264,75900.0,75900,47.11411968386111,47.11411968384018,266.06441205578227,0.0,47.11412006410989,3.8026971144241935e-07,0.0,9.252814708201364e-09,-2.0926446764646068e-11
1265,75960.0,75960,47.11411968382599,47.11411968380505,266.7318620836856,0.0,47.1141200640743,3.8026924914717995e-07,0.0,9.252812849648079e-09,-2.0927900317834724e-11
1266,76020.0,76020,47.11411968379052,47.114119683769594,267.3993121115885,0.0,47.11412006403837,3.802687806155839e-07,0.0,9.25281099078785e-09,-2.092936895981731e-11
1267,76080.0,76080,47.11411968375474,47.1141196837338,268.0667621394907,0.0,47.114120064002094,3.8026830584089005e-07,0.0,9.252809131537127e-09,-2.093085283609318e-11
1268,76140.0,76140,47.114119683718606,47.114119683697666,268.7342121673925,0.0,47.11412006396549,3.802678248162997e-07,0.0,9.252807271810209e-09,-2.0932351971903508e-11
1269,76200.0,76200,47.11411968368215,47.11411968366121,269.40166219529385,0.0,47.114120063928546,3.8026733753506e-07,0.0,9.252805411518529e-09,-2.093386675115506e-11
1270,76260.0,76260,47.11411968364536,47.11411968362442,270.0691122231946,0.0,47.114120063891264,3.802668439902461e-07,0.0,9.252803550571007e-09,-2.093539716647962e-11
1271,76320.0,76320,47.114119683608244,47.114119683587305,270.7365622510949,0.0,47.11412006385364,3.802663441749847e-07,0.0,9.252801688873514e-09,-2.0936943622981472e-11
1272,76380.0,76380,47.1141196835708,47.114119683549845,271.4040122789946,0.0,47.11412006381568,3.802658380823223e-07,0.0,9.252799826327085e-09,-2.0938506154552013e-11
1273,76440.0,76440,47.11411968353301,47.114119683512065,272.07146230689386,0.0,47.114120063777385,3.8026532570537414e-07,0.0,9.252797962832032e-09,-2.094008512482984e-11
1274,76500.0,76500,47.114119683494906,47.11411968347396,272.7389123347926,0.0,47.11412006373875,3.8026480703716364e-07,0.0,9.252796098281858e-09,-2.0941680774704583e-11
1275,76560.0,76560,47.114119683456465,47.11411968343551,273.4063623626907,0.0,47.11412006369979,3.8026428207075453e-07,0.0,9.252794232567197e-09,-2.0943293349459696e-11
1276,76620.0,76620,47.11411968341769,47.11411968339674,274.0738123905883,0.0,47.114120063660486,3.8026375079919315e-07,0.0,9.252792365574556e-09,-2.0944923191536255e-11
1277,76680.0,76680,47.11411968337859,47.114119683357636,274.74126241848535,0.0,47.114120063620845,3.802632132155661e-07,0.0,9.252790497183635e-09,-2.094657064213501e-11
1278,76740.0,76740,47.11411968333916,47.11411968331821,275.40871244638186,0.0,47.11412006358088,3.802626693130517e-07,0.0,9.252788627270362e-09,-2.094823601138913e-11
1279,76800.0,76800,47.1141196832994,47.114119683278446,276.0761624742778,0.0,47.114120063540554,3.802621190847769e-07,0.0,9.25278675570368e-09,-2.0949919757421587e-11
1280,76860.0,76860,47.11411968325931,47.11411968323835,276.7436125021731,0.0,47.11412006349991,3.8026156252406325e-07,0.0,9.252784882346607e-09,-2.0951622282217312e-11
1281,76920.0,76920,47.1141196832189,47.114119683197934,277.4110625300679,0.0,47.114120063458934,3.802609996242155e-07,0.0,9.252783007054817e-09,-2.095334397631451e-11
1282,76980.0,76980,47.11411968317816,47.1141196831572,278.0785125579622,0.0,47.114120063417616,3.802604303787333e-07,0.0,9.252781129678244e-09,-2.095508535313221e-11
1283,77040.0,77040,47.11411968313708,47.11411968311613,278.7459625858558,0.0,47.11412006337598,3.8025985478119656e-07,0.0,9.252779250056961e-09,-2.095684687710582e-11
1284,77100.0,77100,47.11411968309569,47.11411968307473,279.4134126137489,0.0,47.114120063334,3.8025927282540915e-07,0.0,9.252777368025127e-09,-2.0958629149514115e-11
1285,77160.0,77160,47.11411968305397,47.114119683033,280.0808626416414,0.0,47.11412006329168,3.8025868450527795e-07,0.0,9.25277548340578e-09,-2.096043269330895e-11
1286,77220.0,77220,47.11411968301192,47.11411968299095,280.7483126695333,0.0,47.11412006324903,3.8025808981499694e-07,0.0,9.252773596014254e-09,-2.096225815252011e-11
1287,77280.0,77280,47.114119682969545,47.11411968294857,281.4157626974246,0.0,47.11412006320605,3.8025748874900094e-07,0.0,9.252771705654762e-09,-2.0964106133560465e-11
1288,77340.0,77340,47.114119682926834,47.114119682905866,282.0832127253154,0.0,47.11412006316274,3.80256881301937e-07,0.0,9.2527698121213e-09,-2.096597735341783e-11
1289,77400.0,77400,47.11411968288381,47.11411968286283,282.7506627532055,0.0,47.11412006311909,3.802562674688883e-07,0.0,9.252767915196392e-09,-2.0967872523525362e-11
1290,77460.0,77460,47.11411968284045,47.11411968281947,283.41811278109503,0.0,47.11412006307512,3.8025564724522496e-07,0.0,9.252766014651442e-09,-2.0969792414142384e-11
1291,77520.0,77520,47.114119682796776,47.114119682775794,284.0855628089839,0.0,47.11412006303081,3.802550206267185e-07,0.0,9.25276411024369e-09,-2.0971737851201938e-11
1292,77580.0,77580,47.114119682752765,47.11411968273179,284.7530128368722,0.0,47.114120062986174,3.802543876095938e-07,0.0,9.252762201718726e-09,-2.097370966750645e-11
1293,77640.0,77640,47.11411968270844,47.11411968268746,285.4204628647598,0.0,47.11412006294121,3.802537481906323e-07,0.0,9.252760288806359e-09,-2.0975708789086657e-11
1294,77700.0,77700,47.114119682663784,47.11411968264281,286.08791289264684,0.0,47.11412006289591,3.8025310236706285e-07,0.0,9.252758371222414e-09,-2.0977736140264593e-11
1295,77760.0,77760,47.114119682618814,47.114119682597824,286.75536292053323,0.0,47.11412006285027,3.802524501368602e-07,0.0,9.252756448667835e-09,-2.0979792721829973e-11
1296,77820.0,77820,47.11411968257351,47.11411968255252,287.422812948419,0.0,47.11412006280431,3.8025179149854413e-07,0.0,9.25275452082564e-09,-2.0981879579908514e-11
1297,77880.0,77880,47.114119682527885,47.114119682506896,288.0902629763041,0.0,47.11412006275801,3.802511264514205e-07,0.0,9.252752587362885e-09,-2.0983997814545792e-11
1298,77940.0,77940,47.11411968248194,47.114119682460945,288.75771300418853,0.0,47.11412006271139,3.802504549956211e-07,0.0,9.25275064792691e-09,-2.0986148556131668e-11
1299,78000.0,78000,47.114119682435664,47.11411968241467,289.42516303207236,0.0,47.11412006266444,3.802497771321788e-07,0.0,9.252748702148552e-09,-2.0988333027185802e-11
1300,78060.0,78060,47.114119682389074,47.114119682368084,290.0926130599555,0.0,47.11412006261716,3.802490928629983e-07,0.0,9.252746749636963e-09,-2.099055242815121e-11
1301,78120.0,78120,47.11411968234216,47.11411968232116,290.76006308783803,0.0,47.11412006256956,3.8024840219113193e-07,0.0,9.252744789982107e-09,-2.0992808079929198e-11
1302,78180.0,78180,47.11411968229492,47.114119682273916,291.4275131157199,0.0,47.114120062521614,3.8024770512069316e-07,0.0,9.252742822751715e-09,-2.0995101282332108e-11
1303,78240.0,78240,47.11411968224736,47.11411968222635,292.09496314360103,0.0,47.114120062473354,3.802470016570694e-07,0.0,9.252740847492003e-09,-2.0997433580580042e-11
1304,78300.0,78300,47.11411968219948,47.11411968217847,292.76241317148157,0.0,47.11412006242476,3.8024629180698467e-07,0.0,9.25273886372409e-09,-2.0999806180834383e-11
1305,78360.0,78360,47.114119682151276,47.114119682130266,293.42986319936136,0.0,47.11412006237584,3.802455755785745e-07,0.0,9.25273687094937e-09,-2.1002220779289583e-11
1306,78420.0,78420,47.114119682102746,47.11411968208174,294.09731322724053,0.0,47.114120062326585,3.802448529815865e-07,0.0,9.25273486864091e-09,-2.1004678841823316e-11
1307,78480.0,78480,47.1141196820539,47.114119682032886,294.764763255119,0.0,47.114120062277,3.802441240273862e-07,0.0,9.252732856246676e-09,-2.100718197018891e-11
1308,78540.0,78540,47.11411968200473,47.114119681983716,295.4322132829968,0.0,47.1141200622271,3.802433887292382e-07,0.0,9.252730833189534e-09,-2.1009731794839033e-11
1309,78600.0,78600,47.114119681955245,47.11411968193423,296.0996633108739,0.0,47.11412006217687,3.8024264710226593e-07,0.0,9.252728798865278e-09,-2.1012329988135362e-11
1310,78660.0,78660,47.114119681905436,47.11411968188442,296.7671133387503,0.0,47.11412006212631,3.8024189916370423e-07,0.0,9.252726752641371e-09,-2.1014978357105016e-11
1311,78720.0,78720,47.11411968185531,47.11411968183428,297.4345633666259,0.0,47.11412006207542,3.8024114493308847e-07,0.0,9.252724693856057e-09,-2.10176785566459e-11
1312,78780.0,78780,47.11411968180486,47.114119681783826,298.1020133945009,0.0,47.11412006202421,3.8024038443236944e-07,0.0,9.252722621820144e-09,-2.1020432512469266e-11
1313,78840.0,78840,47.11411968175409,47.11411968173306,298.76946342237517,0.0,47.11412006197267,3.802396176860454e-07,0.0,9.252720535812348e-09,-2.1023241980342133e-11
1314,78900.0,78900,47.114119681702995,47.11411968168196,299.43691345024865,0.0,47.1141200619208,3.8023884472136837e-07,0.0,9.2527184350827e-09,-2.1026108932636482e-11
1315,78960.0,78960,47.11411968165159,47.11411968163055,300.1043634781215,0.0,47.11412006186861,3.8023806556865985e-07,0.0,9.25271631884878e-09,-2.1029035222760365e-11
1316,79020.0,79020,47.11411968159985,47.11411968157882,300.77181350599363,0.0,47.114120061816095,3.8023728026135096e-07,0.0,9.252714186297328e-09,-2.1032022905490998e-11
1317,79080.0,79080,47.114119681547805,47.11411968152676,301.43926353386496,0.0,47.114120061763245,3.8023648883626926e-07,0.0,9.25271203658066e-09,-2.10350739103084e-11
1318,79140.0,79140,47.11411968149544,47.11411968147439,302.1067135617356,0.0,47.114120061710075,3.8023569133393147e-07,0.0,9.252709868820799e-09,-2.1038190383465808e-11
1319,79200.0,79200,47.11411968144275,47.1141196814217,302.7741635896055,0.0,47.11412006165658,3.8023488779873826e-07,0.0,9.252707682103e-09,-2.1041374358078048e-11
1320,79260.0,79260,47.11411968138974,47.114119681368685,303.4416136174746,0.0,47.114120061602755,3.802340782792615e-07,0.0,9.252705475479542e-09,-2.1044627961536323e-11
1321,79320.0,79320,47.11411968133641,47.11411968131536,304.10906364534304,0.0,47.11412006154861,3.802332628284792e-07,0.0,9.252703247967376e-09,-2.1047953426649742e-11
1322,79380.0,79380,47.114119681282766,47.11411968126171,304.7765136732107,0.0,47.11412006149414,3.8023244150420586e-07,0.0,9.252700998546704e-09,-2.1051353020988984e-11
1323,79440.0,79440,47.11411968122879,47.11411968120774,305.44396370107756,0.0,47.11412006143935,3.80231614369322e-07,0.0,9.252698726161685e-09,-2.1054828949264722e-11
1324,79500.0,79500,47.114119681174515,47.114119681153454,306.11141372894366,0.0,47.11412006138423,3.8023078149214143e-07,0.0,9.252696429717755e-09,-2.1058383673145756e-11
1325,79560.0,79560,47.11411968111992,47.11411968109884,306.778863756809,0.0,47.114120061328784,3.802299429468242e-07,0.0,9.252694108081264e-09,-2.106201957835026e-11
1326,79620.0,79620,47.114119681064984,47.11411968104392,307.44631378467363,0.0,47.114120061273006,3.8022909881376676e-07,0.0,9.252691760079118e-09,-2.1065739257307325e-11
1327,79680.0,79680,47.11411968100975,47.11411968098867,308.1137638125374,0.0,47.114120061216916,3.802282491800552e-07,0.0,9.252689384495552e-09,-2.1069545287537665e-11
1328,79740.0,79740,47.11411968095419,47.114119680933115,308.7812138404004,0.0,47.1141200611605,3.802273941399357e-07,0.0,9.252686980072132e-09,-2.1073440461759418e-11
1329,79800.0,79800,47.11411968089831,47.11411968087723,309.44866386826266,0.0,47.114120061103755,3.802265337952795e-07,0.0,9.252684545503985e-09,-2.1077427598937258e-11
1330,79860.0,79860,47.114119680842116,47.114119680821034,310.11611389612415,0.0,47.11412006104669,3.8022566825621923e-07,0.0,9.2526820794407e-09,-2.108150979332516e-11
1331,79920.0,79920,47.1141196807856,47.11411968076452,310.7835639239848,0.0,47.1141200609893,3.802247976416371e-07,0.0,9.252679580480586e-09,-2.1085690124214622e-11
1332,79980.0,79980,47.11411968072877,47.11411968070767,311.45101395184463,0.0,47.11412006093158,3.802239220799103e-07,0.0,9.252677047170504e-09,-2.1089971984119733e-11
1333,80040.0,80040,47.114119680671614,47.11411968065052,312.1184639797037,0.0,47.114120060873546,3.802230417094909e-07,0.0,9.252674478002979e-09,-2.1094358862451853e-11
1334,80100.0,80100,47.11411968061415,47.11411968059304,312.7859140075619,0.0,47.114120060815196,3.802221566796685e-07,0.0,9.252671871411377e-09,-2.1098854475312166e-11
1335,80160.0,80160,47.114119680556364,47.114119680535254,313.4533640354193,0.0,47.11412006075651,3.802212671514139e-07,0.0,9.252669225769003e-09,-2.1103462769144375e-11
1336,80220.0,80220,47.114119680498256,47.114119680477145,314.120814063276,0.0,47.11412006069751,3.8022037329810184e-07,0.0,9.252666539382462e-09,-2.110818779686079e-11
1337,80280.0,80280,47.114119680439835,47.11411968041872,314.78826409113174,0.0,47.11412006063818,3.80219475306452e-07,0.0,9.25266381049328e-09,-2.111303393738911e-11
1338,80340.0,80340,47.114119680381094,47.11411968035997,315.45571411898675,0.0,47.114120060578536,3.8021857337744694e-07,0.0,9.25266103726983e-09,-2.111800566039084e-11
1339,80400.0,80400,47.114119680322034,47.1141196803009,316.12316414684085,0.0,47.114120060518566,3.802176677273361e-07,0.0,9.25265821780698e-09,-2.1123107649698214e-11
1340,80460.0,80460,47.11411968026266,47.11411968024152,316.79061417469416,0.0,47.11412006045827,3.80216758588634e-07,0.0,9.252655350122319e-09,-2.112834471610293e-11
1341,80520.0,80520,47.11411968020297,47.11411968018182,317.4580642025466,0.0,47.11412006039767,3.8021584621115893e-07,0.0,9.252652432154014e-09,-2.1133721741716947e-11
1342,80580.0,80580,47.114119680142956,47.11411968012181,318.12551423039827,0.0,47.11412006033673,3.802149308631114e-07,0.0,9.25264946176027e-09,-2.1139243629817538e-11
1343,80640.0,80640,47.11411968008263,47.11411968006148,318.792964258249,0.0,47.11412006027548,3.8021401283219286e-07,0.0,9.25264643671753e-09,-2.114491514905646e-11
1344,80700.0,80700,47.11411968002198,47.114119680000826,319.46041428609897,0.0,47.114120060213914,3.802130924266958e-07,0.0,9.252643354723178e-09,-2.115074100017521e-11
1345,80760.0,80760,47.11411967996102,47.114119679939854,320.12786431394807,0.0,47.114120060152025,3.80212169976485e-07,0.0,9.252640213398572e-09,-2.115672545859536e-11
1346,80820.0,80820,47.114119679899744,47.11411967987857,320.7953143417962,0.0,47.11412006008981,3.802112458340645e-07,0.0,9.252637010293715e-09,-2.1162872268146397e-11
1347,80880.0,80880,47.11411967983815,47.11411967981697,321.46276436964354,0.0,47.11412006002729,3.802103203754554e-07,0.0,9.252633742897477e-09,-2.1169184572446556e-11
1348,80940.0,80940,47.11411967977624,47.11411967975505,322.13021439749,0.0,47.11412005996444,3.8020939400097606e-07,0.0,9.252630408646545e-09,-2.117566450533709e-11
1349,81000.0,81000,47.11411967971401,47.11411967969282,322.7976644253356,0.0,47.11412005990128,3.8020846713583914e-07,0.0,9.25262700494355e-09,-2.1182312911854686e-11
1350,81060.0,81060,47.114119679651466,47.11411967963027,323.4651144531803,0.0,47.1141200598378,3.8020754023054126e-07,0.0,9.252623529178388e-09,-2.118912920685597e-11
1351,81120.0,81120,47.114119679588605,47.1141196795674,324.13256448102413,0.0,47.11412005977402,3.8020661376089206e-07,0.0,9.252619978749922e-09,-2.119611077195701e-11
1352,81180.0,81180,47.11411967952543,47.11411967950422,324.8000145088671,0.0,47.114120059709904,3.80205688227727e-07,0.0,9.252616351102375e-09,-2.1203252741077753e-11
1353,81240.0,81240,47.114119679461936,47.114119679440726,325.4674645367091,0.0,47.11412005964548,3.8020476415627086e-07,0.0,9.252612643762262e-09,-2.121054737470507e-11
1354,81300.0,81300,47.11411967939813,47.114119679376905,326.13491456455023,0.0,47.11412005958074,3.8020384209465153e-07,0.0,9.252608854383757e-09,-2.121798375648067e-11
1355,81360.0,81360,47.114119679334,47.11411967931278,326.8023645923905,0.0,47.11412005951569,3.802029226121217e-07,0.0,9.252604980805876e-09,-2.122554715326662e-11
1356,81420.0,81420,47.11411967926957,47.114119679248326,327.46981462022984,0.0,47.11412005945033,3.8020200629635047e-07,0.0,9.252601021111473e-09,-2.1233218461084772e-11
1357,81480.0,81480,47.11411967920481,47.11411967918357,328.13726464806825,0.0,47.11412005938465,3.8020109374998147e-07,0.0,9.252596973703613e-09,-2.1240973621906695e-11
1358,81540.0,81540,47.11411967913975,47.11411967911848,328.80471467590576,0.0,47.114120059318665,3.80200185585905e-07,0.0,9.252592837385355e-09,-2.1248783083506978e-11
1359,81600.0,81600,47.11411967907435,47.11411967905309,329.4721647037423,0.0,47.11412005925237,3.801992824218938e-07,0.0,9.25258861145317e-09,-2.1256611009287672e-11
1360,81660.0,81660,47.11411967900865,47.114119678987386,330.139614731578,0.0,47.11412005918576,3.8019838487367234e-07,0.0,9.252584295798942e-09,-2.1264415006277834e-11
1361,81720.0,81720,47.11411967894262,47.11411967892135,330.80706475941275,0.0,47.11412005911883,3.8019749354677e-07,0.0,9.25257989102186e-09,-2.1272145185497956e-11
1362,81780.0,81780,47.114119678876285,47.114119678855005,331.47451478724656,0.0,47.11412005905161,3.801966090269743e-07,0.0,9.252575398552476e-09,-2.1279744009136866e-11
1363,81840.0,81840,47.11411967880963,47.114119678788335,332.1419648150794,0.0,47.114120058984064,3.8019573186903966e-07,0.0,9.252570820776961e-09,-2.128714548104752e-11
1364,81900.0,81900,47.11411967874265,47.11411967872135,332.80941484291134,0.0,47.11412005891621,3.801948625841918e-07,0.0,9.252566161182145e-09,-2.12942751688058e-11
1365,81960.0,81960,47.11411967867535,47.11411967865404,333.4768648707423,0.0,47.114120058848044,3.8019400162557245e-07,0.0,9.252561424492673e-09,-2.130104982218213e-11
1366,82020.0,82020,47.11411967860773,47.11411967858641,334.14431489857236,0.0,47.114120058779555,3.801931493723753e-07,0.0,9.252556616819106e-09,-2.1307377414430347e-11
1367,82080.0,82080,47.11411967853979,47.11411967851846,334.81176492640145,0.0,47.11412005871077,3.8019230611218704e-07,0.0,9.252551745803675e-09,-2.1313157443579438e-11
1368,82140.0,82140,47.11411967847152,47.11411967845019,335.4792149542296,0.0,47.11412005864165,3.8019147202201424e-07,0.0,9.252546820759412e-09,-2.1318281453154106e-11
1369,82200.0,82200,47.114119678402915,47.114119678381584,336.14666498205673,0.0,47.114120058572226,3.8019064714805917e-07,0.0,9.25254185280588e-09,-2.132263386089185e-11
1370,82260.0,82260,47.114119678333985,47.11411967831265,336.81411500988287,0.0,47.11412005850248,3.801898313844002e-07,0.0,9.252536854983904e-09,-2.132609349475312e-11
1371,82320.0,82320,47.114119678264714,47.114119678243384,337.48156503770815,0.0,47.114120058432405,3.8018902445129346e-07,0.0,9.252531842350792e-09,-2.132853527603619e-11
1372,82380.0,82380,47.11411967819512,47.114119678173786,338.14901506553235,0.0,47.114120058362005,3.801882258733081e-07,0.0,9.2525268320454e-09,-2.1329832581172897e-11
1373,82440.0,82440,47.11411967812518,47.11411967810383,338.8164650933556,0.0,47.11412005829126,3.8018743495800064e-07,0.0,9.252521843310196e-09,-2.132986066175867e-11
1374,82500.0,82500,47.11411967805489,47.11411967803356,339.48391512117786,0.0,47.1141200582202,3.801866507760471e-07,0.0,9.252516897464003e-09,-2.132850027620396e-11
1375,82560.0,82560,47.114119677984256,47.114119677962925,340.15136514899905,0.0,47.11412005814879,3.801858721435489e-07,0.0,9.252512017807695e-09,-2.1325642428286847e-11
1376,82620.0,82620,47.114119677913266,47.114119677891935,340.8188151768193,0.0,47.11412005807703,3.801850976075925e-07,0.0,9.25250722945369e-09,-2.132119420048348e-11
1377,82680.0,82680,47.11411967784192,47.1141196778206,341.4862652046386,0.0,47.114120058004914,3.801843254363062e-07,0.0,9.25250255905863e-09,-2.1315084843550045e-11
1378,82740.0,82740,47.11411967777021,47.114119677748896,342.1537152324568,0.0,47.114120057932446,3.801835536144947e-07,0.0,9.252498034453326e-09,-2.1307273684248502e-11
1379,82800.0,82800,47.114119677698135,47.114119677676825,342.821165260274,0.0,47.1141200578596,3.8018277984627186e-07,0.0,9.25249368414272e-09,-2.1297757652891972e-11
1380,82860.0,82860,47.114119677625666,47.11411967760438,343.4886152880903,0.0,47.11412005778637,3.801820015658933e-07,0.0,9.252489536677653e-09,-2.128658045866683e-11
1381,82920.0,82920,47.114119677552836,47.11411967753155,344.15606531590544,0.0,47.11412005771276,3.8018121595813473e-07,0.0,9.252485619878894e-09,-2.127384064250817e-11
1382,82980.0,82980,47.1141196774796,47.11411967745833,344.8235153437196,0.0,47.11412005763875,3.8018041998892345e-07,0.0,9.252481959920977e-09,-2.125970041123935e-11
1383,83040.0,83040,47.114119677405974,47.11411967738472,345.4909653715327,0.0,47.11412005756433,3.801796104474442e-07,0.0,9.252478580273845e-09,-2.124439214577922e-11
1384,83100.0,83100,47.114119677331935,47.1141196773107,346.15841539934485,0.0,47.11412005748947,3.801787839996337e-07,0.0,9.252475500534779e-09,-2.122822313466952e-11
1385,83160.0,83160,47.114119677257484,47.11411967723627,346.8258654271558,0.0,47.114120057414205,3.8017793725323526e-07,0.0,9.252472735179468e-09,-2.121157710416896e-11
1386,83220.0,83220,47.11411967718261,47.11411967716141,347.49331545496585,0.0,47.114120057338475,3.801770668333705e-07,0.0,9.25247029229173e-09,-2.1194910496079653e-11
1387,83280.0,83280,47.114119677107304,47.11411967708612,348.16076548277476,0.0,47.114120057262284,3.8017616946714124e-07,0.0,9.252468172351171e-09,-2.1178743147180217e-11
1388,83340.0,83340,47.11411967703155,47.11411967701038,348.8282155105826,0.0,47.114120057185616,3.8017524207505263e-07,0.0,9.252466367180197e-09,-2.1163641980442752e-11
1389,83400.0,83400,47.11411967695534,47.11411967693419,349.4956655383894,0.0,47.114120057108465,3.8017428186602873e-07,0.0,9.252464859161425e-09,-2.1150196649160468e-11
1390,83460.0,83460,47.114119676878666,47.11411967685752,350.1631155661951,0.0,47.114120057030796,3.801732864323583e-07,0.0,9.252463620859734e-09,-2.1138987871795065e-11
1391,83520.0,83520,47.11411967680151,47.11411967678037,350.8305655939997,0.0,47.11412005695262,3.801722538404815e-07,0.0,9.252462615175566e-09,-2.113054887014755e-11
1392,83580.0,83580,47.11411967672386,47.11411967670272,351.49801562180323,0.0,47.1141200568739,3.801711827130676e-07,0.0,9.252461796136659e-09,-2.1125321829143983e-11
1393,83640.0,83640,47.11411967664569,47.11411967662456,352.1654656496057,0.0,47.11412005679463,3.801700722984129e-07,0.0,9.252461110420766e-09,-2.1123611962240457e-11
1394,83700.0,83700,47.11411967656701,47.114119676545876,352.832915677407,0.0,47.11412005671479,3.8016892252325233e-07,0.0,9.252460499640339e-09,-2.1125542486147495e-11
1395,83760.0,83760,47.11411967648778,47.114119676466636,353.5003657052073,0.0,47.11412005663437,3.8016773402564e-07,0.0,9.252459903379344e-09,-2.1131013705547864e-11
1396,83820.0,83820,47.114119676407995,47.11411967638685,354.16781573300636,0.0,47.114120056553354,3.8016650816533324e-07,0.0,9.252459262911738e-09,-2.1139668511904906e-11
1397,83880.0,83880,47.11411967632765,47.11411967630649,354.83526576080436,0.0,47.11412005647173,3.8016524700897957e-07,0.0,9.252458525495092e-09,-2.1150866304155567e-11
1398,83940.0,83940,47.11411967624671,47.11411967622554,355.5027157886012,0.0,47.11412005638949,3.801639532868054e-07,0.0,9.252457649099197e-09,-2.1163665714986866e-11
1399,84000.0,84000,47.11411967616519,47.11411967614401,356.1701658163969,0.0,47.11412005630663,3.801626303163164e-07,0.0,9.25245660742348e-09,-2.1176814292377347e-11
1400,84060.0,84060,47.11411967608307,47.114119676061875,356.8376158441914,0.0,47.11412005622315,3.801612818863067e-07,0.0,9.252455395081353e-09,-2.1188745847765276e-11
1401,84120.0,84120,47.114119676000364,47.11411967597916,357.5050658719848,0.0,47.11412005613906,3.8015991209303125e-07,0.0,9.252454032833512e-09,-2.1197582759102597e-11
1402,84180.0,84180,47.11411967591705,47.11411967589585,358.17251589977707,0.0,47.11412005605437,3.8015852511982523e-07,0.0,9.252452572773709e-09,-2.12011463630524e-11
1403,84240.0,84240,47.114119675833166,47.11411967581196,358.8399659275681,0.0,47.11412005596908,3.80157124955054e-07,0.0,9.252451103345473e-09,-2.119697811945022e-11
1404,84300.0,84300,47.114119675748704,47.114119675727515,359.50741595535794,0.0,47.11412005588322,3.801557150522884e-07,0.0,9.252449753998076e-09,-2.1182380467689513e-11
1405,84360.0,84360,47.11411967566368,47.11411967564252,360.1748659831466,0.0,47.11412005579682,3.801542979529699e-07,0.0,9.252448699160688e-09,-2.115448824652786e-11
1406,84420.0,84420,47.114119675578095,47.11411967555698,360.84231601093404,0.0,47.114120055709854,3.8015287491540955e-07,0.0,9.252448161023504e-09,-2.1110388115713362e-11
1407,84480.0,84480,47.11411967549196,47.1141196754709,361.5097660387203,0.0,47.114120055622344,3.801514456240857e-07,0.0,9.252448410326819e-09,-2.1047309220265995e-11
1408,84540.0,84540,47.11411967540526,47.114119675384295,362.1772160665053,0.0,47.11412005553429,3.801500080837514e-07,0.0,9.252449763976635e-09,-2.0962918727085783e-11
1409,84600.0,84600,47.11411967531799,47.11411967529712,362.84466609428915,0.0,47.114120055445674,3.80148558828277e-07,0.0,9.252452577738605e-09,-2.085577148776111e-11
1410,84660.0,84660,47.1141196752301,47.11411967520936,363.51211612207175,0.0,47.114120055356445,3.8014709358285196e-07,0.0,9.252457231446796e-09,-2.0725982894391974e-11
1411,84720.0,84720,47.11411967514154,47.11411967512095,364.17956614985303,0.0,47.114120055266554,3.8014560849461407e-07,0.0,9.252464103013288e-09,-2.057620610600374e-11
1412,84780.0,84780,47.11411967505224,47.114119675031816,364.8470161776331,0.0,47.11412005517591,3.8014410196798646e-07,0.0,9.252473526167395e-09,-2.0412987285077648e-11
1413,84840.0,84840,47.11411967496212,47.114119674941875,365.51446620541196,0.0,47.11412005508445,3.801425769726581e-07,0.0,9.25248572562748e-09,-2.0248493113089158e-11
1414,84900.0,84900,47.114119674871105,47.114119674851004,366.18191623318955,0.0,47.114120054992036,3.801410434007954e-07,0.0,9.252500723506266e-09,-2.010244077915742e-11
1415,84960.0,84960,47.11411967477912,47.1141196747591,366.8493662609658,0.0,47.11412005489861,3.801395196210296e-07,0.0,9.252518213570694e-09,-2.000382565522517e-11
1416,85020.0,85020,47.11411967468614,47.114119674666135,367.5168162887408,0.0,47.11412005480417,3.801380318878957e-07,0.0,9.252537406746402e-09,-1.9991939990514493e-11
1417,85080.0,85080,47.114119674592246,47.114119674572116,368.1842663165145,0.0,47.11412005470873,3.8013660996804854e-07,0.0,9.252556859674797e-09,-2.0116628413749044e-11
1418,85140.0,85140,47.11411967449773,47.11411967447728,368.85171634428684,0.0,47.114120054612556,3.801352777390524e-07,0.0,9.252574299068317e-09,-2.0439143978588058e-11
1419,85200.0,85200,47.11411967440324,47.11411967438219,369.5191663720578,0.0,47.11412005451622,3.8013403940680705e-07,0.0,9.252586431848519e-09,-2.103692981840752e-11
1420,85260.0,85260,47.11411967430999,47.11411967428797,370.1866163998274,0.0,47.11412005442083,3.8013286645483903e-07,0.0,9.25258867563447e-09,-2.201551418510764e-11
1421,85320.0,85320,47.1141196742201,47.114119674196566,370.8540664275958,0.0,47.114120054328254,3.801316979035056e-07,0.0,9.252574690928792e-09,-2.352463787958893e-11
1422,85380.0,85380,47.114119674136695,47.11411967411092,371.52151645536287,0.0,47.11412005424138,3.8013047218945355e-07,0.0,9.252535644266861e-09,-2.5770869262126324e-11
1423,85440.0,85440,47.11411967406365,47.114119674034576,372.1889664831287,0.0,47.11412005416377,3.8012919837832574e-07,0.0,9.252459260554614e-09,-2.9068034684413784e-11
1424,85500.0,85500,47.11411967400445,47.11411967397016,372.85641651089344,0.0,47.1141200540982,3.801280464803098e-07,0.0,9.252328034076507e-09,-3.429002719883626e-11
1425,85560.0,85560,47.114119673960275,47.11411967391399,373.5238665386573,0.0,47.11412005404146,3.801274725147184e-07,0.0,9.252109891886982e-09,-4.628295500859492e-11
1426,85620.0,85620,47.11411967392864,47.11411967382618,374.1913165664203,0.0,47.11412005395484,3.8012866160593816e-07,0.0,9.251691987113795e-09,-1.0245762432895116e-10
1427,85680.0,85680,47.114119673904575,47.11411967336345,374.8587665941821,0.0,47.11412005349872,3.801352863645371e-07,0.0,9.250337947799266e-09,-5.411260677600665e-10
1428,85740.0,85740,47.114119673882826,47.11411966924938,375.52621662193724,0.0,47.11412004940855,3.801591773103374e-07,0.0,9.241672841168881e-09,-4.633441122382616e-09
1429,85800.0,85800,47.11411967381902,47.11411962881425,376.19366664963417,0.0,47.114120009050374,3.802361283730654e-07,0.0,9.164802455573078e-09,-4.500475608500221e-08
1430,85860.0,85860,47.11411967286914,47.114119167935044,376.861116676758,0.0,47.114119548451846,3.805168099525426e-07,0.0,8.41507641804916e-09,-5.049340848406586e-07
1431,,85920,,,,,,,,,
